-9.480859564777429e-05 1.485555530100281e-05 -9.319649891830421e-06 -1.557160047247157e-08
-9.515235402578124e-05 1.402556195121190e-05 -9.384052222457731e-06 -1.828909709073144e-07
-9.515215155088497e-05 1.011293247587162e-05 -9.249699930668301e-06 -8.383328585514576e-07
-9.480836035657197e-05 9.282894008351707e-06 -9.167540555768784e-06 -1.013681044973558e-06
-9.397865922649898e-05 1.519935875875672e-05 -9.158599368437412e-06 5.404221449545922e-08
-9.242201855405363e-05 1.206919741423611e-05 -8.857965240299235e-06 -5.326553451334831e-07
-9.397836957364288e-05 8.939068387074563e-06 -8.983779881769504e-06 -1.086079219769702e-06
-8.813529345443866e-05 1.519997160301290e-05 -8.203380676802912e-06 4.589930231457227e-08
-8.813473850847172e-05 8.938071992885289e-06 -7.968215286382169e-06 -1.093015825926530e-06
-8.490791409174609e-05 1.206889303048501e-05 -7.404931362292492e-06 -4.812542984597877e-07
-8.228792447698125e-05 1.520287605765393e-05 -7.194778922728266e-06 1.659325492667222e-07
-8.228724193875636e-05 8.934534844199246e-06 -6.937693324317170e-06 -1.071318122147035e-06
-7.936132113521846e-05 1.206825693495556e-05 -6.322214438117474e-06 -5.215004907383082e-07
-7.643216763079706e-05 1.520636288326686e-05 -6.031668293174892e-06 1.377448877239745e-07
-7.643197829559658e-05 8.929483910005950e-06 -5.864509245052666e-06 -1.107158981740144e-06
-7.350120628205302e-05 1.206752475569500e-05 -5.270344136296164e-06 -4.576468224089471e-07
-7.056813613656527e-05 1.520847153844610e-05 -5.064277764196909e-06 4.312302568035061e-08
-7.056806222188391e-05 8.925511342113736e-06 -4.666967503389290e-06 -9.806479531365127e-07
-6.763400395177457e-05 1.206650805453037e-05 -4.309607925716895e-06 -4.393486290342276e-07
-6.470026376514652e-05 1.520673307733675e-05 -4.154789387443937e-06 1.811935403947831e-08
-6.469978016697482e-05 8.924727902137111e-06 -3.741561692097220e-06 -9.173351884469054e-07
-6.176654659862609e-05 1.206522840980517e-05 -3.473440570040196e-06 -4.379592064102413e-07
-5.883740437796693e-05 1.519915881345040e-05 -3.301508245517441e-06 2.243763427866660e-08
-5.883619087012631e-05 8.929534080849152e-06 -2.958726693318458e-06 -8.399802147029368e-07
-5.590944901156116e-05 1.206357292892131e-05 -2.685430744368578e-06 -4.388205450280942e-07
-5.299177824093180e-05 1.518306728853018e-05 -2.328097070978017e-06 -4.382998250527736e-08
-5.299040946334771e-05 8.942354299140941e-06 -2.176216787221295e-06 -8.149345939004969e-07
-5.007777808737060e-05 1.206162857705675e-05 -1.977869486904240e-06 -4.510412037656683e-07
-4.718097519075051e-05 1.515598558729512e-05 -1.512061974047225e-06 -1.183595301264008e-07
-4.718016636085619e-05 8.965731887392544e-06 -1.482896108016624e-06 -7.626171310146048e-07
-4.429222083388192e-05 1.205964602385829e-05 -1.366941822598035e-06 -4.991341276689517e-07
-4.142844394754900e-05 1.511579047585915e-05 -8.325725058006751e-07 -1.376974030815243e-07
-4.142828665219446e-05 9.001876208720104e-06 -9.872421228257415e-07 -7.512282257997021e-07
-3.857780336968543e-05 1.205773683857467e-05 -8.456428464172925e-07 -5.147996302316712e-07
-3.575962405987624e-05 1.506224596228944e-05 -3.615700196767726e-07 -1.816667943228896e-07
-3.575931324923892e-05 9.051479246777165e-06 -6.329575838489229e-07 -7.975235564506786e-07
-3.307114657311523e-05 1.205539637872764e-05 -2.689763201159532e-07 -5.158304398921209e-07
-3.042012393604572e-05 1.499831535404731e-05 2.147919123496889e-07 -1.343517746021185e-07
-3.041946796954324e-05 9.114025931697835e-06 3.069699290826557e-08 -9.260866381493568e-07
-2.844282607643453e-05 1.228057775018089e-05 3.711466088197002e-07 -5.103342320847092e-07
-2.646120276608854e-05 1.493872848688114e-05 7.261432178963258e-07 -1.032350226261466e-07
-2.645917434962773e-05 9.172784087050011e-06 6.552797856745033e-07 -9.822010785967017e-07
-2.363586868725624e-05 1.488734633855726e-05 1.151526478077888e-06 -1.336262419663879e-07
-2.417240723941181e-05 1.302602427964095e-05 1.077346069630775e-06 -4.104132712732584e-07
-2.363299491279834e-05 9.210133705403037e-06 1.223177369140404e-06 -1.010691058838714e-06
-2.160980839548256e-05 9.249930012870487e-06 1.503157680243127e-06 -9.323181799239354e-07
3.483325850326922e-06 7.352711435740426e-07 -6.322618957117308e-07 -5.729632579053688e-07
3.553207762946099e-06 5.671141170260337e-07 -6.523770954079894e-07 -5.231887870198588e-07
3.552790462010290e-06 -5.884165135337081e-08 -6.641439576661817e-07 -3.292691591634687e-07
3.483287088646129e-06 -2.244809636030630e-07 -6.458558369041714e-07 -2.750749151599514e-07
-2.160647832182864e-05 1.485147244624287e-05 1.452670108268797e-06 -1.476408499348031e-07
-1.979466625154580e-05 1.471579785158831e-05 1.743413058382549e-06 -1.989526854302695e-07
-2.118778922839933e-05 1.135309092141094e-05 1.573269639346199e-06 -6.438888434300171e-07
-1.978491745456144e-05 9.133216782874980e-06 1.790929655479141e-06 -8.777723228147283e-07
3.315911640931836e-06 8.048742394953456e-07 -5.841043609445425e-07 -5.943981256596715e-07
3.147309260649727e-06 1.184829109828164e-07 -5.309673179766598e-07 -3.936192874123300e-07
3.317477517346431e-06 -2.934954013647031e-07 -5.957540404274650e-07 -2.550366341062555e-07
-1.921114163890061e-05 1.299540003940893e-05 1.849746372623304e-06 -4.628557597780181e-07
-1.802493985053449e-05 1.436960540949229e-05 1.996236287054399e-06 -2.989934212178142e-07
-1.632837234096011e-05 1.383979032472989e-05 2.167432102356470e-06 -3.883093618090593e-07
-1.866742226803886e-05 1.064759728835038e-05 1.944978153872171e-06 -6.949655083281476e-07
-1.804945844812017e-05 8.718430245051292e-06 2.035398230100158e-06 -8.415791158962165e-07
2.181545500742922e-06 8.239915955661975e-07 -1.971078942154650e-07 -6.026501915196393e-07
2.181160668200581e-06 -3.117856504860384e-07 -1.977112487901191e-07 -2.977948804687148e-07
1.593814027345709e-06 2.568667431497014e-07 -4.468506124711880e-08 -4.373885180455337e-07
-1.472776561546736e-05 1.311837063815534e-05 2.290250727400364e-06 -5.039004733070700e-07
-1.609749380372186e-05 1.207143191255891e-05 2.187683505671934e-06 -6.026917410014365e-07
-1.668202293754611e-05 9.863375184949894e-06 2.155753482040194e-06 -7.479489160609717e-07
-1.644412713828294e-05 8.026650405286570e-06 2.187211923423604e-06 -8.199603581630593e-07
9.573851986081637e-07 9.292986124735821e-07 7.379532567549782e-08 -5.257849830161895e-07
9.582087153233804e-07 -4.132355877738564e-07 1.120043067379415e-07 -2.826031389724240e-07
2.354234558484938e-07 2.592667280275031e-07 2.513185158806862e-07 -3.828732564048886e-07
-1.323208881695753e-05 1.223707663336149e-05 2.375482054804637e-06 -6.172963321273591e-07
-1.187156541508140e-05 1.120866463846341e-05 2.374002474352798e-06 -7.096182455936592e-07
-1.464428571853984e-05 9.520087843930489e-06 2.224386178074372e-06 -7.869448340183041e-07
-1.501255655908493e-05 7.079339692876282e-06 2.211775406427000e-06 -8.117712937834633e-07
-5.925304701472756e-07 1.155919846408093e-06 4.365656415578416e-07 -6.053903448081630e-07
-5.918395260359985e-07 -6.348888331138465e-07 4.567492113679281e-07 -1.201488319868909e-07
-1.221688306969813e-05 9.629973683618041e-06 2.331991443839815e-06 -7.998233231642218e-07
-1.065777642952099e-05 1.003868101821013e-05 2.305745768765274e-06 -7.960684707963847e-07
-1.279257860313229e-05 7.857159987414921e-06 2.270699563615736e-06 -8.248802838784559e-07
-1.379181232556675e-05 5.927161820048412e-06 2.256699349015161e-06 -7.600026960049488e-07
-1.502316299562467e-06 2.619279531424981e-07 6.681761989703586e-07 -3.298734834915416e-07
-2.583266791206168e-06 1.482325353096347e-06 9.294777283912688e-07 -5.756073309383860e-07
-2.580920231115137e-06 -9.585512088447519e-07 9.442167105690993e-07 1.607646489765048e-08
-9.588760086854238e-06 8.756848620263725e-06 2.223761066169174e-06 -8.513610506638074e-07
-8.695548422252583e-06 7.395146163916178e-06 2.080985866912933e-06 -7.791856825983806e-07
-7.976557792509948e-06 5.948892661031765e-06 1.992005332379814e-06 -7.033691946654148e-07
-1.162095591504601e-05 6.266102350267978e-06 2.246828578251443e-06 -7.697639391387678e-07
-1.281062655107577e-05 4.617339449568985e-06 2.305641356965043e-06 -7.070324747674361e-07
-3.450674922314830e-06 2.674142586303696e-07 1.150432793408831e-06 -2.643263157583370e-07
-4.514579563886365e-06 1.803308579360391e-06 1.340764701350120e-06 -5.015521301340240e-07
-4.513936121624691e-06 -1.289267598073772e-06 1.354943282513116e-06 3.475783683998727e-08
-9.473271104867445e-06 5.949212868064797e-06 2.112388004032300e-06 -7.146100163203405e-07
-7.426298202195801e-06 4.447544348943848e-06 1.916386646935619e-06 -6.364278306870153e-07
-6.272790839075624e-06 2.075865138201862e-06 1.670710883537866e-06 -4.791442646079450e-07
-6.789033545156421e-06 2.346363088610038e-06 1.746229242254571e-06 -4.858299687555806e-07
-7.069431881991271e-06 2.895562921605114e-06 1.802145963757692e-06 -5.289557381869959e-07
-1.080167299329981e-05 4.424506648716805e-06 2.205580263206977e-06 -6.731537370187329e-07
-1.208368556007945e-05 3.204717545265616e-06 2.322638104575036e-06 -5.920649849985844e-07
-5.470307861360249e-06 4.938897534474371e-07 1.525080113209090e-06 -2.531882938137770e-07
-6.264381467229602e-06 -1.527191186768060e-06 1.632993006061922e-06 8.462134796412547e-08
-8.461662435052444e-06 3.382442302014751e-06 1.989918520801469e-06 -5.913461266865071e-07
-6.817245041710788e-06 1.262992463396371e-06 1.741566040739062e-06 -3.588300848687128e-07
-7.429117265919536e-06 2.155550311652724e-06 1.828187743645108e-06 -4.526184485814029e-07
-1.020847366285664e-05 2.766050928329169e-06 2.179006644723712e-06 -5.561222104157307e-07
-1.163767248963717e-05 1.746241199690631e-06 2.371557119711086e-06 -4.394667190713557e-07
-6.840485435782839e-06 -4.865620417178876e-07 1.720155022627485e-06 -7.966514938532384e-08
-6.757389541773309e-06 -1.790455916172843e-06 1.685581272720089e-06 1.401540656379190e-07
-8.769807238025661e-06 9.112529846763325e-07 1.997808342850768e-06 -3.008062243258633e-07
-1.149275021120602e-05 2.756695063867743e-07 2.400462407069734e-06 -1.818808313484329e-07
-1.167352432555964e-05 -1.187627247140735e-06 2.478281679674945e-06 4.926060364526399e-08
-7.869177095022417e-06 -1.432747241371027e-06 1.845413962283354e-06 8.380921017124927e-08
-7.040432859287105e-06 -2.362758368479835e-06 1.708381015310709e-06 2.638045695345680e-07
-7.380300201035130e-06 -3.957162161221885e-06 1.721095824325975e-06 5.989934854287084e-07
-1.019349361142799e-05 -1.363827220760190e-06 2.224639419841355e-06 6.493121118092407e-08
-7.906414233907499e-06 -5.532805200018564e-06 1.784878361006875e-06 9.252694160068641e-07
-1.216789746362809e-05 -2.674408807486905e-06 2.612594935423659e-06 3.038051395037683e-07
-8.806533818549719e-06 -4.003197315585548e-06 1.956502412067608e-06 6.035671180096141e-07
-1.094216975754609e-05 -4.125494673301672e-06 2.375191135198304e-06 6.222803486542747e-07
-8.638028485290333e-06 -7.049737589121866e-06 1.934436478364404e-06 1.256126392680894e-06
-1.295988327871314e-05 -4.128202888330489e-06 2.812108440157020e-06 6.241429580496931e-07
-1.233064426977833e-05 -5.589637507299882e-06 2.687670985785487e-06 9.619948610502099e-07
-1.081241405743549e-05 -6.516881716911733e-06 2.383836500009910e-06 1.159493346436197e-06
-9.554139982111277e-06 -8.526047561721926e-06 2.144227771951652e-06 1.566593852160163e-06
-1.068159849820867e-05 -9.924223048537345e-06 2.404721284684312e-06 1.871204153512846e-06
-1.405206663683446e-05 -5.486853642652625e-06 3.049714355342175e-06 9.489726493318958e-07
-1.328086140749394e-05 -7.264063022305221e-06 2.902611695261161e-06 1.341666724634685e-06
-1.236718128912912e-05 -9.375341633071544e-06 2.763608141273779e-06 1.763188139754940e-06
-1.197600500954705e-05 -1.122342994574674e-05 2.692187369283482e-06 2.128904980858389e-06
-1.540657719811301e-05 -6.698577621980896e-06 3.311514065362358e-06 1.223550781507475e-06
-1.500288605146834e-05 -9.369815451220264e-06 3.243758474982361e-06 1.764818184641868e-06
-1.345323772811535e-05 -1.237376929634396e-05 2.983779980061478e-06 2.345248106192245e-06
-1.510320761308196e-05 -1.337554142883440e-05 3.273974933291348e-06 2.506320883855452e-06
-1.688343562395603e-05 -1.421288902180775e-05 3.570278322549318e-06 2.628041913816774e-06
-1.702161693067807e-05 -9.951307776734813e-06 3.632723315910388e-06 1.874178680065697e-06
-1.700371198104141e-05 -7.714063902166418e-06 3.630765245898489e-06 1.441422201312350e-06
-1.661663041524886e-05 -1.221258386321787e-05 3.541847068041859e-06 2.300674156159015e-06
-1.879263068182851e-05 -1.483303466405016e-05 3.869788754457844e-06 2.717462642207768e-06
-2.080111995746726e-05 -1.524531355134925e-05 4.187301836057096e-06 2.765845660942017e-06
-1.865883794455030e-05 -1.045306773549754e-05 3.917921231814734e-06 1.981989814228370e-06
-1.881630232667190e-05 -8.457892091245944e-06 3.943078380186846e-06 1.633841227409658e-06
-2.286436972024022e-05 -1.542222068474001e-05 4.473893024649936e-06 2.790962328764599e-06
-2.054097020894607e-05 -1.233816877481440e-05 4.176751002306784e-06 2.293646004292185e-06
-2.078466138182585e-05 -8.893622041954974e-06 4.216821649246394e-06 1.794902820160194e-06
-2.331491162820570e-05 -1.265829579357257e-05 4.529075629617346e-06 2.357359376835165e-06
-2.519791420047248e-05 -1.549267757672621e-05 4.854711226448195e-06 2.841585452943535e-06
-2.284532214215554e-05 -9.015236271076671e-06 4.465163420279951e-06 1.854846354492830e-06
-2.846812454061946e-05 -1.556385030610822e-05 5.372699756084374e-06 2.918565123871135e-06
-2.585754812147555e-05 -1.106891298624144e-05 4.900449549582765e-06 2.133357126378164e-06
-2.519424776271054e-05 -8.945290736602895e-06 4.805106042284874e-06 1.830896092473202e-06
-3.310755170511237e-05 -1.567466952313917e-05 6.211186725498773e-06 3.048237586209948e-06
-3.078021577057920e-05 -1.194909965190054e-05 5.721468843857498e-06 2.295572066238772e-06
-2.847043823430409e-05 -8.852976250347444e-06 5.312205899922472e-06 1.771809416424657e-06
-3.944001325019153e-05 -1.579535935878134e-05 7.491398327703872e-06 3.204637299968801e-06
-3.623964861129899e-05 -1.221337212256370e-05 6.784859754298183e-06 2.394662663594115e-06
-3.310878270069208e-05 -8.745832556645075e-06 6.097704057953480e-06 1.720521447280415e-06
-4.623852218560791e-05 -1.589779963555649e-05 9.063733988058732e-06 3.385333904315109e-06
-4.280794593535463e-05 -1.221205716118161e-05 8.196716985064692e-06 2.455600213028989e-06
-3.944087295330201e-05 -8.628854840519995e-06 7.383465667144742e-06 1.680830816673468e-06
-5.321191354507983e-05 -1.598428681568281e-05 1.082836232404171e-05 3.526158056449479e-06
-4.969812206781208e-05 -1.221135560768254e-05 9.864770320397582e-06 2.529057704599414e-06
-4.623904958219769e-05 -8.525738532366498e-06 8.897592324280051e-06 1.570037531289967e-06
-6.033417406438089e-05 -1.605709196918783e-05 1.288198815627358e-05 3.688961760587063e-06
-5.675005961935422e-05 -1.221085145641376e-05 1.183266761468108e-05 2.561329898604580e-06
-5.321204037969760e-05 -8.438156538586778e-06 1.075812240448957e-05 1.435609330206557e-06
-6.758084186850430e-05 -1.611735458648163e-05 1.513274516085353e-05 3.858494261741237e-06
-6.393835100698580e-05 -1.221049880761441e-05 1.404763805550007e-05 2.610209466074271e-06
-6.033398479081245e-05 -8.364355032968289e-06 1.288406096836234e-05 1.394685110537007e-06
-7.492883257160341e-05 -1.616491367586104e-05 1.759548968090057e-05 4.017213313082591e-06
-7.123969244830415e-05 -1.221031399568084e-05 1.644710927745077e-05 2.630662533991730e-06
-6.758059464394357e-05 -8.303351672404732e-06 1.526626367369217e-05 1.349000068614928e-06
-8.235366183087124e-05 -1.619928794398198e-05 2.022994829740210e-05 4.073854810641121e-06
-7.863041884387325e-05 -1.221025434842333e-05 1.896850076846223e-05 2.643588790887275e-06
-7.492873898300059e-05 -8.255524299632057e-06 1.773073672532762e-05 1.314618838554675e-06
-8.982958148472881e-05 -1.622093704474249e-05 2.300488477352482e-05 4.116836955534820e-06
-8.608501413361697e-05 -1.221033870920313e-05 2.164366620083845e-05 2.649932396822978e-06
-8.235359593448161e-05 -8.221280623743838e-06 2.031209126551136e-05 1.201989739015340e-06
-9.733317463632577e-05 -1.623196432195852e-05 2.568178043004355e-05 4.112759621724864e-06
-9.357824886613276e-05 -1.221050354070645e-05 2.435816538634584e-05 2.676651400350505e-06
-8.982948517640462e-05 -8.199996054207051e-06 2.297235276169507e-05 1.172202342282072e-06
-1.134333578253983e-04 -1.579489485466224e-05 3.184075446336559e-05 3.986629363078569e-06
-1.123657786426480e-04 -1.623708105769530e-05 3.143075974978002e-05 4.154793855624376e-06
-1.006983507634369e-04 -1.221080845324084e-05 2.699268251096538e-05 2.611971041596961e-06
-1.048482736649229e-04 -1.623618670434405e-05 2.852852543216499e-05 4.162710119277330e-06
-9.733289742808758e-05 -8.189527927202460e-06 2.578253113009378e-05 1.084182782596135e-06
-1.138755623405351e-04 -1.472734197067159e-05 3.201303885383021e-05 3.581202988034893e-06
-1.113491316887004e-04 -1.221095434002433e-05 3.107605559645094e-05 2.633150124474419e-06
-1.048481454961938e-04 -8.185534461184867e-06 2.858716124159765e-05 1.101613248184192e-06
-1.138754238322353e-04 -9.694649599231120e-06 3.209481723620356e-05 1.642910928572137e-06
-1.123656231187724e-04 -8.184911233245134e-06 3.151662708140176e-05 1.058717037947679e-06
-1.134332087958974e-04 -8.627099424873391e-06 3.192717984891776e-05 1.229387077738317e-06
