7.709286715270245e-05 -1.097505695629585e-05 1.053030377483618e-05 -2.473813528033302e-06
7.740686097107519e-05 -1.021715884766860e-05 1.052042063834614e-05 -2.497378771013124e-06
7.740684889393466e-05 -6.643965812581783e-06 1.053983648610581e-05 -2.617329795325641e-06
7.709285405550232e-05 -5.886075816422739e-06 1.055236339790868e-05 -2.638782031187497e-06
7.633485224985376e-05 -1.128896376601419e-05 1.055545905951174e-05 -2.465109533471211e-06
7.491272198139137e-05 -8.430576753330947e-06 1.061968153292919e-05 -2.565704992042013e-06
7.633484069788069e-05 -5.572174326533041e-06 1.057976233543980e-05 -2.646446591859349e-06
7.099714502435796e-05 -1.128734220538998e-05 1.069503847500214e-05 -2.519963506816182e-06
7.099713472828446e-05 -5.573947304782927e-06 1.071895058271338e-05 -2.608030983094028e-06
6.805211403726991e-05 -8.430685152367982e-06 1.075931357712058e-05 -2.581188394883080e-06
6.566572044469209e-05 -1.128060836748680e-05 1.084671597130165e-05 -2.502355278630058e-06
6.566593249062237e-05 -5.580866820472847e-06 1.080290595722614e-05 -2.586897198693822e-06
6.300513396979958e-05 -8.430875163917719e-06 1.091609441689834e-05 -2.636157949137120e-06
6.035248690551049e-05 -1.126699592530381e-05 1.099587828366379e-05 -2.515200757551967e-06
6.035245811699386e-05 -5.594743012526598e-06 1.071627055249784e-05 -2.570397404803779e-06
5.770516195765398e-05 -8.431142472327282e-06 1.109621518277086e-05 -2.646125095851869e-06
5.507175158875474e-05 -1.124492547995005e-05 1.096435708372170e-05 -2.673484825517364e-06
5.507117235624811e-05 -5.617414283010806e-06 1.056928004316045e-05 -2.512998545986524e-06
5.244610960995695e-05 -8.431611504263070e-06 1.103669709414624e-05 -2.602718787147313e-06
4.984135091496694e-05 -1.121306739576197e-05 1.066286350658519e-05 -2.851747920546943e-06
4.984030176484331e-05 -5.650456546129755e-06 1.035222449959930e-05 -2.433560855579402e-06
4.724732195752472e-05 -8.432057569517138e-06 1.062711628056171e-05 -2.590231768186273e-06
4.468129283823463e-05 -1.117009521821454e-05 1.010564856246461e-05 -3.038372494991197e-06
4.468035014851725e-05 -5.694571126323082e-06 1.003757900151256e-05 -2.379348354924021e-06
4.212963822761598e-05 -8.432514205286166e-06 9.835429715636624e-06 -2.602495451262630e-06
3.961319954210535e-05 -1.111511933359853e-05 9.314292750435866e-06 -3.138930578679687e-06
3.961269060832332e-05 -5.750523488575106e-06 9.517658072546190e-06 -2.305892591135965e-06
3.711526595475031e-05 -8.432980771513676e-06 8.955381852396618e-06 -2.656520915990082e-06
3.465985568189183e-05 -1.104815348114365e-05 8.446454568738313e-06 -3.192680641172125e-06
3.465983307706775e-05 -5.818736590785026e-06 8.723529180839059e-06 -2.215498468412276e-06
3.222706869951490e-05 -8.433715212212229e-06 8.005768676851703e-06 -2.739039559113160e-06
2.984378330601983e-05 -1.096953831775986e-05 7.552631376956058e-06 -3.074455458192492e-06
2.984417915861058e-05 -5.899049533357676e-06 7.690177450990973e-06 -2.240138050952727e-06
2.748698909848415e-05 -8.434570524137259e-06 7.173873526447869e-06 -2.736484018282280e-06
2.518620663843255e-05 -1.087872940470680e-05 6.810294879394821e-06 -3.038512629396609e-06
2.518656026566979e-05 -5.991871606790196e-06 6.745750267722229e-06 -2.256430081648217e-06
2.300606511205362e-05 -8.434831060697418e-06 6.492166808376038e-06 -2.718525939953699e-06
2.088640811996280e-05 -1.077705509661767e-05 6.269869912705150e-06 -2.993510351139214e-06
2.088632521603341e-05 -6.099082328263094e-06 6.109728880630605e-06 -2.303705694819170e-06
1.931446729984630e-05 -8.613199801042007e-06 5.991547327946556e-06 -2.738664198687998e-06
1.776843825418576e-05 -1.068382621871900e-05 5.795786172754199e-06 -3.017718105709080e-06
1.776618416387171e-05 -6.196729180755300e-06 5.744390358057920e-06 -2.377258428082623e-06
1.558872112086939e-05 -1.060299615113514e-05 5.425672147367538e-06 -3.049323174080164e-06
1.598914897648898e-05 -9.185510499098446e-06 5.502951066369462e-06 -2.836717935703361e-06
1.558501163022273e-05 -6.258849756080322e-06 5.485353126777074e-06 -2.408404995559177e-06
1.404993817552208e-05 -6.324731317785686e-06 5.272845280780915e-06 -2.363682063835177e-06
-2.050421631966903e-06 -1.056012344621933e-06 -1.052011249951450e-06 -3.889490174218080e-07
-2.092126180812571e-06 -9.554530437724608e-07 -1.076534981405814e-06 -3.234923246055082e-07
-2.091790262076729e-06 -5.817874796947231e-07 -1.078112740292816e-06 -8.595720399313091e-08
-2.050330490394263e-06 -4.830594701597649e-07 -1.054663409406288e-06 -2.602597324902272e-08
1.404332735023921e-05 -1.054642519552175e-05 5.191494531095555e-06 -3.053012888002239e-06
1.269157202013578e-05 -1.041804062538843e-05 4.969241151517939e-06 -3.058637210156268e-06
1.371727251955120e-05 -7.911558635388234e-06 5.221665188888176e-06 -2.624805813245381e-06
1.267317699466987e-05 -6.275203634331485e-06 5.068450288991740e-06 -2.292394639655792e-06
-1.950336617392115e-06 -1.097776201956510e-06 -9.914563932204997e-07 -4.169123568479310e-07
-1.849669955766702e-06 -6.882781545967224e-07 -9.361762327303296e-07 -1.595001296348314e-07
-1.951457619413499e-06 -4.421477644940662e-07 -9.973179334463522e-07 -4.018946537751037e-09
1.224785079315346e-05 -9.128288212283622e-06 4.912396424557102e-06 -2.866684933926927e-06
1.138748803990987e-05 -1.012777656811050e-05 4.759315049713955e-06 -3.035739150890124e-06
1.016152980815616e-05 -9.715921604468363e-06 4.536678267841145e-06 -2.977453282696273e-06
1.184279051968062e-05 -7.400290634212186e-06 4.873620087142840e-06 -2.535726569026392e-06
1.139337677098935e-05 -6.015168328862889e-06 4.794232596275890e-06 -2.182390532176340e-06
-1.272590935662637e-06 -1.110089330767620e-06 -6.168856589984026e-07 -4.340707186995101e-07
-1.272708277325937e-06 -4.329540130513641e-07 -6.125522221409624e-07 -1.209080582172309e-08
-9.222803883639597e-07 -7.723716056697504e-07 -4.109583115747371e-07 -1.975114867659342e-07
9.030240276613254e-06 -9.163740372856456e-06 4.298130615321449e-06 -2.907699017827529e-06
9.986298287154736e-06 -8.425531978248413e-06 4.502752271764762e-06 -2.762292954026601e-06
1.040471551478811e-05 -6.845130150982145e-06 4.588402225699670e-06 -2.388510779410728e-06
1.023017401643369e-05 -5.565713199717880e-06 4.574510266595751e-06 -2.034052623068625e-06
-5.439007534241087e-07 -1.170977543691251e-06 -1.797572048396024e-07 -3.983048999277413e-07
-5.443762145853525e-07 -3.753667292611797e-07 -1.900149974744244e-07 2.800729965754828e-08
-1.164968662799214e-07 -7.738517728863757e-07 4.328501793039531e-08 -1.641202100878011e-07
7.989512817109396e-06 -8.514780326467117e-06 4.060145580267571e-06 -2.828450750347599e-06
7.069748992593979e-06 -7.779426072622118e-06 3.735843844790187e-06 -2.670910340658524e-06
8.963218505248533e-06 -6.609068476987604e-06 4.263214815021729e-06 -2.347477635108068e-06
9.211035392434306e-06 -4.940941090390686e-06 4.323840546832311e-06 -1.827155811317736e-06
3.718068440677208e-07 -1.301218227921963e-06 3.079080150385344e-07 -4.329101483401036e-07
3.715421452061357e-07 -2.476292793021708e-07 3.117511531003042e-07 1.515676158528359e-07
7.305043199128744e-06 -6.679864181608922e-06 3.791637175739084e-06 -2.381117480033200e-06
6.271890618779922e-06 -6.954373313729362e-06 3.431753233950048e-06 -2.472112490639753e-06
7.690430199831055e-06 -5.477500268198902e-06 3.889630799633504e-06 -1.998761478870772e-06
8.356237184368936e-06 -4.194296724904729e-06 4.082211663487415e-06 -1.561213465769762e-06
9.066266784090243e-07 -7.750689889780768e-07 6.316631164682639e-07 -1.221014198990618e-07
1.540054487975719e-06 -1.488886000977347e-06 1.004041897148249e-06 -5.202479327953121e-07
1.538767799765550e-06 -6.048608063032600e-08 1.026447835378599e-06 3.240779371693086e-07
5.579119789608262e-06 -6.073820604285186e-06 3.158352524568876e-06 -2.220126280905246e-06
5.027183615901785e-06 -5.171983636255544e-06 2.900220660230605e-06 -1.890994298314346e-06
4.604154357607924e-06 -4.227580083757384e-06 2.705267080082422e-06 -1.533334218479781e-06
6.914385491835442e-06 -4.423759989707923e-06 3.624235835039543e-06 -1.632017885368205e-06
7.678475955289258e-06 -3.365606876815560e-06 3.891905837535713e-06 -1.260924884533762e-06
2.047935911578329e-06 -7.778443187973007e-07 1.323890779366630e-06 -8.147325084427065e-08
2.668513743127165e-06 -1.672341826298571e-06 1.653771411081107e-06 -5.421636370323190e-07
2.668971038150025e-06 1.310799791056821e-07 1.659232489563371e-06 3.841914687195266e-07
5.535500510501906e-06 -4.220675625060753e-06 3.088626322300776e-06 -1.542176772157735e-06
4.289671941315068e-06 -3.274050519259510e-06 2.553748685265109e-06 -1.152027160865803e-06
3.680553477205223e-06 -1.826300012189275e-06 2.170147408577045e-06 -5.811805733476346e-07
3.968702200338168e-06 -1.985113030495736e-06 2.328972008199443e-06 -6.449599544341790e-07
4.115125607826559e-06 -2.314426235042039e-06 2.423493465409426e-06 -7.812181670576876e-07
6.379281876162423e-06 -3.247093424910055e-06 3.427693474570180e-06 -1.203892079225745e-06
7.173447567514010e-06 -2.493846617100369e-06 3.762548253070498e-06 -9.216424711375760e-07
3.225602724957117e-06 -9.096310326693215e-07 1.942351094562729e-06 -1.384813614792082e-07
3.702908078457767e-06 2.705015131655181e-07 2.173479408116083e-06 4.816425327978003e-07
4.937039833358370e-06 -2.603899271823799e-06 2.797988635316338e-06 -9.169453675653222e-07
3.997831873781110e-06 -1.350466837528006e-06 2.332186513031242e-06 -3.462651863195588e-07
4.339274755874069e-06 -1.871025960422380e-06 2.509842540142328e-06 -5.893881400173282e-07
6.005084197778159e-06 -2.225752293239407e-06 3.279149403109942e-06 -7.870068396450660e-07
6.853176801406247e-06 -1.618741719895914e-06 3.704431214092998e-06 -5.015695561500854e-07
4.034221675910320e-06 -3.318503858768465e-07 2.340987692449748e-06 1.720089954236693e-07
4.004392506537826e-06 4.218571339618324e-07 2.294838818592293e-06 5.712520165668882e-07
5.140479233536299e-06 -1.123425970742766e-06 2.890738874097621e-06 -2.457962730630264e-07
6.734829483369652e-06 -7.542262307098803e-07 3.686792698220899e-06 -6.526710290786518e-08
6.788365865215147e-06 8.366686623383407e-08 3.725061781633723e-06 3.963685976324684e-07
4.644796643868606e-06 2.228988888365811e-07 2.632069153272813e-06 4.640617861156779e-07
4.182791758576250e-06 7.414540513569386e-07 2.354009982466056e-06 7.543231545214131e-07
4.407355332630711e-06 1.613169405267601e-06 2.400555075948367e-06 1.272715141418117e-06
5.958989437517419e-06 1.979438425635458e-07 3.284930739760720e-06 4.552762123134700e-07
4.732035009031757e-06 2.441229636984748e-06 2.532423417974544e-06 1.810315493030210e-06
7.016991474884902e-06 9.245415916569159e-07 3.850530559219204e-06 8.597676019225716e-07
5.199388352463877e-06 1.648923061731221e-06 2.862724798396570e-06 1.266700657651778e-06
6.349183289231034e-06 1.715153033089993e-06 3.475300626408680e-06 1.320725846392161e-06
5.147224098741460e-06 3.224758090516905e-06 2.770038137319377e-06 2.338905411242512e-06
7.394390139749915e-06 1.717429189258192e-06 4.129730935781993e-06 1.360449555431908e-06
7.057871438781315e-06 2.485215229404442e-06 3.930197779881169e-06 1.842636584840829e-06
6.285390783753174e-06 2.958623739189518e-06 3.458898389204637e-06 2.138107923689879e-06
5.648459703781603e-06 3.955534680118083e-06 3.077352739424171e-06 2.831247977404820e-06
6.231414394074407e-06 4.625504914340522e-06 3.427634008248500e-06 3.257011979775841e-06
7.906781748205088e-06 2.441836798396986e-06 4.462608279890247e-06 1.817394012850452e-06
7.523505358042543e-06 3.331903059644371e-06 4.218573641376975e-06 2.372916457461269e-06
7.076370408961880e-06 4.357413310363393e-06 3.938939428837806e-06 3.073305192762641e-06
6.886751076719673e-06 5.223931700154022e-06 3.815592613518264e-06 3.683493916612889e-06
8.535946028866845e-06 3.070003802856855e-06 4.882174001502348e-06 2.188099621906897e-06
8.341707306392499e-06 4.349377298514036e-06 4.745244967940814e-06 3.035700990014042e-06
7.606888195508602e-06 5.743802819875265e-06 4.230495595053678e-06 4.082476669357687e-06
8.380597909529653e-06 6.177570389040091e-06 4.731662978618029e-06 4.465914645272307e-06
9.197211576599399e-06 6.518632985024747e-06 5.287111321041301e-06 4.795324998548228e-06
9.267853142045434e-06 4.621031267284081e-06 5.385400640652748e-06 3.245423735375755e-06
9.262830089237861e-06 3.580997607643664e-06 5.375139029612171e-06 2.490267931841337e-06
9.086943771629702e-06 5.642714049099389e-06 5.213420990560617e-06 4.068930056274983e-06
1.004621724209819e-05 6.764642869213627e-06 5.923653653662479e-06 5.047375550647233e-06
1.091479112761644e-05 6.911332954141802e-06 6.685377742123573e-06 5.259685620466444e-06
9.998740217927810e-06 4.853224024423145e-06 5.960240640899394e-06 3.443259589126265e-06
1.006466693310041e-05 3.958998275190280e-06 6.012408908966115e-06 2.747296879060319e-06
1.179339510579124e-05 6.958443067183475e-06 7.489330770111609e-06 5.367535004286419e-06
1.081990651252564e-05 5.675866184273118e-06 6.588032814466465e-06 4.115832606826827e-06
1.091684149313434e-05 4.192904318607776e-06 6.695420639541515e-06 2.904371092583301e-06
1.198796893677513e-05 5.806619048128283e-06 7.686161193849242e-06 4.262286721152841e-06
1.275550023348280e-05 6.954302422271955e-06 8.440520982062533e-06 5.404260089038643e-06
1.179349344585778e-05 4.274339673634931e-06 7.466466745896534e-06 2.924134115836480e-06
1.407423376265960e-05 6.950047049360287e-06 9.769123434466306e-06 5.499419058225460e-06
1.303557315629530e-05 5.155209200115788e-06 8.670195814072790e-06 3.675262317615675e-06
1.275483653330795e-05 4.280578868328161e-06 8.410026379441929e-06 2.854368469272125e-06
1.587293337714424e-05 6.941935476211928e-06 1.169097179973774e-05 5.568062241808076e-06
1.498567610203211e-05 5.516927504920453e-06 1.072232422976399e-05 4.034028066505360e-06
1.407313340894280e-05 4.289808421244727e-06 9.725888639330469e-06 2.752819855150746e-06
1.822506023546207e-05 6.932782147235963e-06 1.420768681705416e-05 5.685380459377566e-06
1.705224620146782e-05 5.623216730916206e-06 1.292583208710936e-05 4.212121962593633e-06
1.587207824071255e-05 4.302098134622458e-06 1.161552152899800e-05 2.737317773567850e-06
2.065556446472979e-05 6.926615469532478e-06 1.711482452333650e-05 5.888928938077930e-06
1.944293543328749e-05 5.626278998238201e-06 1.564549157491056e-05 4.237994631359236e-06
1.822421414036241e-05 4.316658336044822e-06 1.418576167405879e-05 2.714700503655229e-06
2.307285198193420e-05 6.925237524171788e-06 2.035094601570698e-05 6.093877766891380e-06
2.186517282296704e-05 5.629106635625467e-06 1.873309029137021e-05 4.255318429594359e-06
2.065483828193042e-05 4.328846416775869e-06 1.708996349374233e-05 2.633130650355766e-06
2.548848403872560e-05 6.929293848313571e-06 2.380505423290684e-05 6.169018719336671e-06
2.427952204820672e-05 5.631516581088392e-06 2.210663903122965e-05 4.291741239995847e-06
2.307203998326321e-05 4.335586919856089e-06 2.029166723636020e-05 2.514825848288301e-06
2.791289497381847e-05 6.936867077437013e-06 2.720863600361627e-05 6.122050479926370e-06
2.669819782758020e-05 5.633633368312419e-06 2.556177862195512e-05 4.340673872666616e-06
2.548752122958286e-05 4.336050046871968e-06 2.371986183003411e-05 2.518222004776645e-06
3.035044577030329e-05 6.945006744192949e-06 3.038898812058130e-05 6.018823404939800e-06
2.912904446746079e-05 5.635355211482438e-06 2.885972561742254e-05 4.341813993929851e-06
2.791192161277745e-05 4.332230348733627e-06 2.710487398796341e-05 2.578021475845753e-06
3.280041750879921e-05 6.952120341211082e-06 3.340476182803004e-05 5.948139866672439e-06
3.157327721967413e-05 5.636655942806202e-06 3.194144506462037e-05 4.363184869496206e-06
3.034973946921856e-05 4.327003456050263e-06 3.029521097563965e-05 2.692656552508964e-06
3.526034913031341e-05 6.957821724035659e-06 3.632867639597712e-05 5.956987797834038e-06
3.402870148103400e-05 5.637705529844825e-06 3.487979582227291e-05 4.378243039104292e-06
3.279990037109798e-05 4.322233733822256e-06 3.331084515680406e-05 2.806584621813179e-06
3.772883390518536e-05 6.962347810378736e-06 3.929911720759249e-05 5.998119207432931e-06
3.649320529171544e-05 5.638319774008855e-06 3.780286213239037e-05 4.370565069348085e-06
3.526014850616355e-05 4.318244893818020e-06 3.628549931599129e-05 2.817685847277657e-06
4.303391832397731e-05 6.820131327212172e-06 4.572332248043937e-05 5.819187392538129e-06
4.268202349025051e-05 6.965877470992517e-06 4.529536444296549e-05 5.996603027786903e-06
3.883656396134634e-05 5.638636108672920e-06 4.061922131140544e-05 4.394774288851264e-06
4.020383795129002e-05 6.965092498002927e-06 4.228337622398488e-05 5.985749105356209e-06
3.772852734712800e-05 4.314763280330234e-06 3.922423875344939e-05 2.797818899600051e-06
4.317967439327760e-05 6.468251427597567e-06 4.589934187755662e-05 5.390001773493238e-06
4.234673990582840e-05 5.638720512298644e-06 4.486737430940421e-05 4.375672009247342e-06
4.020366096091461e-05 4.312153728828010e-06 4.226407364220260e-05 2.782404714283858e-06
4.317948986640676e-05 4.809301726189829e-06 4.585736393872541e-05 3.382090132878972e-06
4.268180990290914e-05 4.311671511588073e-06 4.525555140903094e-05 2.786004801574076e-06
4.303371793967148e-05 4.457421541652233e-06 4.568015408679297e-05 2.960550724065599e-06
