-7.025738041057986e-05 1.094248576414868e-05 4.802123459039886e-05 -6.094167108185879e-06
-7.052087297496724e-05 1.030643870465338e-05 4.824856243700043e-05 -5.544866561344045e-06
-7.052085881606944e-05 7.307865807704355e-06 4.824388040731589e-05 -2.941031986033942e-06
-7.025736359598515e-05 6.671803967934899e-06 4.801502533142814e-05 -2.386183755363422e-06
-6.962127180360605e-05 1.120593143377077e-05 4.747230612352899e-05 -6.321593502333319e-06
-6.842799978287343e-05 8.807130076040778e-06 4.643049327772990e-05 -4.234874216319282e-06
-6.962124759022536e-05 6.408349012630484e-06 4.746209348640007e-05 -2.155694660294793e-06
-6.514220353319349e-05 1.120492014606595e-05 4.357687104579520e-05 -6.271398806959595e-06
-6.514211900272893e-05 6.409041994030827e-06 4.355915137014631e-05 -2.115909170805420e-06
-6.267027829055689e-05 8.806786692696711e-06 4.145021729173299e-05 -4.173166365100179e-06
-6.066642564110489e-05 1.120091795367515e-05 3.983290025663569e-05 -6.180866012645141e-06
-6.066617755431738e-05 6.412169027336225e-06 3.978974208371249e-05 -2.156087660131776e-06
-5.843084367082332e-05 8.806053523230549e-06 3.798517596617813e-05 -4.178464712834474e-06
-5.619960810391658e-05 1.119300573492328e-05 3.589403259583672e-05 -6.156843840643352e-06
-5.619989127580005e-05 6.418557933337532e-06 3.619597633264654e-05 -2.221010435733988e-06
-5.397120076251079e-05 8.805140446737342e-06 3.445631020965682e-05 -4.190360606661641e-06
-5.174950226858009e-05 1.118082680480910e-05 3.197211400451902e-05 -6.140382492351585e-06
-5.175028055172101e-05 6.428562890247023e-06 3.259914565856320e-05 -2.226095333807152e-06
-4.953230684693635e-05 8.804055905548705e-06 3.085581257757347e-05 -4.171179290719320e-06
-4.732454391073553e-05 1.116405295978331e-05 2.836534189700655e-05 -6.062682620050824e-06
-4.732531064920913e-05 6.442750856256458e-06 2.898890100301699e-05 -2.249040054023132e-06
-4.512281503385925e-05 8.802922525730432e-06 2.724130005135723e-05 -4.142826059204842e-06
-4.293368010703942e-05 1.114280469452546e-05 2.507938690928602e-05 -6.028001858189350e-06
-4.293390521002767e-05 6.461582789725486e-06 2.537369010280814e-05 -2.241400110165054e-06
-4.075145789105290e-05 8.801794580961960e-06 2.356113573932997e-05 -4.134808562756552e-06
-3.858419082779810e-05 1.111809956836013e-05 2.179545326588691e-05 -5.987075038042301e-06
-3.858377227535564e-05 6.484028895519960e-06 2.174938508455991e-05 -2.288287709293791e-06
-3.642399944552734e-05 8.800477912579720e-06 1.997713544920047e-05 -4.127007319912424e-06
-3.428066320594730e-05 1.109018445556504e-05 1.830850483631179e-05 -5.832557568265195e-06
-3.428023510271430e-05 6.509461748956703e-06 1.829065752566630e-05 -2.380509187265438e-06
-3.214537124936495e-05 8.799128753188871e-06 1.669298217958381e-05 -4.072866793381779e-06
-3.002971003834841e-05 1.105758598158274e-05 1.522014709421084e-05 -5.588921657665173e-06
-3.002917199193244e-05 6.539101075430528e-06 1.520842165378772e-05 -2.513967946647107e-06
-2.792357382676048e-05 8.797500568371830e-06 1.381362473735473e-05 -4.038969495786633e-06
-2.584114655341171e-05 1.101801005855598e-05 1.255448819077050e-05 -5.373713633284936e-06
-2.584050587844245e-05 6.575581624062731e-06 1.255985293126652e-05 -2.709379801480316e-06
-2.385368702632065e-05 8.795620390765349e-06 1.140525398573044e-05 -4.046725883404999e-06
-2.189390439736930e-05 1.097071005061772e-05 1.032078009000790e-05 -5.261625452129330e-06
-2.189309786437114e-05 6.621845780060606e-06 1.032585437629907e-05 -2.850549332073029e-06
-2.043159068016195e-05 8.961808874183475e-06 9.522265484275234e-06 -4.149081211429788e-06
-1.896707630153953e-05 1.092494530799789e-05 8.744925411677220e-06 -5.193871701599051e-06
-1.896538085633906e-05 6.667291942886647e-06 8.743814584513096e-06 -2.934050053212125e-06
-1.688072608968126e-05 1.088339626773324e-05 7.660483848446004e-06 -5.132013978417836e-06
-1.727559748409019e-05 9.511537290168824e-06 7.852635909253949e-06 -4.435080365044369e-06
-1.687806023302687e-05 6.697451635230801e-06 7.656542710773071e-06 -2.980682015438924e-06
-1.538630498361440e-05 6.730715980576705e-06 6.904784018392626e-06 -3.026348609033544e-06
2.426340279423140e-06 7.002598096703373e-07 -1.152570442133544e-06 -6.765370382048098e-07
2.474897440976858e-06 5.833499947188568e-07 -1.184049814802162e-06 -6.011143437284564e-07
2.474599000622167e-06 1.484363579951606e-07 -1.184749448288980e-06 -3.211695452435905e-07
2.426322747704396e-06 3.340705668977269e-08 -1.153860438201004e-06 -2.473465634650041e-07
-1.538368738870364e-05 1.085338763383221e-05 6.902851534786098e-06 -5.088929278884333e-06
-1.405080438412064e-05 1.074982037817446e-05 6.249896839559149e-06 -5.012037648587032e-06
-1.507370927612380e-05 8.278762276589880e-06 6.737404532183279e-06 -3.802679802791522e-06
-1.404151109802817e-05 6.649998635279848e-06 6.231317050179129e-06 -3.015009642698450e-06
2.309965008529004e-06 7.486952934981397e-07 -1.077023252547915e-06 -7.078385451449229e-07
2.192873219238788e-06 2.718571373726421e-07 -1.000187216810576e-06 -4.025587973647133e-07
2.311165005986790e-06 -1.443644827018647e-08 -1.079718086923751e-06 -2.179819305898317e-07
-1.362029312279273e-05 9.484143967168039e-06 6.030857691472015e-06 -4.383767496777169e-06
-1.275181137875277e-05 1.049018559089979e-05 5.625867502320416e-06 -4.854702743330907e-06
-1.151036919369458e-05 1.009731928569245e-05 5.048170799407167e-06 -4.642443742025695e-06
-1.321983014333795e-05 7.762303363590697e-06 5.831493609863760e-06 -3.555608362356621e-06
-1.276654347754495e-05 6.353212696784954e-06 5.616483135736515e-06 -2.908548254138811e-06
1.521706108485653e-06 7.625273682697493e-07 -5.624434015639953e-07 -7.221845921776779e-07
1.521682780254119e-06 -2.628934303679394e-08 -5.714352158705435e-07 -2.422381893610803e-07
1.113756572900172e-06 3.690905169510054e-07 -3.224476136308083e-07 -5.007091379089430e-07
-1.034467996639949e-05 9.563542477505943e-06 4.532217134488397e-06 -4.362061137992807e-06
-1.133967324347735e-05 8.801827430195913e-06 4.960074466976168e-06 -4.027683171687783e-06
-1.176589616299349e-05 7.190586019716174e-06 5.152656329091383e-06 -3.296693470873823e-06
-1.159051498006713e-05 5.857149620221554e-06 5.068761198197802e-06 -2.724931789169456e-06
6.719833512829922e-07 8.360367713504857e-07 -7.172410479788037e-08 -7.658531861282692e-07
6.728533646155122e-07 -9.519348650957853e-08 -8.682383238157976e-08 -2.835115073496907e-07
1.715872956786493e-07 3.718436029836644e-07 1.661778201324028e-07 -5.511427070694651e-07
-9.258523399321556e-06 8.915858013966656e-06 4.068520184623534e-06 -4.047158114563928e-06
-8.276848265094346e-06 8.164834909769693e-06 3.683966955846155e-06 -3.710583147331835e-06
-1.028096088059702e-05 6.941327116124225e-06 4.497549270618830e-06 -3.190573142727979e-06
-1.054534066916342e-05 5.177106810643653e-06 4.609194956496669e-06 -2.472150550607439e-06
-4.025690587327206e-07 9.942921233409973e-07 4.390717242227021e-07 -8.640558002071074e-07
-4.017214711551051e-07 -2.475756764797553e-07 4.226450925867671e-07 -2.939234895863251e-07
-8.526034803604867e-06 7.019011379014472e-06 3.787375419054035e-06 -3.224249625858305e-06
-7.407066370136501e-06 7.313047157085169e-06 3.361491927903210e-06 -3.342653316558287e-06
-8.939642737659877e-06 5.739967457688587e-06 3.958005138372909e-06 -2.712345317541739e-06
-9.657099010700710e-06 4.354061008279207e-06 4.247786186998892e-06 -2.181098991737298e-06
-1.033051297103030e-06 3.749826652506551e-07 7.139195567314692e-07 -6.043109795788075e-07
-1.783079250493474e-06 1.222743434871986e-06 1.055564886123421e-06 -1.005779482509735e-06
-1.780920877046235e-06 -4.713879836672161e-07 1.041401845423908e-06 -2.473259524394100e-07
-6.643529720290378e-06 6.385018453492978e-06 3.086975812342456e-06 -2.974419697089373e-06
-6.012844944627958e-06 5.408016153043334e-06 2.874123122483130e-06 -2.613470808784439e-06
-5.511057239114773e-06 4.374022178394294e-06 2.695134863179997e-06 -2.230520912640803e-06
-8.098396291596016e-06 4.598103874395960e-06 3.654657403887375e-06 -2.292305565004698e-06
-8.945335124418696e-06 3.424329705818264e-06 3.984986137062953e-06 -1.856719663328087e-06
-2.384677924517121e-06 3.801424789494834e-07 1.320649002974595e-06 -6.433104241642582e-07
-3.123761926741748e-06 1.447571487195353e-06 1.659453905262415e-06 -1.127385351873149e-06
-3.123000435640490e-06 -7.009274012621645e-07 1.649638905733683e-06 -1.766468845306169e-07
-6.568930818645584e-06 4.372360839682498e-06 3.088252555181366e-06 -2.226221551380551e-06
-5.129516918291845e-06 3.307977908675486e-06 2.554482245764409e-06 -1.843618404830016e-06
-4.342672155944849e-06 1.638458410648771e-06 2.204178359699824e-06 -1.206770707620472e-06
-4.698826550421130e-06 1.827795662160963e-06 2.361255945649002e-06 -1.280306233373278e-06
-4.889798426898751e-06 2.212895398125768e-06 2.447074454806456e-06 -1.430291474060351e-06
-7.512357443268135e-06 3.288395276711783e-06 3.456153623282109e-06 -1.821981784972487e-06
-8.417413723398345e-06 2.428285708381821e-06 3.809506869764632e-06 -1.495477321510285e-06
-3.787303579861870e-06 5.387470270696092e-07 1.957255521290953e-06 -7.331552252568188e-07
-4.342517796514286e-06 -8.665887009288018e-07 2.200343485211815e-06 -1.293011930589110e-07
-5.862098344134695e-06 2.553427449494889e-06 2.832769059059039e-06 -1.562296768730009e-06
-4.721296706473268e-06 1.072849634257350e-06 2.368518462622092e-06 -9.653705104817058e-07
-5.143974608077210e-06 1.694673280381172e-06 2.546186554390137e-06 -1.223065528162327e-06
-7.091692539094040e-06 2.119816289496813e-06 3.313209921743671e-06 -1.386400178641942e-06
-8.091192173283591e-06 1.407047878140702e-06 3.716996553430360e-06 -1.097145114754062e-06
-4.742395831494367e-06 -1.438905666750000e-07 2.377222021154039e-06 -4.475177311154765e-07
-4.688136274338314e-06 -1.049159576291446e-06 2.359626879614193e-06 -5.732593759093174e-08
-6.082749783905123e-06 8.237830225342679e-07 2.927904052982257e-06 -8.655070044957455e-07
-7.982034263275516e-06 3.826761121778067e-07 3.696679168752587e-06 -6.690449129783505e-07
-8.097425204813093e-06 -6.312855925571662e-07 3.754119472184074e-06 -2.303686742157841e-07
-5.460666302467386e-06 -8.020073861420004e-07 2.686520213943587e-06 -1.654829226823090e-07
-4.887526330599440e-06 -1.444361231414557e-06 2.452901774048364e-06 1.032345568926087e-07
-5.128075279802463e-06 -2.542545065056281e-06 2.582262670335808e-06 5.490649109242486e-07
-7.072675733300092e-06 -7.561192008523009e-07 3.341034255950439e-06 -1.781513459043049e-07
-5.496069393505658e-06 -3.624344137546083e-06 2.766918370734618e-06 9.544957423948666e-07
-8.431629154039138e-06 -1.659134004566455e-06 3.878393716947462e-06 2.133364299856740e-07
-6.114020122324980e-06 -2.575469100951949e-06 2.985035943259703e-06 5.736869838018321e-07
-7.585849610829817e-06 -2.658377192688575e-06 3.553605818801055e-06 6.194848644956380e-07
-6.001890955270111e-06 -4.663833797130853e-06 2.998284268588320e-06 1.334254186766503e-06
-8.971081438413455e-06 -2.659315890199001e-06 4.050542238956304e-06 6.310295632201675e-07
-8.537782064640043e-06 -3.662363979284020e-06 3.889477751850248e-06 1.007217640118334e-06
-7.496080314377898e-06 -4.298568635906554e-06 3.544086019121871e-06 1.221104154480448e-06
-6.633298236516544e-06 -5.673557906467854e-06 3.262253045928790e-06 1.649802323929396e-06
-7.406831091478632e-06 -6.628100855042853e-06 3.537157831218123e-06 1.913378915718383e-06
-9.716138493065726e-06 -3.591669962861083e-06 4.249882348748976e-06 1.000235691064381e-06
-9.187600117971129e-06 -4.808305570952334e-06 4.087480933380123e-06 1.389816755599161e-06
-8.561676470545875e-06 -6.252156847706066e-06 3.906407844841939e-06 1.804079983420791e-06
-8.293991795609686e-06 -7.514505536643788e-06 3.829889611183240e-06 2.118343760579623e-06
-1.064104324250184e-05 -4.421168129981748e-06 4.470816036547277e-06 1.296580325063920e-06
-1.036445569615299e-05 -6.246715235151666e-06 4.390740794156365e-06 1.791383404932375e-06
-9.304575991122759e-06 -8.298917018970410e-06 4.115896987070015e-06 2.284576910168632e-06
-1.043232543505522e-05 -8.981516337932870e-06 4.387739553216859e-06 2.404205212143382e-06
-1.164864485720582e-05 -9.551559406666089e-06 4.663159702926792e-06 2.486569975252714e-06
-1.174362184153316e-05 -6.642920652684530e-06 4.698597750419573e-06 1.882386767809030e-06
-1.173170395116956e-05 -5.115035757072943e-06 4.706308792430572e-06 1.514753245313382e-06
-1.146679769545193e-05 -8.186750147365412e-06 4.636156039215783e-06 2.219344772211611e-06
-1.295244389499631e-05 -9.973324510130814e-06 4.927587008198377e-06 2.543015363409510e-06
-1.432330387584149e-05 -1.025277047796399e-05 5.189108890620266e-06 2.568394351595465e-06
-1.286178108640954e-05 -6.984898058793122e-06 4.925595704063932e-06 1.958879012073823e-06
-1.296933337278079e-05 -5.622989936179251e-06 4.947133254746011e-06 1.669177433015103e-06
-1.573130341034564e-05 -1.037142551167924e-05 5.452051888121700e-06 2.563767760730741e-06
-1.414666593561484e-05 -8.270325737307757e-06 5.170540290125552e-06 2.209205002182967e-06
-1.431303018766451e-05 -5.920629567417339e-06 5.197704428718665e-06 1.765334505943593e-06
-1.603934992135764e-05 -8.487367980372902e-06 5.514499744503193e-06 2.243903706775292e-06
-1.732236464535981e-05 -1.041644758686528e-05 5.726531070725171e-06 2.533330916409587e-06
-1.571935207930719e-05 -6.003797507006730e-06 5.456620302906954e-06 1.804707609021600e-06
-1.955010033445456e-05 -1.046080438060062e-05 6.086119509375564e-06 2.487828915615359e-06
-1.777334800994465e-05 -7.403812164741335e-06 5.819146801669573e-06 2.071920600708282e-06
-1.732080099714625e-05 -5.957034940757109e-06 5.730186586230009e-06 1.832760910734123e-06
-2.270273602081287e-05 -1.052776316984355e-05 6.445777457803294e-06 2.365977258646627e-06
-2.112366961003091e-05 -8.001522305644378e-06 6.306749400792605e-06 2.169831918644858e-06
-1.955227137220136e-05 -5.896666584767875e-06 6.083893665188523e-06 1.893125444052656e-06
-2.698876026486074e-05 -1.059698488137760e-05 6.579036602941522e-06 2.171741937465364e-06
-2.482606769079334e-05 -8.179228860773612e-06 6.576070892917631e-06 2.193264479484110e-06
-2.270411761719785e-05 -5.828942208281362e-06 6.443487496261503e-06 2.021345254974285e-06
-3.156868751059319e-05 -1.065271287915702e-05 6.323181292880886e-06 2.002444988614500e-06
-2.926151478025664e-05 -8.176527581414753e-06 6.509708685020246e-06 2.198704410145886e-06
-2.698966868543556e-05 -5.758001092917011e-06 6.577041798916598e-06 2.221415531290450e-06
-3.624428691367854e-05 -1.069867328600114e-05 5.809073509033195e-06 1.927813960150142e-06
-3.389201036648085e-05 -8.174450960385259e-06 6.090124237935064e-06 2.200908979513876e-06
-3.156934569797442e-05 -5.698174757154811e-06 6.322336590789135e-06 2.397909620425727e-06
-4.100135152567613e-05 -1.073800167669925e-05 5.269682699477300e-06 1.953079592934865e-06
-3.861033584351038e-05 -8.172649776403353e-06 5.526818315605594e-06 2.197796058874740e-06
-3.624486759382288e-05 -5.648379532089094e-06 5.809978817779157e-06 2.471923818687718e-06
-4.582947443368370e-05 -1.077203988545999e-05 4.879966472663891e-06 2.032617802496683e-06
-4.340448248395441e-05 -8.171123298273523e-06 5.044259843509542e-06 2.187812906289040e-06
-4.100184195410906e-05 -5.605726147329856e-06 5.272885132983818e-06 2.433700004740457e-06
-5.071876800787551e-05 -1.080028434464416e-05 4.700313671758724e-06 2.123503160893671e-06
-4.826498356636096e-05 -8.169869299545807e-06 4.757663716098134e-06 2.170873539017764e-06
-4.582987659074188e-05 -5.568908906929835e-06 4.885498069953873e-06 2.327120885895610e-06
-5.565672333635899e-05 -1.082141653383687e-05 4.735000104860118e-06 2.216400855727666e-06
-5.318093637720231e-05 -8.168873675556728e-06 4.685157572495284e-06 2.148484903804898e-06
-5.071908664181160e-05 -5.538417999122416e-06 4.707674646277323e-06 2.196541219252891e-06
-6.062820734211208e-05 -1.083484264182987e-05 5.000086910001448e-06 2.318133336433850e-06
-5.813823764957090e-05 -8.168113877101412e-06 4.830779693893029e-06 2.123487451924448e-06
-5.565696606748200e-05 -5.515534405343500e-06 4.743245595936924e-06 2.055712434118325e-06
-6.561827904138609e-05 -1.084157548168341e-05 5.513553251373009e-06 2.419337692732433e-06
-6.312126885429590e-05 -8.167565048192469e-06 5.219980924753446e-06 2.099509020643911e-06
-6.062838235556044e-05 -5.500803535416521e-06 5.008006640302650e-06 1.904383541978180e-06
-7.632446299838571e-05 -1.055007997636142e-05 7.199639439323889e-06 2.459285959903129e-06
-7.561457902391204e-05 -1.084411966999756e-05 7.082247846495415e-06 2.507273074319431e-06
-6.785634226073686e-05 -8.167218613869130e-06 5.816762753380704e-06 2.081066148204177e-06
-7.061588355080926e-05 -1.084385171654396e-05 6.243481956380080e-06 2.490522611506466e-06
-6.561839445231111e-05 -5.493163861684510e-06 5.519947080717381e-06 1.759357577534513e-06
-7.661850718931923e-05 -9.840203363056408e-06 7.248354708076231e-06 2.342899545039353e-06
-7.493865840638417e-05 -8.166984299410378e-06 6.966001229433161e-06 2.066882397415367e-06
-7.061593759743941e-05 -5.490338322958998e-06 6.246890103688303e-06 1.656972847973180e-06
-7.661850965473916e-05 -6.493758440226300e-06 7.248533051843860e-06 1.790400435683189e-06
-7.561459775574587e-05 -5.489865604884040e-06 7.083446360793977e-06 1.627498538115103e-06
-7.632447001457045e-05 -5.783897258798843e-06 7.200103164230533e-06 1.674980421403079e-06
