5.358583516164932e-05 -6.781482192066345e-06 3.508416765274462e-05 -5.855204139386871e-06
5.381850479186285e-05 -6.220339750030198e-06 3.520805891219675e-05 -5.198473147383606e-06
5.381890845142684e-05 -3.573192815381154e-06 3.555363718889344e-05 -1.723862221853803e-06
5.358632769207923e-05 -3.012404975924463e-06 3.544566483101082e-05 -9.945028426351660e-07
5.302422873253719e-05 -7.013768106491815e-06 3.471408446780399e-05 -6.177284293754752e-06
5.197141552332898e-05 -4.897349099873923e-06 3.448499093398345e-05 -3.579198358581190e-06
5.302494724239682e-05 -2.780329583827750e-06 3.505811189280301e-05 -6.405060436401812e-07
4.907786726544113e-05 -7.008943315949794e-06 3.306477104754370e-05 -6.378047804004432e-06
4.907950814802139e-05 -2.790482146699448e-06 3.296293234405483e-05 -5.408393769846649e-07
4.690609870734745e-05 -4.900611479936705e-06 3.038132879160964e-05 -3.461966504441001e-06
4.514751913635790e-05 -7.004783585456915e-06 3.104699114299897e-05 -2.091672363617303e-06
4.514538293052690e-05 -2.794063249563672e-06 3.121634098117597e-05 -5.386108625341896e-06
4.318371554767237e-05 -4.898031815689357e-06 3.209973196639986e-05 -4.199757076866324e-06
4.121926682584813e-05 -7.003608927698739e-06 2.968082716961012e-05 -6.119022575761258e-06
4.121862456017903e-05 -2.791609556348392e-06 2.969470571700167e-05 -2.543465440940730e-06
3.925465697815369e-05 -4.896851201005404e-06 2.660952967469663e-05 -4.545657561309579e-06
3.729938608196236e-05 -6.987406216146468e-06 2.610744332205461e-05 -4.324574010324789e-06
3.729889572351799e-05 -2.805366200455340e-06 2.401340705963143e-05 -2.491096094155296e-06
3.534917323168538e-05 -4.896328345693389e-06 2.515568997526160e-05 -2.890258247921641e-06
3.340653427895022e-05 -6.970666032536259e-06 2.415294537371238e-05 -5.344869285836550e-06
3.340408298545656e-05 -2.820390337457236e-06 2.483348129090405e-05 -1.611211004543898e-06
3.146584623214863e-05 -4.895723173372817e-06 2.421710134300725e-05 -4.357168254860771e-06
2.954546569117985e-05 -6.941679686707430e-06 2.419546770287415e-05 -6.893405527540487e-06
2.954849742549632e-05 -2.854565951195517e-06 2.403688300541318e-05 -2.594414381734158e-06
2.764456965716725e-05 -4.899737018024984e-06 2.331278994911436e-05 -4.444619644547908e-06
2.577076572191750e-05 -6.896190285050982e-06 2.140199325284173e-05 -5.453559721512499e-06
2.576836169129090e-05 -2.897764898548342e-06 2.039529186161254e-05 -2.128185653813853e-06
2.390367324050209e-05 -4.893340148343930e-06 1.851988327355198e-05 -3.580946939626453e-06
2.206636581351833e-05 -6.841223017832793e-06 1.814775623533284e-05 -4.262751689786297e-06
2.206321726283261e-05 -2.938045742200887e-06 1.796910181959411e-05 -3.385471290792346e-06
2.024369310514615e-05 -4.887686593630322e-06 1.810482444770980e-05 -3.190728703090672e-06
1.846724910682066e-05 -6.771898165626297e-06 1.566016806249415e-05 -6.193050641692886e-06
1.846535558910541e-05 -2.999460003876967e-06 1.651050929911933e-05 5.342329007587351e-08
1.671512353467801e-05 -4.884370507501661e-06 1.366379131032999e-05 -3.600827569677643e-06
1.501641567288683e-05 -6.682704718023657e-06 1.237831942154549e-05 -4.586311533203924e-06
1.502050564345131e-05 -3.089504231496762e-06 1.363409654284662e-05 -4.378279917301716e-06
1.341534529386673e-05 -4.888116424783024e-06 1.312206322376301e-05 -3.880761863512916e-06
1.187930494493663e-05 -6.573863108702304e-06 1.304278535867776e-05 -7.262299758383220e-06
1.187354640259255e-05 -3.199860176697267e-06 1.061512080116928e-05 -6.246273618982889e-07
1.074189042080641e-05 -5.006703283858049e-06 9.820789431950132e-06 -4.331854501790218e-06
9.645197593626914e-06 -6.470983602456574e-06 8.262822882622665e-06 -6.018185576583759e-06
9.640692832115454e-06 -3.304056438387678e-06 9.215013400907878e-06 -3.148972717800130e-06
8.114933673203849e-06 -6.376758586731277e-06 8.248562024860744e-06 -5.453194836001840e-06
8.382114580681398e-06 -5.403885769421463e-06 7.781186982197748e-06 -5.255344406307272e-06
8.106450683362523e-06 -3.368253659452798e-06 6.145503716074969e-06 -2.241470720199372e-06
7.055768646100875e-06 -3.447727135478211e-06 6.303452178657638e-06 -6.098961202627934e-06
-7.571388097328899e-07 -9.892471108979233e-07 4.336311097405112e-06 2.044093673525423e-05
-7.765025929657163e-07 -9.954622795365351e-07 1.584900681362115e-05 -3.897353056101022e-05
-7.939061961261735e-07 -7.999872642106218e-07 1.839059570146990e-05 1.687387830987307e-05
-7.780058357564662e-07 -7.997875385366738e-07 2.601931391936182e-05 4.965240826125488e-05
7.053883594080374e-06 -6.307920878904385e-06 8.049942003176388e-06 -3.908209265496299e-06
6.149787073915656e-06 -6.197592766946131e-06 5.778359179742767e-06 -3.927934660658168e-06
6.815894451237539e-06 -4.523220351609102e-06 4.790270596442879e-06 -2.591884442181372e-06
6.123318670482548e-06 -3.454010245442286e-06 5.051065656955723e-06 -7.512691753648978e-06
-7.244118309261108e-07 -9.758394404732394e-07 2.410992529750295e-05 2.726043432382927e-05
-6.155944257853180e-07 -8.731145830452202e-07 -5.407898142624281e-05 -1.300507995634492e-05
-7.417077722194893e-07 -8.097803522356862e-07 7.641698201473970e-05 4.440399468079387e-05
5.845096976996196e-06 -5.326567843241506e-06 5.088710697544513e-06 -1.945240031350112e-06
5.291962176039482e-06 -5.975568255930032e-06 4.992969176589653e-06 -3.371703208077280e-06
4.509041082193586e-06 -5.684800161554399e-06 5.123279785351400e-06 -3.516255759847181e-06
5.574148460488186e-06 -4.199901635483096e-06 5.896937327590031e-06 -4.126075244037755e-06
5.284565460837919e-06 -3.319591147000776e-06 5.822473941111843e-06 -1.117461724732856e-06
-4.857323483444092e-07 -1.031441828352422e-06 1.216809545444269e-05 5.993811675662146e-06
-5.020210740557253e-07 -7.664616891664586e-07 7.741662248483441e-06 -9.689296458666191e-06
-3.767790626678725e-07 -8.704126906249023e-07 -6.062397910855049e-06 -1.858645193418840e-05
3.808127289955031e-06 -5.301733137708829e-06 3.987180244721674e-06 -3.372989912669074e-06
4.388710567887433e-06 -4.846774364022034e-06 4.145890079216413e-06 -4.560006768142890e-06
4.650682467989668e-06 -3.852202133011511e-06 5.209896622787717e-06 -3.457799038519860e-06
4.534654453815121e-06 -3.071445044545995e-06 6.574770641988585e-06 -2.211913784132296e-06
-2.520143757902824e-07 -1.050913811030386e-06 4.588384239184211e-06 1.383164516243901e-05
-2.376538371868781e-07 -7.842503244690600e-07 -2.928448733721959e-06 1.942304309104356e-05
-9.368463688410918e-08 -8.692907865423232e-07 -1.248899238467304e-05 -3.911480344076132e-05
3.178003057484712e-06 -4.872898099782583e-06 3.733655322712116e-06 -4.328819237400810e-06
2.650770717144975e-06 -4.404501925064751e-06 3.851448144779453e-06 -2.643927476171556e-06
3.750988976574988e-06 -3.709955749141333e-06 3.613646783978960e-06 -8.112386771853129e-06
3.891951030711831e-06 -2.734375748054191e-06 1.312400478524602e-06 -3.060953255625468e-06
5.582036963155665e-08 -1.089194162939604e-06 7.025451545511045e-06 1.726597238051991e-05
5.364256855643244e-08 -7.280712621051897e-07 6.216031008494867e-06 8.347961576039413e-06
2.782567959059425e-06 -3.740627226761472e-06 4.104596567536858e-06 -3.187987632114242e-06
2.215873213588639e-06 -3.891054327701052e-06 2.111399938631578e-06 -1.625096571678865e-06
2.991890458196453e-06 -3.053800259529626e-06 5.112711238884486e-06 -2.435263092592983e-06
3.352252848040971e-06 -2.337329410412302e-06 -8.200137737198275e-08 -1.034133184827871e-06
2.457486239543557e-07 -8.926641744889071e-07 -7.379127195639308e-06 -8.294405187389462e-06
4.608451271302097e-07 -1.151864373933409e-06 6.116941980035343e-06 -3.376944009128013e-06
4.676483751671863e-07 -6.540992171882788e-07 -4.535001502123188e-07 1.979977495614346e-07
1.850284455804265e-06 -3.372922855773435e-06 6.306172440584114e-07 -2.173216296179112e-06
1.602415396132694e-06 -2.883292747717219e-06 9.225598498392301e-07 -1.044884162549194e-06
1.442623395256138e-06 -2.384381283493992e-06 4.225746308258260e-06 -8.416338437200004e-08
2.568834715186875e-06 -2.471706527121108e-06 4.474362186846557e-06 -8.322494261451542e-07
2.948048805434864e-06 -1.934567710304670e-06 2.148455031631478e-06 -1.262759855615027e-06
6.374488145377847e-07 -8.980975273775004e-07 2.681839843400402e-06 4.702336107426600e-06
8.714766768683193e-07 -1.198284235456161e-06 -9.953946278590221e-06 -5.448468351837232e-06
8.697953880140284e-07 -5.787401758649199e-07 -2.281688494268273e-07 -3.816729647545863e-06
1.869948948704549e-06 -2.373312265118155e-06 -2.406662758462666e-07 -7.886395603613036e-07
1.337946784527825e-06 -1.905760909355318e-06 5.186934461582746e-06 -1.279461913768383e-06
1.192392471720161e-06 -1.260146831068490e-06 2.786855292727474e-06 -1.013995358364905e-06
1.295060684974836e-06 -1.336553202123405e-06 -1.120023446705537e-06 3.629893695735332e-06
1.334671379553076e-06 -1.481523258972464e-06 -3.140031842695001e-06 4.283977511224771e-06
2.291287805639972e-06 -1.879215201165156e-06 -7.895429609455773e-07 -1.709750840238978e-06
2.642812006430609e-06 -1.541104430483984e-06 3.707177986914668e-06 5.965613913449349e-06
1.057007625158536e-06 -9.590620131430298e-07 4.226637356975570e-06 -6.230964445836734e-06
1.248894436362403e-06 -5.273574267402835e-07 1.664876693749226e-06 2.677262206184697e-06
1.630236601172866e-06 -1.589804487303557e-06 1.457393098497217e-06 -4.307263379291740e-06
1.312319088590031e-06 -1.090846136962871e-06 2.983124442703395e-06 -4.505491950796912e-06
1.432584583290484e-06 -1.296762152722623e-06 -3.310450111652435e-06 2.541828406968230e-06
2.106373707967607e-06 -1.417529251464972e-06 5.535092014617571e-06 -4.381706715096168e-06
2.434823188942058e-06 -1.190949241455631e-06 7.311455455442147e-06 2.680325012232405e-06
1.357078213028021e-06 -7.368029537007709e-07 3.813882373359605e-06 -2.993981074800335e-06
1.372576626814241e-06 -4.766393740178065e-07 -1.062944153246516e-05 7.980041326895800e-06
1.745949325994401e-06 -9.778414769466272e-07 3.802946354423614e-06 -4.776167386938497e-06
2.346390932793494e-06 -8.554237746014945e-07 -9.507576522938375e-07 3.113038437229961e-06
2.293292075483596e-06 -5.702342117032380e-07 5.404824660683612e-06 6.065907399878466e-07
1.598624034826952e-06 -5.339395090615135e-07 3.448822504290062e-06 2.546158091310822e-06
1.459036928297586e-06 -3.798248575001302e-07 -2.003164758731975e-05 1.096530104637925e-05
1.586649567471560e-06 -1.370041722339584e-07 -1.933858623769505e-05 3.952115613622438e-06
2.030750114601798e-06 -5.103020697438540e-07 4.104557157135804e-07 -2.231937314957599e-06
1.727702093689177e-06 4.696935737285058e-08 -2.395974892839480e-06 2.959411244030005e-06
2.288830446450927e-06 -3.065871269608214e-07 1.549146908517346e-05 -1.005088436052459e-06
1.825636159168610e-06 -1.091605325737960e-07 7.775912585017736e-06 -2.552203874605658e-06
2.096826960257384e-06 -8.844781586770107e-08 -1.879496698878354e-06 4.972986035185520e-06
1.844237676539410e-06 1.957705605696715e-07 1.183476030925742e-05 5.656676100644390e-06
2.308277949320421e-06 -1.018746495926393e-07 9.746222989908867e-06 3.027904891941084e-06
2.222849425348554e-06 7.769510302656160e-08 -3.813234119356569e-06 4.385107449473330e-06
2.100094618894953e-06 1.588229635948744e-07 6.117891608344773e-07 -3.658666707688214e-06
1.992683315225941e-06 3.067326295431085e-07 -3.113966720244789e-06 1.156859956674812e-05
2.101457174442769e-06 3.476105133550911e-07 3.014292506131102e-06 4.624040458357772e-06
2.342958135002563e-06 7.822135755306145e-08 7.023751545066453e-06 8.389928507479048e-07
2.282104291194467e-06 2.111901986131812e-07 1.412553043550267e-07 2.583675478902175e-07
2.226793829708693e-06 3.170394831369575e-07 7.776848255591292e-06 8.721307106012209e-07
2.204017438198242e-06 3.674648852871121e-07 9.845098105042219e-06 2.438695817307836e-06
2.363669993678195e-06 1.962140273696794e-07 9.540697343135232e-06 2.621156736699023e-06
2.342160181790642e-06 3.142755545134730e-07 1.416337109184445e-06 2.587683387108259e-06
2.285355703477371e-06 3.748003233163439e-07 -4.089656469400253e-07 5.119948341749708e-06
2.325344146279937e-06 3.417401887242860e-07 2.822731735753761e-06 5.944638384500665e-06
2.353285947189406e-06 3.037081933746583e-07 6.846224974745087e-06 2.487859877132460e-06
2.363911709736136e-06 3.180918336271199e-07 3.052209197737615e-06 2.025381731873587e-06
2.373926318535028e-06 2.710005082190299e-07 4.000796258363788e-06 5.049183937811959e-06
2.361429974751206e-06 3.245928824815679e-07 5.763368328689696e-06 2.987205680376838e-06
2.347096435391916e-06 2.739727770508684e-07 6.806010739867515e-06 1.695855722864074e-06
2.311052514238503e-06 2.257002122988984e-07 5.987701518152979e-06 4.627292477984712e-06
2.359599231870663e-06 3.225600232865912e-07 5.824070955852033e-06 1.143572069468487e-06
2.355306372830181e-06 3.176384054664497e-07 4.838661665745485e-06 2.001866965833828e-06
2.260052707013950e-06 1.761153888473078e-07 6.612204285389399e-06 5.607933694671590e-06
2.340136372022157e-06 3.040264232715429e-07 6.526321094468359e-06 3.452307014830484e-06
2.325741002712647e-06 3.659093320386933e-07 7.758487852555156e-06 8.576895233211304e-07
2.250836054059363e-06 2.821450660555809e-07 5.893507060169159e-06 4.474777349241578e-06
2.148169077011672e-06 1.231500192840876e-07 7.469755676465654e-06 3.837576207654857e-06
2.275854267470861e-06 4.041443594188645e-07 5.218283544070583e-06 1.783305415077072e-06
1.965939576004265e-06 7.264440833311444e-08 8.135641790498068e-06 5.910586184442461e-06
2.135561124955312e-06 3.512008369337764e-07 8.684036476645125e-06 2.318934158501061e-06
2.158837850575715e-06 4.510613699178528e-07 8.027792955087901e-06 1.318808104120590e-06
1.618522477607773e-06 2.996474124101147e-09 9.131945044354888e-06 5.059088876192491e-06
1.807915676529330e-06 3.030819063500917e-07 9.412327232041683e-06 3.789236588929116e-06
1.962565893538483e-06 5.085736611893376e-07 1.058106175953644e-05 3.752514517710188e-06
1.025506531783247e-06 -7.239612674551008e-08 1.240717558224937e-05 4.594873762311329e-06
1.344467858576297e-06 2.836358556089861e-07 1.132601450323314e-05 3.255050194238935e-06
1.617734015872966e-06 5.694870813975456e-07 1.000706582040713e-05 2.638284404345882e-06
2.751616622425865e-07 -1.476656914940726e-07 1.442953671899663e-05 4.869571056836062e-06
6.713529841066915e-07 2.814660224830391e-07 1.266746147378861e-05 3.441906153348597e-06
1.024935172688467e-06 6.357736129179845e-07 1.187626029467219e-05 2.436028726892102e-06
-5.801376711150690e-07 -2.033478455822540e-07 1.715202784170236e-05 3.718084311262179e-06
-1.358932104408311e-07 2.786575101092403e-07 1.633076591813630e-05 4.465308269962228e-06
2.758143847777119e-07 7.070537041547118e-07 1.394226720150167e-05 3.497497052332219e-06
-1.499624112732921e-06 -2.264453878703312e-07 1.788349501039684e-05 5.418630664520061e-06
-1.032969139667598e-06 2.764504805730438e-07 1.743823193400072e-05 3.467214604532257e-06
-5.777268402228952e-07 7.578423921392323e-07 1.760152941261520e-05 3.545823731733872e-06
-2.471148695066189e-06 -2.547484199406165e-07 1.968602862201995e-05 3.834305759178556e-06
-1.976497429564679e-06 2.776969974441679e-07 1.933023943781035e-05 2.763681672979861e-06
-1.502204680023534e-06 7.818229541484813e-07 1.884234253094488e-05 1.395082356625768e-06
-3.482809961639398e-06 -2.705784655474553e-07 2.185831905784216e-05 7.679133188971557e-06
-2.971872074663655e-06 2.761563051843157e-07 1.913146392843545e-05 4.064664101948166e-06
-2.469406339040919e-06 8.064456505604468e-07 1.823730272662295e-05 3.391690963044036e-06
-4.511781164498353e-06 -2.685348748642092e-07 2.418699092172938e-05 3.923319391155115e-06
-3.997023013685106e-06 2.808076132707193e-07 2.483926745723139e-05 3.708625940986885e-06
-3.484506907325172e-06 8.269861732436597e-07 2.256871104112971e-05 -4.131919047403779e-07
-5.549940757519961e-06 -2.731205592845293e-07 2.536695301749169e-05 2.967073302483148e-06
-5.030124018625528e-06 2.816878296177151e-07 2.394600522370896e-05 3.508171461047983e-06
-4.512780078339438e-06 8.322739026708792e-07 2.438098651866157e-05 3.580632067794742e-06
-6.582619727558506e-06 -2.773886667177651e-07 2.895915249147678e-05 4.865197552796976e-06
-6.066300146912438e-06 2.774350541722615e-07 2.728817797416499e-05 3.544412276776110e-06
-5.548601195634127e-06 8.324117428939606e-07 2.516050085464052e-05 3.526587046046954e-06
-8.771795690898838e-06 -2.179623104858257e-07 3.179608807435849e-05 3.931904541042917e-06
-8.623142467505800e-06 -2.786426802545256e-07 3.157536632454774e-05 4.230006241730139e-06
-7.038915916685824e-06 2.716552091665300e-07 2.919692620331733e-05 4.718259728757436e-06
-7.595253522053053e-06 -2.718130637914963e-07 3.084068027557717e-05 7.423836066608703e-06
-6.579082170000328e-06 8.261145529229437e-07 2.842733078909711e-05 3.567363597493572e-06
-8.833472035541309e-06 -7.054102600554736e-08 3.186443954315204e-05 3.413107444401784e-06
-8.481364130431967e-06 2.783862204562251e-07 3.214534745954875e-05 2.961369395830881e-06
-7.598261328722058e-06 8.179798000960736e-07 3.148673239584491e-05 1.153699274473028e-06
-8.834164551254672e-06 6.285478785955362e-07 3.207956659165500e-05 2.172523043663543e-06
-8.624806149748167e-06 8.353347298636736e-07 3.198821143068462e-05 1.629576538903192e-06
-8.772777958619948e-06 7.751189514007282e-07 3.207252771596182e-05 1.827038244032585e-06
