7.646720766881847e-05 -1.306899869588808e-05 -1.011377998032910e-05 2.838142129757386e-06
7.672812484836398e-05 -1.243855874209912e-05 -1.029443726822208e-05 2.197379355204926e-06
7.672815023924281e-05 -9.465129140518730e-06 -9.974909492147865e-06 -1.317908276241794e-06
7.646728451178560e-05 -8.834948531858537e-06 -9.782100158994817e-06 -1.853396204624979e-06
7.583713051886064e-05 -1.333013277698422e-05 -9.595568971713188e-06 3.079569628624277e-06
7.465679351443715e-05 -1.095215809305814e-05 -9.576774687825602e-06 4.105647832600094e-07
7.583737324732515e-05 -8.573953985067726e-06 -9.295813834609978e-06 -2.041097398650472e-06
7.141044256448335e-05 -1.332701624947885e-05 -1.225166909405999e-05 2.080269666344967e-06
7.141085762790935e-05 -8.578502279649847e-06 -1.234736921778513e-05 -5.109487934005692e-07
6.896372842302971e-05 -1.095200330927259e-05 -9.944961117736548e-06 9.984960767778645e-07
6.698565469904881e-05 -1.331321377318577e-05 -9.735203962604316e-06 1.016537129271639e-06
6.698501474537449e-05 -8.588772537932502e-06 -9.987083563323879e-06 9.675864394053920e-07
6.478129287997705e-05 -1.095003024197644e-05 -1.061910002963748e-05 1.105096748671608e-06
6.258139028413819e-05 -1.330704069753765e-05 -1.055332204133333e-05 2.661732390796072e-08
6.257791762101961e-05 -8.587814450611476e-06 -9.487459540393954e-06 6.063115939902984e-07
6.037723529853845e-05 -1.094423584380987e-05 -9.429354049839756e-06 3.472556152809670e-07
5.817412434031036e-05 -1.330288942219169e-05 -9.676136755787498e-06 9.096459495268899e-07
5.817172894351287e-05 -8.579165962536096e-06 -8.697848616423556e-06 -2.357173084524104e-08
5.596862579706531e-05 -1.093969465200339e-05 -1.042023875722014e-05 6.231314380420792e-07
5.376724399607453e-05 -1.329776569705391e-05 -1.010772907128096e-05 2.720601144125347e-06
5.377098789439968e-05 -8.585076494649765e-06 -1.040292202190058e-05 -1.971334043900324e-06
5.157095775706507e-05 -1.094469189159525e-05 -9.532533980531263e-06 8.181506460475355e-07
4.938109335671700e-05 -1.329143859593726e-05 -8.442730463175664e-06 1.287453044593113e-06
4.937525325666066e-05 -8.592961395822232e-06 -8.217906763113513e-06 5.354624416637300e-07
4.718793286107508e-05 -1.093612141300492e-05 -7.986481764334326e-06 1.136373128520929e-06
4.500409364976812e-05 -1.326937262132981e-05 -7.268158222723857e-06 1.733652184088306e-06
4.500215569788875e-05 -8.597174648291623e-06 -6.323128434136598e-06 -8.545455921014788e-07
4.282114710840827e-05 -1.093111666702558e-05 -4.622060677203905e-06 1.538521410064922e-07
4.064896930761672e-05 -1.325424395194568e-05 -5.176450175222924e-06 -3.426160976313630e-07
4.064908261287393e-05 -8.606117840062329e-06 -5.242704899668830e-06 1.706089444535917e-06
3.848001336597137e-05 -1.092782644324654e-05 -7.371429639454119e-06 8.585310788912395e-07
3.630985442530679e-05 -1.325419734491805e-05 -5.152699010817203e-06 2.461444871349174e-06
3.631353464439420e-05 -8.603056468569423e-06 -6.190080005922058e-06 -3.862016780336685e-07
3.414692431990911e-05 -1.092822888325467e-05 -3.380071189433739e-06 1.109892694502617e-06
3.198522207033656e-05 -1.325281210136007e-05 -4.433418814589525e-06 -2.778014886572032e-06
3.197691730912077e-05 -8.595568016321705e-06 -4.185191135184701e-06 1.628855899557526e-06
2.990028543393951e-05 -1.092106926506864e-05 -3.435049571551213e-06 5.881147735578228e-07
2.781311139238987e-05 -1.325686364123664e-05 -8.296433661370698e-07 3.861226063189008e-06
2.781734513654135e-05 -8.586148527208123e-06 -1.102941046755087e-06 4.551234465280162e-07
2.624703076229466e-05 -1.110185991540005e-05 -2.041122903982773e-06 8.732609708097203e-07
2.465262424292533e-05 -1.324795318557543e-05 -4.675443250145752e-06 7.929554157997351e-07
2.464626204940876e-05 -8.588819241642093e-06 4.944648214281222e-07 1.354148212472780e-06
2.234474429686267e-05 -1.324980511543911e-05 -2.188833919874162e-06 1.469682035221250e-06
2.279851228197117e-05 -1.170695446608765e-05 -1.502668647028904e-06 3.306945706287342e-06
2.234301873834921e-05 -8.572268090957740e-06 -5.247378655450269e-06 -2.611571159492115e-06
2.065386111994260e-05 -8.564482630917153e-06 -3.483560982061755e-06 7.357681586557822e-07
-3.558402398177200e-06 -1.796951369674530e-07 -2.921698681207765e-05 4.351598166486805e-05
-3.613726049420876e-06 -9.685783294449029e-08 -1.142980998559703e-06 1.050659010465932e-06
-3.588676430471026e-06 7.451357291696364e-07 -2.165904093354386e-05 -5.205347842323673e-05
-3.528161478024498e-06 8.155263298429651e-07 -2.447026354547245e-05 6.170650150129438e-06
2.065873219698598e-05 -1.325508118022391e-05 -5.213661836760049e-06 -1.812152526259019e-06
1.912333616510244e-05 -1.317231417346929e-05 -2.644703285320342e-06 5.358888120674249e-07
2.031589692490330e-05 -1.032646417386460e-05 3.464954174227222e-07 -2.440001843008022e-06
1.912725549573160e-05 -8.424201241996497e-06 -1.387355447597590e-06 6.791101813352000e-06
-3.437823781012477e-06 -2.026602670022134e-07 -2.699714406496339e-05 3.082784329201158e-05
-3.064639862354683e-06 3.468369428127819e-07 1.815140452601086e-05 -8.101344693063555e-06
-3.411997949435427e-06 8.385786929760739e-07 7.127203956401891e-06 3.453136488336311e-05
1.863786502383790e-05 -1.172578280933862e-05 -1.346367889198692e-06 -9.590845300805167e-07
1.760398742194932e-05 -1.291611877959852e-05 -2.582722965104594e-06 1.397273852510365e-06
1.612378719710682e-05 -1.248856500045894e-05 -2.397804841047962e-06 -6.143730802028945e-07
1.817788166907851e-05 -9.711092466817932e-06 -6.105535427707778e-07 5.745793867726040e-06
1.763094562024033e-05 -8.012681893452879e-06 -9.063529944046822e-07 -2.333034633369091e-06
-2.245465782177858e-06 -2.519321909380057e-07 9.097851773433623e-06 -1.087314249654513e-05
-2.217252410414070e-06 9.091377848927911e-07 -1.846783473151447e-05 -2.605527867753664e-06
-1.618723903601241e-06 3.564836577378419e-07 3.000564264788710e-06 2.456437608685683e-05
1.469712495175084e-05 -1.189608403798939e-05 -7.808973155117021e-07 -3.582543227698875e-06
1.593343915373473e-05 -1.095983094433094e-05 -1.081436166790463e-06 -6.197890240958947e-07
1.644685998990405e-05 -9.005650953140352e-06 -1.726303436294119e-06 3.001089627646789e-07
1.624478218799065e-05 -7.364729135829962e-06 -2.807115241368585e-06 -5.201078461788804e-06
-9.851928020143513e-07 -3.358077582308841e-07 -4.357748778397188e-06 -1.903410307849713e-05
-1.010241700734646e-06 1.049930538163777e-06 5.071801171092601e-06 -1.608723081879764e-05
-2.329288213570459e-07 3.365068615530493e-07 1.527662427303044e-06 3.949308430206920e-05
1.334247530749994e-05 -1.113557806292809e-05 -1.223157848621532e-06 -6.987628431397807e-07
1.208458915840384e-05 -1.022752217596053e-05 2.858228721563322e-06 -2.003296683042026e-07
1.463250475634976e-05 -8.697585472527166e-06 -1.910345786535678e-06 3.846866186492711e-06
1.496515243528578e-05 -6.460083292075398e-06 4.973305793136233e-06 -2.634299809609400e-07
5.963154307433880e-07 -5.772741390882304e-07 4.248293990407921e-06 -1.850790846135609e-05
6.027114395587942e-07 1.269683120363828e-06 -6.494736469347030e-06 -1.867023959048881e-05
1.240243450973232e-05 -8.801876974205888e-06 1.336707216031009e-08 1.765110485505684e-07
1.093818820066013e-05 -9.182797032761635e-06 2.809865227163276e-06 -1.166036576136165e-06
1.293486514165409e-05 -7.162401187928382e-06 -4.078255949342487e-06 4.898873622539581e-07
1.387337310148141e-05 -5.349884203449889e-06 5.225088585523923e-06 2.610007600185245e-06
1.537184787828201e-06 3.355959686729044e-07 -1.361775918109005e-06 2.622685689163173e-05
2.649633868045193e-06 -9.274387533377160e-07 -1.641279484426691e-06 -1.193496873007864e-05
2.641344411877717e-06 1.605366131188043e-06 1.206397074590942e-05 -8.718541919576412e-06
9.914961614887773e-06 -8.007860607565614e-06 1.643832367755256e-06 -3.138620709792263e-06
9.027685898277721e-06 -6.722093872343553e-06 1.272549175935212e-06 2.253599239874873e-06
8.299604801406513e-06 -5.346049108562941e-06 -2.074809581860669e-07 3.147867818082097e-06
1.182908317070592e-05 -5.665041828061536e-06 -3.511039843826276e-06 -1.127449284461773e-07
1.298450285867783e-05 -4.075885591755432e-06 6.332929263322223e-06 -8.277470667269918e-06
3.536554016057724e-06 3.296835895663302e-07 -3.780739910355408e-06 -1.004496353947128e-05
4.636001650378885e-06 -1.255356997295907e-06 3.481975569659336e-06 9.634368818714104e-06
4.638934589503059e-06 1.939158248180933e-06 -6.163151411286643e-07 2.939432228357950e-06
9.763710578620299e-06 -5.356169062846853e-06 1.615600109422882e-06 4.931325971693509e-06
7.731056726842005e-06 -3.896681426964749e-06 -4.448270117756839e-06 -8.799480184319826e-06
6.472922343895718e-06 -1.552041399974189e-06 1.279028043743336e-05 -5.307166085514681e-07
7.008535518342898e-06 -1.819696996732165e-06 -2.915019759653565e-06 1.151034084109677e-06
7.313159149802779e-06 -2.365632837149650e-06 -9.588511659631656e-06 1.658928943169875e-06
1.105391559839493e-05 -3.890657839717149e-06 -2.968999483296423e-06 1.502198228575022e-06
1.232404462492082e-05 -2.689321000321372e-06 -2.847335757295752e-06 2.388295517841576e-06
5.620952318257480e-06 1.011266501263039e-07 -4.668228253304347e-06 -2.742733845026021e-06
6.423113545255719e-06 2.171112103727821e-06 -8.054867591601237e-06 1.111050082819620e-05
8.742044598868439e-06 -2.859058605632172e-06 3.841943902878408e-06 1.875252084545294e-06
7.026224231776533e-06 -7.125646124276043e-07 -3.809425386073377e-06 -1.274756110882834e-05
7.665909382351850e-06 -1.620896073732051e-06 -9.459826115445173e-06 -5.553678082963332e-07
1.047685561335985e-05 -2.244290928782583e-06 -9.413183844320754e-07 7.751218158927969e-06
1.192150902761818e-05 -1.218596908576204e-06 -4.474604092000584e-06 -4.439549430842938e-07
7.023812227534783e-06 1.100215564380846e-06 -4.317653669073153e-07 -1.424136813471920e-06
6.924516856738005e-06 2.444243258837954e-06 1.571305555460553e-07 3.725898998529873e-06
9.032974013883528e-06 -3.553530225952561e-07 -3.159462980543194e-07 2.656147223852683e-06
1.181693169315346e-05 2.757587651570044e-07 1.484596292233110e-06 -1.032401562468157e-06
1.207403417957488e-05 1.812363857301028e-06 5.678704671050687e-07 2.589624212201912e-06
8.074464441641000e-06 2.072845088126278e-06 3.067595043800440e-06 -5.758493555020405e-06
7.206323590643976e-06 3.049348977712954e-06 3.103899843858909e-06 -2.774117946261055e-06
7.522451964773372e-06 4.762685448272668e-06 2.238364690338270e-06 1.159262783913461e-06
1.050616546992791e-05 1.984984604291022e-06 -2.075301232488471e-06 1.612002334420858e-06
8.043255175866152e-06 6.489806385758095e-06 -7.375121705800937e-07 3.403370971686206e-07
1.264346117653215e-05 3.369862888429476e-06 -5.168787645722809e-06 6.323440812830960e-06
9.026036936937007e-06 4.802715943163295e-06 -3.610280478395079e-06 1.862257390787115e-06
1.131607304534901e-05 4.929944492603990e-06 -8.055815650404897e-07 -2.134938794644692e-06
8.817421974563318e-06 8.157499154658025e-06 -7.718316846461148e-08 -1.200232602289740e-06
1.353697347713408e-05 4.940594715625681e-06 -7.900048262835286e-06 -8.163836527139150e-06
1.285371594303156e-05 6.528597573737208e-06 1.705506420559071e-06 -1.988254157568995e-06
1.117999752985129e-05 7.540505296523058e-06 4.085072408749087e-07 4.114934064335224e-06
9.789225189968114e-06 9.783011182281930e-06 9.596433817777088e-07 -1.214417362932169e-05
1.102273832398268e-05 1.137399594591055e-05 -3.755001433661060e-06 8.761215950869384e-07
1.477711794193553e-05 6.412754727572557e-06 -7.583469719120459e-06 4.002757438177290e-06
1.392040219937200e-05 8.372787734722921e-06 3.747233000426174e-06 1.693004258485874e-06
1.289495369198475e-05 1.075285609496146e-05 -2.412482425820415e-06 2.300853838314682e-06
1.245139423660773e-05 1.286572542685557e-05 -8.080844017954611e-06 -2.360399337017685e-06
1.633578737446026e-05 7.731084742335773e-06 -2.146684295791328e-05 -5.381941935809759e-06
1.587253449994693e-05 1.075252559832849e-05 3.520091674812422e-06 -2.629941308111971e-06
1.411069809207416e-05 1.419575860050476e-05 2.600987135415270e-06 -9.997292457294521e-06
1.600176644138168e-05 1.538402088716724e-05 -7.703547137508554e-08 -8.898594148338000e-07
1.805365961692193e-05 1.638619193949246e-05 -5.400672409792588e-06 2.075833360829227e-06
1.819762072679696e-05 1.142174001042542e-05 4.113093147368744e-06 -4.413663871967923e-07
1.817449644477419e-05 8.851488735106322e-06 3.597388181537469e-07 -8.246952652283203e-06
1.773370959372233e-05 1.404852378386879e-05 -2.221920048687648e-06 3.478836136035908e-06
2.027831392195468e-05 1.712910829973229e-05 -4.882546025738984e-07 -3.628552586324697e-06
2.263493701823784e-05 1.763859134383925e-05 5.089865356773442e-06 -3.744758700361028e-06
2.011344659625188e-05 1.200403964997690e-05 -3.105254159231879e-06 2.318508228328812e-06
2.029632350034328e-05 9.675131273707351e-06 -4.505071918980135e-06 -5.007296919721059e-06
2.507089954746499e-05 1.787510974857717e-05 -2.620170992702128e-06 2.791134431322654e-06
2.231769970514094e-05 1.420614379504849e-05 -1.328324638148438e-06 -3.246165646786433e-06
2.261488614348907e-05 1.016187382647426e-05 -2.001099569381401e-06 7.204774776405706e-07
2.560292071841250e-05 1.459242115384890e-05 -1.864945223083910e-07 -4.458509875474522e-06
2.785518499645046e-05 1.799039502295772e-05 4.092375593700786e-06 5.222101022663428e-06
2.503577820961537e-05 1.028016329391669e-05 1.751413474280498e-06 -1.677815362717292e-06
3.177813646098188e-05 1.810758829746438e-05 -3.311460111169190e-06 -4.202353919579733e-06
2.863814372896749e-05 1.269766484190827e-05 -1.531722790001756e-06 1.058720667872481e-06
2.785055345975228e-05 1.016477392308501e-05 -1.438707753207245e-06 3.963635617354138e-07
3.738847183327002e-05 1.827591285332168e-05 -8.939995244354200e-07 -2.325826226056164e-08
3.456691412981177e-05 1.375380622624611e-05 -3.365065331059402e-09 6.620370818522509e-07
3.178405312977134e-05 1.002249906436158e-05 1.901889252061705e-06 -3.906563595165361e-06
4.512949149464104e-05 1.846113632853866e-05 2.187452546244437e-07 -2.014003490716101e-07
4.120728335119696e-05 1.406697562554903e-05 -1.789320058811015e-06 -2.533897594669809e-06
3.739384366828717e-05 9.855247044825567e-06 -2.528512435238018e-06 -9.150276439757618e-07
5.350478184745976e-05 1.862922567106135e-05 -2.982472079005302e-07 -2.729971858092579e-06
4.926516127816499e-05 1.407166016303834e-05 1.269589320263023e-06 -8.684257843977005e-07
4.512763618788636e-05 9.677330901427502e-06 1.182902217305646e-06 -1.070018584251177e-06
6.215981395973025e-05 1.875818767013704e-05 -1.663722492353408e-06 -2.990021828001318e-07
5.779180520450393e-05 1.406960432978777e-05 -1.457829509947017e-06 -1.260436023309062e-06
5.350785006747306e-05 9.514423220903312e-06 4.476956019388964e-08 2.283767382141956e-09
7.102992613685308e-05 1.886944520673732e-05 -1.679941727705674e-07 -3.505295160377031e-06
6.656079909897879e-05 1.406946440270163e-05 -3.133604401010617e-07 -1.453778888719172e-06
6.215677484277988e-05 9.380647541545903e-06 -1.900825101038147e-06 -8.956994566598555e-07
8.009928343476682e-05 1.896055023608214e-05 -1.541762138515914e-06 -6.389748673472292e-07
7.553543073988507e-05 1.406608646825098e-05 -2.072552801930292e-06 -2.174284931424508e-06
7.103431207248488e-05 9.265855845560259e-06 -1.488910471728892e-07 -9.140855977997524e-07
8.930339355958066e-05 1.901964361358504e-05 -1.277020179557751e-06 -1.940701539273942e-06
8.468322015627573e-05 1.406909328043446e-05 -2.845560670116621e-08 -1.146992552467031e-06
8.009680283612860e-05 9.175270708568400e-06 -1.905605228253800e-06 -2.412796217977737e-06
9.860862002443728e-05 1.906787969862297e-05 -2.213599623479183e-06 3.485331773407263e-07
9.394126997063163e-05 1.406830748959532e-05 -3.064799579830983e-06 -6.212436748797283e-07
8.930485111054537e-05 9.117719041647984e-06 -1.060813510360378e-06 7.078867267957742e-07
1.079867301689349e-04 1.910257038358112e-05 -2.081232557899010e-06 -1.070133562425603e-06
1.032861093595658e-04 1.406685790438901e-05 -1.030439839001608e-06 -1.315144233310790e-06
9.860711183160515e-05 9.068096853454007e-06 -2.081287414440682e-06 -1.984919956019963e-06
1.174188783604081e-04 1.911414216303679e-05 -4.138301276122401e-06 2.204356461337439e-06
1.126992986686479e-04 1.406143114324585e-05 -4.421091086990048e-06 -9.042876149970566e-07
1.079903874274935e-04 9.024324001459946e-06 -2.655426292545923e-06 -1.728689708320223e-06
1.376378516690271e-04 1.856856393187144e-05 -3.105569574658736e-06 -1.897154167348592e-06
1.362948602869864e-04 1.912410390831502e-05 -3.313114325727847e-06 -2.015121955023363e-06
1.216484239716254e-04 1.406369084343813e-05 -2.049916569497583e-06 -1.117231609242162e-06
1.268616839172784e-04 1.911584242722704e-05 -2.842048462805516e-06 -3.150410751129023e-06
1.174175032290764e-04 9.012860008601218e-06 -3.347493953553185e-06 -3.833874664135272e-06
1.381942418058339e-04 1.722649448186040e-05 -3.012705719951328e-06 -1.819390265464457e-06
1.350168434328892e-04 1.406024932349049e-05 -4.004216871435330e-06 -1.917404071436522e-06
1.268627877328864e-04 9.009445101483648e-06 -2.822743837588555e-06 5.188166863639851e-07
1.381967398576921e-04 1.089222928939274e-05 -3.726943840654930e-06 -1.743783616826977e-06
1.362974097004000e-04 8.994388635276710e-06 -3.895217092654842e-06 -1.225499553676481e-06
1.376404630429025e-04 9.549945577834545e-06 -3.814539868337738e-06 -1.441895744135830e-06
