1.769563376531923e-05 -1.509438538242358e-06 5.001900079579589e-05 -9.798286555149599e-06
1.778946265870280e-05 -1.283127250463378e-06 5.021856564164446e-05 -9.027497411032771e-06
1.778928930958882e-05 -2.185288625505778e-07 5.004548889943214e-05 -3.987950614577166e-06
1.769548633269744e-05 7.648393339692821e-09 4.979298605947155e-05 -2.985812343442761e-06
1.746917232844300e-05 -1.603187025811800e-06 4.945071000683849e-05 -1.012058630999650e-05
1.704463584858675e-05 -7.506478770202355e-07 4.836391075821002e-05 -6.151368415030824e-06
1.746912030559787e-05 1.013468038406937e-07 4.907718956387851e-05 -2.530467531680204e-06
1.587401335002137e-05 -1.604640732923829e-06 4.754059010224516e-05 -8.230968323591133e-06
1.587451921394763e-05 1.033204685123747e-07 4.679460907850798e-05 -1.700387459134117e-06
1.500041311702707e-05 -7.510191896232426e-07 4.445882392316785e-05 -4.789820185426239e-06
1.428810928619295e-05 -1.607929621748994e-06 4.205679130225500e-05 -6.347640149376103e-06
1.428817665687591e-05 1.038958200314492e-07 4.267555080792927e-05 -4.349902066026400e-06
1.349191141130145e-05 -7.517878496637375e-07 3.995184634388387e-05 -5.585329581438676e-06
1.270279645410291e-05 -1.599041968770273e-06 3.803262328717687e-05 -6.723317789770490e-06
1.270354019158319e-05 9.398527681464707e-08 3.834709346189349e-05 -4.630682674482828e-06
1.191787462472740e-05 -7.521548831797898e-07 3.595057386187167e-05 -5.561953951477946e-06
1.112979406523235e-05 -1.593185980846781e-06 3.476766780758753e-05 -6.938721437449151e-06
1.113484475323943e-05 8.493361139913073e-08 3.421679309048678e-05 -3.638311888808844e-06
1.034580558620441e-05 -7.567008824006032e-07 3.316539458153047e-05 -4.757681611238110e-06
9.576027523096133e-06 -1.572114858209074e-06 3.177983703373088e-05 -8.858090984655928e-06
9.574567752786764e-06 5.953120795319482e-08 3.172619217161145e-05 -1.934083352512700e-06
8.816004216923428e-06 -7.555906172045923e-07 2.910979699787978e-05 -4.936841770193713e-06
8.070665341003936e-06 -1.551570890820928e-06 2.706308767307150e-05 -6.862094975936154e-06
8.073099636808609e-06 3.835618076150073e-08 2.831341554103349e-05 -3.308416174805545e-06
7.334870560152371e-06 -7.555449758075249e-07 2.470105872500830e-05 -5.737799615845775e-06
6.614104710930474e-06 -1.522107272499450e-06 2.292618469239578e-05 -5.733438931710331e-06
6.613214702925203e-06 1.126687757052499e-08 2.179219627163142e-05 -4.725733162086977e-06
5.901161533165422e-06 -7.566504193335041e-07 2.286752926056266e-05 -4.802092547205780e-06
5.211448248828404e-06 -1.484055732443661e-06 2.285422370451042e-05 -6.911207198786657e-06
5.217464867687526e-06 -3.699569131211195e-08 2.374955181403642e-05 -3.071232415897266e-06
4.544190403957365e-06 -7.642925128627546e-07 2.089873920172923e-05 -6.448938819280238e-06
3.921824858573418e-06 -1.415607078684181e-06 1.822123231242592e-05 -9.649262669259334e-06
3.916944317711560e-06 -1.142196544481100e-07 1.662271367437886e-05 -2.720278557030412e-06
3.317159580454315e-06 -7.637668651317854e-07 1.499903654180350e-05 -4.907354776075308e-06
2.752542241283940e-06 -1.352746901487770e-06 1.313100963497131e-05 -5.841528499828494e-06
2.754051715546367e-06 -1.799975333844748e-07 1.459634979439690e-05 -4.971697137614347e-06
2.229959498315491e-06 -7.660330669237390e-07 1.404932241375880e-05 -6.165603421833539e-06
1.749335383604364e-06 -1.283280260526428e-06 1.383168040315571e-05 -6.027919221794659e-06
1.751571216349593e-06 -2.505299882945006e-07 1.312481039110339e-05 -2.251737710393228e-06
1.400749704003197e-06 -7.989501249653155e-07 1.055764690075160e-05 -7.156935731249988e-06
1.082749953283993e-06 -1.219684533112640e-06 8.427305358988398e-06 -1.137474862379129e-05
1.086209065931278e-06 -3.257679887902870e-07 9.736148383334667e-06 -1.647870924721204e-06
6.664378779561775e-07 -1.165601242884811e-06 1.156691315406951e-05 -6.996684752393279e-06
7.287512881719050e-07 -9.142158856005721e-07 1.053767565840503e-05 -4.974908737567441e-06
6.722838261031513e-07 -3.678259941721613e-07 7.240119636729799e-06 -3.515303431759994e-06
4.082656473293723e-07 -4.146825200105246e-07 8.385993229010165e-06 -4.253190120424590e-06
2.056849676071485e-07 -5.450094447419169e-07 1.192930320519872e-05 4.975786665569079e-07
2.154980022122015e-07 -5.808786955294454e-07 -1.561542566484802e-05 -9.268212307743818e-05
2.397098358176589e-07 -4.743747404477842e-07 -5.014420725302802e-05 4.102339827696389e-05
2.218927618431070e-07 -5.570990381264550e-07 -2.192915893446581e-05 -3.675971300683202e-07
4.033344470597706e-07 -1.130175852849860e-06 9.173864499564178e-06 -6.989252978935432e-06
1.868836571268762e-07 -1.084616888542686e-06 8.100069360565096e-06 -2.808005137172534e-06
3.366157893758792e-07 -6.855110247609649e-07 9.751869063458615e-06 -7.332028115922303e-06
1.743150048778888e-07 -4.408946512329408e-07 1.070953705195051e-05 -2.196180516681347e-06
1.781467092239112e-07 -5.223802860546049e-07 -2.630842825594723e-05 8.321500937015557e-05
1.811135825738955e-07 -5.216028269628870e-07 3.665923261782787e-05 -1.099306203732135e-05
1.719405804240060e-07 -6.022665968334044e-07 -1.173563185735932e-05 -1.979289039249432e-05
1.070611110065426e-07 -8.721713239831320e-07 6.812244206861100e-06 -4.195028882727026e-06
-9.659817132268593e-09 -1.007433154185782e-06 3.879325960565661e-06 5.474278819006335e-07
-1.705722761852746e-07 -9.241552724303598e-07 4.873324409221927e-06 -3.316329832018958e-06
4.297869806606844e-08 -6.155175302957231e-07 9.060731942884135e-06 -3.716309043192161e-06
-2.608763284869082e-08 -4.337100486400755e-07 3.392255477875989e-06 -7.781402553555909e-06
1.504571077405209e-07 -5.007989675167534e-07 1.211068861141187e-06 -1.685202631974122e-05
1.541155096756407e-07 -5.503853633919938e-07 -2.448735372162172e-05 1.298968704498167e-05
1.314192921422372e-07 -5.500830571305361e-07 1.119211802412699e-05 1.609398171713358e-05
-2.946362890134564e-07 -8.210122270974068e-07 6.869247844608693e-06 -8.333258006130822e-06
-2.012883538095709e-07 -7.429855965599983e-07 6.473326870711695e-06 -7.892246748724887e-06
-1.483241968832005e-07 -5.443605916766868e-07 5.087599692477311e-06 -4.906515438834191e-06
-1.675837723624692e-07 -4.332626321107195e-07 4.711907066584722e-06 -1.423484799304842e-05
8.966709923828615e-08 -4.876002947798500e-07 -1.249141861991355e-05 -9.783536772646547e-06
8.651114483863137e-08 -5.539225599823898e-07 3.714667270035255e-06 -2.070201932430942e-05
7.233920544482229e-08 -5.725737041377007e-07 9.605167146909688e-06 2.136520317827740e-05
-3.916906141083332e-07 -7.251524316756360e-07 4.790778416136188e-06 -4.392510943127036e-06
-4.543311126064904e-07 -6.348843589367839e-07 5.791143157034481e-06 -4.475396775262851e-06
-3.046801526629875e-07 -5.344383801033098e-07 4.048261387538797e-06 -2.833743405343796e-06
-2.992751728140990e-07 -4.017520250013304e-07 4.136685048180908e-06 -2.671716756696088e-06
2.738679785614813e-08 -4.719930490831795e-07 8.793926798629329e-07 -1.539294491795420e-05
1.437194476391115e-08 -5.884159723485037e-07 -7.162016266850323e-06 -8.473517747650855e-06
-4.358075567433041e-07 -5.299310891363586e-07 4.853906064805741e-06 -3.870335948223889e-06
-4.823549441165737e-07 -5.445799872326400e-07 6.256599028276687e-06 -6.380098291342528e-06
-4.155871897076114e-07 -4.438864727720537e-07 1.556829830644560e-06 -7.528091078285007e-07
-3.825355719380988e-07 -3.760204483958142e-07 1.190312345329462e-05 -5.945316123361733e-07
-2.110287981777924e-08 -5.763410814854150e-07 3.156341144350725e-06 1.932513790641447e-05
-8.114037987608098e-08 -4.705268477544291e-07 -3.015795613688694e-06 -7.539890427054760e-06
-8.093225860505285e-08 -6.132240933327791e-07 6.428615035774940e-06 -5.102249291247783e-06
-4.974430546720194e-07 -4.673629576942405e-07 5.108361351818578e-06 -6.615204591665954e-06
-4.851420569782677e-07 -4.245971707625182e-07 3.829963372997195e-06 -2.121379293482743e-06
-4.471722109487515e-07 -3.924823076784743e-07 4.435406941793147e-06 -2.131861569967276e-06
-4.518809967657855e-07 -3.932939797424267e-07 -2.812280337099570e-07 -3.749095933347894e-06
-4.363677476424944e-07 -3.704036309550958e-07 1.303257090921660e-05 -7.253846577100056e-06
-1.238954878108865e-07 -5.343076164535912e-07 -4.961570981389341e-06 -7.042852056511714e-06
-1.833270213215982e-07 -4.608401069316054e-07 8.615815070035683e-06 8.680084230113491e-06
-1.818125276562503e-07 -6.278676983845788e-07 7.024130915786561e-06 5.725931342681421e-06
-4.717050476399189e-07 -3.891442522775266e-07 4.096248757444317e-06 -1.059277452682026e-06
-4.082981706064715e-07 -3.829742644594573e-07 1.871426228262389e-06 -1.357697374870520e-05
-2.867048415013707e-07 -4.545089264314209e-07 2.132145634283585e-05 -4.935970674986820e-06
-3.297334896165883e-07 -4.367933102675698e-07 -1.074869809590025e-06 4.985945848095325e-07
-3.627001160500424e-07 -4.124406073342557e-07 -1.084611695590900e-05 2.468838097458726e-06
-4.686317979339370e-07 -3.829761506815649e-07 2.565953517209074e-06 -4.676231584585812e-06
-4.822076470746413e-07 -4.014635558743517e-07 5.957854007953243e-06 -5.925580291655660e-06
-2.307863189458720e-07 -5.279780756338772e-07 3.556301605134666e-06 4.319595789014383e-06
-2.614484788574445e-07 -6.559375807472193e-07 -3.471845608313615e-06 5.262367582087454e-06
-4.275092108362336e-07 -3.945197225540956e-07 1.063064900381090e-05 -1.890001007121538e-06
-3.156255065732064e-07 -4.884073352156137e-07 2.228338764668717e-06 -1.386239737690386e-05
-3.682428665885844e-07 -4.402619948991513e-07 -9.397401698273116e-06 9.888299105380959e-07
-4.701717872937778e-07 -4.081448127002202e-07 3.833364200189704e-06 9.276504556344068e-07
-5.342397667875217e-07 -4.492386220724754e-07 1.639824187921739e-07 -6.743152351449127e-06
-2.990441609995025e-07 -5.829158410172490e-07 3.307368389513846e-06 -7.775776704396607e-07
-2.716144343363182e-07 -6.664471222694888e-07 5.180714951785095e-06 -2.082722249135621e-06
-4.189617447326808e-07 -4.782744002006483e-07 1.431864906444879e-06 2.311099574133853e-06
-5.628048936289760e-07 -5.276148933786957e-07 6.664191200563852e-06 -8.357688140837219e-06
-6.153956341186138e-07 -6.109919628934297e-07 1.166238292141526e-05 2.211763338631481e-06
-3.421467486925038e-07 -6.231641245574870e-07 1.259850399577257e-06 -5.920653190391204e-06
-2.723601952227215e-07 -7.094297603278091e-07 7.135962597215664e-06 -9.275367384228599e-06
-2.703393872075814e-07 -8.578762343743181e-07 5.151883412558939e-06 -1.709480541188742e-06
-5.079424398218160e-07 -6.051440143599549e-07 3.517626865900052e-06 2.208392453054232e-06
-2.814265952649378e-07 -1.024516795658150e-06 3.022644731378333e-06 4.592166765986154e-06
-7.029990635540313e-07 -7.264582178540920e-07 7.428005620299773e-06 4.783432923116837e-06
-3.854876311555353e-07 -8.519691272726879e-07 -1.968571305718611e-06 8.910394424383867e-07
-6.027813762192100e-07 -8.595683080635432e-07 6.128927393699214e-06 -3.506700802635652e-06
-3.204660653736269e-07 -1.201854344026235e-06 8.060039996493291e-06 5.677831240327722e-06
-8.385511080899269e-07 -8.463561203682524e-07 2.622268375815295e-06 -5.482065859592330e-08
-7.805637601685883e-07 -1.017963741030858e-06 8.610310622977085e-06 -1.205509875850169e-06
-5.729070965416677e-07 -1.149951382456923e-06 5.494668825024483e-06 -7.660749203885636e-07
-4.048788749936694e-07 -1.425696335824324e-06 4.537364201187540e-06 -1.069131318620168e-05
-5.391073215713017e-07 -1.664734420241455e-06 -3.612928384650426e-07 1.006478704493223e-05
-1.035639614543248e-06 -9.930854389934771e-07 -2.543554386493091e-06 6.681137981768575e-06
-9.256990820438239e-07 -1.255036994693150e-06 7.723665113015867e-06 8.977171486275407e-07
-7.759614100075839e-07 -1.585798234683627e-06 6.488777863932834e-07 8.851590018320101e-06
-7.111110328940109e-07 -1.914690562504011e-06 -4.679670113774251e-06 4.646860893969358e-06
-1.270716048361149e-06 -1.142458267435117e-06 -2.860695972028157e-06 6.423246712641232e-07
-1.225442704865148e-06 -1.592268422646461e-06 1.041655717356547e-05 3.764109090108759e-06
-9.528546909738211e-07 -2.143975814505364e-06 6.291931085687875e-06 -6.472553042641638e-06
-1.247214748896472e-06 -2.361319205532605e-06 5.287498747396112e-06 2.166898877200877e-06
-1.584997412638951e-06 -2.565337210932047e-06 2.270849011456668e-06 6.481738169405490e-06
-1.614954401420701e-06 -1.699485481838170e-06 8.990869455160563e-06 3.207716779159726e-06
-1.602236236122176e-06 -1.289130035157322e-06 1.188122446892500e-05 -9.639440590923122e-07
-1.524841654388462e-06 -2.141673822492459e-06 3.510800191165948e-06 5.692516096989729e-06
-1.982984199794854e-06 -2.718821534169053e-06 8.006128998543256e-06 2.334533156929992e-06
-2.421063885022630e-06 -2.835114601954119e-06 9.088038623336182e-06 3.188483103406836e-06
-1.938491930915762e-06 -1.791194544415475e-06 2.999447674178021e-06 4.460244314165490e-06
-1.976000520193467e-06 -1.395987222204554e-06 2.660305410709004e-06 -1.770987449693292e-06
-2.869804179881972e-06 -2.902332346191219e-06 3.423424333177785e-06 1.039956128032604e-05
-2.342969041207199e-06 -2.189848439234811e-06 5.409940491505173e-06 1.798676306609199e-06
-2.400287771231940e-06 -1.438244108511895e-06 3.993905813579536e-06 3.138606132231611e-06
-2.969082580733129e-06 -2.260437763000042e-06 9.704720678557906e-06 1.735462875734538e-06
-3.430931236583694e-06 -2.953920819665171e-06 9.607978751096756e-06 7.057188873233964e-06
-2.868319786472901e-06 -1.432110822817807e-06 9.312236344971842e-06 3.346227483415156e-06
-4.235778351317136e-06 -2.991799200961896e-06 7.644265882244835e-06 -2.157087639957927e-06
-3.579896079876727e-06 -1.883847439334040e-06 6.449449374865708e-06 3.233074485669198e-06
-3.430729123008639e-06 -1.383559443566664e-06 5.870245578636324e-06 4.290537751905903e-06
-5.423097348292142e-06 -3.066838358568096e-06 1.005810053322045e-05 4.000777776295023e-06
-4.813166168707627e-06 -2.095850887322550e-06 9.460839192927315e-06 5.108402278332533e-06
-4.231160244324036e-06 -1.318011881170520e-06 7.589938710390612e-06 1.346773374154158e-06
-7.122870572334020e-06 -3.117974335519361e-06 1.104184921227818e-05 4.042116666965525e-06
-6.258336295359873e-06 -2.153840078884845e-06 1.019358521489839e-05 1.844875397424228e-06
-5.431458548042828e-06 -1.247190936822049e-06 8.536099397767667e-06 2.070032515599501e-06
-8.976256774681992e-06 -3.166249371410480e-06 1.299170549160088e-05 1.875512369804478e-06
-8.033012362166438e-06 -2.153133925651831e-06 1.133927654024175e-05 2.457217214021225e-06
-7.119415247837078e-06 -1.186310750680073e-06 1.115644526457234e-05 1.166995440927711e-06
-1.093769942275119e-05 -3.209581854717183e-06 9.623855876383315e-06 3.282344077090020e-06
-9.943244184806177e-06 -2.145794302426640e-06 1.210186617776677e-05 3.504183505048462e-06
-8.979777897208913e-06 -1.132227363674372e-06 1.142640788009652e-05 2.250983258801872e-06
-1.296022219714544e-05 -3.243893162608973e-06 1.570524238330493e-05 4.373727376862183e-06
-1.193888366576773e-05 -2.146885871584290e-06 1.158593855423760e-05 2.063330896450725e-06
-1.093633667927219e-05 -1.080465694079097e-06 1.169826764739127e-05 3.001436043435517e-06
-1.503673201997702e-05 -3.261696318707755e-06 1.499635948792828e-05 1.458538995227743e-06
-1.399306975896122e-05 -2.145199490992310e-06 1.651235098793630e-05 3.156228779125376e-06
-1.296273280985102e-05 -1.048803943869787e-06 1.410497899121639e-05 4.126071723756436e-07
-1.713815695611693e-05 -3.275239481423270e-06 1.501843211567098e-05 5.501316385967898e-06
-1.608327528003791e-05 -2.144889012327639e-06 1.396130694918064e-05 2.870305222685620e-06
-1.503541477932070e-05 -1.028059936225257e-06 1.528762638234233e-05 4.718287470853235e-06
-1.926384907017205e-05 -3.288538283691842e-06 1.508735013192403e-05 3.334492468199113e-06
-1.819728065730171e-05 -2.141243789611418e-06 1.552211724087572e-05 3.228127397060364e-06
-1.713962004986874e-05 -1.010949002850629e-06 1.461086635222121e-05 8.892940934651443e-07
-2.140895103757351e-05 -3.300037085776703e-06 1.781101976208834e-05 1.005157622671489e-06
-2.033279990458054e-05 -2.142333445825062e-06 1.657954114343342e-05 2.319588708123127e-06
-1.926299781531466e-05 -9.939523474033806e-07 1.612694596215787e-05 1.979434511044768e-06
-2.356866350692099e-05 -3.292805510830052e-06 1.988897865120003e-05 2.802706232225841e-06
-2.249015382021575e-05 -2.140315062313462e-06 1.881820153582378e-05 2.374816959742357e-06
-2.141135146874643e-05 -9.836941781291112e-07 1.758806832999479e-05 3.846053887483416e-06
-2.819359880741798e-05 -3.175114208625055e-06 1.992778169833677e-05 2.060189980105869e-06
-2.788574904952326e-05 -3.302623739661437e-06 2.002356874686614e-05 2.386696779689802e-06
-2.453301870398908e-05 -2.140980563808182e-06 1.865539315180796e-05 3.699181487959880e-06
-2.572751593601536e-05 -3.301451399589065e-06 1.918688809496196e-05 7.516602607090938e-06
-2.356632043687907e-05 -9.867466048224756e-07 1.876905366751112e-05 2.545656863644232e-06
-2.832113138539577e-05 -2.867211729783320e-06 1.983066718493869e-05 1.643865590756502e-06
-2.759387624842668e-05 -2.141100728595013e-06 2.096680978321119e-05 2.296323679698960e-06
-2.572799582793333e-05 -9.811420864652572e-07 1.998250546894624e-05 1.270078115266357e-08
-2.832250152997740e-05 -1.414120362704111e-06 1.920600208291639e-05 2.979133105438078e-06
-2.788713823722729e-05 -9.784905130517969e-07 1.981800285464517e-05 2.918516002461466e-06
-2.819503128507773e-05 -1.106049957604904e-06 1.939078283269768e-05 3.027167000117934e-06
