-6.314700448315623e-05 8.688395824449747e-06 5.052446392549996e-05 -7.519647063375333e-06
-6.338258027615170e-05 8.118811332001012e-06 5.098015110652642e-05 -6.857011472528631e-06
-6.338228689247050e-05 5.437392196673966e-06 5.083715050473553e-05 -3.197189727368244e-06
-6.314667921485829e-05 4.867749505923266e-06 5.037311575490771e-05 -2.509219483748793e-06
-6.257812797600556e-05 8.924575599054154e-06 4.950980897991179e-05 -7.701892064219022e-06
-6.151034611769585e-05 6.777836612363918e-06 4.760756697155795e-05 -4.873128153265411e-06
-6.257775074458668e-05 4.631527343627870e-06 4.934752124576995e-05 -2.303330691915928e-06
-5.855884603551037e-05 8.933549979743497e-06 4.544473843958623e-05 -5.020183898423197e-06
-5.855853635420549e-05 4.621405325788151e-06 4.531504098982026e-05 -3.681933927765475e-06
-5.633758992817459e-05 6.778043110194284e-06 4.502376141156035e-05 -4.030467227384719e-06
-5.453246762246426e-05 8.939985067281146e-06 4.259906092356568e-05 -6.872080498139315e-06
-5.453452160432035e-05 4.619966780853774e-06 4.260076602494981e-05 -1.200569210254744e-06
-5.251566226640175e-05 6.781823997873934e-06 3.910982716046228e-05 -4.406531403177278e-06
-5.049123644536743e-05 8.948948358440284e-06 3.743803548946304e-05 -5.054952803822994e-06
-5.049333350876784e-05 4.618115550876378e-06 3.750315842443229e-05 -4.445845488575886e-06
-4.846979425970107e-05 6.784482580051671e-06 3.587965510646261e-05 -4.908827290875463e-06
-4.645068156926010e-05 8.948065197863557e-06 3.373301986279104e-05 -6.707324403919434e-06
-4.645115089087351e-05 4.621206362562506e-06 3.317473350888055e-05 -2.596773213833071e-06
-4.443508299950965e-05 6.784732085196061e-06 3.191850516927996e-05 -4.346301606753315e-06
-4.241570333424539e-05 8.946893927805773e-06 3.204004979966686e-05 -6.303009537759495e-06
-4.241869320642149e-05 4.625840965213374e-06 3.107696433232928e-05 -1.746152941179227e-06
-4.039652956401224e-05 6.788248490989743e-06 3.043625348721181e-05 -3.450294343938574e-06
-3.837665794515109e-05 8.942762362431113e-06 2.705130182260874e-05 -8.110037831525199e-06
-3.837839308674288e-05 4.634740828369079e-06 2.773948731438470e-05 -1.481515202424053e-07
-3.636422713868281e-05 6.789745663029781e-06 2.440917275689720e-05 -4.516262032140964e-06
-3.436368698525794e-05 8.925295540333107e-06 2.431066833119963e-05 -5.641319614653957e-06
-3.436139493467576e-05 4.650627732140770e-06 2.335043319479944e-05 -2.929951029762943e-06
-3.236564412652109e-05 6.786941016511323e-06 2.378362496288938e-05 -4.337764316184657e-06
-3.038039147525017e-05 8.905563234052637e-06 2.232938519449356e-05 -6.737857124141628e-06
-3.038111408475869e-05 4.668418211814084e-06 2.309726439324797e-05 -2.903816122885679e-06
-2.840688043806499e-05 6.787483915595077e-06 2.056352304904983e-05 -5.450270287375854e-06
-2.645544208343796e-05 8.872742947138803e-06 1.927802110175945e-05 -6.219698765452592e-06
-2.645848222312831e-05 4.706437635556240e-06 1.850100545653072e-05 -3.447714645460249e-06
-2.451658603634144e-05 6.791317441315971e-06 1.780758518773853e-05 -4.044001119540542e-06
-2.260264694189502e-05 8.827645550368670e-06 1.504475880828744e-05 -6.289529050550924e-06
-2.259831581975538e-05 4.751031805684868e-06 1.692530932242376e-05 -2.236317268035002e-06
-2.077773537671860e-05 6.788067490566262e-06 1.371742876661136e-05 -5.904847509770425e-06
-1.899493699096107e-05 8.763563891633105e-06 1.358392079494608e-05 -7.137477058555919e-06
-1.899794760652736e-05 4.820306637007236e-06 1.156125568680179e-05 -2.821896318852737e-06
-1.767265270005439e-05 6.939861936410612e-06 1.277655346903265e-05 -4.526479128162270e-06
-1.636244864944987e-05 8.696874210627883e-06 1.119399526068404e-05 -7.700928266484442e-06
-1.635856791545916e-05 4.883019115792815e-06 1.137228549323989e-05 -3.498816723518497e-06
-1.450141778793003e-05 8.645996476439155e-06 7.594876980969032e-06 -5.080088409306412e-06
-1.485027793403621e-05 7.426763096444283e-06 7.137905614031918e-06 -5.760511602103859e-06
-1.450563434293579e-05 4.923803173373822e-06 8.961538827792365e-06 -3.436824534923905e-06
-1.318278071852184e-05 4.967827628468216e-06 7.943693386249337e-06 -4.197770596079706e-06
2.024516703105309e-06 -1.123345185437421e-07 2.623071381435272e-05 3.631016290235485e-06
2.031035287849503e-06 -1.289429656282144e-07 2.736123722666559e-05 -5.441117648178513e-06
2.060111587941144e-06 -5.293447371901022e-07 1.932889040067119e-05 4.953891840243528e-05
2.040506093184184e-06 -6.567380056714827e-07 3.025062704644897e-05 6.379454769783285e-06
-1.317299357071564e-05 8.614041968746181e-06 9.369425689418573e-06 -3.864918133331450e-06
-1.199459712527993e-05 8.519569516331497e-06 9.674948527153327e-06 -3.416356391648585e-06
-1.289944482631598e-05 6.338810549479204e-06 7.467969115181729e-06 -6.292428159669283e-06
-1.198484964603010e-05 4.909902246378223e-06 8.778879246123140e-06 -5.943228948472127e-06
2.013088195684252e-06 -1.094375506579038e-07 3.393724036826098e-05 -5.271191241057316e-06
1.704965556281279e-06 -3.573176808862360e-07 -3.469629931007012e-05 -1.795340140881320e-05
1.963508938415401e-06 -7.174466021890023e-07 2.178296798743916e-06 4.716830417343529e-06
-1.161378820286601e-05 7.400855636341421e-06 9.133571045152441e-06 -3.778971922035249e-06
-1.085760490571599e-05 8.281877403442281e-06 6.213481432681371e-06 -4.200903914439943e-06
-9.777586668585653e-06 7.926148543113902e-06 3.236592728479903e-06 -5.593970811526116e-06
-1.125835307388905e-05 5.888315606213324e-06 8.678698496189888e-06 -6.722910734749141e-06
-1.086192816200952e-05 4.664144214471764e-06 5.843567668801369e-06 -4.951757171072234e-06
1.264505846895620e-06 -4.386770205900783e-08 8.279126361905568e-06 1.098203574928890e-05
1.278032464763393e-06 -6.906458445674770e-07 6.304555418312071e-06 -3.964799989842545e-06
9.084952107001954e-07 -4.170843964170611e-07 -3.102575119277103e-06 1.126145208580565e-05
-8.767882184084068e-06 7.449010509977162e-06 3.203796378713673e-06 -6.250789678686671e-06
-9.625018127893242e-06 6.789057019346418e-06 4.272422952949652e-06 -4.509988733310098e-06
-9.993252023447896e-06 5.394925322055774e-06 4.883796945311494e-06 -3.222081201849341e-06
-9.844456869379550e-06 4.249521571416360e-06 4.348051494817323e-06 -2.707249242797951e-06
5.554299373856473e-07 2.324774417807204e-08 -2.214573483435717e-06 -1.484089446074382e-05
5.593816170024791e-07 -7.704819465055077e-07 2.026459673834847e-06 -9.783166908316576e-06
1.364344680459331e-07 -4.085702817706820e-07 6.389974709325314e-08 1.786090093866390e-05
-7.834606116652384e-06 6.886802946667931e-06 3.017220535234255e-06 -4.809324161069091e-06
-6.996557763714106e-06 6.237329658756113e-06 5.537494206003389e-06 -4.197622428068106e-06
-8.714432549593623e-06 5.187878694330618e-06 3.633232590275167e-06 -9.446130059143406e-07
-8.946115419417173e-06 3.674574937439698e-06 5.987520578419589e-06 -2.785390329148539e-06
-3.386310217146266e-07 1.690971530657293e-07 -4.159527918401303e-06 -7.011361785482371e-06
-3.306688112746465e-07 -8.927197538065329e-07 2.950871955565501e-06 -8.465413457594599e-06
-7.209069545911310e-06 5.253931402263331e-06 4.265723285673492e-06 -3.185548478481534e-06
-6.255266313842218e-06 5.503400811577429e-06 3.863151171807084e-06 -2.532527003088322e-06
-7.564958794208891e-06 4.159595185252119e-06 1.575438028779438e-06 -3.662049742940147e-06
-8.174685252388919e-06 2.966938210661893e-06 4.612241593749905e-06 -3.420292345513732e-07
-8.787549993110646e-07 -4.031270333517895e-07 4.553195082824432e-06 1.203830995338397e-05
-1.489878261678300e-06 3.562803153860068e-07 -3.878514641943710e-06 -2.149149562148536e-06
-1.504711120382986e-06 -1.097094566690368e-06 -3.445153212459480e-06 1.104291582443788e-06
-5.605983090674229e-06 4.712327556315407e-06 1.035748348803452e-06 5.309100818827993e-07
-5.073691179979927e-06 3.871685324089050e-06 -1.742606930400203e-07 -1.888072249371194e-06
-4.654785299627389e-06 2.982258066159577e-06 -7.809211268393282e-07 -3.548647365716485e-06
-6.850836601642074e-06 3.177454201279744e-06 1.912959391304216e-06 -2.091524482984086e-06
-7.566349318517710e-06 2.180580848456864e-06 3.789276974404161e-06 -4.674053231639525e-07
-2.005008004104929e-06 -3.787243095347052e-07 1.573480875477122e-06 -7.845723788246160e-06
-2.634280934221501e-06 4.956128342805453e-07 9.178218510267161e-06 8.455552720653571e-06
-2.644036105155463e-06 -1.311862192838263e-06 3.131662031343939e-07 8.527216852967164e-06
-5.547975505872626e-06 2.983618289165603e-06 8.711091391079604e-07 -3.595229415557075e-06
-4.333840961004705e-06 2.071325861310271e-06 1.072535349051746e-06 7.730977252864819e-07
-3.654460396824576e-06 6.522624192996871e-07 -6.963727506682726e-07 -2.562138299140178e-06
-3.962842988892520e-06 8.172471474692496e-07 6.272199751521302e-06 -9.328742016601964e-06
-4.129365228257935e-06 1.147761703657319e-06 1.057361988644569e-05 -1.071039520736297e-05
-6.354110075554158e-06 2.063235896805003e-06 7.906772970469184e-06 -1.542930519543498e-06
-7.118192740277710e-06 1.331892484065402e-06 1.910880681722161e-06 -1.033858261114255e-05
-3.186495353238946e-06 -2.521099658965202e-07 -1.429947358522950e-07 -1.515344897513144e-06
-3.655410489409013e-06 -1.470629897892321e-06 6.540927885879394e-06 -6.919669139943063e-06
-4.943918910794576e-06 1.437477790204134e-06 -7.228775177183683e-07 -8.040289247598263e-07
-3.979083987925997e-06 1.838542770582849e-07 -4.601996318358960e-07 6.996761080398372e-08
-4.339879592665899e-06 7.084579170566565e-07 8.368235413250835e-06 -8.402935814774358e-06
-5.996239479422005e-06 1.065628596826393e-06 2.248747808687752e-06 1.879191175778192e-06
-6.840830637649429e-06 4.670789686299072e-07 -2.021148415170289e-06 -1.051598083654841e-05
-4.005187597718548e-06 -8.431478633006396e-07 -2.142154015351837e-06 7.581557132401196e-07
-3.951822646241597e-06 -1.621086522609145e-06 1.044073798353013e-05 -1.124274960891232e-05
-5.137065650809978e-06 -3.715051486143453e-08 2.053228926527530e-06 8.580388051587422e-06
-6.746941889188242e-06 -4.071017136298409e-07 7.148441320042666e-06 -1.207494059043475e-05
-6.846495685620017e-06 -1.264761268881417e-06 8.187896364500301e-06 -4.701984608118859e-06
-4.612378048180124e-06 -1.400263187951478e-06 -5.324434911779037e-06 -1.760527505163861e-06
-4.120570122049749e-06 -1.950109207025086e-06 1.599075008919329e-05 -1.218673959114073e-05
-4.333800110881614e-06 -2.879860216075740e-06 1.578521851119953e-05 6.018444131328788e-07
-5.970087358209798e-06 -1.370136727632532e-06 6.267565056948396e-06 1.433402996308636e-06
-4.650059923863285e-06 -3.794025700543850e-06 4.517819215977341e-06 2.418734936885162e-06
-7.129933255280175e-06 -2.131494831595704e-06 2.193810540204308e-07 -4.195505929601098e-06
-5.170082106700882e-06 -2.910666862023274e-06 -3.066760029512741e-06 7.134611980825446e-06
-6.398523585562045e-06 -2.985546339801564e-06 4.275306420285247e-06 8.707784575187057e-08
-5.069739744905408e-06 -4.667466315593011e-06 -6.769700148881027e-06 -2.153534744343352e-06
-7.574073781711407e-06 -2.975312140168379e-06 -4.707890028708196e-07 -1.547421010672786e-06
-7.200637131610858e-06 -3.832066398890341e-06 5.942181769854693e-06 9.310561631730922e-08
-6.333117575389365e-06 -4.361116539531198e-06 6.422507316189663e-06 9.545855030449552e-07
-5.609188326767742e-06 -5.515346923953000e-06 6.482418021481805e-06 -2.204040080091463e-06
-6.258346262408814e-06 -6.300326598441551e-06 2.649711755232518e-06 1.382802643779735e-06
-8.193193465865457e-06 -3.772434493100068e-06 2.517396137892084e-06 2.806773884135081e-06
-7.747108125343369e-06 -4.788739378175412e-06 5.492460935773394e-06 6.248414002839132e-07
-7.225840408149706e-06 -5.985872101380727e-06 4.081768893992032e-07 3.002511644844086e-06
-7.000759715299793e-06 -7.037695892610421e-06 -1.817625245955703e-06 4.111157453471921e-06
-8.959202636109159e-06 -4.471614121478287e-06 3.186892110826656e-06 5.948138901889917e-07
-8.731972667279761e-06 -5.991042953429479e-06 5.025438879319999e-06 5.227764639755091e-06
-7.848646391502778e-06 -7.692418937303917e-06 4.543373322013373e-06 4.269113729802689e-06
-8.790107726757316e-06 -8.251829461308807e-06 3.133578883499662e-06 -5.358344794671642e-07
-9.797768172547332e-06 -8.708701599191581e-06 3.235941225079858e-06 8.845062730742828e-07
-9.873013909032971e-06 -6.324713344193489e-06 2.694605489379051e-06 3.583352841207116e-06
-9.860969611681046e-06 -5.057871831866218e-06 4.092494374897143e-06 8.554282701350389e-07
-9.650612790976515e-06 -7.595764565318421e-06 2.284096179991151e-06 9.695342013115606e-07
-1.086192132925899e-05 -9.046846734165707e-06 4.868812335435655e-06 2.353276261688375e-06
-1.197560870132588e-05 -9.266982221945711e-06 5.080841765786639e-06 1.734602076895280e-06
-1.079035422104595e-05 -6.610872779043916e-06 2.366203927076948e-06 2.528149050097082e-06
-1.087509456949962e-05 -5.489396147566354e-06 3.191822529586410e-06 7.681053797571506e-07
-1.311798363247749e-05 -9.354782283436767e-06 4.002258788250885e-06 1.537787633955053e-06
-1.183603768012716e-05 -7.658912882990609e-06 4.330910399627802e-06 2.122273057951701e-06
-1.197036265700760e-05 -5.749340140446998e-06 3.012925969994720e-06 1.278500859199549e-06
-1.336585081316336e-05 -7.832609281043321e-06 3.594239111558690e-06 2.246999393387782e-06
-1.439960201847181e-05 -9.382889640648284e-06 3.482872136049899e-06 3.070196675737452e-06
-1.310538462441111e-05 -5.824022393611582e-06 3.233441655591510e-06 1.318347420864772e-06
-1.619364341318662e-05 -9.411844651708558e-06 6.677139139720845e-06 2.089023221076100e-06
-1.476523455888557e-05 -6.959774112175824e-06 6.437019521589916e-06 1.968762714314406e-06
-1.439779937560525e-05 -5.793118021522062e-06 6.019407741216289e-06 1.047795933250992e-06
-1.870939566384205e-05 -9.452117741414170e-06 4.992315620232097e-06 3.116950023567928e-06
-1.745414616691227e-05 -7.443102036435816e-06 5.921118956762286e-06 1.779388427563287e-06
-1.619414553692398e-05 -5.755562951078071e-06 6.630367138880018e-06 1.375202219653314e-06
-2.209377680238918e-05 -9.500005733322556e-06 4.515400073298647e-06 3.290851427173397e-06
-2.038961136369524e-05 -7.588810937310409e-06 4.679956548881156e-06 3.155531865776035e-06
-1.870838599650411e-05 -5.718285504039039e-06 4.897929780462200e-06 1.607556939451788e-06
-2.569670758418542e-05 -9.539834319498906e-06 5.680182867585925e-06 1.361133316847812e-06
-2.388329190690308e-05 -7.589299710189991e-06 5.605436044060766e-06 8.531966483535733e-07
-2.209609450245337e-05 -5.677965322370025e-06 6.180690996450982e-06 1.328871899797658e-06
-2.936360927979259e-05 -9.566581667818045e-06 4.236334913954681e-06 2.542968917669860e-06
-2.751974648896675e-05 -7.593436145895292e-06 4.152552430360719e-06 2.987300482171057e-06
-2.569369558031807e-05 -5.644657430036101e-06 3.457102420717742e-06 1.938862924173295e-06
-3.308092911005034e-05 -9.589239955690996e-06 6.508148120756161e-06 1.434720005739837e-06
-3.121628301209417e-05 -7.595043660931018e-06 6.256206302773276e-06 1.982972852495973e-06
-2.936403079950563e-05 -5.620176791608025e-06 6.259337141588775e-06 1.743582576181836e-06
-3.682709689910510e-05 -9.611344746049812e-06 6.278136600034611e-06 2.943300078457285e-06
-3.494817333843333e-05 -7.600877659662760e-06 5.547077359924835e-06 3.198776447504123e-06
-3.307844483990927e-05 -5.607492277968554e-06 5.051593798476461e-06 4.107026331323413e-06
-4.059727591874237e-05 -9.617015281386257e-06 5.589187147563932e-06 1.615847806929991e-06
-3.871033217999193e-05 -7.595642730668502e-06 6.806728265228097e-06 2.189363617700101e-06
-3.682950914045841e-05 -5.586307647375917e-06 6.822357271928736e-06 2.269105054169893e-06
-4.438107702268446e-05 -9.616727918106224e-06 7.459557371094647e-06 4.386090507467123e-06
-4.248797775443100e-05 -7.592394149547161e-06 5.376917668036607e-06 1.821617623611062e-06
-4.059820385144617e-05 -5.569477198852530e-06 5.926253563178172e-06 2.364940295925312e-06
-4.817002695994713e-05 -9.622942728324319e-06 8.360886677456909e-06 1.591023522671806e-06
-4.627583638829549e-05 -7.593216875618551e-06 8.848432337439314e-06 2.240429696829810e-06
-4.438075075060302e-05 -5.568922980729812e-06 7.113379567897726e-06 -2.751831402611181e-07
-5.193883762253993e-05 -9.622710440663406e-06 9.953269878517213e-06 3.555225002722789e-06
-5.005580725822805e-05 -7.594571463441383e-06 8.505504677338373e-06 2.395692152546756e-06
-4.816959059194935e-05 -5.564463100377991e-06 8.360919001537394e-06 2.976101370625221e-06
-6.006200491762386e-05 -9.397341527478458e-06 1.105679726349791e-05 2.928119863301233e-06
-5.952521609502916e-05 -9.620135725786646e-06 1.094200529120796e-05 3.078314061870268e-06
-5.363335331251251e-05 -7.596730309863222e-06 1.006819201109377e-05 2.600005644441534e-06
-5.573338836964062e-05 -9.626108959837149e-06 9.391434835768924e-06 4.605505236728438e-06
-5.193773512489615e-05 -5.568857868618478e-06 9.907765471248667e-06 1.525453347090371e-06
-6.028430383474838e-05 -8.859951876691868e-06 1.109894801659096e-05 2.688262598337290e-06
-5.901450502532728e-05 -7.594588491616443e-06 1.112915343305050e-05 2.628574055391309e-06
-5.573430251225219e-05 -5.566422885493239e-06 9.405698184359599e-06 6.147946347055632e-07
-6.028462559694313e-05 -6.328777049543995e-06 1.112373230036543e-05 2.565450879484138e-06
-5.952581069562828e-05 -5.568954909422502e-06 1.096257861713509e-05 2.164979664337867e-06
-6.006241283524510e-05 -5.791617081871922e-06 1.108152627096692e-05 2.318413263607643e-06
