-1.140965954831082e-04 1.582324168877742e-05 3.318736000830399e-05 -4.476978986567876e-06
-1.145513587489010e-04 1.472537522569365e-05 3.313672734552409e-05 -4.467977912689626e-06
-1.145514411499170e-04 9.550224380716237e-06 3.304178985243470e-05 -4.453286618359015e-06
-1.140967162072188e-04 8.452577452330778e-06 3.307034276019525e-05 -4.332634416380366e-06
-1.129987026542785e-04 1.627798815269902e-05 3.328294533791413e-05 -4.507261545993452e-06
-1.109397864693104e-04 1.213804048429340e-05 3.321164427264343e-05 -4.296102808354557e-06
-1.129989441427662e-04 7.997958457321559e-06 3.310419341027486e-05 -4.234999389978740e-06
-1.052695909683214e-04 1.627896155720336e-05 3.187947592465876e-05 -4.839723808737515e-06
-1.052706317617721e-04 8.000614030927889e-06 3.134708597574150e-05 -1.996240811869510e-06
-1.010031770808323e-04 1.214145760739125e-05 2.870189634713468e-05 -2.829555067250835e-06
-9.754017269889715e-05 1.628023260018591e-05 2.688273772154761e-05 -4.128220105594110e-06
-9.754115971590335e-05 8.005406091761711e-06 2.709043858910937e-05 -1.875198879361861e-06
-9.367593760619172e-05 1.214345315499260e-05 2.622967862780531e-05 -3.228221275713304e-06
-8.981798943716895e-05 1.626947824221336e-05 2.603976684091582e-05 -4.362181271030840e-06
-8.981839624297344e-05 8.017747641565876e-06 2.657590591333443e-05 -3.437586958121411e-06
-8.596655597573184e-05 1.214293960777579e-05 2.590446392570621e-05 -4.173728652526160e-06
-8.213111000373697e-05 1.624465487187553e-05 2.413908128766917e-05 -5.956822071230911e-06
-8.213248244962079e-05 8.041032224744205e-06 2.404746244537078e-05 -2.228502061663956e-06
-7.830398169908284e-05 1.214267773099920e-05 2.172462716640029e-05 -3.676398923653649e-06
-7.449234235391979e-05 1.621549625344583e-05 2.027865818013674e-05 -4.481390700596125e-06
-7.449481706904562e-05 8.070675147497319e-06 2.015710426161471e-05 -1.965184973935531e-06
-7.069133466534031e-05 1.214353338192611e-05 1.932920103510466e-05 -3.052799394073318e-06
-6.691831222703542e-05 1.616709607189850e-05 1.880139281698006e-05 -3.935769985029145e-06
-6.691773506895438e-05 8.116466300700343e-06 1.920316672862053e-05 -2.372467140616670e-06
-6.316254523887087e-05 1.213980061480288e-05 1.830596103420075e-05 -3.591416774944776e-06
-5.945415055880647e-05 1.608951359891034e-05 1.680554616686924e-05 -5.105658975527325e-06
-5.945160045340252e-05 8.183161631654302e-06 1.682009867712287e-05 -2.227725128255852e-06
-5.576872973288276e-05 1.213381409095458e-05 1.504754148720401e-05 -3.740521402889389e-06
-5.214399831358882e-05 1.599152206892904e-05 1.376512249203927e-05 -4.493126243623580e-06
-5.214409244444125e-05 8.274069363744277e-06 1.360615744027326e-05 -2.694497378808443e-06
-4.855335241566363e-05 1.213272365744627e-05 1.281259650920287e-05 -3.459731941081347e-06
-4.503819653186571e-05 1.587485991294077e-05 1.231991759638728e-05 -3.904109612697467e-06
-4.503829478978691e-05 8.390308328613522e-06 1.259415164628333e-05 -3.290756994994181e-06
-4.156205694016296e-05 1.213206335234037e-05 1.206244611263854e-05 -3.687695575603417e-06
-3.816464790229836e-05 1.574670575512955e-05 1.113081307636591e-05 -4.779946217427198e-06
-3.816289481690461e-05 8.515103625686202e-06 1.087798159402849e-05 -2.258728763866600e-06
-3.493839575999327e-05 1.212839856072107e-05 9.602990741621879e-06 -3.306926730141003e-06
-3.179550440082861e-05 1.560402802871975e-05 7.573822806004182e-06 -5.678695191418298e-06
-3.179481273369169e-05 8.659324543969012e-06 7.577069292281067e-06 -7.025686372092015e-07
-2.946331372366255e-05 1.239149208033592e-05 6.269096633854625e-06 -3.542174046956393e-06
-2.717052664308581e-05 1.546659618847476e-05 5.377098305916722e-06 -5.858444217691265e-06
-2.716567850433800e-05 8.797226759643381e-06 5.730330274111987e-06 -1.028240790698318e-06
-2.393354677180286e-05 1.535201123057776e-05 5.510011973731110e-06 -5.629230691934707e-06
-2.453110872399126e-05 1.324007468922401e-05 5.332068034807708e-06 -4.834839509186306e-06
-2.392688953135242e-05 8.879859004384409e-06 5.521697910813807e-06 -1.661384506257152e-06
-2.163644670914074e-05 8.964455032643149e-06 6.108979085731044e-06 -2.032982692021958e-06
3.213578028930622e-06 6.864258615873545e-07 6.449488725754935e-06 2.659831017560409e-05
3.281941348602466e-06 4.983249183101937e-07 1.017520904695860e-05 -4.962913955647172e-06
3.304636011679397e-06 6.251999786577540e-08 -2.272374171748859e-05 -7.953041539573390e-05
3.235136178920631e-06 -1.612422713460966e-07 -2.441290430220341e-06 2.153317309073100e-05
-2.163166167494108e-05 1.527417684294274e-05 6.528745467125151e-06 -6.040486045761629e-06
-1.960167106578633e-05 1.509080153051593e-05 6.092678184330573e-06 -5.811911784757565e-06
-2.114491345307883e-05 1.133661244645138e-05 6.209797041501218e-06 -3.433472018760834e-06
-1.957514686289478e-05 8.874657181416921e-06 5.356390176988459e-06 -1.774489998546445e-06
3.042738284429847e-06 7.652057446638900e-07 4.495736383084788e-05 1.719886727074759e-05
2.752976345616595e-06 1.909266007429630e-07 -4.829804844721513e-05 2.041555527306195e-06
3.041887287862443e-06 -2.605561381810026e-07 8.564943585269461e-05 5.726111933161782e-05
-1.893775909975978e-05 1.315884925069648e-05 5.757578807217291e-06 -4.541991129153677e-06
-1.763711271275034e-05 1.466574805002668e-05 4.853392305357978e-06 -5.473227593476364e-06
-1.578157716837167e-05 1.405345871963046e-05 3.106834033982895e-06 -4.255468765292991e-06
-1.832715874264573e-05 1.056268337719018e-05 4.728669208801089e-06 -2.600701491315813e-06
-1.764683016709208e-05 8.465661607864756e-06 4.171048380599161e-06 -1.936409955034197e-06
2.029872346173935e-06 7.900998046314384e-07 1.398960610086191e-05 -1.075011089649848e-05
1.988003432848798e-06 -2.633409246359169e-07 1.593282557925080e-06 -1.942593348457529e-05
1.471611692408053e-06 2.316796392402444e-07 -8.395683719275281e-06 2.893237790216761e-05
-1.406210247943401e-05 1.322961686503419e-05 2.785904234232991e-06 -2.661651622197041e-06
-1.551890125664950e-05 1.210837934294699e-05 2.572350604643599e-06 -2.705438840491322e-06
-1.615151571869021e-05 9.718215661893660e-06 3.103479490933345e-06 -2.608617481474137e-06
-1.588757763432264e-05 7.766995613667413e-06 3.311060686070495e-06 -2.537262779279526e-06
8.662702677590893e-07 8.496140897385282e-07 -6.791802889139188e-07 -7.434151253160374e-06
8.945411551654277e-07 -3.931416662667872e-07 2.954990367791260e-06 -7.380744746662216e-06
2.094011831076449e-07 2.630441479011965e-07 -6.236935998063879e-06 1.406744889006982e-06
-1.247482767587874e-05 1.225374719620173e-05 3.336093373814410e-06 -2.285638890762087e-06
-1.105963488937762e-05 1.113915566152647e-05 3.726806114944349e-06 -2.713357290874330e-06
-1.396144592069453e-05 9.355405752178156e-06 2.998028815378003e-06 -3.083420461830711e-06
-1.433942869533732e-05 6.799017527124863e-06 3.287983493698332e-06 -2.429461091591736e-06
-5.232956900488605e-07 1.071207460085217e-06 -5.051147614664523e-07 7.886932894994309e-06
-5.417145291392407e-07 -5.756992232377657e-07 2.144997550552985e-06 -4.142124605322182e-06
-1.141974815037964e-05 9.462366646526811e-06 3.613081642085039e-06 -3.100877820347737e-06
-9.825271160513145e-06 9.883874348443316e-06 2.927903046815190e-06 -3.053893796255233e-06
-1.201169718415305e-05 7.616386410436732e-06 3.293459568272020e-06 -2.614412534914158e-06
-1.303541775062411e-05 5.640319118343651e-06 3.173130096911816e-06 -1.611622091465934e-06
-1.372385121314543e-06 2.414126506751554e-07 2.482209886351735e-06 -1.130306357001741e-06
-2.365619190471660e-06 1.348612205568969e-06 2.158119652694115e-06 4.299270610564561e-06
-2.353814389596462e-06 -8.645042396961174e-07 -3.282538218303000e-06 -3.102278456207616e-06
-8.750549773774553e-06 8.533680921412626e-06 1.902689410091821e-06 -2.511711013175064e-06
-7.887706084853149e-06 7.142324792384007e-06 1.086739652338053e-06 -1.711302787103168e-06
-7.218118463983289e-06 5.680044855926325e-06 1.152272286804695e-06 -9.805845345801087e-07
-1.081476663052860e-05 5.990186924482261e-06 2.383746275037856e-06 -1.445148928542729e-06
-1.199957281174663e-05 4.350305818966926e-06 2.626803492994616e-06 -1.616906681058358e-06
-3.154852111149797e-06 2.509542638974334e-07 6.799379050537855e-07 -1.528661215047075e-06
-4.137246686950718e-06 1.646266542906573e-06 9.520854290689283e-07 -1.114708566083947e-07
-4.136459637060848e-06 -1.170069939863668e-06 5.777028962528264e-06 -3.641037979943418e-06
-8.674994922304128e-06 5.672712616343613e-06 1.407510678761891e-06 -1.013580451431437e-06
-6.717148038209402e-06 4.192612559898343e-06 1.605335725694377e-06 -4.049273002786294e-07
-5.736028753369095e-06 1.901344472347675e-06 1.182682842285560e-06 -2.103199939119063e-06
-6.191746990567615e-06 2.158112625924551e-06 2.213062114162921e-06 -2.316653957361854e-06
-6.428040282338719e-06 2.683163216544547e-06 2.579682371114038e-06 -1.875064174254773e-06
-9.987595203968856e-06 4.161627997969705e-06 2.026656758692551e-06 -1.686571520331972e-06
-1.122839878645819e-05 2.983797931041329e-06 2.517225591986231e-06 -2.701637447217907e-06
-5.016839741002201e-06 4.595566239974494e-07 1.557821743543613e-06 -5.312998776898316e-07
-5.765954266142375e-06 -1.392835061781509e-06 1.673404558004262e-06 -1.207431751929755e-06
-7.729452855782604e-06 3.145952376018346e-06 1.380921236998210e-06 -1.234783849955076e-06
-6.232978566046962e-06 1.157370217203684e-06 1.818068139608080e-06 -1.205694972107145e-06
-6.778119556627513e-06 1.982628968051674e-06 2.508538175137121e-06 -2.060698636589488e-06
-9.403257921744564e-06 2.558457700305518e-06 1.770080420808237e-06 -2.406942409050980e-06
-1.074025068862001e-05 1.602164481145629e-06 2.863835282566616e-06 -2.700725428900041e-06
-6.284635031203167e-06 -4.468739874497446e-07 6.528658437516108e-07 2.051001058634441e-07
-6.234613382263605e-06 -1.635740809331099e-06 4.355012485522277e-07 -6.452510794575744e-07
-8.039801029563042e-06 8.110927324250373e-07 1.474248014669956e-06 -1.936233097359853e-06
-1.056096710721690e-05 2.328044821126743e-07 3.517238147977684e-06 -1.980199072087000e-06
-1.066087240322325e-05 -1.099002661697302e-06 4.011463360182584e-06 -9.810847323257611e-07
-7.246899918334907e-06 -1.322905085538812e-06 1.373312355457814e-09 -1.838323026056327e-07
-6.512278654288841e-06 -2.148224352219092e-06 -6.113172644533204e-09 -3.947816452642268e-07
-6.856265939537987e-06 -3.543643669470196e-06 6.088189796215947e-07 6.043204115152325e-08
-9.336770384436401e-06 -1.277255625384169e-06 2.790814366144011e-06 -7.775765953138512e-07
-7.361275004039985e-06 -4.878954006532765e-06 1.370751813563803e-06 3.435416663523533e-07
-1.104098470272811e-05 -2.436183082144473e-06 4.071572904040034e-06 1.319763398748825e-07
-8.117936596828289e-06 -3.596875583937508e-06 1.602209331716111e-06 2.358497484833578e-07
-9.969060596642274e-06 -3.702430613308751e-06 3.229133045790784e-06 3.942647309035827e-07
-8.019780631013090e-06 -6.147800539181645e-06 1.544432811701744e-06 4.079449167551788e-07
-1.166398259476299e-05 -3.705143777084713e-06 2.577117747107807e-06 1.035397254947377e-07
-1.112146790340289e-05 -4.944191717055857e-06 2.047572170438690e-06 4.803581700833307e-09
-9.862903804456460e-06 -5.713340212474039e-06 2.077362767679987e-06 2.765479184016825e-07
-8.823618666315468e-06 -7.346910729166672e-06 1.473032909845932e-06 8.686929079103891e-07
-9.769141223762240e-06 -8.454754852486018e-06 1.586099728082750e-06 1.190566043811922e-06
-1.251221543286496e-05 -4.870227405518466e-06 1.687075823632786e-06 -2.048626662014169e-07
-1.188480718339938e-05 -6.324789797335629e-06 1.658122073401720e-06 4.642667589564718e-07
-1.114993135899305e-05 -8.014180177960174e-06 1.865912151287427e-06 1.084799766222948e-06
-1.083741569962808e-05 -9.453977213596392e-06 1.971835033882313e-06 1.277883095572857e-06
-1.355764543880915e-05 -5.889647247602325e-06 2.491737849570557e-06 5.144180115331048e-07
-1.323711971018215e-05 -8.004994411575334e-06 2.802025775544710e-06 1.263634157381520e-06
-1.202183198975838e-05 -1.032616911165554e-05 2.941135780715108e-06 1.218564814243983e-06
-1.330257013701725e-05 -1.106033040584669e-05 2.587528631312974e-06 5.368118966939508e-07
-1.466367615872741e-05 -1.165044486902326e-05 2.425155168781305e-06 5.799456317715936e-07
-1.477961772449322e-05 -8.455793415641717e-06 2.541990223241067e-06 6.713953004346383e-07
-1.477166092283538e-05 -6.725524916007537e-06 2.875807749297571e-06 9.506784236888010e-07
-1.447418289605266e-05 -1.016864893135799e-05 2.425624179299649e-06 5.103149313068293e-07
-1.609193138018795e-05 -1.208047063099652e-05 2.291349498369501e-06 7.369630801388692e-07
-1.756751903387618e-05 -1.234790071121187e-05 1.665364426855614e-06 6.843478771122974e-07
-1.600667668566544e-05 -8.841544728398970e-06 2.055099565537708e-06 3.034931707197317e-07
-1.612073268732131e-05 -7.338972628581200e-06 2.207138203040349e-06 4.744887190237137e-07
-1.906668017417459e-05 -1.244500452078651e-05 5.480283062017125e-07 8.029131701003411e-07
-1.739628365669211e-05 -1.023559707795682e-05 1.802793687111859e-06 6.795743029930737e-07
-1.756616861921808e-05 -7.710552268684699e-06 1.721479343920615e-06 1.078087022819135e-08
-1.939677725949191e-05 -1.046169785620169e-05 5.728580727034663e-07 5.041769259553845e-07
-2.072566941252268e-05 -1.245835107771015e-05 6.664549437121959e-07 9.686912541000026e-07
-1.906232445576500e-05 -7.831455321142764e-06 9.801832297568892e-07 -2.666526676381970e-07
-2.302314621150508e-05 -1.247030696866378e-05 3.474188702245573e-06 3.893026232736489e-07
-2.120503701336374e-05 -9.331123983213820e-06 1.647402495323378e-06 -3.505200865056331e-07
-2.072536462379946e-05 -7.818923705082948e-06 1.476787493679686e-06 -6.796470504979091e-07
-2.620190490456790e-05 -1.248417212160734e-05 3.217749941844729e-06 -8.770052933369686e-07
-2.462666113615541e-05 -9.953820079447759e-06 4.100153199653078e-06 3.090778330226517e-07
-2.302522020902037e-05 -7.802132202389736e-06 3.128522253804822e-06 -3.673938666489767e-07
-3.041896872924781e-05 -1.251103142330281e-05 9.032064600936319e-07 1.511534387110860e-07
-2.830223941242730e-05 -1.014153590850918e-05 1.401405185852008e-06 8.921672571019050e-07
-2.619940545611861e-05 -7.791898714404210e-06 2.690943076838627e-06 2.143599068152048e-06
-3.486165224852359e-05 -1.253418422757992e-05 3.110782307332911e-06 2.061177820251863e-07
-3.263256424979995e-05 -1.014780563562742e-05 2.047220891512279e-06 -2.144519198757440e-07
-3.041632853689380e-05 -7.778823307204535e-06 1.720452494951325e-06 6.266208780693696e-07
-3.932627480917072e-05 -1.254200168156710e-05 3.768945098911970e-06 1.180438261920788e-06
-3.709352336304084e-05 -1.014893385444405e-05 3.371291879519930e-06 4.024499113333300e-07
-3.486227194899387e-05 -7.762793553305168e-06 2.743838469413043e-06 -3.439713761195627e-07
-4.379998621428775e-05 -1.255584390039297e-05 2.916364215675365e-06 9.978505307961380e-07
-4.155832558370327e-05 -1.015192712458557e-05 3.440577860596016e-06 1.470105295688141e-06
-3.932445301557302e-05 -7.758928127830617e-06 3.171978614002811e-06 9.234217405706366e-07
-4.829914453677317e-05 -1.256279157039635e-05 3.287066700042787e-06 4.762944571123828e-07
-4.604719544131366e-05 -1.015002177688913e-05 3.069665568944152e-06 4.356616615836167e-07
-4.380067995363139e-05 -7.747163928983007e-06 3.562457580466716e-06 1.067035046852416e-06
-5.282234838145486e-05 -1.257477875419661e-05 4.355734485111600e-06 5.007070920311716e-07
-5.055652652852749e-05 -1.014489082145170e-05 3.880066474478789e-06 1.873060395111509e-07
-4.830190082194233e-05 -7.731585463670036e-06 3.363257985983731e-06 -1.108471098239142e-07
-5.737383523098744e-05 -1.259017322496713e-05 2.048285069071015e-06 3.590820341388195e-08
-5.509282681643141e-05 -1.014747842403950e-05 3.599041818076633e-06 1.016014906619191e-06
-5.282076360226557e-05 -7.716586149165788e-06 3.881610816793260e-06 7.224587478962641e-07
-6.193186622539595e-05 -1.258887918110801e-05 1.535520723765200e-06 1.002208614400096e-06
-5.965423902960168e-05 -1.014997257831675e-05 1.070829744975618e-06 7.663054455457319e-07
-5.737225835703708e-05 -7.708329671596345e-06 2.226605650766421e-06 1.918948449524680e-06
-6.649201523167180e-05 -1.258838728732210e-05 2.585647553476375e-06 -1.914820404986473e-07
-6.421132994017574e-05 -1.014417334199345e-05 2.684955052571217e-06 2.143744157083857e-07
-6.193479031050544e-05 -7.705942135984853e-06 1.798142593675413e-06 -9.632991041348263e-08
-7.629707703383438e-05 -1.233313070189659e-05 -2.428908120893622e-07 1.519670361961392e-06
-7.564736031219377e-05 -1.260221021939454e-05 -5.632069998880254e-07 1.550857005752107e-06
-6.853974755538205e-05 -1.014163409012867e-05 1.118247988366579e-06 3.998054452910921e-07
-7.106927628692774e-05 -1.259639646204333e-05 -1.273017481833848e-06 6.924478643988758e-08
-6.649327853705997e-05 -7.696060976441546e-06 2.440482675507638e-06 7.304071814116126e-07
-7.656619102037332e-05 -1.168343523900405e-05 -9.740940227429825e-08 1.343040717692626e-06
-7.502757482522075e-05 -1.015059847060343e-05 -1.056751953006897e-06 6.607898206554411e-07
-7.106600397692400e-05 -7.693165294217835e-06 -1.334337661016832e-06 1.027781009575271e-06
-7.656562591384646e-05 -8.618732122756853e-06 -8.412151790553465e-08 -3.075294697081501e-08
-7.564582008063686e-05 -7.698600954944502e-06 -5.663271213606048e-07 -2.651260827763550e-07
-7.629622528971299e-05 -7.968156341301850e-06 -2.335738880539453e-07 -2.252106233819951e-07
