-1.820334673997141e-06 1.239262160143554e-06 4.783586377085629e-05 -7.470559640771258e-06
-1.801169609606786e-06 1.286707815401005e-06 4.827978261610731e-05 -6.701810100784392e-06
-1.800768324138997e-06 1.509251654422441e-06 4.838552028638341e-05 -2.080192001900253e-06
-1.819893371914203e-06 1.556557399840661e-06 4.796743866511351e-05 -1.405317381005985e-06
-1.866846896921165e-06 1.219378007624722e-06 4.681395828255137e-05 -7.702719526487151e-06
-1.953756815591957e-06 1.397501802999472e-06 4.537070264259913e-05 -4.531413403997184e-06
-1.866326582070962e-06 1.576338832212415e-06 4.700936964326359e-05 -1.227606957992566e-06
-2.201233062308659e-06 1.211158219021455e-06 4.472605705872881e-05 -5.625012579580890e-06
-2.200498482906714e-06 1.580450195034524e-06 4.520167793885793e-05 -4.536035397195509e-06
-2.396195855157625e-06 1.394928090438662e-06 4.331339301493206e-05 -5.258434826253420e-06
-2.551688478630518e-06 1.212035890055322e-06 4.109735195945637e-05 -7.010858333333392e-06
-2.552331590477071e-06 1.578942787007382e-06 4.046941702760235e-05 -2.601881840766275e-06
-2.722685914320048e-06 1.396889744210529e-06 3.881049553268989e-05 -4.522018963313448e-06
-2.889893600861957e-06 1.218768798920414e-06 3.950160791357457e-05 -4.288793861507577e-06
-2.891772323973373e-06 1.579295064924943e-06 3.868815559388772e-05 -3.982690474841974e-06
-3.055061720815926e-06 1.400776747259578e-06 3.871156282212314e-05 -3.981475248136521e-06
-3.205719546590037e-06 1.242476232237821e-06 3.674140141907211e-05 -5.708668374755904e-06
-3.205452735050767e-06 1.559861346779288e-06 3.667872698181164e-05 -2.833219863906161e-06
-3.354193988626168e-06 1.401011419009040e-06 3.376296859940339e-05 -4.729042640716086e-06
-3.495475881766666e-06 1.259013388506640e-06 3.286914491268550e-05 -6.535396415543741e-06
-3.494348023136091e-06 1.542517932954070e-06 3.183185060985031e-05 -2.858537634068065e-06
-3.629901980531883e-06 1.400442112981514e-06 3.163980375469572e-05 -4.247364882837610e-06
-3.744000316457070e-06 1.289175378453517e-06 3.125492998516640e-05 -6.830606373350287e-06
-3.747066364996579e-06 1.516075672304359e-06 3.074995753512722e-05 -2.100149412762885e-06
-3.853154595813010e-06 1.405325033497016e-06 2.900788425414735e-05 -4.043279097697197e-06
-3.943695238827712e-06 1.321956383378594e-06 2.625864825897611e-05 -7.136448605811205e-06
-3.942252379200649e-06 1.489967548417501e-06 2.635326944365624e-05 -1.320750819505466e-06
-4.019168552586808e-06 1.407401634000922e-06 2.416557944356034e-05 -4.301141511738900e-06
-4.061707669091329e-06 1.371146813106511e-06 2.337038828970421e-05 -5.262012937561632e-06
-4.064143643481452e-06 1.447661541667314e-06 2.340238878399261e-05 -3.562546759979461e-06
-4.091718560307295e-06 1.410816455892947e-06 2.171762784506435e-05 -4.776071698651511e-06
-4.098652580662071e-06 1.409988631698389e-06 1.974821438443207e-05 -5.381652871085089e-06
-4.097219471223449e-06 1.409872669111067e-06 1.888425946941934e-05 -3.199340419665296e-06
-4.093450979581959e-06 1.409319229030006e-06 1.775969019551121e-05 -3.738335257663697e-06
-4.059728742243263e-06 1.456030806271579e-06 1.550106673709095e-05 -5.639038805775063e-06
-4.064457654316650e-06 1.367275008508705e-06 1.771595303673486e-05 -3.430947334735032e-06
-4.019718278027905e-06 1.418196374939373e-06 1.450047289316185e-05 -5.487697825808583e-06
-3.946010398265492e-06 1.521091022687129e-06 1.354096004331508e-05 -5.206842494853452e-06
-3.946530148138259e-06 1.320241166899290e-06 1.116610668312185e-05 -2.597113399352953e-06
-3.878885478970891e-06 1.433307677781589e-06 1.240462387761484e-05 -4.047371786431669e-06
-3.771804462083371e-06 1.574164452570140e-06 1.170597751518239e-05 -7.092616326069220e-06
-3.774942664851402e-06 1.275004470133967e-06 1.262184455381913e-05 -4.042897663465491e-06
-3.599891880239631e-06 1.601470229162474e-06 9.903743720545332e-06 -7.261235000392394e-06
-3.640700758429923e-06 1.483965731282314e-06 9.931359870264942e-06 -6.692565816530112e-06
-3.606344875768767e-06 1.257623009079777e-06 8.632006548346373e-06 -2.179800126424870e-06
-3.473453257533841e-06 1.241583389495737e-06 5.984017981776880e-06 -1.042463721644046e-06
7.428275926909838e-07 -2.911676743980518e-07 2.060277255228365e-05 -6.556761980699029e-06
7.247892925928838e-07 -2.587656388005799e-07 5.167528262421326e-06 2.159304607196578e-05
7.808677808298217e-07 -4.584283737395861e-07 1.863743056893199e-05 5.247522356021583e-05
7.941239517755356e-07 -5.049769917013348e-07 4.171681421982362e-05 -3.924394545198747e-07
-3.471959403395255e-06 1.619843685781203e-06 9.257165064751880e-06 -6.452831778569876e-06
-3.338942811299980e-06 1.633624107541222e-06 8.603085128370768e-06 -4.186580106364321e-06
-3.451841658701770e-06 1.385820919322758e-06 6.192919559443832e-06 -3.964832995097607e-06
-3.348061911873031e-06 1.209929070569024e-06 7.953075913675597e-06 -2.441636813223339e-06
7.912381647546550e-07 -3.057385121728465e-07 7.030056754501129e-05 -3.205684746791882e-05
6.505171248031187e-07 -3.502708158689852e-07 -4.935845982299026e-05 -7.308345129367020e-06
7.994842329247399e-07 -5.322504258553587e-07 2.890281019944738e-05 -9.942679309936884e-06
-3.303645245036734e-06 1.511605025497549e-06 7.017647129310679e-06 -3.645740630843522e-06
-3.193775293313343e-06 1.636873388026790e-06 4.004089222063801e-06 -3.473045163942145e-06
-3.033653525609535e-06 1.611492026329360e-06 1.849917587448134e-06 -6.255726480020967e-06
-3.262104818698697e-06 1.324588953652939e-06 8.091495648665349e-06 -4.954414509953809e-06
-3.203315216241174e-06 1.136244074214403e-06 7.181839947831120e-06 -4.025464905896076e-06
4.755318835252275e-07 -2.428032677920565e-07 7.782323436991886e-06 1.215470153235626e-05
4.954304478869929e-07 -4.771310942446118e-07 1.367834565801516e-05 5.608653419793663e-06
3.346253077955785e-07 -3.973980664398265e-07 -1.043278707029837e-05 -4.857496620427295e-06
-2.861224124047697e-06 1.569961169384774e-06 3.318786534871909e-06 -8.148522095560011e-06
-3.019008411765153e-06 1.454705393407457e-06 3.552733457177426e-06 -7.098162973081176e-06
-3.075300948960339e-06 1.239568125472032e-06 5.893318653614882e-06 -3.333217474840067e-06
-3.055839537725667e-06 1.029248694880981e-06 5.160848064356552e-06 -2.659059154445820e-06
2.127377661706941e-07 -1.892574483466418e-07 -1.961488737052125e-06 -2.877625438030895e-06
2.045433515230359e-07 -4.974878814125797e-07 1.873684770764585e-06 -4.936065871448394e-06
4.112364015459737e-08 -3.994102432594234e-07 -2.043765389289539e-06 4.961741806407794e-06
-2.687405800529692e-06 1.500086469386620e-06 3.941172651315232e-06 -6.288209938943857e-06
-2.509371226446266e-06 1.397685501011620e-06 6.131315099244788e-06 -6.197125218314047e-06
-2.859281325891338e-06 1.199397643775131e-06 4.508112736364723e-06 -6.323653064060333e-07
-2.912995164535492e-06 8.960453396596092e-07 5.641721662276773e-06 -1.629886319307470e-06
-1.283355132221642e-07 -1.642834309436001e-07 -1.768303696809688e-06 4.708218336194931e-06
-1.413046853037978e-07 -5.585946922142439e-07 4.556053471706150e-06 -2.591515632661429e-06
-2.551595661482392e-06 1.217491514249559e-06 5.932242175826150e-06 -4.204188765969608e-06
-2.325276222750748e-06 1.271182185287729e-06 5.148360321492697e-06 -4.972794523595060e-06
-2.630432462014393e-06 9.906246342166218e-07 3.566799077364074e-06 -3.022899184919375e-06
-2.768189120865658e-06 7.147529412242027e-07 8.938729062909587e-06 -1.921185460487109e-06
-3.454626964128430e-07 -4.174275455511484e-07 3.078393666679144e-07 -2.069116872498646e-06
-5.640463145774600e-07 -1.052916221142531e-07 6.633460449730698e-07 7.759779655125008e-06
-5.689063702097441e-07 -6.552344987492023e-07 -2.956543866306781e-06 8.849344435976859e-07
-2.153612110882438e-06 1.117104897400325e-06 2.918462435935981e-06 -3.520007798844634e-07
-1.993691952144258e-06 9.263137833446849e-07 -4.702092420774949e-07 -2.745504952079077e-06
-1.846805957732249e-06 7.096367225149137e-07 -3.866449562962668e-06 -5.073953016094295e-06
-2.463036034953856e-06 7.628289984721645e-07 2.519136288804982e-06 -3.092671519389645e-06
-2.651596802056911e-06 5.036454726060595e-07 7.676666077602029e-06 1.930616085366320e-06
-7.605098238888815e-07 -3.804362255288463e-07 3.290389956509088e-06 -4.707765453958247e-06
-1.013066635816077e-06 -6.792617045732099e-08 4.979886458138626e-06 -3.565351091761414e-07
-1.007698139861981e-06 -7.411617998165862e-07 -3.868693637194474e-06 4.643449461140862e-06
-2.110682473149890e-06 7.177090659234599e-07 1.182929741357118e-06 -3.746526247735940e-06
-1.724180838556476e-06 4.583317063325564e-07 -3.033022043946471e-06 -1.387178301428381e-06
-1.397628582086159e-06 3.471309263778544e-09 2.532194350898898e-06 -8.159981291730122e-06
-1.533215559947566e-06 7.113716926578430e-08 5.522998785220482e-06 -1.039543404689164e-05
-1.618205404295765e-06 1.876104402613142e-07 6.688469242723335e-06 -8.416418708803515e-06
-2.346028270877768e-06 4.706737041758640e-07 5.672585696812581e-06 7.135670102035934e-07
-2.573533774529809e-06 2.548515443744111e-07 3.523666287798025e-06 -5.516304576623789e-06
-1.210205324033522e-06 -3.287553924992323e-07 2.239859455128848e-06 3.487413343677697e-06
-1.370562205755656e-06 -7.920729846210758e-07 1.022622903716170e-05 -1.185459127911329e-05
-1.896035051576297e-06 2.833352545312155e-07 1.546038428170462e-06 1.416046213019293e-06
-1.519662146132555e-06 -1.643700937991665e-07 1.614746875557745e-06 -2.807428941585508e-07
-1.677172450100663e-06 3.607398101077727e-08 7.309452899703703e-06 -6.976491042841753e-06
-2.242280749205962e-06 1.635963605860464e-07 4.914017827541573e-07 3.150532324204470e-06
-2.538364761994789e-06 -3.198050184012125e-08 -1.781318217792328e-06 -3.940263112477992e-06
-1.506071999752128e-06 -5.483342291839785e-07 -2.370684592356537e-06 2.294886180993844e-06
-1.467546895499176e-06 -8.450806609027784e-07 1.284556581407600e-05 -1.230090953371817e-05
-1.949291944607974e-06 -2.278382817938540e-07 2.191407130278726e-06 5.758569979076406e-06
-2.549762695319003e-06 -3.515587856409931e-07 5.847212088947458e-06 -8.244957159399048e-06
-2.652129489446833e-06 -6.954051514621780e-07 4.024888696871078e-06 -1.675156191831610e-06
-1.717091464256610e-06 -7.499990540478012e-07 -3.345179182754479e-06 2.400549698666277e-06
-1.517722445277759e-06 -9.806025591469444e-07 1.851296815288807e-05 -9.597445969071261e-06
-1.573653499345670e-06 -1.402003032715920e-06 1.480949308281167e-05 1.619004483051140e-06
-2.278084991336526e-06 -7.249758793859879e-07 7.838610352766890e-06 3.787079048618226e-06
-1.669528676887340e-06 -1.845152389801330e-06 3.967691366577403e-06 2.398786594766281e-06
-2.824721663784933e-06 -1.049680367946839e-06 -5.221467588602791e-06 6.366480129596265e-07
-1.922934811126972e-06 -1.408444080317963e-06 -2.837434602474087e-06 6.617757474612582e-06
-2.490909646002907e-06 -1.440195493285431e-06 7.334267068509556e-06 -6.512618161339621e-07
-1.830156561217485e-06 -2.278665334071998e-06 -1.425321186093702e-06 -6.305864609422119e-07
-3.079362104725327e-06 -1.428249517692172e-06 -2.785131473564998e-06 3.928549678215187e-06
-2.904875942955961e-06 -1.849094912086004e-06 7.092732862803827e-06 -1.691134152239407e-07
-2.460214415229974e-06 -2.117858935387412e-06 5.552060427861713e-06 2.456776416124648e-06
-2.082852826059307e-06 -2.742502377527847e-06 6.662622486014948e-06 -3.122265675149675e-06
-2.406957109407258e-06 -3.191333246065486e-06 3.579216276598074e-06 4.381056411291764e-06
-3.445556314805641e-06 -1.811186225768889e-06 3.757564106525697e-07 3.214830685182062e-06
-3.207194536165076e-06 -2.349826429069255e-06 5.214742455909976e-06 1.982859573074118e-06
-2.918292717626277e-06 -3.018960432230518e-06 1.047454833704956e-06 6.347960752209331e-06
-2.790226145696118e-06 -3.635908820170919e-06 4.397113202417502e-07 5.814821621993397e-06
-3.899062684235984e-06 -2.162505732547112e-06 2.668303814982260e-06 9.188777326642320e-07
-3.771728442988323e-06 -3.030921975722547e-06 4.098180570002078e-06 4.882419794570280e-06
-3.261301972147170e-06 -4.038991530773744e-06 5.291820667753245e-06 3.661543500569062e-06
-3.808225273606550e-06 -4.393691481229166e-06 3.828328143808109e-06 1.444053579423156e-06
-4.416785236352384e-06 -4.712743445318630e-06 3.288827007349285e-06 3.928089700783790e-06
-4.454308891866208e-06 -3.223437359993460e-06 4.003905105290957e-06 3.592285886439016e-06
-4.446541919590461e-06 -2.473539364345088e-06 4.888277548173536e-06 4.038723563172187e-07
-4.313967664297924e-06 -4.000706820972028e-06 2.674754369524624e-06 2.473931355269856e-06
-5.092117043660967e-06 -4.955458603255846e-06 6.449774153526282e-06 4.996483832221554e-06
-5.818434343438797e-06 -5.126985578842001e-06 7.036566105315567e-06 3.536044573286346e-06
-5.029565163508948e-06 -3.392663041323008e-06 4.805247008456012e-06 2.840412216581795e-06
-5.085739949027860e-06 -2.694983604892255e-06 6.091024625893995e-06 1.695751976101945e-06
-6.573032242500204e-06 -5.209155572995576e-06 5.327512735612038e-06 3.650815007291800e-06
-5.710397110431996e-06 -4.066489336160519e-06 7.150787685226086e-06 3.651603709266072e-06
-5.801360450614918e-06 -2.823034579204512e-06 5.366256345574627e-06 1.854242626306715e-06
-6.732502500054048e-06 -4.189065855226056e-06 6.041849234462573e-06 4.159355900409815e-06
-7.439680971964912e-06 -5.256492830264466e-06 4.772540212970403e-06 5.091541350850406e-06
-6.554298533620451e-06 -2.850985885205471e-06 7.035573914665111e-06 2.805771811962806e-06
-8.672087462429717e-06 -5.304575513245567e-06 6.022434126906247e-06 4.300239283465289e-06
-7.682442812419870e-06 -3.598596328915742e-06 6.500364926567869e-06 3.971172302767405e-06
-7.438273842640735e-06 -2.806961357972030e-06 6.702497624693086e-06 3.419591580805733e-06
-1.045591275178200e-05 -5.387819236251321e-06 6.833298508752056e-06 4.658961126164614e-06
-9.549008870675854e-06 -3.931919168487675e-06 6.393898968419248e-06 3.100888496502760e-06
-8.672181571592328e-06 -2.751192433753468e-06 6.297107328969018e-06 2.964011133585432e-06
-1.297003282868164e-05 -5.475616265120215e-06 9.289228346437462e-06 2.999257922353372e-06
-1.168796058224081e-05 -4.038367281229467e-06 8.291174340190944e-06 3.404591437560276e-06
-1.045432311840267e-05 -2.678153828737025e-06 7.434757910841026e-06 2.571703180083415e-06
-1.572438028063603e-05 -5.532346967003382e-06 1.002611443131871e-05 3.626137382372449e-06
-1.433109039839040e-05 -4.031987619330857e-06 9.261412136088268e-06 3.733667975334956e-06
-1.297614220148013e-05 -2.595463063291862e-06 8.284159983075579e-06 4.217806834029274e-06
-1.856844887110896e-05 -5.586413660680064e-06 1.173921563448916e-05 6.503178363707271e-06
-1.712803791879110e-05 -4.037256239382199e-06 1.072713510673689e-05 4.289766642485251e-06
-1.571821026231539e-05 -2.536850883038603e-06 9.957470454247817e-06 3.488653281678838e-06
-2.152337047578900e-05 -5.636386171969668e-06 1.271987233566092e-05 5.945677146685584e-06
-2.003101400627196e-05 -4.033570503444033e-06 1.250970971735856e-05 4.286388446428936e-06
-1.857363689435867e-05 -2.482762379546937e-06 1.213228953391059e-05 2.319354601274363e-06
-2.457090015348429e-05 -5.691870971878452e-06 1.325065199134800e-05 3.768058852715937e-06
-2.302947849093832e-05 -4.039039049809400e-06 1.304247639174150e-05 2.902194371721479e-06
-2.151989987231932e-05 -2.436264017015220e-06 1.282851087667975e-05 1.293374623915018e-06
-2.768927255229300e-05 -5.726800312363049e-06 1.430503507133138e-05 4.257468102365664e-06
-2.612150096714619e-05 -4.041092612387380e-06 1.363244890784443e-05 3.976718256399693e-06
-2.457044441677241e-05 -2.387785035646779e-06 1.276266535395505e-05 2.664475806946299e-06
-3.085897281943589e-05 -5.758167746028166e-06 1.624563704485397e-05 6.058208562216288e-06
-2.926396366623096e-05 -4.045999752312188e-06 1.517344556442435e-05 4.204285533844996e-06
-2.768758356006741e-05 -2.359842852817741e-06 1.445477651460657e-05 4.559094225841508e-06
-3.407530573356557e-05 -5.777509298267491e-06 1.421901980499815e-05 1.712299405088682e-06
-3.246114121456866e-05 -4.048656674230230e-06 1.593926020860379e-05 3.651230311280892e-06
-3.085782763975111e-05 -2.337698124521789e-06 1.636133615298479e-05 1.669299072654668e-06
-3.732412146620391e-05 -5.790576664088327e-06 1.935913237085386e-05 3.490804278432499e-06
-3.569563860717742e-05 -4.046040858307694e-06 1.571389086199648e-05 3.582172432226364e-06
-3.407652094631934e-05 -2.317333793069363e-06 1.422310424072086e-05 5.536015402028506e-06
-4.430201087328525e-05 -5.596034197026394e-06 1.842652552855591e-05 5.504628874094367e-06
-4.383945463198522e-05 -5.787823709738710e-06 1.793366609103328e-05 5.624453745354461e-06
-3.878481489741294e-05 -4.043854076356477e-06 1.961172985926311e-05 3.372883416613555e-06
-4.058411322568119e-05 -5.790969251306589e-06 1.658833502394168e-05 4.381792255678421e-06
-3.732501000295310e-05 -2.299083501265905e-06 1.953494811746819e-05 3.474043207297229e-06
-4.449358516345982e-05 -5.133196771343765e-06 1.864502738615442e-05 5.143349374971458e-06
-4.339988669582508e-05 -4.042912298583545e-06 1.738363448026700e-05 4.210398772172715e-06
-4.058426564214000e-05 -2.295490662924091e-06 1.628832587377976e-05 2.858821356442606e-06
-4.449360305928985e-05 -2.952645364416176e-06 1.856378696153300e-05 3.411179557515290e-06
-4.383950178115872e-05 -2.298059574720079e-06 1.775832728031808e-05 2.800683602003235e-06
-4.430203779953985e-05 -2.489834888423933e-06 1.831675703297258e-05 2.967064310675256e-06
