5.929796743784375e-05 -8.154025277305241e-06 -1.647658173951700e-05 2.791218760506252e-06
5.954375128017440e-05 -7.560865860906021e-06 -1.645025068865004e-05 2.862610844535614e-06
5.954422435762825e-05 -4.765029979641655e-06 -1.628122074452950e-05 3.135725728096056e-06
5.929855329653703e-05 -4.172358044216107e-06 -1.628428468734480e-05 3.159721334264022e-06
5.870463091845415e-05 -8.399668973351753e-06 -1.653745695786408e-05 2.758878195394250e-06
5.759321489684379e-05 -6.163709468872271e-06 -1.640487304229656e-05 2.871802029278143e-06
5.870551629732928e-05 -3.927002943770233e-06 -1.630329592523383e-05 3.163340432841763e-06
5.453456613894561e-05 -8.400557157938695e-06 -1.628164536155266e-05 2.448570821586372e-06
5.453670332317259e-05 -3.933470155533247e-06 -1.603248047327633e-05 2.713650940071709e-06
5.223574750490263e-05 -6.168579507360994e-06 -1.612309175642473e-05 2.633752887254856e-06
5.036672546650170e-05 -8.402989838712564e-06 -1.570850879185906e-05 3.099075863266290e-06
5.036521620580924e-05 -3.932331395809550e-06 -1.625212129221957e-05 3.068708967487403e-06
4.827617478551149e-05 -6.166000153387732e-06 -1.552158932400387e-05 3.446300849932257e-06
4.619245675603963e-05 -8.391420374824390e-06 -1.458190359590509e-05 3.886957603711520e-06
4.619085336238823e-05 -3.937143754377988e-06 -1.471431266885561e-05 2.996851848729168e-06
4.411401219168255e-05 -6.163100544692160e-06 -1.341454326285019e-05 3.212957876277173e-06
4.204992267084143e-05 -8.373132406395998e-06 -1.332420701098719e-05 2.670312303812571e-06
4.204878069657113e-05 -3.951989660548835e-06 -1.370878540251980e-05 3.449545376145830e-06
3.998737873827258e-05 -6.162277969753843e-06 -1.321066556173753e-05 3.004234536127934e-06
3.793034042702007e-05 -8.362109051328047e-06 -1.322269980504372e-05 2.823703849419500e-06
3.792798725413071e-05 -3.961207583486290e-06 -1.404773120130145e-05 3.557301922624067e-06
3.587482790937804e-05 -6.161294602223720e-06 -1.296511566778203e-05 3.442681575679593e-06
3.383847107707674e-05 -8.336135926473530e-06 -1.248577996718407e-05 3.721808476678556e-06
3.383998739940530e-05 -3.990677735435300e-06 -1.260044073668307e-05 2.846642929929131e-06
3.181553185365235e-05 -6.165878465204585e-06 -1.222852292985507e-05 3.213030558215599e-06
2.981727720663847e-05 -8.297814949870615e-06 -1.206580122001286e-05 4.519589534937668e-06
2.981933597161025e-05 -4.038981423570284e-06 -1.229390023004773e-05 1.965257269139442e-06
2.783560383291860e-05 -6.169734299403665e-06 -1.204218018095102e-05 3.314825619153153e-06
2.589259655798983e-05 -8.234718063688995e-06 -1.127772703634873e-05 5.656530277197193e-06
2.589014854665573e-05 -4.101550562224789e-06 -1.115648674992112e-05 9.607449221434199e-07
2.396743765037980e-05 -6.166230264660371e-06 -1.065436023857122e-05 3.136740235474267e-06
2.208794780701630e-05 -8.159684845446169e-06 -1.097450008098008e-05 3.812481373776406e-06
2.208892563317529e-05 -4.174275248149893e-06 -1.064723682051007e-05 2.052570386615202e-06
2.023077646132729e-05 -6.168812652571950e-06 -1.024958758402608e-05 2.767836396350693e-06
1.842099973171920e-05 -8.084102158790104e-06 -8.727042983168968e-06 3.521316793248716e-06
1.842412037974658e-05 -4.261694002279992e-06 -9.146183519594051e-06 2.393426996405168e-06
1.671385587060793e-05 -6.175327152178548e-06 -7.817342520278091e-06 3.198936201396489e-06
1.506550991976352e-05 -7.990543949553700e-06 -8.175746902115225e-06 2.307489467215948e-06
1.506441163150536e-05 -4.367345768646343e-06 -7.890845855415548e-06 3.495062578857449e-06
1.384603187256388e-05 -6.312639371084862e-06 -8.626496418889306e-06 2.805185213015844e-06
1.265905587922184e-05 -7.899074500092630e-06 -8.348648072989081e-06 3.000321575852527e-06
1.265545492789852e-05 -4.460018052082240e-06 -7.936683499577259e-06 2.320838092195485e-06
1.099442950049692e-05 -7.818351397581598e-06 -6.908516141684048e-06 3.147447342070452e-06
1.129434444243229e-05 -6.744243739545507e-06 -7.129334780799305e-06 2.710163328753304e-06
1.099058477836116e-05 -4.517332706899735e-06 -6.888901156974032e-06 2.443593754697997e-06
9.829363090403984e-06 -4.575752833039371e-06 -6.378036186193869e-06 2.766262868185089e-06
-1.373298242330964e-06 -9.592786331446156e-07 -7.752548678120641e-06 -2.720220511102571e-05
-1.415826687461578e-06 -9.102426218396300e-07 -4.912787683294239e-05 2.295093621075601e-05
-1.409285250974816e-06 -5.806259136407892e-07 2.120265714432406e-05 9.300770724059293e-05
-1.380678035386535e-06 -6.065338317102496e-07 2.950364784832161e-05 1.075601607627481e-05
9.824522716418181e-06 -7.763133075500669e-06 -5.988091746414842e-06 2.947455210588819e-06
8.809259096021225e-06 -7.657406267036434e-06 -5.971728513057827e-06 3.028669563153582e-06
9.574762423666786e-06 -5.775048922741725e-06 -6.149134839353108e-06 2.965465866852943e-06
8.789095328781483e-06 -4.546903723361967e-06 -6.271103870576048e-06 2.933154110460381e-06
-1.272012687955547e-06 -9.700342005375097e-07 3.145783879113319e-05 -1.739729763843989e-05
-1.100179947410696e-06 -7.623145796037786e-07 -9.876089626496488e-06 -1.393014872489400e-05
-1.324866565125474e-06 -6.378425789696759e-07 2.444403335614655e-05 -5.298984164829127e-05
8.472951115836681e-06 -6.685490283188274e-06 -6.052874063967380e-06 3.134109731994133e-06
7.832531847954151e-06 -7.429867814281102e-06 -5.928024650204786e-06 3.393370674477025e-06
6.919246940689018e-06 -7.114422532951063e-06 -5.442116052734912e-06 3.908141855482442e-06
8.166055899607184e-06 -5.391382052362732e-06 -6.093040620698097e-06 3.170958951072617e-06
7.830074706528352e-06 -4.363954417492039e-06 -5.465627947912986e-06 2.344228388395160e-06
-8.413932208433986e-07 -9.821223125808579e-07 -4.731741686499994e-06 4.853651579617062e-06
-8.433067018042585e-07 -5.177092016475715e-07 1.037055970120881e-05 1.628272013060218e-05
-6.077518938359404e-07 -8.141636654429048e-07 -1.217136500278469e-05 -1.750256966925862e-05
6.085535211423802e-06 -6.693712448512997e-06 -4.390734079090737e-06 4.282915750864604e-06
6.785818910212275e-06 -6.150674671823076e-06 -5.420892408433685e-06 3.605838627449724e-06
7.094993568802749e-06 -4.981386090570032e-06 -5.001499512173906e-06 2.483040633635838e-06
6.964446489222894e-06 -4.045415286379889e-06 -4.359987181278559e-06 1.988784089845224e-06
-3.645398163724396e-07 -1.019583135400431e-06 1.156694828753617e-05 7.219181593017950e-06
-3.544051137761135e-07 -5.168733808445566e-07 -3.138951120317152e-06 -8.311604480274509e-06
-7.060735792690531e-08 -7.800261713421102e-07 -3.071186984545086e-06 1.317339624814910e-05
5.324335864084620e-06 -6.207877143324640e-06 -3.046501203685825e-06 3.272485341975748e-06
4.657351360689073e-06 -5.663298406167434e-06 -4.488567380467662e-06 2.771448628850833e-06
6.033089826923706e-06 -4.809747422114321e-06 -3.970365213014450e-06 1.905827565864471e-06
6.210134515832454e-06 -3.599256060633568e-06 -4.882778715888206e-06 2.695646102699508e-06
2.454445951723822e-07 -1.103372502864664e-06 -2.320545397793409e-06 -5.500525290925583e-06
2.258174484913536e-07 -4.261885261495144e-07 4.945318449964609e-06 -9.294624542407002e-06
4.827203583841122e-06 -4.858264233989875e-06 -4.824806503190706e-06 2.356000591799738e-06
4.087096543499953e-06 -5.055565349500558e-06 -4.651515897108801e-06 2.358181713639246e-06
5.102686455958056e-06 -3.989359255574652e-06 -5.375421912037685e-06 2.805665042028889e-06
5.578873599827504e-06 -3.072674671350961e-06 -5.851608755135442e-06 2.157077428341225e-06
5.850003253258788e-07 -7.632886101018853e-07 -3.144319515178163e-06 8.425718459179611e-06
9.877165747562434e-07 -1.211818729018408e-06 6.932786715750021e-07 3.013447249088265e-07
1.008627783750632e-06 -3.114368819857458e-07 -1.431539846400574e-06 5.817194376699616e-07
3.596137025293357e-06 -4.413241994543249e-06 -4.338534352985192e-06 2.618005479313404e-06
3.223587315392264e-06 -3.772882229722219e-06 -2.589793012435608e-06 2.239947548760768e-06
2.947012342558254e-06 -3.106970131882564e-06 -1.271406175290450e-06 1.361955743519735e-06
4.546878346024583e-06 -3.238580540172577e-06 -4.935415692939588e-06 2.017533683938857e-06
5.083314902872193e-06 -2.500710181615090e-06 -5.575122099736464e-06 1.155693853957957e-06
1.323510590179019e-06 -7.584558892023393e-07 -2.427155567463423e-07 -2.560809487198217e-06
1.731730272076973e-06 -1.328661195122168e-06 -4.133740377258243e-06 -3.189218840330096e-06
1.726607691951728e-06 -1.753272681007134e-07 -1.028397260568043e-07 1.376371234005798e-06
3.583722435166827e-06 -3.099225414083343e-06 -3.100492119832951e-06 1.559588008889293e-06
2.745896453778524e-06 -2.443543377895544e-06 -1.071285166710739e-06 -1.172914899586530e-06
2.388279189681810e-06 -1.439723885082678e-06 -1.078773540255615e-06 5.689297777255768e-07
2.563416475694700e-06 -1.551597118003714e-06 -2.221381603736131e-06 4.485095844404268e-07
2.648280170472535e-06 -1.780006041898312e-06 -2.498578901443543e-06 -1.284475888149765e-07
4.171457967259317e-06 -2.421174674568763e-06 -4.927590903938937e-06 1.287404958853447e-06
4.716347517218160e-06 -1.904622986998466e-06 -5.734074968965470e-06 3.149902146100982e-06
2.097562147600901e-06 -8.480982320234942e-07 -1.638142490591672e-06 -4.206651624712466e-08
2.409674852545015e-06 -9.568148144798280e-08 -4.481058635310671e-06 -5.200053668697675e-07
3.191377738678514e-06 -1.978406116689467e-06 -1.933898523062088e-06 -7.931636842088358e-07
2.587125401941668e-06 -1.136546439079622e-06 -2.326976608223575e-06 -8.533775770419556e-07
2.801600413216038e-06 -1.480397029959756e-06 -2.779559972085744e-06 -4.668410071336442e-07
3.913710056601225e-06 -1.720228324493267e-06 -4.177642044143183e-06 1.190829626102521e-06
4.477316943551435e-06 -1.310480497459396e-06 -5.677926144734164e-06 1.422766782979535e-06
2.620635225824359e-06 -4.820465678284428e-07 -2.987945576420183e-06 -2.903389715642594e-06
2.612456534646465e-06 1.893306450679765e-09 -4.245814190883929e-06 -2.506041719881771e-06
3.333526297093677e-06 -9.803112803289567e-07 -3.115741372305337e-06 -3.438146139092127e-06
4.380537089168562e-06 -7.355484228403285e-07 -5.032257637169197e-06 -1.774491963240223e-06
4.385333656381016e-06 -1.976695890185565e-07 -4.839087656348812e-06 -2.551397073666490e-06
3.026220715492092e-06 -1.188778369291025e-07 -3.459591986922893e-06 -4.786324165352063e-06
2.737200358972620e-06 2.051057296693734e-07 -4.320207998884948e-06 -3.716120280728656e-06
2.897580603183063e-06 7.482713224386919e-07 -2.477099731805140e-06 -2.275763788833517e-06
3.863275783438793e-06 -1.180760592168746e-07 -3.031438090971207e-06 -3.301816984073671e-06
3.117400775434702e-06 1.244182310697508e-06 -7.147283815023970e-07 -2.127502967797147e-06
4.501268583708734e-06 3.362715943143340e-07 -5.547078316526005e-06 -2.061173028593504e-06
3.394588533483312e-06 7.774174254376691e-07 -1.269787716693240e-06 -1.646860978859242e-06
4.090612983558057e-06 8.207112510613707e-07 -4.476446372513975e-06 -1.533491423274695e-06
3.376846842475960e-06 1.703654508180068e-06 -1.144930291884890e-06 -2.898685218918338e-06
4.704710405519811e-06 8.245752610454012e-07 -6.781173005957579e-06 -1.577893699005506e-06
4.501770892185659e-06 1.281352660337885e-06 -6.414638904226569e-06 -1.848874011900617e-06
4.053212337015961e-06 1.552806079415037e-06 -4.611927444946917e-06 -2.454451443013514e-06
3.684414845284422e-06 2.114626709695250e-06 -3.348716172402815e-06 -4.132254870048457e-06
4.031431717621736e-06 2.478411973360183e-06 -5.058509665106835e-06 -4.710405176268156e-06
4.976273790550819e-06 1.265443420861551e-06 -7.235367586051115e-06 -1.932088079943702e-06
4.762788460080203e-06 1.768758876543348e-06 -6.979662558484147e-06 -2.923201301997342e-06
4.515770067252273e-06 2.329693299102053e-06 -6.453233840618887e-06 -4.397820224626628e-06
4.410812591468873e-06 2.780279769245340e-06 -5.909190482267440e-06 -4.759303637617029e-06
5.293580467515178e-06 1.634767672290411e-06 -5.334573086239697e-06 -2.380078297165450e-06
5.185075625955626e-06 2.316504332477382e-06 -4.063033020331661e-06 -4.030971747075814e-06
4.798764072108268e-06 3.033881703952332e-06 -3.339922897846556e-06 -5.017454968665577e-06
5.189857075228394e-06 3.232707659477605e-06 -5.186785165372475e-06 -7.382715089821978e-06
5.596032282937409e-06 3.381237089484214e-06 -6.379376604764856e-06 -7.175732897904483e-06
5.640537909206701e-06 2.454377656618148e-06 -5.853261147843111e-06 -6.027397361555960e-06
5.644247792419889e-06 1.920762731221242e-06 -5.091531720713690e-06 -3.245180265600081e-06
5.548424128360351e-06 2.963000410092880e-06 -6.324887300602626e-06 -7.138734300254087e-06
6.008430203194961e-06 3.483897542062093e-06 -7.051431752462139e-06 -6.389554588132556e-06
6.416501212846614e-06 3.530372621992161e-06 -7.652113117775210e-06 -6.023327837029772e-06
5.995651872846520e-06 2.573528498498724e-06 -7.467237492839442e-06 -6.775436172007449e-06
6.025307451443252e-06 2.133014980018311e-06 -7.572993938660170e-06 -5.413546517092400e-06
6.818485703854109e-06 3.531312068503263e-06 -8.061024331786541e-06 -6.069416158532020e-06
6.385058989875038e-06 2.964449335707364e-06 -7.530643789746595e-06 -5.676334955174089e-06
6.426719711633110e-06 2.272703901612431e-06 -8.300897261707977e-06 -5.615514599855749e-06
6.910024296661325e-06 3.016406760029628e-06 -7.918597289816633e-06 -5.130614306365780e-06
7.240681083102169e-06 3.508173391842696e-06 -8.790455674728662e-06 -6.891892845808480e-06
6.827440953366314e-06 2.327066012401146e-06 -7.618359597534045e-06 -4.031004991295153e-06
7.807597930098173e-06 3.487727942946638e-06 -9.907156263377482e-06 -7.451213122947324e-06
7.368684007206823e-06 2.728041686970996e-06 -8.750272432491914e-06 -4.127735263342413e-06
7.242952964630791e-06 2.345670090183918e-06 -8.613647985953639e-06 -3.085630591217369e-06
8.539869882807085e-06 3.457744124411224e-06 -1.251263674476805e-05 -6.648308688393185e-06
8.187707852837819e-06 2.885647270520405e-06 -1.151875360169376e-05 -4.734874809729632e-06
7.806280554625865e-06 2.369650881554163e-06 -1.039540368780014e-05 -2.689288318528594e-06
9.435561441596492e-06 3.434218781002120e-06 -1.457476268868078e-05 -7.016677434800069e-06
8.994519318898810e-06 2.937118102556850e-06 -1.332602953242315e-05 -5.655875620955601e-06
8.535233527416694e-06 2.408458126802221e-06 -1.183718294733727e-05 -4.119588189372883e-06
1.033477388454626e-05 3.419512113408541e-06 -1.690566826225587e-05 -6.928446299843556e-06
9.889383302156272e-06 2.942484849303005e-06 -1.602841085543650e-05 -5.241528797661965e-06
9.433695830739474e-06 2.447086636917897e-06 -1.507058852808587e-05 -4.071447733684670e-06
1.121128270267048e-05 3.410910530243371e-06 -1.961646139920494e-05 -7.830035381088617e-06
1.077656394509709e-05 2.941899622463751e-06 -1.764787784726336e-05 -5.458268294855754e-06
1.033608596590949e-05 2.464822246673070e-06 -1.653512629164718e-05 -3.772656962089199e-06
1.207173054988987e-05 3.410079885282491e-06 -2.368005037343896e-05 -6.241709723984494e-06
1.164184154759520e-05 2.946710638842493e-06 -2.225934363180388e-05 -4.987371549303193e-06
1.120901583207661e-05 2.476971063658519e-06 -2.006518985739473e-05 -2.595068482202638e-06
1.291616269905070e-05 3.403086590091529e-06 -2.669601699060648e-05 -7.478030929584672e-06
1.249728037365406e-05 2.951934157235348e-06 -2.460562362469782e-05 -5.644018403789856e-06
1.206998062472951e-05 2.488918281050316e-06 -2.325298431494443e-05 -4.285999694125412e-06
1.374970730341513e-05 3.402638368286245e-06 -3.012005905455501e-05 -6.589781509212198e-06
1.333217154886437e-05 2.953699780757854e-06 -2.888991662207600e-05 -5.626212271713774e-06
1.291537231395427e-05 2.503301994616876e-06 -2.663836741878741e-05 -4.039687187509383e-06
1.459869058080390e-05 3.405851148679950e-06 -3.439899525825507e-05 -7.738594749232014e-06
1.417242984846319e-05 2.952469616080366e-06 -3.178884502647238e-05 -4.617367216235235e-06
1.375113351915345e-05 2.503169711792142e-06 -3.079758347272839e-05 -3.524745296274510e-06
1.543783255030649e-05 3.401924744008944e-06 -3.838417615149946e-05 -7.845194654983184e-06
1.502116666192770e-05 2.957180712981066e-06 -3.666301589031557e-05 -5.548619390411332e-06
1.459639109884885e-05 2.503153120714690e-06 -3.377354465963225e-05 -2.261821445066470e-06
1.625570476155618e-05 3.396982177362043e-06 -3.975516395780851e-05 -7.364116481821338e-06
1.584852974592875e-05 2.960135889530659e-06 -3.919415583412434e-05 -5.703936996412462e-06
1.543637284107688e-05 2.516479253635293e-06 -3.833851553556479e-05 -3.670970231093816e-06
1.802942190903770e-05 3.359873613004245e-06 -4.981379361653012e-05 -7.616773248232278e-06
1.791306775473513e-05 3.408060271654694e-06 -4.941233147613579e-05 -7.865562609464650e-06
1.662455166446787e-05 2.957961954400106e-06 -4.176578395410556e-05 -4.899937640771610e-06
1.708386451041882e-05 3.401944417521870e-06 -4.562310518637875e-05 -8.175934286335468e-06
1.625796843968378e-05 2.520842090622866e-06 -4.026096431729267e-05 -3.167388123704740e-06
1.807760483987496e-05 3.243521942031561e-06 -4.996628158774950e-05 -7.086418048993881e-06
1.780036423297751e-05 2.967750467110101e-06 -4.905965979155595e-05 -5.820916887168563e-06
1.708018797528402e-05 2.520063006848254e-06 -4.521472103193241e-05 -2.040667327872291e-06
1.807661368976207e-05 2.693446134871990e-06 -4.985313841435117e-05 -4.726818249169679e-06
1.791095223624965e-05 2.527397226364570e-06 -4.917361717396661e-05 -3.780099529687325e-06
1.802808723190720e-05 2.576123052315925e-06 -4.966223130348665e-05 -4.088695478682218e-06
