-2.976270658156334e-05 5.323403318747148e-06 4.931192331900634e-05 -5.876262974814791e-06
-2.986745460856408e-05 5.072510942603100e-06 4.947122454666674e-05 -5.600294133642638e-06
-2.986719933166566e-05 3.889981269272355e-06 4.947742135624122e-05 -5.216492982144428e-06
-2.976253721470782e-05 3.639778863976559e-06 4.932017569020879e-05 -4.951683868287937e-06
-2.951024548138484e-05 5.427002654676589e-06 4.896428408147403e-05 -6.000979615973779e-06
-2.903619366968964e-05 4.481745860810731e-06 4.821575697841012e-05 -5.409582001923649e-06
-2.951043656454362e-05 3.536562318838548e-06 4.897900340065958e-05 -4.832624880091294e-06
-2.774029882073022e-05 5.420540078707033e-06 4.506963381195014e-05 -7.003098430764930e-06
-2.774305503731754e-05 3.551380319473322e-06 4.510639725119728e-05 -3.936616729677538e-06
-2.678795096534529e-05 4.488840869264972e-06 4.508460994850881e-05 -5.571008118124987e-06
-2.600966432471249e-05 5.427642415762982e-06 4.353099672627694e-05 -7.884293184083344e-06
-2.600933118002550e-05 3.550325455142958e-06 4.377640751098924e-05 -3.354884356461827e-06
-2.513626895214509e-05 4.488049559221351e-06 4.099078239571049e-05 -5.444065823002064e-06
-2.426468900890456e-05 5.422289611459090e-06 4.007120679419264e-05 -5.190922178139912e-06
-2.426383517097266e-05 3.551163676266222e-06 3.992559370282703e-05 -4.683730064581083e-06
-2.339395181173390e-05 4.485376316996513e-06 3.997548784885256e-05 -4.975962107300634e-06
-2.252675444280285e-05 5.414821290064830e-06 3.853789525172228e-05 -7.287558523885948e-06
-2.253077453277052e-05 3.559240006293988e-06 3.925714194291199e-05 -3.543330777158587e-06
-2.166449888588951e-05 4.487876526238353e-06 3.606881714920629e-05 -5.794343656924530e-06
-2.080596274039974e-05 5.406424038690091e-06 3.338881093733394e-05 -7.255316957739582e-06
-2.080524303685809e-05 3.568621209966542e-06 3.409695569979922e-05 -4.616324460107402e-06
-1.994449938744693e-05 4.487429359598773e-06 3.231408153663944e-05 -5.693561324372198e-06
-1.908018374492008e-05 5.407106092775016e-06 3.201525955756574e-05 -5.773321766694688e-06
-1.908390147211075e-05 3.572976736497112e-06 3.129670236591813e-05 -4.292603006183805e-06
-1.822190610977562e-05 4.493029607513312e-06 2.989579997044897e-05 -4.477561229024202e-06
-1.737188262932353e-05 5.402384624312714e-06 2.748071414558520e-05 -7.071349121309518e-06
-1.737156096287068e-05 3.583419791243315e-06 2.777548473792961e-05 -2.921726520424644e-06
-1.652538087325744e-05 4.490762133918976e-06 2.618564828332832e-05 -5.648930134417611e-06
-1.567937629078700e-05 5.393610801442172e-06 2.352942060488247e-05 -9.316286011527211e-06
-1.567735484653272e-05 3.580280820369976e-06 2.378618499421435e-05 -2.341418371910936e-06
-1.483200500402814e-05 4.485330242699524e-06 2.075271331869462e-05 -5.092744077100891e-06
-1.399420966491987e-05 5.382465456900958e-06 1.937694208245419e-05 -5.486352737052773e-06
-1.399326385938033e-05 3.589372399538615e-06 1.991161358465422e-05 -4.922302597113725e-06
-1.315706856709523e-05 4.487008817806247e-06 1.854880634097213e-05 -5.709909548766114e-06
-1.231634068221852e-05 5.389917170799068e-06 1.771790960727411e-05 -6.173040262451679e-06
-1.231700465978569e-05 3.587084013788292e-06 1.653109741196965e-05 -5.061096384660306e-06
-1.151075253371655e-05 4.490227653961462e-06 1.655559133063971e-05 -3.798111084096975e-06
-1.070997150422392e-05 5.381855638797301e-06 1.443853372659562e-05 -7.805664210206951e-06
-1.071148457427691e-05 3.596274719526788e-06 1.543952320100600e-05 -3.383506940285927e-06
-1.011163807066012e-05 4.557811299834101e-06 1.209370535759865e-05 -6.953379291850002e-06
-9.493933174517367e-06 5.384212847774653e-06 9.223732492383195e-06 -7.629192499423171e-06
-9.490794373719577e-06 3.579744338928131e-06 9.944870513655011e-06 -2.172178745725838e-06
-8.596504997960807e-06 5.386257397156729e-06 7.810623027494224e-06 -7.790732893989168e-06
-8.773798818327387e-06 4.787160182312806e-06 8.629780247311583e-06 -5.245100104878866e-06
-8.597969539211631e-06 3.577334059547842e-06 9.196486561657020e-06 -4.987761089404293e-06
-7.945363901724734e-06 3.570137752911655e-06 8.886868931790481e-06 -6.079048468686008e-06
1.385282768552422e-06 3.449038341084894e-07 5.330513708075244e-06 1.615526508299778e-05
1.419197107444569e-06 2.037065596543818e-07 1.652596343881851e-05 -5.908964205586862e-07
1.420157205764286e-06 4.096701501761537e-08 2.531361897784718e-05 -3.738408680062646e-06
1.396330040868815e-06 -2.753332958543865e-08 3.066135340305107e-05 4.168938252358889e-05
-7.941089867301479e-06 5.388738545957979e-06 5.169624920890185e-06 -8.229147202268944e-06
-7.352968305852051e-06 5.354729127239695e-06 5.920957011314890e-06 -7.122369784513523e-06
-7.816619792125757e-06 4.254547323321378e-06 8.332540754139459e-06 -5.653565622661389e-06
-7.356684372057750e-06 3.512394955835282e-06 7.560163623345876e-06 -3.672057594551594e-06
1.284007871009069e-06 4.126977941080195e-07 3.840956308420525e-05 -2.216282859834624e-06
1.179215474394008e-06 1.393821376777004e-07 -6.384273595620658e-05 -1.941531709085835e-05
1.340089742166625e-06 -6.378948256091024e-08 7.591346142180318e-05 4.825013934761178e-05
-7.166938799563526e-06 4.798561543473226e-06 6.214162315206443e-06 -7.717732465414348e-06
-6.769921319226018e-06 5.255793410733615e-06 7.698204988442082e-06 -5.955011014576811e-06
-6.196546042925134e-06 5.091492396172221e-06 7.466394042967541e-06 -5.833358233965817e-06
-6.988749104745746e-06 4.014197679012320e-06 7.194039953208282e-06 -2.918118403102865e-06
-6.780598918762039e-06 3.361382130461065e-06 6.498874470305618e-06 -8.062531467995453e-07
8.623346919963213e-07 3.568644621171159e-07 1.006989715538987e-05 2.158373000157073e-05
8.674203116645965e-07 -9.989666008017250e-08 1.029038514596886e-05 -7.308936774306069e-06
6.279109654106820e-07 1.567015439272798e-07 -3.882807747291692e-06 -3.114955308061077e-05
-5.641409385126055e-06 4.864113684623176e-06 5.326594896857024e-06 -5.987370324168820e-06
-6.123350519962765e-06 4.499763457369491e-06 6.856147964514746e-06 -6.234439260207309e-06
-6.319732636821773e-06 3.745128648050362e-06 7.016382238114621e-06 -2.416630956808359e-06
-6.236168081576881e-06 3.105764409742406e-06 6.979767732945569e-06 -4.548173437543295e-06
3.811415712297066e-07 4.209021976330306e-07 5.868914339233736e-06 1.835780431704614e-05
3.598079625428079e-07 -1.256462741556659e-07 3.898743372747647e-07 2.977749657596680e-05
8.241244447121465e-08 1.311074835745946e-07 -1.413570746301014e-05 -4.539045421638728e-05
-5.111467657818696e-06 4.568667634130213e-06 2.926445337862395e-06 -5.119619815381038e-06
-4.613691375188145e-06 4.217937173055902e-06 -3.398543812905400e-07 -4.564349718418930e-06
-5.613832958780498e-06 3.617748217932193e-06 6.431041188182841e-06 -4.611897108691125e-06
-5.741518182125656e-06 2.753384315968219e-06 1.974177686323469e-06 -1.589127011288189e-06
-2.376570557371125e-07 5.023860005272084e-07 8.635315717383417e-06 1.558132785570024e-05
-2.295150836704629e-07 -2.133511824825878e-07 3.974071414675552e-06 1.280326133703450e-05
-4.738147506592039e-06 3.662406314381093e-06 2.397036938612431e-06 -3.185717793344246e-06
-4.172275399070627e-06 3.813643689826118e-06 1.205391699003133e-06 -4.914393739371766e-06
-4.946710875899174e-06 3.026078324002959e-06 6.466834112075309e-06 1.671434626619441e-07
-5.316483374811562e-06 2.332299930083103e-06 7.598177369402630e-06 -4.479649010196640e-06
-5.958685024755154e-07 1.499404393645308e-07 -7.301259682056561e-06 -1.585245909428599e-05
-1.011324076592180e-06 6.109516666891275e-07 5.627092723740196e-06 -2.252318817182356e-07
-1.017860867408932e-06 -3.315314668961144e-07 7.438580217568646e-07 7.981851428777276e-07
-3.781456906406139e-06 3.357538647026566e-06 3.340567905859147e-06 -4.538010141433043e-06
-3.445008976927701e-06 2.864117751471014e-06 2.129302987938568e-06 -2.252204886151543e-06
-3.160890821377770e-06 2.335502214061062e-06 1.523784482379875e-06 -1.002005887510021e-06
-4.517528537012573e-06 2.452420165835380e-06 4.176186169799902e-06 -2.551704696676293e-06
-4.963877741077800e-06 1.841875674011890e-06 6.973473408949281e-06 -3.280711018740027e-06
-1.359033186209124e-06 1.474766992479762e-07 6.994587202627182e-06 3.692222207730207e-06
-1.775285408408736e-06 7.480985724491799e-07 -1.217644402829413e-05 -1.020903427848626e-05
-1.760866146129009e-06 -4.534072381959776e-07 -5.050173019544437e-06 -4.333245896464076e-06
-3.732266807291788e-06 2.336038173850568e-06 2.604071211771387e-06 -5.689043722327707e-07
-2.940648364037228e-06 1.778718083410526e-06 -2.051349831296198e-07 -4.560184047527077e-06
-2.468964491490246e-06 8.648523044038429e-07 8.202961896247323e-06 -3.892019128260276e-06
-2.670153340107466e-06 9.688126267507418e-07 -5.254552943579434e-06 7.241897007343634e-06
-2.783224509327083e-06 1.179786501361456e-06 -1.369119661637636e-05 1.147935669571852e-05
-4.221067955331014e-06 1.771935842249618e-06 -3.106643756455392e-06 -4.583880482336693e-06
-4.707893740855942e-06 1.315403163778901e-06 6.416609369765756e-06 2.881306856097131e-06
-2.141482353719890e-06 2.261578444110260e-07 3.672052119145962e-06 4.917779282493184e-06
-2.449728137916329e-06 -5.389862362975917e-07 3.020666608556978e-06 2.676227146196203e-06
-3.342389026079038e-06 1.370995161671696e-06 5.939005683736108e-06 -1.317238508844571e-06
-2.678937702534136e-06 5.440008406406077e-07 4.886545960627844e-06 -4.250328984937293e-06
-2.922523116925729e-06 8.931058628714602e-07 -9.802744591470639e-06 8.921388476646152e-06
-3.996377888097970e-06 1.143700149722868e-06 2.474650219565936e-06 -6.676603464273344e-06
-4.552894362582301e-06 7.442034361258773e-07 7.420737480113481e-06 7.992202919216292e-06
-2.678564041417423e-06 -1.394987972661982e-07 7.033167028305638e-06 8.928285135785001e-07
-2.655096802415545e-06 -6.425863261324319e-07 -1.093216292751205e-06 8.669384388227417e-06
-3.440934216647516e-06 4.206745833953466e-07 1.355589425886647e-06 -6.110735181874537e-06
-4.508362782082993e-06 1.714516696206941e-07 -3.405123917844711e-06 4.380353776610018e-06
-4.586972616658899e-06 -4.089830268043144e-07 -6.323247788934014e-07 -1.682884925375460e-08
-3.084246354873606e-06 -5.073918496879294e-07 7.598546436829027e-06 6.209863182168920e-06
-2.771443639456465e-06 -8.726969444837519e-07 -7.974222744935806e-06 1.176871799184077e-05
-2.890647394409816e-06 -1.520733561700983e-06 -1.399012296387992e-05 3.084646458014845e-06
-4.005514503570927e-06 -4.756219190954037e-07 -1.053083419091294e-07 -3.377082662560551e-06
-3.079276726995848e-06 -2.169189757815854e-06 -2.714393838380922e-06 1.775701260331315e-06
-4.791762893519415e-06 -1.007716016237728e-06 1.022708443517222e-05 1.052189841329398e-06
-3.440846858466423e-06 -1.540002275821894e-06 2.984502272715107e-06 -3.619219777017772e-06
-4.320406968116110e-06 -1.584805089692149e-06 6.462851224597280e-06 -2.572015223135379e-07
-3.371077515673358e-06 -2.798284887633074e-06 1.785396628106405e-05 6.793934688798729e-06
-5.134232150687136e-06 -1.599802888033498e-06 1.114172624836986e-05 8.071145336181420e-06
-4.891729356189816e-06 -2.191633557492932e-06 3.838570847882333e-06 1.450732342066052e-06
-4.256382108379540e-06 -2.583440152799693e-06 8.948040459960805e-08 -1.230615797540888e-06
-3.741479775963727e-06 -3.398139406977560e-06 -1.573985895614602e-06 1.826349731621992e-06
-4.202101656580935e-06 -3.997398359265414e-06 3.938312405038615e-06 5.601035498523515e-06
-5.591716263457134e-06 -2.153811838915199e-06 3.993534145093183e-06 7.678172027417521e-07
-5.280715553489834e-06 -2.893086042497201e-06 2.356941042637710e-06 7.104514917316964e-07
-4.896489053555495e-06 -3.772607603720548e-06 7.898853153159820e-06 2.551728039065533e-06
-4.734541118070169e-06 -4.543068468961789e-06 1.089945118757958e-05 2.611568158165127e-06
-6.162496719065626e-06 -2.656309630455907e-06 7.743414186523365e-06 3.284110331252124e-06
-5.998688221394579e-06 -3.765399452771785e-06 8.593911634776218e-07 -2.185844372519087e-06
-5.355229926935742e-06 -5.021589332690612e-06 6.746751376210875e-07 9.546256165179597e-07
-6.038488707972315e-06 -5.452069922605345e-06 2.657252770856972e-06 8.088115643388848e-06
-6.778653956235713e-06 -5.817822473685375e-06 2.619171118872776e-06 4.609325804684245e-06
-6.841432165914498e-06 -4.011653157083131e-06 2.484780346765563e-06 1.117644686959264e-06
-6.834001855948721e-06 -3.073289849507842e-06 2.054125057908708e-06 3.130564668386158e-06
-6.666296900711161e-06 -4.966065851150170e-06 3.726762511908166e-06 5.180234841899331e-06
-7.587860478494066e-06 -6.086103518675860e-06 3.915754269834501e-06 -6.050020643146014e-07
-8.443855402983703e-06 -6.266593140043719e-06 4.894474347249445e-06 9.167072507595797e-07
-7.529597722443574e-06 -4.225042647696858e-06 5.419607615309100e-06 2.381059323580162e-06
-7.597508271816903e-06 -3.383977929154353e-06 4.503011806978369e-06 4.703714220486990e-06
-9.323020081292252e-06 -6.350086657938874e-06 5.795258504239893e-06 4.236070778525012e-06
-8.328834554322551e-06 -5.025358174719003e-06 4.682410154323487e-06 5.412894439814157e-07
-8.431703246940586e-06 -3.561085779654052e-06 5.619057632648010e-06 2.646951332345179e-06
-9.516874521450708e-06 -5.164007685362916e-06 7.227158521805001e-06 2.160982247629536e-06
-1.032383623946136e-05 -6.388230776123033e-06 1.047705206929877e-05 2.470479215846260e-06
-9.316555455676766e-06 -3.607416854077512e-06 4.993894519020354e-06 8.386779847453810e-07
-1.172985253228909e-05 -6.427648084474363e-06 6.400517861334920e-06 3.007524182866519e-06
-1.059822303297489e-05 -4.482163939816373e-06 7.441799745226747e-06 1.734058371301325e-06
-1.031675423274427e-05 -3.570968402796217e-06 6.372993135820753e-06 1.908164316473689e-07
-1.375845462108393e-05 -6.499611358492512e-06 5.241261670703623e-06 1.918048058283577e-06
-1.273309636204320e-05 -4.860435977055861e-06 6.815549565685684e-06 2.035909042027575e-06
-1.172840504850680e-05 -3.514258888339485e-06 9.236207731181275e-06 2.004928552025689e-06
-1.655805217848821e-05 -6.581092048288395e-06 7.446610024216236e-06 1.671939361711836e-06
-1.513512452163647e-05 -4.981341772705626e-06 6.012617886895282e-06 2.292290116415031e-06
-1.375407579079785e-05 -3.450706840575369e-06 4.792256797533652e-06 2.034482121237785e-06
-1.960520094984796e-05 -6.650178899041914e-06 9.097262559556221e-06 3.400455922282195e-06
-1.806136121901498e-05 -4.985382958828476e-06 8.755076166263782e-06 2.522883383715730e-06
-1.655769203807376e-05 -3.385247333863500e-06 7.909056408167774e-06 4.844899980458040e-06
-2.276820048328954e-05 -6.706428072104262e-06 9.180563856667046e-06 4.779132661482807e-06
-2.116835342033788e-05 -4.986599843725278e-06 8.721735565432462e-06 2.272046365506558e-06
-1.960556743975380e-05 -3.321245367578209e-06 9.699521297866375e-06 1.790562058153933e-06
-2.602189369907005e-05 -6.743861348291411e-06 7.989049188871708e-06 1.658423523446914e-06
-2.438287758942934e-05 -4.989905411181809e-06 9.037475461254290e-06 2.756942378849337e-06
-2.276671674953391e-05 -3.271222602647768e-06 7.996676448149847e-06 8.081569589268214e-08
-2.933592355857529e-05 -6.778312926046652e-06 1.027142195244257e-05 2.247923300898143e-06
-2.766825348767490e-05 -4.992202308328964e-06 8.874216117289211e-06 1.945546348634342e-06
-2.601941189966353e-05 -3.237408397231276e-06 9.153626483202951e-06 2.791327992712446e-06
-3.270374882702479e-05 -6.795770535928394e-06 1.076055712877106e-05 2.089531641090636e-06
-3.101509977600897e-05 -4.988760423944912e-06 1.098184407268963e-05 1.844264643860433e-06
-2.933988415224093e-05 -3.202008780081322e-06 1.014865079317186e-05 2.473619457431287e-06
-3.610401018222893e-05 -6.817909946031781e-06 1.078588813762923e-05 2.819905467516045e-06
-3.439629877249150e-05 -4.992824380602830e-06 1.000400229972785e-05 1.976244122478480e-06
-3.270052265354523e-05 -3.186461235049092e-06 1.043989069778693e-05 1.561871705386552e-06
-3.950774609588215e-05 -6.819326113226096e-06 1.253893512056038e-05 2.681849332470562e-06
-3.780926677172111e-05 -4.995287802002803e-06 1.234146786305553e-05 2.996252718928007e-06
-3.610306890556301e-05 -3.170152157194310e-06 1.061386316243824e-05 2.148987770381188e-06
-4.290580316124437e-05 -6.815064394175133e-06 1.171709498801186e-05 3.199412091948958e-06
-4.120503722027305e-05 -4.993031525343517e-06 1.170476463480336e-05 2.043364128196369e-06
-3.950873817554433e-05 -3.170753230636819e-06 1.300251703127924e-05 2.759928207406783e-06
-5.018151848633837e-05 -6.603851240090772e-06 1.490862858439599e-05 4.280465649793042e-06
-4.970267248076192e-05 -6.802244867166722e-06 1.440321766935611e-05 4.194579469663178e-06
-4.443784764661733e-05 -4.986988560500739e-06 1.306196326756561e-05 1.636474113007690e-06
-4.632051743921987e-05 -6.801090805927024e-06 1.349235053582527e-05 3.175426232669895e-07
-4.290896752911298e-05 -3.164051661706488e-06 1.176043072785952e-05 2.489254056849776e-08
-5.037983836530434e-05 -6.124920830495675e-06 1.514344923600284e-05 4.169788294933233e-06
-4.924560369303776e-05 -4.994974923148104e-06 1.321813808336834e-05 2.832102396742936e-06
-4.631734361051185e-05 -3.176738336058868e-06 1.311232176248432e-05 3.964622332052232e-06
-5.037874993829836e-05 -3.866598531377839e-06 1.497829634356042e-05 1.640235424150380e-06
-4.970061871731910e-05 -3.187980359600451e-06 1.415051295569768e-05 1.504027584824469e-06
-5.018012749339889e-05 -3.386845992590614e-06 1.471313334822007e-05 1.460282393894114e-06
