1.353599956029152e-05 -1.150069899192034e-06 5.225816573281814e-05 -7.226845983685209e-06
1.360335346403667e-05 -9.877545901285956e-07 5.245161447953316e-05 -7.124390335960803e-06
1.360396775991474e-05 -2.266749749765130e-07 5.300095668995722e-05 -6.069674875645412e-06
1.353659807104358e-05 -6.389971851587110e-08 5.280065327660233e-05 -5.634705640180807e-06
1.337359713191504e-05 -1.217467278842047e-06 5.191204505003150e-05 -7.234424983676924e-06
1.306682588677667e-05 -6.067946071601572e-07 5.088089385560852e-05 -6.406187546461345e-06
1.337398553845006e-05 3.751705801428982e-09 5.230403833620357e-05 -5.449296127235837e-06
1.220867224403819e-05 -1.224585370797035e-06 4.727948930655506e-05 -6.282445932973761e-06
1.220836988343302e-05 1.435338357649676e-08 4.689366667624686e-05 -4.161356766591309e-06
1.157593155195038e-05 -6.057471121159268e-07 4.591368494193425e-05 -5.394657654766207e-06
1.106299670365726e-05 -1.228490519039236e-06 4.305561212093528e-05 -8.727341749393927e-06
1.106358780252198e-05 1.513565843827756e-08 4.334503925723251e-05 -2.550676009895865e-06
1.048954232981591e-05 -6.082799845734026e-07 4.065825031422184e-05 -5.916799847418713e-06
9.919311081611514e-06 -1.220387116985816e-06 4.024595830369903e-05 -6.135978178952345e-06
9.916239072211341e-06 4.632323696687240e-09 4.047945084509950e-05 -4.471527296600305e-06
9.345099088304364e-06 -6.075621584931760e-07 3.891991438221630e-05 -5.509732305165613e-06
8.776333268200441e-06 -1.209305904403179e-06 3.571719238518372e-05 -9.595068200803614e-06
8.777083860012932e-06 -8.023386216470709e-09 3.581977040409645e-05 -1.928279513421493e-06
8.211614010897110e-06 -6.109365388019372e-07 3.478960032972180e-05 -5.811731399391323e-06
7.659881393820263e-06 -1.200023808718860e-06 3.359498367897616e-05 -6.619464815487423e-06
7.661509141659693e-06 -2.579946633630088e-08 3.363124055561636e-05 -3.811327691585825e-06
7.114409795102133e-06 -6.133436296427154e-07 3.033247674939264e-05 -5.760677604494520e-06
6.577415225194651e-06 -1.187217981252207e-06 2.871443614812714e-05 -7.290084345379311e-06
6.569552775791810e-06 -2.944239143318204e-08 2.730653894983609e-05 -4.201405395614291e-06
6.036331395124063e-06 -6.071965168690036e-07 2.685642253847358e-05 -5.730281361500679e-06
5.505558623105143e-06 -1.176651359095253e-06 2.436085040301724e-05 -8.305629670955516e-06
5.509987804639654e-06 -4.517697482913693e-08 2.628115248366279e-05 -3.177394622039629e-06
4.985248104024405e-06 -6.121774321562469e-07 2.468821995176172e-05 -5.335501610374862e-06
4.475096259172744e-06 -1.160919748118137e-06 2.280490972072612e-05 -6.891794977034022e-06
4.474308728336211e-06 -6.233904859831394e-08 2.244808716280716e-05 -4.120009859785686e-06
3.966531732768280e-06 -6.118597311982233e-07 1.907135138059938e-05 -5.994645346328712e-06
3.471238640875640e-06 -1.135237510573410e-06 1.941227112942838e-05 -7.895136964154253e-06
3.476098410443896e-06 -9.313734856537934e-08 1.929958117508598e-05 -3.846210992979899e-06
2.991971096238721e-06 -6.162922464365447e-07 1.898011950141185e-05 -6.550357718250715e-06
2.530957569723658e-06 -1.098487237788850e-06 1.520789749001115e-05 -1.006364544580335e-05
2.525049638781992e-06 -1.290795450781499e-07 1.532301383278655e-05 -2.931910423000387e-06
2.089970311216178e-06 -6.140616999724616e-07 1.430731134495805e-05 -4.598855505678858e-06
1.674302206508957e-06 -1.061898915964866e-06 1.337874584381701e-05 -7.011975252759834e-06
1.677650128113332e-06 -1.654216075316953e-07 1.319466736042387e-05 -5.170569164327779e-06
1.366197803996433e-06 -6.457441638883357e-07 1.055559983435082e-05 -7.919431955884224e-06
1.074539098388395e-06 -1.034674575101438e-06 1.103746574038745e-05 -4.399800867611253e-06
1.068856130636923e-06 -2.099801246445188e-07 1.205429424705781e-05 -3.566622870099969e-06
6.705435117953750e-07 -9.901624701058993e-07 1.230624742738518e-05 -4.814446816039288e-06
7.340788920146153e-07 -7.455410618637182e-07 1.365231557484873e-05 -2.463051112480569e-06
6.702294030818147e-07 -2.322653770909599e-07 9.161940726442175e-06 -4.307568143546630e-06
4.094522746257126e-07 -2.628219471430652e-07 9.625770208088192e-06 -3.832672054042275e-06
2.194696413444956e-07 -3.259747121940803e-07 -2.624465298033952e-05 1.423211275453431e-05
1.792853138481874e-07 -2.682753287820844e-07 -2.707632932858442e-05 -6.129897162690468e-06
1.558505416654700e-07 -3.865514769325124e-07 1.943242219388881e-05 5.088296465254957e-05
1.885706023260858e-07 -3.924775020953795e-07 3.534161998438178e-05 1.312001653756517e-05
4.046675286999882e-07 -9.616765078958242e-07 7.015156632232829e-06 -7.372384835344739e-06
1.989030151641176e-07 -9.191190391525464e-07 5.100284523879915e-06 -7.222033297607536e-06
3.466669997688686e-07 -5.355488946239539e-07 1.100183204408473e-05 -6.004867116724275e-06
1.924807447447337e-07 -2.800499018748175e-07 3.446313538438575e-06 -1.196460774181246e-06
3.035515963295101e-07 -3.504716506008895e-07 2.072084078172038e-06 7.435097205253318e-06
1.384169835822741e-07 -3.243392515483603e-07 -1.547162118344208e-05 -2.195649675269626e-05
2.282631287209713e-07 -3.949209806704277e-07 4.053264723098726e-05 -3.720082876608395e-06
1.260983235239989e-07 -7.145598674586579e-07 5.356158670983534e-06 -7.552721931317399e-06
5.419402381024562e-09 -8.503426656363806e-07 1.059994565673226e-05 -6.386085336458125e-06
-1.569202991880138e-07 -7.746162641849353e-07 6.766636795895716e-06 -8.323071072776030e-06
6.839496640164403e-08 -4.573123413651837e-07 2.258289238447722e-06 -3.059262114332997e-06
3.361268696032606e-09 -2.802031588005557e-07 1.028157763863702e-05 -6.598684053028949e-06
1.177018530597939e-07 -3.247161197662896e-07 5.318776565192214e-06 4.966605398041086e-06
1.367221423226985e-07 -3.693275085177373e-07 3.679854074640295e-06 9.857141455882952e-06
7.235746743409475e-08 -3.134690414705332e-07 -9.732931460301059e-06 -1.284352590977845e-05
-2.866676569336095e-07 -6.800746606989024e-07 3.755559672217346e-06 -9.393268878629104e-06
-1.823575639990897e-07 -5.889182357108136e-07 6.507553513549749e-06 -4.094719491796710e-06
-1.309956688297673e-07 -3.874490112194494e-07 5.236894954943146e-06 -8.501917938764215e-06
-1.600772526300942e-07 -2.624259224433518e-07 1.945685659888155e-06 -8.557794982089360e-07
7.485162602134362e-08 -3.127644315313613e-07 4.627410511717706e-06 5.604690837157133e-06
6.974971057967217e-08 -4.050366937807517e-07 -2.719523933867900e-07 1.094937291297825e-05
2.469070163421050e-08 -3.070942153203601e-07 -2.237765787544605e-06 -6.671097727069305e-06
-3.961714356248442e-07 -5.778215037825730e-07 3.333757883482501e-06 -8.504520629024467e-06
-4.594687240179794e-07 -4.810958784869521e-07 7.163768282582585e-06 -4.336764067719408e-06
-3.028267215924181e-07 -3.589184067807923e-07 5.500202779666160e-06 -4.810118005657270e-06
-2.799800195565898e-07 -2.227292476081445e-07 1.067131634434725e-05 -6.944493093835889e-06
-2.407773565567449e-08 -3.118739160916518e-07 -5.623178723402091e-07 4.701169720969247e-07
-1.388559200834013e-08 -4.021069746932098e-07 4.551888060659036e-07 1.735659510509250e-06
-4.485229252482225e-07 -3.640632545773905e-07 3.683826039026786e-06 -3.659585073499031e-06
-5.091864544037928e-07 -3.812223929172141e-07 3.154789658618238e-06 -8.335867801514978e-07
-4.386422313747153e-07 -2.653613156019946e-07 2.177612618847713e-06 -5.609900483534322e-06
-3.873186077047399e-07 -1.791915354586345e-07 -3.299371114463049e-06 3.943288079215060e-06
-6.902413134689563e-08 -3.289885564506874e-07 1.582378319940481e-06 1.000136467984944e-07
-1.212263122495580e-07 -2.736925669109530e-07 -4.189655983447750e-06 -7.707586618737748e-06
-1.254702296046100e-07 -4.094618742535623e-07 -4.546485867516087e-06 -6.094941612000519e-06
-5.467862119011152e-07 -2.904736980325038e-07 -1.727499799761143e-08 -4.108639056615341e-06
-5.340938182673334e-07 -2.424265674411197e-07 1.359431940853086e-06 -1.155683262357025e-06
-5.005455814580343e-07 -2.064044022047203e-07 5.215422753274072e-06 9.683124709164721e-07
-4.875117628288183e-07 -2.034820980386135e-07 8.630612897361056e-06 -6.078320327862657e-07
-4.552649325905624e-07 -1.837048399075266e-07 5.407919033349500e-06 -1.049724329465914e-05
-1.783077564052810e-07 -3.504295592469131e-07 6.966472954194049e-06 3.654622873480037e-06
-2.349742678482559e-07 -2.499278000850571e-07 -7.321360234653256e-06 2.476136791347322e-06
-2.386331753044283e-07 -4.221785658483219e-07 1.824196483013705e-06 1.685213113499356e-06
-5.148650545101670e-07 -1.974607989171871e-07 5.101266741436433e-06 1.381847180324066e-06
-4.637846758620803e-07 -1.931136009077667e-07 4.274614251172540e-06 -2.761217952783020e-06
-3.250515283033537e-07 -2.453755331121422e-07 -3.456416035391200e-06 2.530495950092521e-06
-3.770028590577130e-07 -2.371236880021141e-07 -1.627353306155362e-06 5.516647794340667e-06
-4.095249051279547e-07 -2.171207867583638e-07 -3.211121544490266e-06 1.975302637747598e-06
-5.101867854321415e-07 -1.779758514261164e-07 3.601563575215235e-06 -3.965693390704640e-06
-5.291839498408060e-07 -2.044745012845627e-07 1.664449087762931e-06 7.645852676143602e-06
-2.783711804414753e-07 -3.272265434525626e-07 1.277456550962849e-06 -8.839433938501617e-06
-3.015944407975582e-07 -4.400967270023456e-07 -4.787544161937454e-06 5.915368820784546e-06
-4.707341207575301e-07 -1.900327634451951e-07 7.661347243995198e-07 -4.721811898785978e-06
-3.758981403068219e-07 -2.893834277040056e-07 6.738334656989019e-06 3.436929931418010e-07
-4.172568673777223e-07 -2.448429058386819e-07 -1.838627290707037e-06 6.228501651755150e-06
-5.136018562458998e-07 -1.985309489471124e-07 6.447744149129696e-06 -8.212360795141434e-07
-5.790456382031956e-07 -2.514937328948758e-07 5.485542990533298e-06 -6.731743355082285e-06
-3.530733209292598e-07 -3.697202883257091e-07 1.054263317879290e-05 -6.732518655187798e-06
-3.164128320591387e-07 -4.611736595141521e-07 -6.492444951229615e-06 9.180354877157983e-06
-4.584848786626752e-07 -2.619994175908857e-07 8.329136605361288e-08 2.146658546394541e-06
-5.959625260350316e-07 -3.183015314057336e-07 3.327199960188979e-06 -7.465014843469247e-06
-6.464002900866333e-07 -4.078567546408669e-07 3.616960767791054e-06 -2.251988949550102e-06
-3.846666579752358e-07 -4.257057990948928e-07 4.154105421554834e-06 2.204806884236070e-06
-3.114404435422641e-07 -5.055901385832710e-07 -1.427318928611756e-05 9.668978446226648e-06
-3.094087670291469e-07 -6.302164150578487e-07 -9.790764193573074e-06 -6.571491767003541e-07
-5.477360077738753e-07 -4.024563239776701e-07 4.039507332458875e-06 1.213126445199302e-06
-3.272142238904719e-07 -8.037645340990683e-07 2.494392720841550e-06 -5.556923702900863e-06
-7.342286531767279e-07 -5.110046301781588e-07 2.785182916825073e-06 -3.415412477416022e-06
-4.290460796822606e-07 -6.215261566096446e-07 4.439939882224881e-06 -1.739887584309989e-06
-6.461755845827449e-07 -6.333744453824079e-07 3.573368697064504e-06 1.196928415094542e-06
-3.827849900183520e-07 -9.942649238984892e-07 6.600119971921985e-06 -3.649035061861757e-06
-8.698343719971176e-07 -6.514890166842484e-07 3.652330482562344e-06 -1.849135561273619e-06
-8.087485261502870e-07 -8.097830546258072e-07 3.160192515007250e-06 5.337208784350195e-06
-6.161651935713694e-07 -9.309653051811623e-07 2.303948664960351e-06 6.238206926067275e-06
-4.655645806198743e-07 -1.214670994633760e-06 -7.841243545650301e-06 3.743296634395119e-06
-6.039530759879257e-07 -1.421623491525230e-06 -3.439222378219457e-06 1.226497645881412e-06
-1.049343515486019e-06 -7.879048949050232e-07 8.046342648807217e-06 1.102590563681038e-06
-9.392736821469077e-07 -1.032295255147112e-06 6.523326066104982e-06 9.976363342372987e-07
-8.220672647227777e-07 -1.340916488612519e-06 5.994096811946136e-06 -2.991313908793663e-07
-7.753541352384789e-07 -1.638426534970525e-06 4.928578398713551e-06 5.107674805829102e-07
-1.292682568665997e-06 -9.467764232679413e-07 1.929995785724250e-06 -5.466154357565070e-06
-1.213652763673778e-06 -1.343110104727855e-06 2.941398707630066e-06 3.066737065746645e-07
-9.880900083085301e-07 -1.839838983011139e-06 -3.770948285597164e-07 1.453792081042357e-06
-1.245402431698992e-06 -2.021780086712200e-06 3.990159329289277e-06 6.637104434311545e-06
-1.534113204047072e-06 -2.185747705443084e-06 4.306106103363197e-06 2.675007446229479e-06
-1.547148055867872e-06 -1.449551405905909e-06 6.853268894438782e-06 4.394111807568537e-06
-1.544039969763195e-06 -1.093980222460723e-06 4.241238504634216e-06 1.788500396620953e-06
-1.480782330882857e-06 -1.831134351738667e-06 6.523430452527969e-06 4.076530123278126e-06
-1.863894538923549e-06 -2.313224057588209e-06 8.433131892157271e-07 6.491603912771865e-07
-2.218741388252894e-06 -2.407765080802079e-06 1.084721742521316e-05 2.860256570182311e-06
-1.829526626083157e-06 -1.532317704879343e-06 3.584957102300166e-06 1.221801926524410e-06
-1.862980448298424e-06 -1.207866869240330e-06 3.110472403949189e-06 5.317519736022534e-06
-2.598361126026614e-06 -2.458431253079896e-06 6.058815847460186e-06 3.195601874383316e-06
-2.165617362645683e-06 -1.872709214487193e-06 6.948458480107415e-06 2.340871021063177e-06
-2.209186870932566e-06 -1.245589364953476e-06 6.496366907842364e-06 1.384276133734661e-07
-2.686347136006625e-06 -1.936738172922893e-06 -4.506709691932832e-07 2.115294851647983e-06
-3.050651591723378e-06 -2.485199147423263e-06 1.110987089786625e-05 3.741037331620638e-06
-2.598508206888185e-06 -1.253375242201942e-06 1.141280173933863e-05 5.082773026476149e-06
-3.703619077237990e-06 -2.530395480559473e-06 5.655566491093350e-06 3.462345098565083e-06
-3.169321227113391e-06 -1.625251817948309e-06 2.279009457718866e-06 1.536489637095936e-06
-3.048134418551016e-06 -1.215395968339194e-06 5.857382274557880e-06 4.211990363676180e-06
-4.692082171336290e-06 -2.599064712674473e-06 1.119176745648930e-05 4.388928167827477e-06
-4.183318840457550e-06 -1.793659456596478e-06 7.648422058597280e-06 4.108845434418465e-06
-3.707161581113632e-06 -1.160882949006280e-06 1.128788310032091e-05 -1.768270761378038e-07
-6.084250513534339e-06 -2.662913561883537e-06 1.008466813753852e-05 2.828521736236700e-06
-5.371004341149989e-06 -1.850127627198699e-06 1.014267295711774e-05 1.555470474425777e-06
-4.691074647637042e-06 -1.097926357270332e-06 1.010432189004067e-05 3.863781922840774e-07
-7.651670453611210e-06 -2.719194636345358e-06 1.156119867776607e-05 3.614092412206907e-06
-6.849516047803979e-06 -1.851111763365583e-06 1.059185867146378e-05 2.257986349125575e-06
-6.085765447379963e-06 -1.035931034875102e-06 1.122970612796454e-05 2.628781792539843e-06
-9.313428727892211e-06 -2.763947723549389e-06 1.285148670639513e-05 3.361922553450630e-06
-8.468699791507813e-06 -1.856407513539109e-06 1.354144602733660e-05 2.702645806029169e-06
-7.647741930420436e-06 -9.897547809997713e-07 1.141620342639863e-05 1.131113893578707e-06
-1.106468791415013e-05 -2.812601411033732e-06 1.343170775479653e-05 1.830956576340796e-06
-1.017343704114976e-05 -1.850945788817349e-06 1.229430170595192e-05 2.751199231552944e-06
-9.317743862964675e-06 -9.436324810017188e-07 1.271251220407560e-05 2.211802216316521e-06
-1.287142480854633e-05 -2.838474407527641e-06 1.538678531724539e-05 2.598409741833472e-06
-1.196129995272788e-05 -1.857530489338170e-06 1.431610525640235e-05 3.040067508225723e-06
-1.106015029925627e-05 -8.967053118500950e-07 1.307987521729242e-05 4.117865448630439e-06
-1.474141947814439e-05 -2.871565924621836e-06 1.324571886803593e-05 3.719800768912435e-06
-1.379400029518297e-05 -1.854644197884754e-06 1.513345189437499e-05 2.524953856092136e-06
-1.287251230061093e-05 -8.754789509503233e-07 1.606220931032635e-05 1.449059230271364e-06
-1.666505250184829e-05 -2.898347663021019e-06 1.594394578369794e-05 1.152940228842931e-06
-1.569664531532030e-05 -1.855449921050865e-06 1.414838361038043e-05 2.312022324997828e-06
-1.474116770009780e-05 -8.365136775960179e-07 1.334115312500544e-05 1.574984405874817e-06
-1.862397677014984e-05 -2.908247705203180e-06 1.595829005283774e-05 3.133546943337205e-06
-1.764031961020177e-05 -1.855825117423527e-06 1.571508603903739e-05 2.348701359383744e-06
-1.666634624102326e-05 -8.153304690552507e-07 1.563079329915309e-05 3.619361425540672e-06
-2.059208312994797e-05 -2.908705380615825e-06 1.599063704627237e-05 3.502854286547749e-06
-1.960819187496437e-05 -1.856140501573310e-06 1.625430874384701e-05 2.940043780066776e-06
-1.862235838454655e-05 -8.032455557475224e-07 1.550581187173610e-05 2.001910759333060e-06
-2.484224327533904e-05 -2.805272729392772e-06 1.862219866324424e-05 4.486446015957342e-06
-2.456345018836851e-05 -2.921468660483095e-06 1.814692797506744e-05 4.450507982157803e-06
-2.147821278729954e-05 -1.855624106541948e-06 1.699923342156510e-05 1.583177784849150e-06
-2.258425955426050e-05 -2.922527555106005e-06 1.737211789989831e-05 1.049818272149532e-06
-2.059270524817340e-05 -8.031646349507807e-07 1.734837384358819e-05 4.103889664823538e-07
-2.495768091973778e-05 -2.525443349062256e-06 1.882102069768359e-05 4.308078495454378e-06
-2.429829553321676e-05 -1.865273635448885e-06 1.687453968498845e-05 3.010698929008026e-06
-2.258119975593168e-05 -7.934217366357776e-07 1.647328521291771e-05 2.784120424464381e-06
-2.495938369341038e-05 -1.205442932892299e-06 1.779873701310098e-05 2.413825632394646e-06
-2.456367000145037e-05 -8.069665765255263e-07 1.695127452368012e-05 2.197843969160088e-06
-2.484361849691237e-05 -9.239710242848070e-07 1.751015596900293e-05 2.204655962122458e-06
