-1.614687979517951e-05 4.033141448129779e-06 -4.463131312305874e-05 6.138001324920239e-06
-1.617311008976877e-05 3.969836731645798e-06 -4.482795905383740e-05 5.678704045185638e-06
-1.617297952703011e-05 3.671878938093813e-06 -4.476592351809995e-05 3.781121757460972e-06
-1.614681375842584e-05 3.609087197389202e-06 -4.457923989968200e-05 3.413784432600298e-06
-1.608351387281968e-05 4.059310397589264e-06 -4.415761909167466e-05 6.331626613651569e-06
-1.596644786625274e-05 3.821260524249331e-06 -4.314954640970193e-05 4.777013480767026e-06
-1.608371047296851e-05 3.583208451965773e-06 -4.415329630432051e-05 3.268951517978100e-06
-1.564640027915487e-05 4.062541614540500e-06 -3.999650436690748e-05 6.896601606385921e-06
-1.564869156273174e-05 3.587165314645609e-06 -4.028724450772291e-05 3.541741691445187e-06
-1.540297321079706e-05 3.827745675538318e-06 -3.788624378997585e-05 5.473423808509240e-06
-1.519606938016490e-05 4.081791262679328e-06 -3.607362475148836e-05 7.229466278103120e-06
-1.519647294592409e-05 3.575275700069093e-06 -3.581081399901467e-05 3.407012162407732e-06
-1.496356850168418e-05 3.827562922295254e-06 -3.420657578318586e-05 5.003542077215098e-06
-1.472595035553085e-05 4.091903313288725e-06 -3.378358273295466e-05 6.035858887665318e-06
-1.472391160720985e-05 3.558264081274896e-06 -3.320568758826704e-05 3.000147042713870e-06
-1.447963057589773e-05 3.822663520749848e-06 -3.258101706404102e-05 4.270205931560749e-06
-1.421398314866398e-05 4.113175257970110e-06 -3.082337558184571e-05 8.355528681639920e-06
-1.421776986299142e-05 3.534651775621920e-06 -3.117262281024056e-05 1.242358362326616e-06
-1.394054795200358e-05 3.825681617433963e-06 -2.831625509406893e-05 5.412116098261637e-06
-1.365054775780303e-05 4.137229293953511e-06 -2.688847328223106e-05 8.976258891754418e-06
-1.365133083321885e-05 3.515603631684080e-06 -2.639492658946460e-05 2.186913424571440e-06
-1.335375892781548e-05 3.827207203022876e-06 -2.438749246152919e-05 5.153862978210251e-06
-1.303478849273115e-05 4.173189475843340e-06 -2.377233351228928e-05 6.402713671634945e-06
-1.303757748268887e-05 3.482811051290830e-06 -2.310396646579131e-05 2.817456400640691e-06
-1.270687925593148e-05 3.828627401955970e-06 -2.227292136448793e-05 4.227454629601535e-06
-1.235333224185918e-05 4.210422276542770e-06 -2.157150690383953e-05 4.173772399561226e-06
-1.235091904754822e-05 3.441760205351651e-06 -2.183044597280229e-05 5.044748874981863e-06
-1.198731656459868e-05 3.823574585856506e-06 -1.987443587556579e-05 4.990977292283772e-06
-1.160998818922707e-05 4.227588448602826e-06 -1.659372889270051e-05 6.020552975502626e-06
-1.160775501943703e-05 3.413556942023632e-06 -1.761240741769258e-05 5.049515526499768e-06
-1.122542716282909e-05 3.817148167311600e-06 -1.548723219209608e-05 6.042645094972347e-06
-1.082814104458190e-05 4.248476956427408e-06 -1.586555751424493e-05 6.717715086106363e-06
-1.082796127557668e-05 3.384827433883590e-06 -1.417309566669678e-05 3.356841841359069e-06
-1.041979450333338e-05 3.817790534774699e-06 -1.486531899618619e-05 4.448197938662929e-06
-9.981159500577999e-06 4.296506544100944e-06 -1.280544168995762e-05 7.122224164026490e-06
-9.983653199967479e-06 3.344273558323437e-06 -1.392334383582118e-05 2.313770563828225e-06
-9.550843960148456e-06 3.822962329300272e-06 -1.109315120008452e-05 5.506707470521059e-06
-9.099273529104334e-06 4.335096358153757e-06 -1.049020578249612e-05 5.276484102394023e-06
-9.097042955478134e-06 3.305980920904538e-06 -8.998035838377023e-06 3.462258928276927e-06
-8.751704267266707e-06 3.863263905368314e-06 -9.031877241744273e-06 3.309512750989271e-06
-8.371911332639625e-06 4.373787657984521e-06 -7.309711721245058e-06 5.559378096958938e-06
-8.371179970565516e-06 3.261932037793213e-06 -9.758287012679760e-06 4.511358575181558e-06
-7.806677322461750e-06 4.405399996693245e-06 -8.772184331357834e-06 5.694410376867798e-06
-7.927364702651900e-06 4.014210394672468e-06 -8.085514993410451e-06 7.025761392717943e-06
-7.815122467171624e-06 3.238909596386799e-06 -8.279895405388108e-06 5.299344483299874e-06
-7.392272799905350e-06 3.209170978567927e-06 -7.110283343894221e-06 4.246968000974962e-06
1.427274483895508e-06 5.998730241940809e-08 3.155366349622605e-06 3.951122626815901e-07
1.433058644692057e-06 4.442193770213350e-08 1.367627491860165e-05 -7.839310359345140e-05
1.465880663612747e-06 -3.440132649107592e-07 3.040081563898530e-06 5.325953433307637e-05
1.467209387471570e-06 -3.285201794238941e-07 2.227976877711708e-05 -1.270665450165740e-05
-7.390934204837047e-06 4.431346434758548e-06 -1.122601802447075e-05 5.670328332600042e-06
-6.987394366112897e-06 4.429637349883061e-06 -7.114776095256950e-06 5.258624445632388e-06
-7.316958609499975e-06 3.666356079529975e-06 -7.576847175452813e-06 5.631486094642122e-06
-6.995613762067299e-06 3.140126253414665e-06 -4.735510478846566e-06 3.900278758926354e-06
1.408608505005377e-06 6.242974517548611e-08 1.480927668543689e-05 1.579982326469128e-05
1.238749473549284e-06 -2.080461571010929e-07 -1.578391381225872e-05 3.031944652664851e-05
1.471175600393917e-06 -3.230476436145292e-07 1.064761192166347e-05 -2.904959395889376e-05
-6.865743107865634e-06 4.049387507323604e-06 -5.172295242453837e-06 3.893658755269209e-06
-6.570701986823588e-06 4.388273481620297e-06 -3.790378118597413e-06 3.961368670082476e-06
-6.140419209191545e-06 4.289029636365786e-06 -3.860050253047796e-06 4.405408916446762e-06
-6.740583413648755e-06 3.488274632257370e-06 -4.011836350893522e-06 4.848742711997709e-06
-6.589774858514849e-06 2.993496360842030e-06 -3.548330712307743e-06 5.233304911271739e-06
9.236230908710000e-07 8.584372995844766e-08 -7.544049274169312e-06 -1.388275928644290e-05
9.084136119323472e-07 -4.036222097945849e-07 1.426625135831550e-05 -1.711751685035545e-05
6.499003251756508e-07 -1.737653586636446e-07 5.153741601264944e-06 2.318193682922533e-05
-5.706256469142953e-06 4.143375296800934e-06 -5.425305818156733e-06 4.494677877205793e-06
-6.092248233602351e-06 3.856223381817587e-06 -4.615736594316502e-06 4.530445254349338e-06
-6.247281369683576e-06 3.279961702947116e-06 -5.092933105580374e-06 4.504380996584569e-06
-6.192490615544429e-06 2.764909731141296e-06 -5.771370286376218e-06 7.059695592984284e-06
4.211726104839804e-07 1.144327337610262e-07 8.594303051049551e-06 -9.799386686071852e-06
4.104068743029546e-07 -4.505677925089039e-07 -1.061528048125015e-05 -1.056860130610927e-05
9.260302171908670e-08 -1.633003206306978e-07 8.998679041761890e-07 3.061638309168868e-05
-5.282819713089162e-06 3.936518718909443e-06 -6.747176323469971e-06 3.947014337641253e-06
-4.867665910085253e-06 3.670353193224487e-06 -5.018880349505516e-06 3.768100394688004e-06
-5.699026429846730e-06 3.182784496318594e-06 -6.983170520918339e-06 4.618602818305994e-06
-5.812997387593830e-06 2.460007112920478e-06 -5.271985252825519e-06 5.517788785209654e-06
-2.392858565463310e-07 1.876754746089990e-07 -8.363938515116414e-06 -1.404927386673057e-05
-2.495439788564264e-07 -5.555050743673713e-07 3.440897291560496e-06 -1.593277677727050e-05
-4.972749563166781e-06 3.225534471745795e-06 -4.396733053169984e-06 3.418215642934868e-06
-4.474465284269456e-06 3.354505189046338e-06 -5.267729445606458e-06 3.079001096200029e-06
-5.155808682251449e-06 2.686190743866809e-06 -1.926128227955791e-06 3.486158654962824e-06
-5.472542341059593e-06 2.071278681038540e-06 -3.724532561778789e-06 1.606556203427970e-06
-6.320455446056583e-07 -1.470718766716012e-07 6.911372251272838e-06 2.392193498246605e-05
-1.102974855440111e-06 3.254192836157895e-07 -4.612784139435670e-06 -3.078857043080741e-06
-1.088353944984048e-06 -6.942977071030231e-07 -5.596946786184136e-06 1.511323976946601e-06
-4.117584803632244e-06 2.980745253013629e-06 -5.354812675278926e-06 5.998525546443426e-07
-3.787220975261665e-06 2.544283156280914e-06 -3.794140280692358e-06 3.607165522195162e-06
-3.488006407016030e-06 2.063315596559768e-06 -1.039215506342033e-07 5.387911187395594e-06
-4.783299287581957e-06 2.176505435664520e-06 -2.362062804076376e-06 3.597954198127641e-06
-5.197871639659834e-06 1.608116717294789e-06 -6.117402669263035e-06 1.159027013822600e-06
-1.459986369220688e-06 -1.812609369200153e-07 -2.066646029182167e-06 -2.214016104800761e-06
-1.915504520946863e-06 4.993416891716873e-07 1.493291121580037e-06 4.638406457858418e-06
-1.908514666912162e-06 -8.103581002243090e-07 3.278322106652007e-06 -2.481060653014059e-06
-4.047385638671930e-06 2.071010400511023e-06 -4.110711749299676e-06 4.752771477961923e-06
-3.245477914429510e-06 1.533098368839173e-06 3.262881005481044e-07 6.635929277256250e-07
-2.676131582731345e-06 6.109998877969403e-07 -1.633173949351670e-06 7.673868361975217e-06
-2.910129067802163e-06 7.182141124919828e-07 -2.667970932871216e-06 7.251191816451934e-06
-3.048738787416239e-06 9.381060985424070e-07 -4.036412824467825e-06 4.824677631772963e-06
-4.516092362002271e-06 1.538068644177642e-06 -3.787977392590785e-06 2.355990518677677e-06
-5.002961432906039e-06 1.071971723684633e-06 -5.324081630295564e-06 4.160176816352474e-06
-2.323413316823275e-06 -7.175799821669913e-08 -6.097204446903947e-06 -3.034837098558486e-06
-2.639050540372149e-06 -9.192054178211039e-07 -9.866734047940782e-06 1.714800226076255e-05
-3.633092262205772e-06 1.141467552630343e-06 -2.785624330074016e-06 -9.888030905510946e-07
-2.911379792791045e-06 2.610041842600904e-07 -2.618546571389373e-07 -7.225920007047599e-07
-3.186596370426328e-06 6.381713823696243e-07 -4.722702023412933e-06 3.707763063959916e-06
-4.303350583088225e-06 9.074344944760360e-07 -1.623046164391442e-06 -7.751607940649817e-07
-4.893042947348848e-06 4.836773750944066e-07 -2.802423023653419e-06 1.045484111855235e-06
-2.890045259506281e-06 -4.785853008385375e-07 4.187102955789718e-06 2.028442011777094e-06
-2.827445752856050e-06 -1.041363024781127e-06 -5.305780075769641e-06 1.233546357490857e-05
-3.728930514474246e-06 1.505805568241805e-07 -2.902569477514007e-06 -5.102647573450798e-06
-4.872310289545115e-06 -1.278053218609609e-07 -4.797958580676685e-06 6.383781883842849e-06
-5.015062748845363e-06 -7.662816794379080e-07 -4.669075654542840e-06 4.310726222519991e-06
-3.315867569407096e-06 -8.784699595984077e-07 -7.519792839693153e-07 -1.785649671046762e-06
-2.928749736231819e-06 -1.309313124539439e-06 -8.866321568624723e-06 3.161709078828970e-06
-3.034411607058999e-06 -2.056072555407989e-06 -4.677355952548141e-06 -4.070758406506500e-06
-4.348090651314658e-06 -8.237910260293379e-07 -5.527785701883060e-06 5.312019255644506e-07
-3.237301331487422e-06 -2.839485773602127e-06 -1.540753288145613e-06 -3.097321223880255e-06
-5.302183928220402e-06 -1.435228624930069e-06 -8.082954371773574e-07 -7.398828542615715e-07
-3.696282414257580e-06 -2.060211873177828e-06 -1.276714386678670e-06 -4.413630559681888e-06
-4.724719853818432e-06 -2.120925656678649e-06 -4.818909379212375e-06 -1.993279052980231e-06
-3.572700974438662e-06 -3.616763614037593e-06 -3.340050875618130e-06 -1.802785559868910e-06
-5.746923968104801e-06 -2.125422334191570e-06 -2.959150478228969e-07 -4.658397763501970e-06
-5.441300439473394e-06 -2.854816695360486e-06 -3.407623025956209e-06 -1.076170396638247e-06
-4.653958519111485e-06 -3.335737297557455e-06 -4.133745296977544e-06 -1.526279331850925e-06
-4.002521687280878e-06 -4.403597370166943e-06 -4.277396956242844e-06 -6.259918307349645e-07
-4.580780020297587e-06 -5.178415502154107e-06 -3.229740429658426e-06 -1.793453816481493e-06
-6.366183591444843e-06 -2.792523945501520e-06 -2.035054571608839e-06 -1.062494070737428e-06
-5.957513146133538e-06 -3.735849453712553e-06 -3.019457542379336e-06 -6.245380173504232e-07
-5.470181948619405e-06 -4.883601396512522e-06 -2.471551114310343e-06 -2.342432458411474e-06
-5.260442516633216e-06 -5.922625698445692e-06 -3.151306124088407e-06 -2.976265793269458e-06
-7.139605264884728e-06 -3.417717975336598e-06 -6.024540432875368e-06 7.339647377012740e-08
-6.922450007257874e-06 -4.891852790332232e-06 -5.410856455071358e-06 -3.194914041671934e-06
-6.066542004525606e-06 -6.591099405180326e-06 -6.358315016594811e-06 -3.542294893961020e-06
-6.986129790789351e-06 -7.186387226984588e-06 -5.469661607038279e-06 -1.996893605302772e-06
-7.998114293471712e-06 -7.707920942260776e-06 -4.846618897398862e-06 -2.524382071039128e-06
-8.072384267023227e-06 -5.219137827538991e-06 -5.779822582307534e-06 -2.244548850792483e-06
-8.059527528934152e-06 -3.957885123016360e-06 -6.837940920751269e-06 -7.389523359267136e-07
-7.834288110219828e-06 -6.524954491290548e-06 -4.689196073042495e-06 -2.395772256399914e-06
-9.114867425008988e-06 -8.101028941200015e-06 -5.508417973653492e-06 -3.267784784629143e-06
-1.031742049583535e-05 -8.380158755284210e-06 -7.131344395972916e-06 -3.665510272987045e-06
-9.025810051624368e-06 -5.503521969781375e-06 -6.355294368509699e-06 -1.858579162125506e-06
-9.121769971625453e-06 -4.346765332561615e-06 -6.885491112239099e-06 -1.475878835650896e-06
-1.156700298861829e-05 -8.514951297360879e-06 -7.686774928617942e-06 -3.811751620420348e-06
-1.014367877821642e-05 -6.622810110167170e-06 -7.269379125079499e-06 -3.111156998106878e-06
-1.029579163749214e-05 -4.561977522374329e-06 -6.635018910689314e-06 -2.463067065607776e-06
-1.183601118660065e-05 -6.825852877640296e-06 -7.640618095515322e-06 -4.024959033694930e-06
-1.300391563907496e-05 -8.587200031919017e-06 -5.817067217682861e-06 -4.106852788494323e-06
-1.154411159969142e-05 -4.610195015270568e-06 -8.454594159361723e-06 -4.298846820697637e-06
-1.503722553903763e-05 -8.657478193609995e-06 -6.919020081570730e-06 -4.022560054069293e-06
-1.340138123804052e-05 -5.849028373170839e-06 -6.975001462318242e-06 -3.445641717342845e-06
-1.299766487699186e-05 -4.540510314545693e-06 -7.620598049518847e-06 -3.918102669398537e-06
-1.797393023202280e-05 -8.762537767339616e-06 -1.210057315493900e-05 -3.656070566972834e-06
-1.649094807895642e-05 -6.390794495686494e-06 -9.417265650469571e-06 -1.652882031742963e-06
-1.504052008759391e-05 -4.448938811982181e-06 -8.446379800742341e-06 -1.804135972692894e-06
-2.204692318975589e-05 -8.879856686739815e-06 -8.379337711663158e-06 -4.592601797847281e-06
-1.997712144237284e-05 -6.559794409299125e-06 -1.005081660755880e-05 -4.090123162794919e-06
-1.797372017291146e-05 -4.345677748956409e-06 -9.032918116843161e-06 -9.498497588441350e-07
-2.649788377692289e-05 -8.984900472535029e-06 -1.200415208567039e-05 -3.427552931468052e-06
-2.423981487119502e-05 -6.558868581592677e-06 -1.013886580585023e-05 -2.686742618874053e-06
-2.204880711230325e-05 -4.238272315598697e-06 -1.036099917375510e-05 -2.057092259332767e-06
-3.109978248050456e-05 -9.058786543611470e-06 -1.255512681218657e-05 -2.670772768584777e-06
-2.877728972076614e-05 -6.562896483556404e-06 -1.267378826932339e-05 -2.652327866077111e-06
-2.649473721320542e-05 -4.136278237807445e-06 -1.140835642327439e-05 -1.723361096473643e-06
-3.580499625690997e-05 -9.111022600157712e-06 -1.189189237813970e-05 -2.017683577591999e-06
-3.343714836812407e-05 -6.565545077822625e-06 -1.179024134755043e-05 -3.000618055203860e-06
-3.109910526478902e-05 -4.069749649559056e-06 -1.206513193450572e-05 -2.602421098516087e-06
-4.060903659411565e-05 -9.158946384006631e-06 -1.526404874606043e-05 -2.317527051674879e-06
-3.819042711533263e-05 -6.562521122210137e-06 -1.362152832364574e-05 -2.885575199256446e-06
-3.580613543454032e-05 -4.018510459984955e-06 -1.210603702667350e-05 -3.956559401788245e-06
-4.549811157903384e-05 -9.187840272363847e-06 -1.650389692215969e-05 -4.640324357699110e-06
-4.304413680855450e-05 -6.558096346368300e-06 -1.587112807771386e-05 -2.425087729361537e-06
-4.061173406567168e-05 -3.960259697346097e-06 -1.561010933249981e-05 -2.768675871962073e-06
-5.042941714832423e-05 -9.210529140383114e-06 -1.501910426449386e-05 -3.074340080718400e-06
-4.795677115368304e-05 -6.563389832570108e-06 -1.594919567775087e-05 -3.543034967457746e-06
-4.549420976475547e-05 -3.933647777494741e-06 -1.562526199406049e-05 -1.331371329241185e-06
-5.539780493561780e-05 -9.229194347174449e-06 -1.769308933757364e-05 -4.017149654651583e-06
-5.290884119942692e-05 -6.561012887911763e-06 -1.587678916935523e-05 -2.800122654113875e-06
-5.043180430740041e-05 -3.914626921547151e-06 -1.581699499415918e-05 -3.327113037790425e-06
-6.038218275723269e-05 -9.233084140967688e-06 -1.918893465677087e-05 -5.178246902267941e-06
-5.788844723474275e-05 -6.560716793758590e-06 -1.847801630480678e-05 -3.374203760105470e-06
-5.539710439134721e-05 -3.892249415105119e-06 -1.696007521453099e-05 -2.193518801491872e-06
-7.108900061216758e-05 -8.952631364299720e-06 -2.359661940971070e-05 -1.901128499604270e-06
-7.037728845263623e-05 -9.246544536184743e-06 -2.396626053720347e-05 -1.829502042268593e-06
-6.261841480418579e-05 -6.560007995520397e-06 -2.016175337502254e-05 -2.197396764996915e-06
-6.537363988609401e-05 -9.232435312533395e-06 -2.020406369195383e-05 -2.701476402163365e-06
-6.038295598610268e-05 -3.887603097444532e-06 -2.003987137541587e-05 -4.947462561931856e-07
-7.138388106544625e-05 -8.242112031623114e-06 -2.343963925207837e-05 -2.201383251844594e-06
-6.969717500784714e-05 -6.563960716443784e-06 -2.390895309275674e-05 -3.239628522181361e-06
-6.537225640946633e-05 -3.889841863404032e-06 -1.974251413017822e-05 -1.820315990606470e-06
-7.138322640028043e-05 -4.886628764570086e-06 -2.310207331813547e-05 -4.684151859935228e-06
-7.037621190450908e-05 -3.881657518729975e-06 -2.348153746371407e-05 -4.882764805976996e-06
-7.108820641549178e-05 -4.175772087626395e-06 -2.320636107435420e-05 -4.879403962626606e-06
