7.203166055079020e-05 -8.678123025407818e-06 2.298993469578251e-05 -3.287935566363082e-06
7.233556825155084e-05 -7.945372231536341e-06 2.323725220729003e-05 -2.957577676189630e-06
7.233592335564100e-05 -4.488768734800827e-06 2.331753104180713e-05 -1.589685214427281e-06
7.203209647394524e-05 -3.756325747978460e-06 2.310564623266452e-05 -1.410314410321780e-06
7.129814296144678e-05 -8.981406034979311e-06 2.244764809343950e-05 -3.370146218374759e-06
6.992322564414421e-05 -6.217540256434250e-06 2.201485319724802e-05 -2.403014725441673e-06
7.129878036068855e-05 -3.453222558963935e-06 2.266172305386624e-05 -1.409102562637068e-06
6.614572426066705e-05 -8.974288670242814e-06 2.233142163992511e-05 -2.813813775294337e-06
6.614721858713758e-05 -3.464746782635346e-06 2.301456986124017e-05 -3.506347448683876e-06
6.330833767333502e-05 -6.220423366946824e-06 2.318372984404918e-05 -3.555465906894810e-06
6.100882709909449e-05 -8.969190800829272e-06 2.189037654969064e-05 -4.597388784245454e-06
6.100735246345863e-05 -3.469623205380002e-06 2.146617131321026e-05 -2.010225783577928e-06
5.844427278897719e-05 -6.218448609748374e-06 1.981422142237545e-05 -3.010697632718742e-06
5.588854497305855e-05 -8.955591520353529e-06 2.082896967244287e-05 -3.030550023404005e-07
5.588596922840553e-05 -3.477978642076097e-06 2.066806582708071e-05 -5.285786173073701e-06
5.333070920192408e-05 -6.215785099260483e-06 2.201839384589651e-05 -2.716860588258918e-06
5.077874817007792e-05 -8.941019233025513e-06 1.925430934337004e-05 -4.967894102693419e-06
5.077910046758572e-05 -3.492582502900823e-06 1.963379018760402e-05 -1.282174127629519e-06
4.823171523066581e-05 -6.218538759282084e-06 1.786157290152772e-05 -3.494023514254900e-06
4.570573749986934e-05 -8.913071477171340e-06 1.796735300126965e-05 -4.153822889184271e-06
4.570455441732353e-05 -3.526534995825345e-06 1.744211439964288e-05 -3.019132190423341e-06
4.319375310872840e-05 -6.219891231071308e-06 1.900881917137835e-05 -3.265601039126027e-06
4.071305665921843e-05 -8.868645879310615e-06 1.804308518491606e-05 -5.417566750335856e-06
4.071145830789905e-05 -3.571659149252609e-06 1.846297767363401e-05 -9.719325889491265e-07
3.824333382782039e-05 -6.218921497846359e-06 1.715097733391419e-05 -3.310997015134458e-06
3.580121447163811e-05 -8.820260364000178e-06 1.663593704924587e-05 -4.136985752453261e-06
3.580137621912588e-05 -3.617560391790182e-06 1.549650064416748e-05 -1.284101808254603e-06
3.337537870766890e-05 -6.218959798325136e-06 1.477590524423015e-05 -2.786758073857879e-06
3.099231038143777e-05 -8.750992832515991e-06 1.301603146987145e-05 -4.187404454082771e-06
3.099204459093233e-05 -3.687086023169042e-06 1.402445067164992e-05 -2.643900345032270e-06
2.863168164278589e-05 -6.220074056324302e-06 1.280711094383667e-05 -3.808052762846809e-06
2.632778495359741e-05 -8.664515115564661e-06 1.355077763977007e-05 -3.020970806139983e-06
2.632805045760526e-05 -3.777706713919098e-06 1.300202672109594e-05 -3.828334196964595e-06
2.405757589992363e-05 -6.221496457237579e-06 1.270386284033097e-05 -2.899031493265555e-06
2.185131468821804e-05 -8.560353865049389e-06 8.991419399419139e-06 -3.977869666334153e-06
2.185404092452347e-05 -3.883761830593772e-06 1.022240908566739e-05 -1.335320889252283e-06
1.976348636544411e-05 -6.221673975034191e-06 7.224166434907193e-06 -4.064802864033300e-06
1.774265830611403e-05 -8.444671212507479e-06 8.221895451092381e-06 -4.933679662062143e-06
1.773632663963256e-05 -3.997559618182444e-06 6.683942113226072e-06 -3.061733774156368e-06
1.624443373778956e-05 -6.385041103077137e-06 8.302602527011909e-06 -3.249902578669548e-06
1.478833264975388e-05 -8.336423147364691e-06 7.578131559213989e-06 -4.208049575463941e-06
1.478814068792267e-05 -4.115096074390720e-06 8.241853673870324e-06 -1.660137102607955e-06
1.274802007448412e-05 -8.241849905703762e-06 6.283118928893533e-06 -3.030530486362220e-06
1.311596761612680e-05 -6.924475936798027e-06 6.280185270739697e-06 -3.515644019701761e-06
1.273980835819148e-05 -4.184168481347821e-06 7.021738534007806e-06 -1.672357893937790e-06
1.131233385079483e-05 -4.264840124092083e-06 7.091724630048375e-06 -4.645299091194582e-06
-1.344319409623069e-06 -1.840688491461245e-07 6.449829601565514e-06 1.355555913886138e-05
-1.360738635213597e-06 -1.176953475314041e-07 4.027379237503652e-05 -4.393957606139620e-05
-1.375480933752387e-06 1.898896253444836e-07 -6.682026753904172e-06 -2.495930714054569e-05
-1.365688791809813e-06 2.323050323452187e-07 -4.927594104019168e-05 2.182524342643770e-05
1.130990193518250e-05 -8.172753096014500e-06 6.042720947574633e-06 -2.486819744714879e-06
1.006534959549190e-05 -8.037513248532456e-06 3.827546381102392e-06 -5.111053175310928e-06
1.099618203185668e-05 -5.733653058163412e-06 5.536983771757491e-06 -3.707714545195566e-06
1.004376775551393e-05 -4.244603182016872e-06 5.181841886802730e-06 -5.577288003146084e-06
-1.308220564409645e-06 -2.125281340871169e-07 -9.065055155062098e-05 5.101246420180736e-05
-1.203073154765633e-06 9.610657728127679e-09 5.028998133505824e-05 -6.903465843528067e-06
-1.343051394105171e-06 2.544719842864350e-07 -7.206251291701346e-05 3.384249278029966e-05
9.651346550752562e-06 -6.845884884715658e-06 4.609051209402776e-06 -2.858459020218253e-06
8.871105730488309e-06 -7.751751969055160e-06 3.126677631761218e-06 -6.728587346572088e-06
7.769423181296757e-06 -7.366932263068170e-06 2.744558679339229e-06 -4.673160579723850e-06
9.283972620872716e-06 -5.276409209246318e-06 4.331756298765964e-06 -3.587142424672708e-06
8.877289857592413e-06 -4.034477099324765e-06 2.745321502251360e-06 -9.229816638149747e-07
-8.442887741974376e-07 -2.005549312197997e-07 -1.908366614151929e-06 -1.072213193093938e-05
-8.501185798474490e-07 2.679464773464545e-07 -1.916607526743271e-05 -1.011908639063492e-05
-6.086813460126147e-07 5.387873116728602e-08 1.697355701799529e-05 2.516106571725056e-05
6.772126987905480e-06 -6.853636888128660e-06 1.698815466938138e-06 -2.804941905780938e-06
7.609129259239605e-06 -6.200214744943405e-06 1.965522119366166e-06 -1.634228180534607e-06
7.985694455031711e-06 -4.781629560348729e-06 1.619982428761353e-06 -1.714248338157801e-06
7.825739218363193e-06 -3.658581213823420e-06 3.219998409937209e-06 3.649394572883018e-07
-3.710307322538926e-07 -2.538623671733089e-07 -1.027316406513478e-05 -1.435763900809646e-05
-3.557343624479753e-07 2.862132742581143e-07 -3.098421957590203e-06 -1.121994310714588e-05
-6.218268382191858e-08 6.203585540124609e-08 4.182055336096733e-06 2.033865720244621e-05
5.864060256443522e-06 -6.259237557292637e-06 2.421193110954920e-06 -4.562182542214322e-06
5.086221329295341e-06 -5.596395827626242e-06 4.922499984037186e-06 -2.367656717804120e-06
6.705853292975006e-06 -4.573627859579092e-06 2.735130368623096e-06 -4.065206186610484e-06
6.918807205661276e-06 -3.138191447231113e-06 6.858517548857493e-06 -2.763769648419360e-06
2.695291844767683e-07 -3.366272775829101e-07 -5.171281569146945e-07 -6.770934536756397e-06
2.674419528814541e-07 3.613574058588223e-07 -8.600635227576513e-07 -1.201067543347504e-05
5.285971538301089e-06 -4.630554589715819e-06 4.462759551901347e-06 -2.262774098852966e-06
4.423904714382419e-06 -4.860540351352420e-06 2.490661459587557e-06 -5.967937000989061e-07
5.605729421554472e-06 -3.604809161570689e-06 6.268940968957465e-06 -3.637692898930263e-06
6.165187220186753e-06 -2.527429822177188e-06 1.814182874898947e-06 -1.232779702214650e-08
6.419890603089133e-07 2.899667716760953e-08 7.152291178961192e-06 2.310514085990011e-05
1.064217353080777e-06 -4.795214269999487e-07 -5.039149544426727e-06 -1.170611352341586e-05
1.064677015962682e-06 4.950371067615028e-07 -1.696509963824283e-06 -7.311557916107238e-06
3.855368149112205e-06 -4.094391306952404e-06 -4.353856239548436e-08 -4.115777497248018e-06
3.426606010061077e-06 -3.346475477713330e-06 9.327289373927980e-07 -2.909333856633382e-06
3.120839805014530e-06 -2.574813443326015e-06 4.238176914008082e-06 -5.967415177116845e-07
4.957629162619706e-06 -2.724678039543295e-06 6.768084942678176e-06 -1.237034472007695e-06
5.571964008812067e-06 -1.868805119079820e-06 1.761588946890012e-06 -4.202891268460259e-06
1.417836511711221e-06 -1.355164993094406e-09 -5.195529360490227e-06 -4.756845195087890e-06
1.863788041465588e-06 -5.994480448247828e-07 8.340818280755024e-06 1.065496416027516e-05
1.853705755515526e-06 6.503207216668896e-07 9.984646626172203e-06 -2.094802764045366e-08
3.842981880198701e-06 -2.562745593354284e-06 -4.094761271249943e-08 -2.709147250127343e-06
2.906422091832897e-06 -1.810444589470466e-06 4.701820213940304e-06 1.984208331959155e-06
2.544914809841395e-06 -7.206837746405325e-07 -8.378338612647816e-07 1.030061308993752e-05
2.743815469346201e-06 -8.436670223664302e-07 2.772728860898131e-06 5.287345738489308e-06
2.833984313252263e-06 -1.088014836804109e-06 5.040087163244706e-06 6.394012806233983e-08
4.519762414920346e-06 -1.776935532394220e-06 5.817129435409570e-06 -2.413201801407655e-06
5.119931314207601e-06 -1.208219600394481e-06 2.804303447715323e-06 -8.378146634965937e-07
2.238418173245558e-06 -8.622961821036063e-08 8.850012945547486e-07 -1.209700248949787e-05
2.595314020951603e-06 7.434940318116421e-07 -3.389498510698990e-06 1.328399391894192e-05
3.406302144757743e-06 -1.284885098381350e-06 -4.179779376851288e-06 -2.576635009651494e-06
2.768640797507660e-06 -3.834704413588020e-07 1.152208430888064e-06 -5.432515364039304e-07
3.004099378979626e-06 -7.604745938082939e-07 1.641417896049847e-06 5.954230944008460e-07
4.215373045585535e-06 -9.924390256971270e-07 5.655855207740733e-06 2.514342175498332e-07
4.819039038320203e-06 -5.696571071924870e-07 4.328555717070367e-06 -5.087694331220540e-06
2.814772890180027e-06 3.329185407754468e-07 6.989745585516263e-06 -2.382948695502638e-06
2.825492638735403e-06 8.439009907480417e-07 -3.444723478399864e-06 9.606970748617290e-06
3.577886275313651e-06 -1.905613544620170e-07 2.324969664316542e-06 2.788267652478748e-06
4.708091831075090e-06 4.482965921884059e-08 3.926464887269834e-06 1.215591685094500e-06
4.689767203493743e-06 6.288302221869566e-07 9.254774220335550e-06 1.976807229470635e-06
3.249601304126358e-06 7.244807509600289e-07 3.936605340599927e-06 -3.331134756440273e-06
2.970293193244014e-06 1.051698942218232e-06 -6.313724302018469e-06 4.318409738782255e-06
3.156192432251419e-06 1.614019842017029e-06 7.044594260506612e-07 1.812469806726294e-06
4.139715369464779e-06 7.287331457824250e-07 -1.097068832130179e-06 6.431151123751863e-07
3.389119580640172e-06 2.100708088536970e-06 4.881713310044928e-06 1.725543157609672e-06
4.775180570613800e-06 1.190607840974869e-06 1.446577940733276e-05 -1.580326490226255e-06
3.648618311392289e-06 1.655771768351606e-06 6.761093336513932e-06 1.858705782945230e-06
4.358835329403430e-06 1.689755370526387e-06 -3.101018974227923e-06 5.587767452721492e-06
3.651353860790163e-06 2.537963518437023e-06 -2.970095097846815e-06 -6.373748831309790e-07
4.947713518984836e-06 1.686505246483011e-06 7.859676789536872e-06 -6.639778678268262e-06
4.750488712564550e-06 2.138626925103917e-06 -1.060279432978395e-06 2.521951617095743e-06
4.330887356923987e-06 2.401132390735892e-06 3.856863355782152e-06 -1.758873443313338e-06
3.984818006762396e-06 2.920119592732744e-06 1.549049342086742e-06 7.936436522989097e-06
4.308153040570760e-06 3.242012671424657e-06 2.169229488568978e-06 1.345330946378086e-06
5.182498518727874e-06 2.125611458200927e-06 7.631625729168511e-06 -5.621922759182148e-08
4.984381853488973e-06 2.594887514493692e-06 3.041576672447821e-06 8.263134159072318e-07
4.753165919388521e-06 3.107892811953280e-06 4.106188834895697e-06 -2.512184099921704e-07
4.655712511923518e-06 3.505304796079731e-06 1.653085011917519e-06 3.257225188036576e-06
5.460298134767967e-06 2.474566523593864e-06 5.406699464532237e-06 1.923616300973292e-06
5.366002811741406e-06 3.096750921084394e-06 5.399399047077160e-06 5.137586449771099e-06
5.018925736018685e-06 3.721317012961120e-06 1.372850110595810e-06 7.730244018486838e-06
5.371100904934671e-06 3.876756932618396e-06 2.472760370925847e-06 3.718596107934018e-06
5.728944519112639e-06 3.986918814619072e-06 5.970081126065573e-06 2.516624546264133e-06
5.767260063557922e-06 3.214764609047323e-06 4.003719099406795e-06 3.613769298419127e-06
5.771861272000538e-06 2.742842182628261e-06 4.950602585444963e-06 4.196092983453362e-06
5.691075687580019e-06 3.642822870463587e-06 4.746698640128140e-06 2.920001659417397e-06
6.074613078506646e-06 4.062189486328692e-06 7.029776555202697e-06 3.745911475554414e-06
6.403574348274051e-06 4.089113118329332e-06 8.376323094671461e-06 5.207295598942596e-06
6.065307801230196e-06 3.315697937502885e-06 4.966783417123624e-06 3.222798397273166e-06
6.090407150250380e-06 2.941433271111060e-06 3.823730755594255e-06 8.089971568422247e-07
6.719368777672638e-06 4.081442057463498e-06 8.655254079680302e-06 4.559213563318168e-06
6.384129211940007e-06 3.638057830477582e-06 7.648871513678223e-06 4.158678308416349e-06
6.412762354044966e-06 3.076157402561359e-06 8.253414538618579e-06 2.855940620300852e-06
6.791327391069804e-06 3.682384230841303e-06 6.130014555014235e-06 4.412549271542891e-06
7.037751837693176e-06 4.054815423572320e-06 5.677809407606371e-06 5.111594411519373e-06
6.728115443310078e-06 3.135594775769999e-06 5.368321044237110e-06 3.548230164782769e-06
7.458758473553124e-06 4.026426357493844e-06 8.369273536005914e-06 5.931202391848802e-06
7.142120243377776e-06 3.465144964091846e-06 7.354332054314589e-06 3.719252980664694e-06
7.042560633502042e-06 3.170073829655915e-06 7.207653167979107e-06 2.952459870198719e-06
7.975931594148744e-06 3.984918913085633e-06 1.117972591935822e-05 5.486728912398072e-06
7.732161989682872e-06 3.584934061824797e-06 1.016898844433671e-05 3.743272735177467e-06
7.458039279093757e-06 3.210326978392187e-06 9.794311734473387e-06 2.287784283185528e-06
8.593546640649506e-06 3.947269719027074e-06 1.305058079200408e-05 4.832012742850242e-06
8.293863590083183e-06 3.618377167525127e-06 1.277750114569985e-05 4.293465589120663e-06
7.975954851843558e-06 3.252340200799031e-06 1.086540713422163e-05 1.550969292348970e-06
9.182847619944244e-06 3.920109658637004e-06 1.596942420562907e-05 4.881055560926797e-06
8.895579178042096e-06 3.621292096459063e-06 1.456418768896372e-05 2.438749496847848e-06
8.589363551730279e-06 3.294115851637632e-06 1.501821634149812e-05 2.567466838104042e-06
9.720690624150175e-06 3.897235510865624e-06 1.760752978958686e-05 6.561276440634080e-06
9.462253351696405e-06 3.617865233647905e-06 1.571732811622274e-05 4.995382370685691e-06
9.186215954927924e-06 3.317322732450966e-06 1.335733866766546e-05 2.756894047301996e-06
1.021070159962838e-05 3.886239731936924e-06 2.129631530378425e-05 3.876460443279295e-06
9.968689855399478e-06 3.620985803925527e-06 2.099149136928784e-05 3.193476572189033e-06
9.719100228470451e-06 3.341103142990030e-06 1.963557358201037e-05 1.096793779247739e-06
1.068178370758477e-05 3.866369306038940e-06 2.359989537593683e-05 5.585366432378120e-06
1.045111929848735e-05 3.621328294833574e-06 2.152170184739891e-05 3.421249584151989e-06
1.021059485500707e-05 3.356228860827639e-06 2.105235923772094e-05 2.819737222691376e-06
1.111510267845715e-05 3.850397360295461e-06 2.621575643061263e-05 6.122889998351873e-06
1.090427646752863e-05 3.627162717032828e-06 2.499687469932348e-05 3.412388489712961e-06
1.067891585631476e-05 3.381062818001461e-06 2.322742337278680e-05 7.672065754821279e-07
1.151651320563825e-05 3.840454112954066e-06 2.930438962031672e-05 4.978501998645434e-06
1.132048188770906e-05 3.629282648752234e-06 2.787666325508035e-05 4.075189545683149e-06
1.111545126600457e-05 3.407537290768554e-06 2.611497721309882e-05 1.311770590896823e-06
1.188621119653877e-05 3.826029344405041e-06 3.064346062234129e-05 3.589849613532474e-06
1.170460655019839e-05 3.631782283179346e-06 3.034524597070765e-05 3.876388020530509e-06
1.151562175916706e-05 3.419812154076123e-06 2.946924830398778e-05 3.266604533788607e-06
1.225482872032848e-05 3.821781259830590e-06 3.476036386794531e-05 6.316289194140021e-06
1.207056572990480e-05 3.637286213306567e-06 3.179724928996130e-05 3.789983253686368e-06
1.188360078883188e-05 3.443405528335689e-06 3.053466808542258e-05 3.864635665675112e-06
1.295714289865113e-05 3.785534639040544e-06 4.098324712784764e-05 6.892291282894849e-06
1.291079132258357e-05 3.804701025820279e-06 4.007778815708564e-05 7.168314061277831e-06
1.241088474529469e-05 3.636266992955069e-06 3.640611443212112e-05 3.785607322333353e-06
1.258704369863366e-05 3.808723753197427e-06 3.647816802450879e-05 5.977020841609855e-06
1.225570240178385e-05 3.452843961012017e-06 3.488446064930813e-05 1.321156394950387e-06
1.297636344949614e-05 3.739294120620420e-06 4.136926638174752e-05 6.120219710807058e-06
1.286742005435520e-05 3.631452713197005e-06 3.916908963561781e-05 4.034105731049475e-06
1.258851890515974e-05 3.459366805930114e-06 3.638348869312775e-05 1.667745083174751e-06
1.297643704694647e-05 3.523422266913541e-06 4.133956697004585e-05 2.011740090980165e-06
1.291127931151498e-05 3.458616238513263e-06 4.000739134879901e-05 9.096635606447666e-07
1.295733243137427e-05 3.477576779612437e-06 4.094141424111592e-05 1.204836196160885e-06
