7.763501479068194e-05 -1.293652825673698e-05 -1.127654993051701e-05 4.163744603798819e-06
7.789604413584370e-05 -1.230725616716820e-05 -1.176088582749324e-05 3.552104933351153e-06
7.789617991162572e-05 -9.339227016533013e-06 -1.160608222930228e-05 1.258879292887321e-08
7.763518181743166e-05 -8.710093630613712e-06 -1.110167917106192e-05 -6.808930931078887e-07
7.700499557136314e-05 -1.319694291612929e-05 -1.022115550547496e-05 4.301636263953560e-06
7.582508638162878e-05 -1.082345137589310e-05 -8.227004202872391e-06 1.547947357581187e-06
7.700524566026707e-05 -8.449761856478869e-06 -9.999709079151334e-06 -8.751763748035507e-07
7.258750837039943e-05 -1.318884952879462e-05 -6.761782054174392e-06 4.617169116259645e-07
7.258821631741470e-05 -8.459963784227291e-06 -6.375163076626539e-06 8.906273628714801e-07
7.016147951130696e-05 -1.082459337128959e-05 -8.808518060995903e-06 2.591187812521437e-07
6.818903527856583e-05 -1.318546671339491e-05 -8.536574646491383e-06 2.043792736884856e-06
6.818803263762622e-05 -8.461669624831706e-06 -8.791176111149221e-06 -1.258946040640913e-06
6.597994660030460e-05 -1.082168164725314e-05 -7.480460769046716e-06 8.091169788458253e-07
6.377237677054805e-05 -1.317980503707975e-05 -7.176814846115691e-06 1.038661442040656e-06
6.377317252943647e-05 -8.462400402837627e-06 -7.073814392798227e-06 1.012737622610840e-06
6.156705307743951e-05 -1.082117913918653e-05 -6.755255802365025e-06 1.099463657378416e-06
5.935936198796723e-05 -1.318577829053200e-05 -5.507350331437628e-06 2.085759841939742e-06
5.936146255528819e-05 -8.458561554147478e-06 -5.027387282633291e-06 -1.576370262159539e-07
5.715425582423739e-05 -1.082294036854625e-05 -4.237843314745947e-06 7.119941252677457e-07
5.495132929477074e-05 -1.318617373796357e-05 -5.226472252525621e-06 -2.644499648359178e-07
5.495209999941678e-05 -8.458438939083598e-06 -4.350175438607065e-06 1.406970768827640e-06
5.274751279373436e-05 -1.082224108434877e-05 -5.244201212861756e-06 3.684972616738515e-07
5.053526015059432e-05 -1.319583772859305e-05 -3.595402655592056e-06 1.417428888508172e-06
5.053669111594722e-05 -8.447570489814935e-06 -4.385382836378567e-06 7.698074167610521e-08
4.832081947348130e-05 -1.082243326608637e-05 -2.871024429666082e-06 1.478338980643094e-06
4.610288342092087e-05 -1.320127584537011e-05 -3.704246010553724e-06 6.534689757047971e-07
4.610168144646532e-05 -8.443013818897627e-06 -2.929012393195786e-06 1.830872041261702e-06
4.387824195610617e-05 -1.082226107876841e-05 -3.899092659949030e-06 1.213152052667087e-06
4.164215092741091e-05 -1.321664312067602e-05 -3.014187173065063e-06 1.679348084605807e-06
4.164529659351351e-05 -8.433115067939510e-06 -2.894178526307870e-06 6.453039880896311e-07
3.940706527313576e-05 -1.082619350302352e-05 -2.009489443684765e-06 8.320325310793660e-07
3.716864867366871e-05 -1.322065337314679e-05 -1.796938437628129e-06 6.862446806683013e-07
3.716741591429467e-05 -8.429579644515883e-06 -2.007864070419679e-06 6.600273888335143e-07
3.492455182127507e-05 -1.082469355398295e-05 -1.653438741575518e-06 5.244828248458518e-07
3.267372261513466e-05 -1.323554729554741e-05 -5.779184434066415e-07 -7.276757599454358e-08
3.267381237524776e-05 -8.418069332868405e-06 -1.630922527706302e-06 6.124084002760500e-07
3.051517373139796e-05 -1.082774144553409e-05 -8.010822356951863e-07 1.318912395998195e-06
2.835261814048734e-05 -1.324481284655610e-05 -9.169996953458700e-07 2.635455996522018e-06
2.835469633758940e-05 -8.412381778919791e-06 8.390704794669698e-07 3.476052634429963e-07
2.672912429299131e-05 -1.101522105895873e-05 2.797526154324955e-07 1.765886457375277e-06
2.506594594432457e-05 -1.324456013402603e-05 1.105018916417343e-06 2.253503339561865e-06
2.506043882838131e-05 -8.401693956132153e-06 -1.413644885540317e-06 -4.954595552047153e-07
2.266814560128393e-05 -1.323565262937122e-05 -1.845116802417008e-06 1.113486553666300e-06
2.313475650731988e-05 -1.164200685360415e-05 -1.226602648779327e-06 1.874756595629530e-06
2.267442119188416e-05 -8.409818411133229e-06 1.098616216531616e-06 1.504590824522082e-06
2.094538481426460e-05 -8.409737442896299e-06 4.411155794923213e-09 3.698455983693480e-06
-3.607824288821781e-06 6.097143682411082e-08 -2.751640260628238e-06 -2.159671994003749e-05
-3.730911792910004e-06 3.187522816535100e-07 -8.735619539086008e-06 2.486886163955234e-05
-3.675083498277330e-06 8.815222830451950e-07 2.633097365615193e-05 1.296606456768065e-05
-3.561758907363843e-06 1.028095815232635e-06 7.089646904500600e-06 -2.066320699733305e-06
2.093714466571213e-05 -1.323438408563740e-05 -3.181237960528662e-07 -8.630686081030461e-07
1.937141453501646e-05 -1.314465692158269e-05 1.015784406042828e-07 -9.154157076151752e-08
2.059698212289497e-05 -1.022278649811353e-05 2.422754257490714e-07 4.153854299136980e-07
1.937543358195769e-05 -8.269441902238804e-06 -9.244537641941594e-07 2.818886271470136e-06
-3.336278261247452e-06 -3.941077079415979e-08 -1.943367299351890e-05 -2.423186133834337e-05
-3.150913932192697e-06 5.759868898319371e-07 5.392221831861914e-06 9.267441751497274e-06
-3.345755925213467e-06 1.082156538565293e-06 -1.841736856937925e-05 -1.908648286823138e-05
1.887535497860603e-05 -1.166305948517303e-05 -4.496105146369402e-07 -2.916345720931034e-07
1.782261019129885e-05 -1.287915242063202e-05 -2.544023047918952e-07 9.790174929081803e-07
1.630655164978181e-05 -1.243616232831004e-05 -6.688458285522618e-07 9.357376749514660e-07
1.840102197938056e-05 -9.593450863646144e-06 -1.793448034317713e-06 7.258635690496563e-08
1.785321300991322e-05 -7.863665959636435e-06 -2.329101285112419e-06 -9.869222564117862e-07
-2.274109672617498e-06 -9.310553926038985e-09 1.294080461604560e-06 2.068725575119651e-06
-2.242915405345821e-06 1.131450938363279e-06 1.109129696025669e-06 -4.310045319338314e-06
-1.688371422249162e-06 5.274316374258813e-07 -3.473031442680055e-07 1.596641868396903e-05
1.485080191773956e-05 -1.182347702492600e-05 -5.069942895204212e-07 5.115899272326436e-07
1.610934706483346e-05 -1.087018483935764e-05 -1.163713561588199e-07 1.647619718059091e-06
1.663517072183372e-05 -8.882502916544932e-06 -9.498615352737577e-07 5.910852555359158e-07
1.642472025114943e-05 -7.196442888461864e-06 -1.294810988116162e-06 -3.741921242976550e-08
-9.886804052104461e-07 -1.201300953629085e-07 -9.899520614856126e-07 -1.258240353845913e-05
-1.021560797608589e-06 1.253148877134557e-06 -2.618424119707297e-06 -1.199233031855543e-05
-2.651839804215142e-07 5.196068003837000e-07 6.536072313533550e-06 3.237112134812975e-05
1.347290106397782e-05 -1.104757854369334e-05 -9.451628517479365e-07 1.444778644644913e-06
1.218729632818180e-05 -1.012449391911665e-05 1.441049147084420e-06 7.456138837376958e-07
1.478571439360723e-05 -8.561002066687119e-06 -1.943620672324010e-06 2.416120533292073e-06
1.512780598335039e-05 -6.284224087884352e-06 2.420018896953222e-07 1.065804637490064e-07
5.889047854210142e-07 -3.678958681664060e-07 -3.490329616530363e-06 -1.068225443830967e-05
6.011498087689897e-07 1.490690941196458e-06 -2.110440124921379e-06 -6.239360380856741e-06
1.251254845457142e-05 -8.671720718569884e-06 -4.922193095704435e-07 -7.243995207332937e-08
1.102602689921151e-05 -9.061724668108552e-06 2.043494081874274e-06 9.187070355144001e-07
1.306019929507734e-05 -7.002947761214063e-06 -3.561934161236364e-06 -1.225012362985916e-06
1.401503127819009e-05 -5.174829228581237e-06 7.739468287214697e-08 1.899319941477349e-06
1.526091749171283e-06 5.356753601528017e-07 6.715612516486757e-06 1.006459466667133e-05
2.662009603629311e-06 -6.922932243657079e-07 -6.365990346172732e-06 -2.758091413461860e-06
2.650196621231320e-06 1.832752782610025e-06 -1.863291340701586e-06 3.699583294533022e-06
9.995126983502708e-06 -7.866477855314489e-06 1.681151639904374e-06 2.273275572911124e-06
9.107806210830174e-06 -6.570728362722709e-06 -1.029742567607962e-07 4.776040300119673e-07
8.363735107021925e-06 -5.180590975696424e-06 -2.175226450098028e-06 -7.025866205596428e-07
1.194503760468880e-05 -5.492528735959717e-06 -2.449769029062475e-07 -3.614060491705290e-07
1.311133107494095e-05 -3.893165018294184e-06 1.569223677135086e-06 3.495252815987811e-06
3.564130196105860e-06 5.572384959646448e-07 -1.555329619025686e-06 -6.126475359484245e-06
4.660258810925292e-06 -1.059285714019476e-06 7.261689031674449e-06 5.917972286786321e-06
4.668708610394657e-06 2.173473783097843e-06 -4.837630061913586e-07 1.069078439559787e-05
9.860109939305806e-06 -5.185993028790990e-06 3.412118145705414e-07 -7.877854710059916e-07
7.783475233335608e-06 -3.715073539891944e-06 -1.743196411809113e-06 3.551841778672015e-06
6.521398077241431e-06 -1.332151274551901e-06 -4.186523552013422e-06 -4.707778206524307e-06
7.062755876515941e-06 -1.602090585033409e-06 4.537697991091002e-06 -1.103577680209252e-05
7.367947794206603e-06 -2.157418091463867e-06 9.471811768104640e-06 -1.068816533718180e-05
1.116153666452846e-05 -3.705673055600308e-06 5.612949925609321e-06 3.489300192371072e-06
1.245093015055094e-05 -2.489266618354374e-06 -9.476995194991613e-07 -3.110679381988236e-06
5.674869448825336e-06 3.377744111700059e-07 -4.294998690172053e-06 -4.547960687012912e-07
6.490067283397922e-06 2.414465356822354e-06 1.273982496178086e-06 -4.712832628153365e-06
8.821761042310243e-06 -2.660857357769612e-06 -3.611182328185517e-06 2.658711367731764e-06
7.084435842469080e-06 -4.775499253818825e-07 -2.691642817416023e-06 -1.362717418382403e-07
7.730418561606994e-06 -1.401113515291339e-06 7.327148519128191e-06 -9.349376973852479e-06
1.057705468108869e-05 -2.048532122535187e-06 -1.789505695318458e-06 8.372986874871291e-06
1.205635532423296e-05 -9.885143077166338e-07 -6.626989287861634e-06 -3.194602561807700e-06
7.082487800261594e-06 1.343658095322264e-06 -5.287465711920429e-06 1.396468259892238e-06
6.984302722836398e-06 2.697054419236696e-06 7.952326853350579e-06 -1.043791999465906e-05
9.105577765622220e-06 -1.375934916125679e-07 -2.805492438154773e-07 8.610529589246518e-06
1.193967846432849e-05 5.331273083279275e-07 4.163836212269234e-06 -4.227674183836724e-06
1.217990141784050e-05 2.068268136882822e-06 1.828239539076777e-06 1.533345465566348e-06
8.142007726735173e-06 2.327111410174080e-06 -7.133724280539644e-06 -1.699484332208264e-06
7.264226739557249e-06 3.317264094416880e-06 1.515689780808499e-05 -1.374230388873020e-05
7.577770730648904e-06 5.049791505370350e-06 1.647358528377935e-05 -2.828210845311209e-06
1.060939003283530e-05 2.237710622640885e-06 4.765590192235915e-06 6.401858460093603e-06
8.101278005177770e-06 6.794663411137625e-06 3.072006217216813e-06 1.592632098920018e-06
1.276317120292370e-05 3.649736211597828e-06 -1.021102418128952e-05 -8.895381086092606e-07
9.103567450522881e-06 5.086350196795019e-06 -3.733935684643786e-06 4.465914996948529e-06
1.145033744477295e-05 5.215935800888891e-06 -7.122016687664250e-07 -1.543594654966118e-06
8.885428367481698e-06 8.493109089695264e-06 -1.182996288554530e-05 -7.697871102933464e-07
1.370076077573475e-05 5.231981366178270e-06 -9.170680626859581e-06 -1.461407459880451e-06
1.301919367760897e-05 6.839800355188674e-06 9.179443515218869e-07 8.410249744709012e-07
1.129279065337644e-05 7.887327257545640e-06 1.641625206644289e-06 3.094856642705909e-06
9.870576630865531e-06 1.017171894627422e-05 1.965473215989999e-06 -2.733256584541920e-06
1.114005986294114e-05 1.181140982127953e-05 -1.787880108797682e-06 -1.127536837871832e-06
1.498991958277327e-05 6.718203239247667e-06 -3.369968379886570e-06 4.535205856246821e-06
1.411504891879062e-05 8.741300583251364e-06 1.079608386563945e-06 9.521629155707828e-07
1.306239542215753e-05 1.118066989253629e-05 -4.007856728200383e-06 5.785170052458470e-07
1.261287375739158e-05 1.334591308327837e-05 -6.091698849350451e-06 7.380945941724910e-08
1.659100619457489e-05 8.075118173579171e-06 -3.764537235944093e-06 -6.408247255199329e-07
1.612232511739835e-05 1.117385378234546e-05 4.016996075856156e-07 1.174427359571904e-06
1.431680585597586e-05 1.471067893388482e-05 2.244996356646057e-06 -1.164088366128098e-06
1.624775961278910e-05 1.592940731929515e-05 1.991137359196491e-06 -3.181599761093302e-06
1.835212994803293e-05 1.697153240631690e-05 3.730107945321664e-07 -1.180682979852787e-06
1.851053243390565e-05 1.185867920811201e-05 7.679667598161604e-07 1.134537551159321e-06
1.848542024323534e-05 9.226027899220721e-06 1.921526129401671e-07 -2.906010650005318e-06
1.802322746222791e-05 1.455413497354966e-05 4.814616272149116e-07 -4.257041119901177e-07
2.065067322991694e-05 1.774546238997990e-05 -3.079404357213889e-06 1.078411893625792e-06
2.309063995663917e-05 1.827348892161110e-05 -3.625759921056215e-06 1.157929513985178e-07
2.047430840467796e-05 1.245230591840403e-05 -5.042759207272213e-07 1.294027029060845e-06
2.066623979564277e-05 1.007028189089667e-05 7.556663312047708e-07 -7.616723371365979e-07
2.561024240733523e-05 1.851487066024425e-05 -1.424455043670005e-06 -1.502177788286792e-06
2.275661630172886e-05 1.473004141374721e-05 -3.258405001191295e-06 -7.350332635397142e-07
2.305428447040212e-05 1.055153485150484e-05 -2.468432706228196e-06 1.066129000141190e-06
2.615817340875991e-05 1.512764140132701e-05 -7.561991377418424e-07 -1.660888107699611e-06
2.848491675652434e-05 1.862714876037566e-05 -1.611954247183410e-07 -9.651877537638450e-07
2.557578925799019e-05 1.067375447191730e-05 -1.231244435619835e-06 9.460285609441601e-07
3.252903221117820e-05 1.873612042138386e-05 -7.638552568198054e-07 3.723632261741094e-07
2.928826693501204e-05 1.317349749808421e-05 -1.649595216276979e-06 6.756472373208833e-07
2.847557939215812e-05 1.056006765654556e-05 -1.612431543089537e-06 1.705567924326462e-06
3.830746063719519e-05 1.889965361490721e-05 -1.564129848050249e-06 2.092131406290177e-06
3.540309710757197e-05 1.425606290904495e-05 -2.131211514066532e-06 1.534613622826190e-06
3.253370062829124e-05 1.041633809692684e-05 -3.717936628452223e-06 1.227287180855642e-06
4.623644401061702e-05 1.908202935388746e-05 -1.171644749596811e-06 1.739900556720491e-06
4.221938643571399e-05 1.458581941323214e-05 -1.274645056614931e-06 4.947297498013053e-07
3.830676497004285e-05 1.026146367459458e-05 -6.830527393780184e-07 6.927334767612829e-07
5.479819691054828e-05 1.922208856282562e-05 -1.769925481196265e-06 1.462810228838503e-06
5.047589519143536e-05 1.458182546800388e-05 -1.345096898357606e-06 5.299590554693311e-08
4.624222495657515e-05 1.008312905956641e-05 -1.531465949884330e-06 -2.280948989309551e-06
6.356883559465301e-05 1.932611632032024e-05 -8.980134974728471e-07 2.764124517237735e-08
5.915040592113313e-05 1.458431940095546e-05 -1.376524626384601e-06 6.394149812865210e-07
5.479380131406395e-05 9.945999331509204e-06 -1.398346677579177e-06 -6.936574673460372e-07
7.252880765751522e-05 1.940938099030197e-05 6.690311410473408e-07 -8.195326441580887e-07
6.802234669739805e-05 1.457600189391962e-05 2.801333285602092e-09 2.768782891088119e-07
6.357364466708342e-05 9.834573367274818e-06 -1.116850663595429e-06 1.385961370422110e-06
8.162867534243318e-05 1.948391932907341e-05 -1.224470405198430e-06 1.329402520020481e-06
7.705714276644799e-05 1.457696507255919e-05 -5.132222513329298e-07 5.189892130581088e-07
7.252791972222666e-05 9.742574687316370e-06 7.700055878714891e-08 1.166724372027636e-06
9.083805335471676e-05 1.953074673281018e-05 6.879695579549765e-07 1.931603383428927e-07
8.621780423974416e-05 1.457535410663468e-05 -1.175225794559102e-07 6.020783422317081e-07
8.162971328673133e-05 9.670043947189152e-06 -5.581555736474976e-07 5.354821668680003e-07
1.001290812241568e-04 1.955684107858134e-05 -1.263206470461251e-06 -5.410142498266919e-07
9.547313984955735e-05 1.457329389512904e-05 6.735778815261720e-08 6.607094079830970e-08
9.083799980655485e-05 9.616668651130137e-06 5.762434098438568e-07 5.662586268190397e-07
1.094828711895142e-04 1.958675063482923e-05 1.471495374712983e-06 3.011469267028195e-06
1.047978753185918e-04 1.457225884570197e-05 -1.123379584793439e-06 1.655224978818495e-07
1.001304470462329e-04 9.588445147613117e-06 -1.356731229500040e-06 5.058928885424298e-07
1.188692756360629e-04 1.961232785745535e-05 5.140823730923151e-08 -2.091152389725019e-07
1.141688743640217e-04 1.457518477294358e-05 2.563576062660492e-06 -7.849060517537521e-08
1.094809732885385e-04 9.560473256447006e-06 1.837815581133734e-06 -2.786825413538640e-06
1.390459327937154e-04 1.906549505900883e-05 -3.483350885890847e-07 1.908748178781311e-07
1.377072029961914e-04 1.961963392830203e-05 -4.775866279785330e-07 3.525012919791247e-07
1.230871402250496e-04 1.457560845635806e-05 -1.907224008070648e-06 4.691142925382456e-07
1.282896813117050e-04 1.961568790469753e-05 -1.018631263812074e-06 1.634709882969971e-06
1.188691539819033e-04 9.539023126700626e-06 -4.945138093691398e-07 5.304704960912239e-07
1.396004734198904e-04 1.772722724782915e-05 -3.100102712302141e-07 -1.056508443815875e-07
1.364323487341373e-04 1.457162601655140e-05 -2.379625699093979e-07 -5.148293679616110e-07
1.282911126224718e-04 9.532425851129573e-06 -5.927764602393785e-07 -1.072426156941870e-06
1.396004519233838e-04 1.141582200565709e-05 -1.718197211476386e-07 -1.143008144280965e-06
1.377076204101194e-04 9.524058996644779e-06 -1.947670092858213e-07 -1.411830442736520e-06
1.390460296535842e-04 1.007797969341484e-05 -1.656114415012939e-07 -1.317981777463300e-06
