-8.395828846461444e-06 2.158467189469892e-06 5.258621702475750e-05 -5.306052729250639e-06
-8.418908617139039e-06 2.102641629370799e-06 5.284644712416537e-05 -4.961495716118314e-06
-8.418145649753319e-06 1.839417642295133e-06 5.291748458532194e-05 -4.982876473729685e-06
-8.394971215550448e-06 1.783259029320149e-06 5.270106312311319e-05 -4.838584044096607e-06
-8.340056754538530e-06 2.181565403605798e-06 5.204134150990473e-05 -5.445891209655530e-06
-8.235605128360503e-06 1.970045913163846e-06 5.111285100662248e-05 -5.197235585376291e-06
-8.338995254382492e-06 1.759932058409021e-06 5.228648862637892e-05 -4.807261066517421e-06
-7.951055232700831e-06 2.178144356726039e-06 4.650589130584356e-05 -7.238029261286198e-06
-7.949488291122640e-06 1.755567063780119e-06 4.708871549795686e-05 -4.693925739384807e-06
-7.737075969582095e-06 1.965688699648354e-06 4.601423710174226e-05 -5.957885255102303e-06
-7.562405574578557e-06 2.174694554306037e-06 4.470960566038980e-05 -9.702639297999485e-06
-7.563535723751201e-06 1.759763021249031e-06 4.413504071316539e-05 -1.402568075453404e-06
-7.369521955290346e-06 1.967550980142490e-06 4.235052604447585e-05 -5.201623578869075e-06
-7.189122707233153e-06 2.159038748055627e-06 4.095373122577255e-05 -8.056726266086406e-06
-7.189946567108073e-06 1.777470355437425e-06 4.070515230824459e-05 -2.177373114791176e-06
-7.017170276345998e-06 1.967370574973911e-06 4.032335055421627e-05 -4.961021473778520e-06
-6.847392937448006e-06 2.149506559979744e-06 3.739931474314678e-05 -8.136077653307260e-06
-6.850431407350543e-06 1.786128023208594e-06 3.867660017777061e-05 -2.529396263664007e-06
-6.679363035161210e-06 1.968770391672609e-06 3.463534359963352e-05 -6.072807309224547e-06
-6.516114097297142e-06 2.141631226552229e-06 3.206263358228739e-05 -5.552409288310958e-06
-6.514919359104497e-06 1.795574418363451e-06 3.174866148683671e-05 -4.900222667203128e-06
-6.355145827373249e-06 1.967883742840555e-06 3.108374605811129e-05 -5.395453880751000e-06
-6.197908683548714e-06 2.135590797415492e-06 2.960884115545587e-05 -7.574700297813823e-06
-6.201915493957534e-06 1.803802248098493e-06 2.893026185181950e-05 -3.234227240767661e-06
-6.048966045750997e-06 1.969643974378087e-06 2.919244646972390e-05 -4.523582502759653e-06
-5.910326012439178e-06 2.121769603429467e-06 2.849059619299993e-05 -7.836131750402328e-06
-5.907881402128175e-06 1.815451218093795e-06 2.923818954623199e-05 -1.823768712935657e-06
-5.774278284935697e-06 1.968807619487118e-06 2.578191163324270e-05 -5.334524395720477e-06
-5.631641961625783e-06 2.132153000858944e-06 2.188420225729230e-05 -8.192866548854695e-06
-5.637743033930611e-06 1.811923854197811e-06 2.220449569483572e-05 -3.463592588269099e-06
-5.486153662780778e-06 1.975758785249491e-06 2.041706490677500e-05 -5.094575884361565e-06
-5.330990706135383e-06 2.143349920056987e-06 2.023501307385150e-05 -4.326948805029537e-06
-5.323802070312214e-06 1.805862861017902e-06 2.056728245591704e-05 -6.168665251809904e-06
-5.166052043100000e-06 1.971085168096074e-06 1.986140675082437e-05 -5.990045643472668e-06
-4.995578420213155e-06 2.155945503678736e-06 1.864456062939141e-05 -7.766643191408279e-06
-4.997862754069235e-06 1.788374432085355e-06 1.752256495582711e-05 -3.793805229003458e-06
-4.830370795407150e-06 1.972265462180739e-06 1.512249516525895e-05 -4.954725249116131e-06
-4.649217830216492e-06 2.182255326970611e-06 1.251767720314871e-05 -7.858388405934792e-06
-4.650955915102825e-06 1.753883749331733e-06 1.360803551218667e-05 -5.084664843391883e-06
-4.506901211488828e-06 1.984938407317168e-06 1.339911460218825e-05 -3.155048842138476e-06
-4.340807580263658e-06 2.211832300593968e-06 1.242698609535239e-05 -2.847429985330948e-06
-4.344122287008641e-06 1.727889293795092e-06 1.187717710252986e-05 -6.628588165300611e-06
-4.095309218634187e-06 2.234011089862040e-06 6.679365062867898e-06 -6.965600384801062e-06
-4.149589201809648e-06 2.059158385218680e-06 7.850121464893559e-06 -7.583428715259086e-06
-4.101125961778225e-06 1.706974191337932e-06 1.227002241396474e-05 -4.554064361771963e-06
-3.910616335499359e-06 1.689423261472714e-06 1.012228588313443e-05 -4.397643010518919e-06
8.397675780692756e-07 7.144530891419017e-08 -1.306628577022637e-05 -8.514854234016384e-06
8.531543207096838e-07 7.969579854108129e-08 1.555979012122418e-05 7.677817973294064e-05
8.457575229771181e-07 -2.192096459796461e-07 5.328816508779679e-05 -2.915598603538027e-05
8.385221693602378e-07 -1.890962410165921e-07 2.257404234468924e-05 -2.523255360123161e-06
-3.914086137599919e-06 2.251881691559606e-06 9.482856889053023e-06 -7.172423313063782e-06
-3.717947401404828e-06 2.255918567080532e-06 8.183739410984753e-06 -1.114059472584770e-05
-3.876444102997052e-06 1.899746941768149e-06 7.954218354054021e-06 -3.444297454428935e-06
-3.727062811228810e-06 1.651336359592322e-06 5.771461179583360e-06 -6.317488991118894e-06
8.202667527587860e-07 5.653241517458070e-08 2.090945636585812e-05 -8.602698822933233e-05
7.210675076032535e-07 -7.743573829513941e-08 -3.795276674945078e-05 1.044173828606393e-05
8.290296753767223e-07 -1.639952550353738e-07 4.883322482402402e-06 8.445600141449943e-06
-3.659363581245828e-06 2.077702431875909e-06 8.457266412844915e-06 -7.927616351379076e-06
-3.512371561755740e-06 2.239126137601898e-06 9.612793933673384e-06 -1.367575323770648e-05
-3.302756638813536e-06 2.195063642719845e-06 6.558428981058740e-06 -8.965697788332171e-06
-3.601649058376507e-06 1.815107750254294e-06 5.589399640012329e-06 -6.186774831364460e-06
-3.517926880279934e-06 1.566200309709379e-06 8.745583476738683e-06 1.330134896068632e-06
5.122154051353208e-07 6.299807708605570e-08 -2.018785643547850e-06 1.609028029092008e-05
5.193559013160108e-07 -2.289033197435152e-07 2.336235046267003e-05 -1.276487213811957e-05
3.577188823632905e-07 -6.061622110251567e-08 -1.049847917426647e-05 -2.099864181110630e-05
-3.089136301706912e-06 2.129068356355067e-06 3.096055147800108e-06 -2.898683668235823e-06
-3.280499902132799e-06 1.989579604156178e-06 4.671884752803802e-06 -2.711219175114845e-06
-3.356011072335097e-06 1.704393104027800e-06 6.893436887144629e-06 -2.598582421355881e-06
-3.333025759538140e-06 1.460816775019972e-06 7.978465200523426e-06 5.633758420640803e-06
2.196766835264836e-07 7.470788029914736e-08 1.000933634191601e-05 1.080916462053044e-05
2.097348288522060e-07 -2.483456328162720e-07 -5.495955391464197e-06 2.109082292870823e-05
1.944297658562466e-08 -5.250844330958373e-08 -7.792836027034547e-06 -2.926389376833496e-05
-2.878128889775873e-06 2.029470384116109e-06 4.047769765364537e-06 -5.835553105960873e-06
-2.666811137296859e-06 1.898129932723541e-06 1.922307293140535e-06 -4.608226610115479e-06
-3.085797290668796e-06 1.663723209726556e-06 6.413416784667961e-06 -6.291832041734515e-06
-3.133413026692837e-06 1.297767103489346e-06 4.490902942861265e-06 -4.304272073008587e-06
-1.713764805267623e-07 1.082722151511927e-07 -5.622446944943471e-08 1.803093549720922e-05
-1.609786396212560e-07 -3.009283271638393e-07 5.637611390288595e-06 7.398840302953290e-06
-2.719299367390572e-06 1.678427903323125e-06 3.219719235876842e-06 -4.199067958986810e-06
-2.466783296610311e-06 1.741758987681220e-06 1.487644398282039e-06 -1.622686117775672e-06
-2.808801636906854e-06 1.406550245255487e-06 6.446682376957633e-06 -5.941241949124073e-06
-2.971193653205066e-06 1.092822721854200e-06 -3.407218869886617e-06 -4.689358160632524e-06
-3.885515467976453e-07 -6.552458497306481e-08 -2.010240146400821e-06 -2.622444605409879e-05
-6.383666939947190e-07 1.856619515217421e-07 4.045325875693039e-06 7.492667642672287e-06
-6.419412125005196e-07 -3.783278717548853e-07 -4.937290542031063e-06 4.524254066669915e-06
-2.282605619835795e-06 1.552823226816395e-06 2.545741593416440e-06 2.967352877611365e-08
-2.105881058595846e-06 1.331017468278386e-06 3.183204560333296e-06 -3.872817722468951e-06
-1.950801704769313e-06 1.084247371784898e-06 2.903271503552621e-06 -3.030727963053418e-06
-2.618014092411115e-06 1.149355665178198e-06 7.801565473935592e-06 -2.370869604625888e-06
-2.838431447063821e-06 8.488688303296265e-07 -3.767699032369696e-06 3.158335788598545e-06
-8.476744827620052e-07 -1.051071968501690e-07 7.518660508063695e-06 8.487920132889619e-06
-1.097910124420166e-06 2.589552492889314e-07 -5.067490940369404e-06 -1.029875074689834e-05
-1.097486325742887e-06 -4.573876906259261e-07 -3.409735573524879e-06 -4.863106102809841e-06
-2.235116669258382e-06 1.093358090774832e-06 2.626301198722660e-06 -4.892878175576893e-06
-1.823803002770731e-06 8.038055394868411e-07 5.563480941484754e-06 1.012828273896609e-05
-1.518331578978813e-06 3.322564893143970e-07 -1.521723525199309e-05 5.001183909909529e-07
-1.634229402940548e-06 3.851483653566664e-07 6.295217589744512e-06 -4.085616482425198e-06
-1.706284852957190e-06 4.965859090231344e-07 1.589672402909625e-05 -5.483529161821356e-06
-2.480277420386115e-06 8.196502458655894e-07 4.847570840246272e-06 -1.180850970359760e-06
-2.737753107206441e-06 5.770948216799769e-07 3.183463694427084e-06 9.195373111654743e-07
-1.324061956876470e-06 -4.977209743981977e-08 1.621425347975175e-06 -4.013229691545349e-06
-1.484898928967136e-06 -4.843234095880805e-07 7.792254513737538e-06 -8.253079630499996e-06
-2.014711705295643e-06 6.059643778455695e-07 -4.531204383390775e-06 -2.095321730016081e-06
-1.635021855883248e-06 1.442616088177684e-07 3.525842306383900e-06 1.114059999544801e-05
-1.774965610603564e-06 3.401977213676515e-07 1.433114821747742e-05 -3.770854527980560e-06
-2.365069298422757e-06 4.826399828042884e-07 2.574999693630270e-06 -4.825468387574152e-06
-2.669629192553038e-06 2.647187852389743e-07 6.245721519975705e-06 3.193345623418336e-06
-1.617015299875872e-06 -2.551802225956494e-07 9.993236685503145e-07 -5.338229332655293e-07
-1.587605033198486e-06 -5.459058084955489e-07 -4.670576708284316e-07 -1.403404126399295e-08
-2.060920835275264e-06 7.281087786550735e-08 4.178938447341823e-06 -3.637213783740306e-06
-2.661731166406510e-06 -5.437614851677102e-08 -3.680662789815009e-07 4.206944507740246e-06
-2.750517254654485e-06 -4.084935775647572e-07 -2.689289510681786e-06 -2.999781916881729e-06
-1.836532146051920e-06 -4.698043267822646e-07 3.183434955455626e-06 6.154256974681515e-06
-1.640907601152486e-06 -6.814197475688350e-07 -2.455278141804277e-06 7.598703360986456e-06
-1.691566216227704e-06 -1.074676020860990e-06 -2.063025545121871e-06 6.348431843713032e-07
-2.386771340065575e-06 -4.435229357204004e-07 2.783946313865494e-06 -2.297750949387572e-06
-1.795498312541164e-06 -1.501044799489651e-06 -2.219848564142214e-07 -1.713434174034254e-06
-2.901719807801518e-06 -7.516172156596379e-07 2.287826136497666e-06 -6.372343711333826e-06
-2.038712900352741e-06 -1.078467840782498e-06 6.384937252899234e-06 -2.173444986441374e-06
-2.580965574616042e-06 -1.113019758786231e-06 -2.908976698661493e-07 3.109182707720952e-06
-1.979672095876646e-06 -1.917391551118459e-06 -2.374076590176599e-06 5.307790675182647e-07
-3.128792891593397e-06 -1.125965763482722e-06 6.907331274314504e-06 2.200123042404007e-06
-2.961054201649525e-06 -1.503478208752730e-06 -1.001153529479624e-06 3.516033799456964e-06
-2.552375762738432e-06 -1.744260152057333e-06 2.066406972303526e-06 1.635327193208622e-06
-2.203619705384794e-06 -2.325139650501725e-06 1.404181751521129e-06 1.672555167355425e-05
-2.508755067239888e-06 -2.730948644939917e-06 8.068934597267263e-06 -3.950857533353274e-06
-3.447608563935973e-06 -1.472983059298340e-06 1.178106464671477e-05 -3.985275749513142e-06
-3.231377901388548e-06 -1.955804508875150e-06 6.501772745858115e-07 1.040527718731826e-06
-2.977501684781711e-06 -2.568252932804369e-06 8.558082037403458e-06 -4.390967768087159e-06
-2.866469460909968e-06 -3.114736098878384e-06 1.399373194918253e-05 5.366243617735542e-07
-3.867526477040349e-06 -1.795869223663331e-06 1.540385492297757e-05 2.821330720236977e-06
-3.734806296309834e-06 -2.569434002691991e-06 -1.852146167700689e-06 4.227080249266586e-07
-3.284071375266931e-06 -3.461781353398373e-06 2.466714197894196e-06 1.122393165356926e-05
-3.773231107767395e-06 -3.780746502499169e-06 4.119531280662947e-06 3.026027869579778e-06
-4.309672190477320e-06 -4.058560723077212e-06 7.596618140552506e-06 -9.408784619103495e-07
-4.337776374817515e-06 -2.739805534465465e-06 -1.142653694325944e-06 6.727399182927496e-07
-4.336824569368089e-06 -2.074356741586869e-06 -2.770095354688026e-06 4.372693973591860e-06
-4.219355727496342e-06 -3.432473957081496e-06 5.654964461785220e-06 -6.341918217452324e-07
-4.895340766727740e-06 -4.270258954142542e-06 1.152004625749561e-06 4.142279631305854e-06
-5.529397718963807e-06 -4.422638335684292e-06 4.035405760350350e-07 4.445673159078337e-06
-4.849486587680420e-06 -2.891127598026181e-06 6.813118436579367e-06 -2.061407963023148e-07
-4.899185197817308e-06 -2.272377902566098e-06 6.970915685480221e-06 4.368493616977240e-06
-6.204093593532583e-06 -4.494245968441540e-06 9.609214035626454e-06 -2.674170685277817e-06
-5.440320754725396e-06 -3.484999440432227e-06 4.633868732853849e-06 3.489959761273438e-06
-5.525483930201064e-06 -2.390172235255130e-06 6.918184916200819e-06 5.886681748686375e-07
-6.349652069979257e-06 -3.594965005831344e-06 3.693633685674864e-06 4.750325687753465e-06
-6.963042586162301e-06 -4.523672873923042e-06 3.090244432951526e-06 -7.533821744670513e-07
-6.186383655188989e-06 -2.416997243603172e-06 1.896301740014975e-06 1.109684935441534e-06
-8.044190687598612e-06 -4.562165371993424e-06 5.789821834715491e-06 9.190211943952977e-06
-7.176048205465425e-06 -3.070936461213001e-06 6.679864051810108e-06 2.062167860187947e-06
-6.960463072781000e-06 -2.375626943767548e-06 6.648459737297674e-06 -1.567896174384166e-07
-9.617508795046792e-06 -4.606784475487411e-06 6.625203299324110e-06 8.279825398406708e-07
-8.827005035209536e-06 -3.352794892782032e-06 6.421539375685795e-06 -5.882858428360446e-07
-8.052603717347029e-06 -2.325485500289818e-06 7.313990395099043e-06 3.052111455128027e-06
-1.177455310279531e-05 -4.666522009099872e-06 6.491142663320227e-06 2.368014693705288e-06
-1.067981476817277e-05 -3.440749609407190e-06 6.528879098100352e-06 3.290303890434179e-06
-9.613192014140276e-06 -2.270535739726564e-06 6.995227643071234e-06 2.587585306728587e-06
-1.411812208293439e-05 -4.707674139461368e-06 8.298790565210009e-06 4.264444627071437e-06
-1.293504122941118e-05 -3.434121887722009e-06 8.437527164586442e-06 1.747162616987596e-06
-1.177997220545305e-05 -2.208844791991624e-06 7.390613632526675e-06 2.064828012816117e-06
-1.651921977934219e-05 -4.750497435469350e-06 1.147011728185618e-05 3.137790250391911e-06
-1.530438374657503e-05 -3.439285041604757e-06 8.884024807380834e-06 1.727506032204386e-06
-1.411412334591212e-05 -2.164658754899522e-06 9.172945460774847e-06 9.692796457336156e-07
-1.902148564975115e-05 -4.782802078341291e-06 1.010108211432821e-05 1.884928747142825e-06
-1.775838527899118e-05 -3.435042584687914e-06 1.162343405092146e-05 2.444433263696917e-06
-1.652317872752318e-05 -2.126397568804034e-06 9.998655349489787e-06 8.338644346537928e-07
-2.155006331238237e-05 -4.798644135115356e-06 1.253358110248208e-05 4.220060258611999e-06
-2.028331403481078e-05 -3.438010025090479e-06 1.058813398394508e-05 1.725497079106622e-06
-1.901734270653033e-05 -2.089269549763065e-06 1.105679046273398e-05 2.541717757763224e-06
-2.410590597449901e-05 -4.821288934228954e-06 1.348830183465198e-05 5.517597496141866e-07
-2.282079133482310e-05 -3.437777773613969e-06 1.393067504413598e-05 2.004902793553575e-06
-2.155154811372082e-05 -2.077886175445985e-06 1.252965359643536e-05 -5.435017404915796e-07
-2.670632255505267e-05 -4.836113833365898e-06 1.527127430895068e-05 2.219216733377483e-06
-2.539953443421746e-05 -3.438593072147103e-06 1.383133678628327e-05 2.137067524268126e-06
-2.410518146524009e-05 -2.055476471198814e-06 1.365880790876859e-05 3.327518087703108e-06
-2.934812249541231e-05 -4.843279299585213e-06 1.513380277808495e-05 3.362455952050605e-06
-2.802395417993892e-05 -3.433053619335627e-06 1.537145006497307e-05 2.437523458522974e-06
-2.670950979202226e-05 -2.036239822099946e-06 1.462467566964752e-05 2.764528965845440e-06
-3.200507267369648e-05 -4.865526189652325e-06 1.404635135429947e-05 3.915181931744029e-06
-3.067188721614882e-05 -3.434503915386132e-06 1.423804238268192e-05 2.851257592782096e-06
-2.934593407956199e-05 -2.022653405856217e-06 1.485007933549281e-05 1.488379551613934e-06
-3.773229622866888e-05 -4.709037344257950e-06 1.640546821722157e-05 3.225094541581989e-06
-3.735283264118178e-05 -4.866553210926607e-06 1.633379309917246e-05 2.927292087852734e-06
-3.319953707138813e-05 -3.437809330558750e-06 1.602158080983297e-05 1.911201554307187e-06
-3.467351645596151e-05 -4.871582681790485e-06 1.568361274184756e-05 -1.472167029483308e-06
-3.200473986789772e-05 -2.007973656805078e-06 1.532638311069833e-05 1.878993318220210e-06
-3.788941231553975e-05 -4.329148641677639e-06 1.648399228054746e-05 3.621832983273685e-06
-3.699144088277884e-05 -3.435572256135724e-06 1.530325887316300e-05 3.159033922742383e-06
-3.467435412430455e-05 -2.003722298594794e-06 1.490532112987468e-05 5.157027197882945e-06
-3.788802384808857e-05 -2.542387474881842e-06 1.682826923392960e-05 2.795898619491587e-06
-3.735194688315456e-05 -2.005948379869234e-06 1.630236070628798e-05 2.919974766546408e-06
-3.773098503204606e-05 -2.163160204221354e-06 1.666202025055232e-05 2.806959547476321e-06
