7.814525036099366e-05 -1.092942827360434e-05 8.086792029509012e-06 -4.650538722546741e-06
7.845290067229852e-05 -1.018678066035711e-05 8.178202109906400e-06 -4.541664884981859e-06
7.845252784870496e-05 -6.685549906324692e-06 8.018145411822051e-06 -3.651716699303854e-06
7.814481073333973e-05 -5.942681974637397e-06 7.899728754019197e-06 -3.436862486813732e-06
7.740253374867600e-05 -1.123703049988616e-05 7.886330351028447e-06 -4.668398096810287e-06
7.600867314396030e-05 -8.435769764546688e-06 7.242836072976642e-06 -3.901063408390807e-06
7.740194276665726e-05 -5.634948689348692e-06 7.634317062404148e-06 -3.353287561794628e-06
7.217042779987188e-05 -1.123536053080417e-05 6.710861389747817e-06 -2.916723290664949e-06
7.216935724932152e-05 -5.633259802991646e-06 6.164436895730572e-06 -3.045335608135569e-06
6.928252950339269e-05 -8.433751667750548e-06 7.115116791416287e-06 -2.386270990166704e-06
6.694040585845586e-05 -1.123413565390443e-05 7.846701331792682e-06 -1.751148008454230e-06
6.694141322566828e-05 -5.634520813176253e-06 8.051989553307451e-06 -3.171479900375571e-06
6.432661591940809e-05 -8.435354700699625e-06 8.704794745472503e-06 -2.729417290350646e-06
6.170953106494805e-05 -1.123623979394528e-05 9.068609379273001e-06 -2.802016680700556e-06
6.170946085544357e-05 -5.634313564221592e-06 8.852159491066786e-06 -3.078004654240909e-06
5.909146322520445e-05 -8.434862641494555e-06 8.547798961838722e-06 -3.147379228138736e-06
5.648017890481529e-05 -1.122410149943070e-05 8.859808585987421e-06 -3.166725921460210e-06
5.647747604816965e-05 -5.641201652560514e-06 7.974827688140192e-06 -2.920853843728929e-06
5.387398384141571e-05 -8.430820770481240e-06 7.698771016306345e-06 -2.988532114028286e-06
5.128482231333306e-05 -1.119960657439042e-05 8.440586310541378e-06 -2.733563825972619e-06
5.128476891491329e-05 -5.661964572485187e-06 7.736928660933839e-06 -3.263068807557749e-06
4.870196077665566e-05 -8.431229898852748e-06 8.029190197286730e-06 -2.924177914101904e-06
4.612882554750896e-05 -1.117811241062687e-05 8.840890246410629e-06 -2.512963555246343e-06
4.612961760421890e-05 -5.685968350327228e-06 8.315812951553652e-06 -3.207625684862451e-06
4.356324745974091e-05 -8.431590041476769e-06 8.668095937777183e-06 -2.673275880541357e-06
4.102647050421960e-05 -1.113012501353942e-05 8.260090684449850e-06 -3.280196813248891e-06
4.102329639707166e-05 -5.726915485389351e-06 8.331313506740998e-06 -2.451809196628729e-06
3.850577390726452e-05 -8.424547407833834e-06 7.648096781254857e-06 -3.045911234001706e-06
3.602949766853612e-05 -1.105965106482077e-05 6.634713051312639e-06 -4.418185981430946e-06
3.602787674286804e-05 -5.784263390571350e-06 7.117628202748049e-06 -2.554995368145734e-06
3.357183310993871e-05 -8.420170766495253e-06 6.779480684010861e-06 -3.659738307066111e-06
3.115793013418288e-05 -1.098797565042487e-05 7.771059761941824e-06 -4.090037433064222e-06
3.115873953942933e-05 -5.852856734126294e-06 7.243503703672728e-06 -2.586796884521748e-06
2.877109320525085e-05 -8.420691266588280e-06 8.447488153083782e-06 -2.827401753495268e-06
2.644328041638975e-05 -1.089933284410159e-05 8.423650685416774e-06 -4.236528134325884e-06
2.644209592635955e-05 -5.941079768550191e-06 8.356387761501394e-06 -1.248370684049569e-06
2.423678993808015e-05 -8.418447820083622e-06 7.166191534217956e-06 -2.762443770313978e-06
2.208536476066085e-05 -1.080551564571142e-05 5.521147042702529e-06 -3.832898330453589e-06
2.208434741812501e-05 -6.034541569030840e-06 5.932967817818172e-06 -2.728046055297099e-06
2.048462277498769e-05 -8.598370953160956e-06 4.986225140344041e-06 -3.422709415880944e-06
1.890419306955948e-05 -1.071714227479937e-05 5.874877992433827e-06 -2.244484083936679e-06
1.890036554886652e-05 -6.122193072452814e-06 5.963676659192723e-06 -4.928628970608152e-06
1.667238992424730e-05 -1.063628621739236e-05 6.298924600615326e-06 -3.123011001120668e-06
1.708332081130644e-05 -9.182137923525373e-06 6.768868603717180e-06 -3.027902181936391e-06
1.666827272249528e-05 -6.179893387065337e-06 6.345558859179005e-06 -4.042011252629277e-06
1.509474924689137e-05 -6.239137821986920e-06 4.545243335901688e-06 -3.156373696323874e-06
-2.228522363153642e-06 -4.456985282497375e-07 4.041764393528272e-05 -1.918649175005173e-05
-2.272094356934656e-06 -3.521313440445821e-07 2.831653991701257e-05 9.926509443382610e-06
-2.290948608724200e-06 7.520185418701412e-08 -3.145317176825466e-05 -1.405951493304594e-04
-2.242817767195553e-06 2.347442528393377e-07 -2.259176136683615e-05 -9.540008763876616e-06
1.508972679325689e-05 -1.058134459506595e-05 4.406813231446704e-06 -3.212766229546050e-06
1.369761903465492e-05 -1.045445703325443e-05 3.792610508094720e-06 -3.161575384302967e-06
1.475661125821339e-05 -7.871329904979152e-06 4.388421235804223e-06 -3.129799697199811e-06
1.368086228800284e-05 -6.177026725791233e-06 3.969439098135178e-06 -3.127305031805089e-06
-2.132943702628453e-06 -4.857698676035957e-07 3.347168025907010e-06 -9.931668949046198e-06
-2.021309079671446e-06 -1.543417630916687e-07 -7.523881033984411e-06 2.439835498245969e-05
-2.112120231567794e-06 2.984525853808148e-07 2.042626464195202e-05 6.407171127142402e-05
1.324246912044381e-05 -9.126339731385758e-06 3.672067280995413e-06 -3.133199170726600e-06
1.234912435867190e-05 -1.016358505696341e-05 4.059723670265707e-06 -2.897503460913645e-06
1.107420976186820e-05 -9.745282327234788e-06 4.789641801789481e-06 -3.142532359595063e-06
1.282518593023140e-05 -7.338097382221730e-06 3.964642941550837e-06 -3.222537819995222e-06
1.235900326950464e-05 -5.893049219235561e-06 4.484291769963146e-06 -3.383793800082438e-06
-1.389642817194018e-06 -4.767124025440672e-07 7.972709779435341e-06 -6.328919694487335e-06
-1.442351024331040e-06 2.190959143937747e-07 -9.693036874709971e-06 -1.903829156947707e-05
-1.046190480195441e-06 -1.215798282066358e-07 9.582450423681435e-07 2.080902646633128e-05
9.887031939561570e-06 -9.182633627526429e-06 4.833326781010001e-06 -3.514427656613753e-06
1.089508639857312e-05 -8.406828501761661e-06 4.906229375076396e-06 -3.580329293007196e-06
1.133139215007642e-05 -6.756063641132679e-06 4.863776472947009e-06 -3.489610404477456e-06
1.115094546802318e-05 -5.407116316949093e-06 5.006426086990658e-06 -2.740884428949433e-06
-6.346117562151523e-07 -6.139968319343600e-07 -8.295133703648667e-06 -4.944354427241077e-06
-6.070848213863687e-07 2.860121626700781e-07 8.388470134413069e-06 -4.180993206826458e-06
-1.583553625994485e-07 -1.330000185063762e-07 1.011462773188972e-06 -3.668665239827701e-06
8.788537969780644e-06 -8.512765729163080e-06 4.435936277818740e-06 -3.275174072969782e-06
7.805032750631407e-06 -7.742962599382097e-06 3.655668448126218e-06 -2.566394366982716e-06
9.820020272558706e-06 -6.506177571288856e-06 4.282895913181842e-06 -3.263539000196990e-06
1.008351270123920e-05 -4.733552355095025e-06 4.385137309687024e-06 -1.363080753152545e-06
3.985533827519590e-07 -7.293634747479696e-07 5.904249683483571e-06 4.531725144613986e-06
3.843809921071349e-07 4.282935485105190e-07 -6.996703014644693e-06 8.651963663229418e-06
8.055078239689784e-06 -6.581346699285589e-06 3.355969964168651e-06 -2.184797491422759e-06
6.944795286966200e-06 -6.874172123771341e-06 3.435557855911315e-06 -1.908461895701340e-06
8.466441083410934e-06 -5.300002476262564e-06 2.773477843454218e-06 -1.654618079872026e-06
9.179585023416592e-06 -3.922481934614343e-06 3.352470962587650e-06 3.895234925533215e-07
9.809146991044608e-07 -1.576780581505008e-07 3.011251070145145e-06 -8.003934335535088e-06
1.677334567286767e-06 -9.350555870188326e-07 -2.275093419926089e-06 -8.974133054696383e-06
1.690227890395067e-06 6.473512709749716e-07 3.421925260581379e-06 7.213785549366919e-06
6.194599137643792e-06 -5.936549750091259e-06 3.240779130522550e-06 -1.538572896657484e-06
5.592621798103038e-06 -4.969729537504400e-06 3.095651186900586e-06 -1.288257880970627e-06
5.123656794583388e-06 -3.952599115785569e-06 2.850378472072007e-06 -7.965306665394245e-07
7.631430381788727e-06 -4.166178725213471e-06 2.223377173042082e-06 -4.229319911412914e-07
8.460216957230793e-06 -3.017800516646790e-06 2.892040422354268e-06 1.349319284100931e-06
2.257082395282998e-06 -1.387296363555353e-07 1.841151307447984e-07 2.241961287738719e-06
2.952491212994874e-06 -1.134208952684834e-06 3.530115666335188e-08 -3.898593269321653e-06
2.942866871412708e-06 8.534435317100306e-07 1.836424398979307e-06 6.594652617762480e-06
6.140568499981126e-06 -3.947299652861961e-06 2.925811110799824e-06 -7.683077041041664e-07
4.772715727861144e-06 -2.913927900256673e-06 2.869169803923507e-06 3.469854856555858e-07
4.075413707619186e-06 -1.314936645893476e-06 2.280910160284086e-07 -4.240930448847429e-06
4.401864053416893e-06 -1.492776171431589e-06 1.995564712586623e-06 -3.730504716414099e-06
4.569623553798670e-06 -1.858486777873197e-06 3.254720564268041e-06 -2.111299165652975e-06
7.058054799918394e-06 -2.888884176108696e-06 2.271501517302155e-06 6.521684967108474e-07
7.928451187008115e-06 -2.063743858378376e-06 2.486081815625829e-06 1.530903093718407e-06
3.563442126371472e-06 -2.947975532995411e-07 1.435045881234308e-07 9.507171565379401e-07
4.090596070208819e-06 1.008340585890309e-06 -1.280033754279491e-06 1.565577085899743e-06
5.480313603345666e-06 -2.181212174672610e-06 2.282098734003514e-06 1.253524236824398e-07
4.431377585881448e-06 -7.868687841526567e-07 1.079278935936672e-06 -1.503623325314550e-06
4.815130487947378e-06 -1.366924537608046e-06 3.014741717523624e-06 -2.692693210928727e-06
6.652116274376951e-06 -1.768370453762764e-06 1.800259224116399e-06 1.636749804229919e-06
7.594045815533872e-06 -1.094125016830705e-06 1.402729919407473e-06 2.165674077132823e-06
4.465712655366270e-06 3.393547538937658e-07 -7.360516960388574e-07 5.362589942094673e-07
4.427435751240923e-06 1.178034055935687e-06 -1.202587573643514e-06 6.400063659810011e-07
5.698026651134440e-06 -5.425370803596652e-07 2.943660177073405e-06 -3.765269582277322e-07
7.473196559958292e-06 -1.285844513357098e-07 1.677999616077355e-06 5.666890848818402e-07
7.546279027778676e-06 8.061050048447178e-07 2.369958919164606e-06 -5.493052801755281e-07
5.144858756996566e-06 9.546250638681981e-07 5.815354400764511e-07 -2.521104357851593e-07
4.624644903672627e-06 1.539042904902661e-06 -4.347895928138795e-07 3.458541478174318e-07
4.870022219979513e-06 2.528895562248809e-06 1.976898535087034e-06 1.177161995142980e-06
6.616388541851352e-06 9.292388336934168e-07 2.864550384126813e-06 -8.948451494839209e-07
5.228469798373065e-06 3.472986134923273e-06 4.046981741071913e-06 3.103954166452827e-06
7.814732876408877e-06 1.749240051260648e-06 2.965438408347709e-06 9.714447836292469e-07
5.763593383067855e-06 2.567401300712127e-06 4.324475252441899e-06 1.659119727457913e-06
7.060196511795878e-06 2.642588270561758e-06 3.194662003434993e-06 2.411104684676168e-06
5.688980152818124e-06 4.366933712236795e-06 4.672984569893206e-06 4.511471849640858e-06
8.253924397613809e-06 2.643958550615600e-06 2.545173551558841e-06 2.926252589195366e-06
7.872171169824739e-06 3.515895237970621e-06 2.458128497993792e-06 3.727665323640166e-06
6.983639454555285e-06 4.058280589366726e-06 3.119447266666598e-06 4.166798388316243e-06
6.250316067270951e-06 5.209369938764321e-06 3.181336699030186e-06 3.670180380962462e-06
6.917773513413113e-06 5.991386086644069e-06 2.375632224513909e-06 3.065529497943346e-06
8.855706420487762e-06 3.463519386228153e-06 2.465165043212974e-06 3.395015095610083e-06
8.413089333768021e-06 4.488082360907199e-06 2.210452941974377e-06 3.130408995513367e-06
7.892890548116228e-06 5.679735349999187e-06 1.978022765848519e-06 2.799433089225891e-06
7.671493140288687e-06 6.696334147348492e-06 1.952563817290143e-06 3.403944070467608e-06
9.593096946030913e-06 4.178983748288789e-06 3.484914248987094e-06 2.337168343194838e-06
9.364227001500630e-06 5.669479722324570e-06 3.284216362320552e-06 1.986851065834636e-06
8.503633400958360e-06 7.311742979154950e-06 2.300770164260017e-06 3.950010677432218e-06
9.408233385932518e-06 7.831932574724323e-06 3.618331831975360e-06 4.950261048080007e-06
1.037076207914864e-05 8.250280899946325e-06 4.666230707149561e-06 5.234784737145659e-06
1.045411861661840e-05 5.987432456431166e-06 4.884375969966944e-06 2.248138639235584e-06
1.044860131574899e-05 4.764549784477720e-06 4.574006839989696e-06 1.289355869960017e-06
1.023661390442841e-05 7.200735850085786e-06 4.727816022020132e-06 4.101938401878885e-06
1.138331337603336e-05 8.554465614094052e-06 5.314223062531500e-06 5.318676099310537e-06
1.243162985231923e-05 8.742994208537415e-06 5.579904912412404e-06 4.867543518952123e-06
1.132464270370074e-05 6.260360264893904e-06 5.828363037587253e-06 2.839328393509404e-06
1.140520035583944e-05 5.196407601971229e-06 5.758027366893549e-06 1.666352222560238e-06
1.349824959862094e-05 8.810102782055072e-06 5.734025164307173e-06 4.588038547680439e-06
1.231052405405182e-05 7.245915281191542e-06 6.048966549319602e-06 3.851450781878813e-06
1.243170419932012e-05 5.459293504930668e-06 6.225965835561053e-06 2.590762894043634e-06
1.373275121611518e-05 7.405442776933681e-06 6.031088062932707e-06 3.653258473108802e-06
1.467459866109254e-05 8.818349301647690e-06 7.144068608540127e-06 4.857337123524968e-06
1.349491472137320e-05 5.545286479109267e-06 6.207862619365509e-06 2.843552470085113e-06
1.629196986798866e-05 8.830975790942921e-06 9.119441680087012e-06 5.644787522640563e-06
1.501034948033647e-05 6.608016124522983e-06 7.212499187188465e-06 3.158127565382553e-06
1.467104368871852e-05 5.538814661122699e-06 7.052805855743124e-06 2.550774219639470e-06
1.854542798139613e-05 8.856553741841092e-06 1.146953740311524e-05 6.622923136639146e-06
1.742184118215537e-05 7.052281715470929e-06 1.011145552033163e-05 4.209554836324421e-06
1.629110517929435e-05 5.528502779848167e-06 8.491980966595776e-06 2.127837669002213e-06
2.156614161843242e-05 8.881994102997230e-06 1.285981116284670e-05 5.575035335816147e-06
2.004851325897207e-05 7.187632592100797e-06 1.275935046941078e-05 4.165272557743067e-06
1.854296004157505e-05 5.511446749607686e-06 1.180236859199600e-05 1.855727010481667e-06
2.474344939740985e-05 8.896443741297646e-06 1.559241497858159e-05 6.561080086576179e-06
2.315097663173561e-05 7.191280270169874e-06 1.321989240231419e-05 4.204330245742230e-06
2.156457558298824e-05 5.497587837247083e-06 1.255383406843955e-05 2.804369393151889e-06
2.794617282554461e-05 8.911437746137253e-06 2.134216406722091e-05 4.422552394012737e-06
2.634040339131217e-05 7.190295782891948e-06 1.937015032235319e-05 3.193500089130073e-06
2.474481805461433e-05 5.485126336573793e-06 1.625098024981036e-05 8.301615411169948e-07
3.117151968790373e-05 8.926473581010964e-06 2.281324734361927e-05 5.566393592125592e-06
2.955459519802117e-05 7.192665505085238e-06 2.184445928366151e-05 3.776459643286705e-06
2.794438520580311e-05 5.471443550632810e-06 2.107069896204876e-05 2.237045782031764e-06
3.441802392240238e-05 8.938333154881322e-06 2.634679783064353e-05 6.488269559233654e-06
3.279139860408211e-05 7.191270560814421e-06 2.402012100544168e-05 4.835082036351985e-06
3.117246554110341e-05 5.458053282559064e-06 2.209226568823353e-05 3.345045980887205e-06
3.770471427480985e-05 8.958437543406972e-06 3.081292688299995e-05 4.316724470129321e-06
3.605311972276460e-05 7.189468211092473e-06 2.943248808563170e-05 3.090704581063419e-06
3.441884412694390e-05 5.442057284971343e-06 2.737541558186408e-05 1.619810801198446e-06
4.101538512857034e-05 8.961393400978077e-06 3.405561872844370e-05 5.678054683633210e-06
3.936040564030998e-05 7.189491389446271e-06 3.199436999604918e-05 2.902646855577523e-06
3.770401410272125e-05 5.420732560578346e-06 3.089008738701243e-05 1.212900624075586e-06
4.432975776778326e-05 8.968480207261397e-06 3.611564124122428e-05 6.169181010595688e-06
4.267033267452420e-05 7.186560428491883e-06 3.518607224739996e-05 4.707865705237784e-06
4.101716973190981e-05 5.414650546426041e-06 3.308113752671539e-05 1.968665773736082e-06
4.767052984775030e-05 8.983511815227744e-06 3.864044446547626e-05 6.024832412533854e-06
4.599467373868926e-05 7.187980535933667e-06 3.718106940297305e-05 4.422380149204317e-06
4.432914882911187e-05 5.405142255756446e-06 3.637110156972411e-05 3.319452191046926e-06
5.484173502433201e-05 8.781657394705000e-06 4.598854342494804e-05 5.006676385716533e-06
5.436572942787592e-05 8.978848499578104e-06 4.581063739192194e-05 5.133123217017594e-06
4.917124076981733e-05 7.191318523129364e-06 4.110836834271083e-05 3.386019224461068e-06
5.101923155597028e-05 8.983233465985797e-06 4.416690502973237e-05 5.473209417356438e-06
4.766843942470372e-05 5.396445854116565e-06 3.917276457950969e-05 1.641441772613368e-06
5.503891022426214e-05 8.305634825672230e-06 4.605264437673401e-05 4.743424316302770e-06
5.391377302405507e-05 7.184763291136185e-06 4.569794626418046e-05 4.089062927555694e-06
5.102183184558434e-05 5.395581680311397e-06 4.382266501306704e-05 1.547446261467246e-06
5.503955771211092e-05 6.062899050921808e-06 4.596341075288966e-05 3.574595991599712e-06
5.436716665452056e-05 5.390753621017291e-06 4.561690224632878e-05 3.044353246549885e-06
5.484262178949640e-05 5.587564870974665e-06 4.586756678650306e-05 3.220836127252011e-06
