-1.081136055902599e-04 1.505656134299364e-05 3.360194228428094e-05 -1.474212341363402e-06
-1.085387044688837e-04 1.403147926402432e-05 3.354554763407041e-05 -1.637220869129269e-06
-1.085379657078159e-04 9.199964273248937e-06 3.377285859248417e-05 -2.443086942212604e-06
-1.081128148552611e-04 8.174840867017195e-06 3.384322795181919e-05 -2.639118211017827e-06
-1.070875730955957e-04 1.548095075639750e-05 3.375549761443966e-05 -1.423504568633446e-06
-1.051634144411798e-04 1.161516535154227e-05 3.383027910874277e-05 -2.309513394701169e-06
-1.070867350473881e-04 7.750395796788910e-06 3.401336658535051e-05 -2.725387219268427e-06
-9.987150723712790e-05 1.547504772165185e-05 3.252886029246967e-05 -3.187016395710740e-06
-9.987088850111011e-05 7.752519524337682e-06 3.278909743140119e-05 -2.813337649696804e-06
-9.590255503876232e-05 1.161333216274604e-05 3.097205301697421e-05 -3.064743852249154e-06
-9.267532163250066e-05 1.548412277750375e-05 2.918926659935473e-05 -5.152549066562725e-06
-9.267693813780476e-05 7.745084655107246e-06 2.869997460207282e-05 9.088448440552987e-07
-8.906789694095614e-05 1.161627815955466e-05 2.787371955653689e-05 -1.962844614210652e-06
-8.545456197952544e-05 1.548973620717271e-05 2.748086055820669e-05 -4.166367269479882e-06
-8.545403824703442e-05 7.743598076934011e-06 2.710093315892439e-05 7.864566758474782e-07
-8.183887044332618e-05 1.161589332015818e-05 2.583565210249980e-05 -2.311562057321900e-06
-7.822090264059589e-05 1.548474490870658e-05 2.640779111907340e-05 -3.091142033300215e-06
-7.822317644332027e-05 7.746560008677638e-06 2.585424307641729e-05 -2.341737593298479e-06
-7.460716202275196e-05 1.161615702725320e-05 2.664672800536059e-05 -2.725686659790413e-06
-7.100575196243075e-05 1.546207909745214e-05 2.482143829831765e-05 -4.557038740469606e-06
-7.100534789411026e-05 7.767450279084415e-06 2.509321154324184e-05 -9.686970742456212e-07
-6.741148597100673e-05 1.161566906152513e-05 2.167414888453420e-05 -2.833563005596029e-06
-6.382706492369198e-05 1.544649035065842e-05 2.110758886170553e-05 -2.889551560926426e-06
-6.382766332877372e-05 7.787056663809922e-06 1.885586894623095e-05 -9.299902020627673e-08
-6.025623508094368e-05 1.161594836018226e-05 1.975464333199712e-05 -1.440866271335495e-06
-5.671881558826155e-05 1.539661420670383e-05 1.893561436607308e-05 -4.042935722522758e-06
-5.671776725243091e-05 7.831963566429847e-06 2.047483164845237e-05 -3.647177380542803e-07
-5.319542514207981e-05 1.161281319669718e-05 1.832760695594836e-05 -2.634311725092922e-06
-4.970742604546246e-05 1.533141307500881e-05 1.671847319965115e-05 -2.999394319043606e-06
-4.970936363896081e-05 7.896205684455726e-06 1.519830461154522e-05 -2.140434874876704e-06
-4.624188136940335e-05 1.161293439628448e-05 1.423399941780296e-05 -2.285723032300507e-06
-4.283119515318853e-05 1.523639307706827e-05 1.259368798677861e-05 -3.823498540292456e-06
-4.282874755672853e-05 7.985913149314527e-06 1.559078393016306e-05 -1.469679788402376e-06
-3.944904845368098e-05 1.161104642178989e-05 1.309786903174229e-05 -3.908691773055494e-06
-3.614516807097347e-05 1.512117989163685e-05 1.220496184974390e-05 -4.506232994619003e-06
-3.614528784916912e-05 8.104562191787990e-06 1.054318139154915e-05 -1.261848234448786e-06
-3.301387787076387e-05 1.160992988096473e-05 1.034954422308404e-05 -1.390010051363692e-06
-2.996159480172605e-05 1.498754279102763e-05 9.457126899210328e-06 -1.171525281282224e-06
-2.996085877877552e-05 8.243849079556183e-06 7.420457010816731e-06 -2.997695564233754e-06
-2.769404295600605e-05 1.186355418894136e-05 7.132831069364133e-06 -4.022706634522670e-06
-2.545270904957442e-05 1.485569310265103e-05 5.984290738742629e-06 -2.559140528469464e-06
-2.545127599266791e-05 8.370482394152101e-06 8.127864185559032e-06 -8.107471710445048e-07
-2.229113931856405e-05 1.474079816009046e-05 6.183273128839564e-06 -2.255788637507357e-06
-2.287161378994547e-05 1.269212583669089e-05 7.281009002157491e-06 -7.569842868388883e-07
-2.228980916568827e-05 8.457080008000737e-06 2.227159749027876e-06 -5.347908405243209e-06
-2.006917897903282e-05 8.544750782611487e-06 1.162416695299838e-06 -1.752147896157508e-06
2.848515128396205e-06 9.455062461580067e-07 6.376858542956717e-06 6.234106717760695e-06
2.892222738849135e-06 6.985437827477690e-07 -1.865326005900377e-05 -7.369225249753555e-06
2.838347353696495e-06 3.245903197130965e-07 -3.298144559274865e-05 -2.148210626304597e-05
2.797866677799414e-06 1.562204345540011e-07 -4.423828585141514e-06 -2.259942195714786e-06
-2.006104645585535e-05 1.465929279755974e-05 6.394768247244843e-07 -4.153981681932684e-06
-1.810498563673844e-05 1.447804165693929e-05 4.083372456236531e-06 -3.972451567261703e-06
-1.958991842685777e-05 1.084178741368319e-05 4.809886919390842e-06 -4.565175029299483e-06
-1.807255648579388e-05 8.466621166257286e-06 2.478020191719629e-06 2.605405541280244e-06
2.700492190142609e-06 1.070866071251580e-06 -1.161996865672284e-05 3.904199843123057e-05
2.512220133889039e-06 5.125965729074439e-07 1.461729005915555e-05 -4.248622187877876e-06
2.691378951001145e-06 6.869614711513520e-08 1.542685185926004e-05 1.901821946345456e-05
-1.746426654667858e-05 1.260630535857507e-05 5.975330447750882e-06 -4.877395841959316e-06
-1.621744765255889e-05 1.406231680789802e-05 5.303549716202555e-06 -5.663305836670643e-06
-1.443328531510124e-05 1.345911094385593e-05 3.351004538669723e-06 -5.563514509738549e-06
-1.687147983953869e-05 1.009574637083049e-05 4.499716559884666e-06 1.260130659126111e-06
-1.622644574349644e-05 8.082816584012873e-06 7.672943329648797e-06 -6.025979532865183e-06
1.783346531375743e-06 9.892019484550666e-07 -2.344677219333907e-06 -1.362941395665363e-05
1.761188779415372e-06 9.468458719323305e-08 -9.460652541299809e-06 -3.440718082776171e-06
1.311900874969773e-06 5.474924881312426e-07 6.531302702663374e-07 2.677187512770581e-05
-1.278590643349708e-05 1.265125311726993e-05 3.337673606017814e-06 -5.228049961322180e-06
-1.417665736649256e-05 1.157824568954625e-05 3.281641447914946e-06 -3.110872345248347e-06
-1.478610073068646e-05 9.289717692331734e-06 2.684507921330834e-06 -4.937974908982950e-06
-1.453106747247639e-05 7.417945694962781e-06 -8.734810632090420e-07 -9.567460580069335e-07
7.597251432990400e-07 1.092964203637760e-06 3.298272459460339e-06 -1.420273853587684e-05
7.896984864363768e-07 -1.134592781805224e-08 -9.979356276304275e-07 -1.880732389094699e-05
1.985897346033297e-07 5.574595444457166e-07 -2.294762339695722e-06 3.677781733734440e-05
-1.127452900056889e-05 1.171373926939313e-05 2.664897632195133e-06 -2.842943203778446e-06
-9.929802985674209e-06 1.064151505153366e-05 4.295593970355890e-06 -3.135122353319396e-06
-1.268858014221560e-05 8.944813545259577e-06 4.835616204734472e-07 2.556643631420808e-06
-1.304641969316052e-05 6.517686479822717e-06 8.550002575283368e-06 -4.367249057987808e-07
-4.840864219317666e-07 1.264223341734505e-06 -1.749083612302312e-06 -2.361127166364547e-05
-4.919320932216475e-07 -1.554476783386872e-07 2.522020538590352e-06 -2.160904037536364e-05
-1.027015770457500e-05 9.040837050760283e-06 2.886146120067096e-06 -1.785555213658528e-06
-8.768719698503385e-06 9.434941053118755e-06 2.907245963665926e-06 -3.602045039193942e-06
-1.082710176627859e-05 7.296005092863965e-06 1.241225607498710e-06 -2.208614920984250e-06
-1.177990569635011e-05 5.432735376240875e-06 6.347828686584341e-06 -3.224189768042466e-06
-1.212596121142497e-06 5.661603253999786e-07 -1.600627163876261e-06 2.682377215136821e-05
-2.096042481602179e-06 1.531723957642014e-06 -2.371994635394703e-06 -7.659762169255765e-06
-2.097468159610419e-06 -4.469837352517789e-07 7.951907006974761e-06 -5.782850471689811e-06
-7.764125606732090e-06 8.145476108634521e-06 1.675880690711973e-06 -4.218467025827923e-06
-6.973880379811229e-06 6.840847179920507e-06 2.514402467367589e-06 -1.119220977409986e-06
-6.370930157399071e-06 5.474370754137538e-06 -7.753269337481816e-08 -1.183903998479835e-06
-9.697684479724667e-06 5.758533920141553e-06 -7.958494804576851e-07 -1.582416975099851e-06
-1.078334259012061e-05 4.233617122439590e-06 5.154011535347145e-07 -9.167795459374865e-06
-2.811200222909026e-06 5.429469288521745e-07 -2.728135212119462e-06 -1.040450712360651e-05
-3.675592254526251e-06 1.807810451951895e-06 5.638395164440085e-06 8.531720591732231e-06
-3.672308612901864e-06 -7.207170327244310e-07 3.010824567979703e-06 6.987611419267578e-07
-7.707832562541713e-06 5.463861000555229e-06 4.194325889182802e-06 1.657294475005895e-06
-5.928548771240657e-06 4.091527520554679e-06 -3.251372783660496e-06 -1.045237539411562e-05
-5.075028923923809e-06 2.020123347439210e-06 5.897306574592761e-06 7.329965838563885e-06
-5.499471874304327e-06 2.257898226306624e-06 8.910475501221734e-07 3.543345364165411e-06
-5.710547558135032e-06 2.733798194933100e-06 -1.452442183914712e-06 -9.739943504988437e-07
-8.918836027854777e-06 4.061178375990543e-06 -2.229750822762145e-07 4.057045470675352e-07
-1.004994525730793e-05 2.984932121541871e-06 -3.993456478670871e-06 -1.695205317184130e-06
-4.454666434762249e-06 7.415015094922754e-07 -3.280782672069692e-06 -5.368623649339205e-07
-5.134931218538011e-06 -9.237450201349400e-07 -1.379136953867149e-06 1.544315337679222e-05
-6.848433270971658e-06 3.140461421524547e-06 6.866723511800967e-06 -9.499349732124591e-07
-5.537170422495655e-06 1.345196115495374e-06 -9.703880551550378e-07 -1.889756011661211e-06
-6.029174768073792e-06 2.100573307685566e-06 -1.785542752240350e-07 4.034792598670594e-07
-8.377820135483926e-06 2.606185192951017e-06 2.516405860170635e-06 8.045052294749357e-07
-9.587765668923302e-06 1.737047872567375e-06 2.350653211032433e-06 -1.638159466853295e-06
-5.592517403526921e-06 -7.876278709638639e-08 3.900934129633254e-06 3.627675302231661e-06
-5.552948506353474e-06 -1.141864403270238e-06 3.072453115728869e-06 6.881789587659480e-06
-7.148618028264336e-06 1.040970742955168e-06 2.430855699064571e-06 -4.181745894924625e-07
-9.405968199092462e-06 5.039483279654235e-07 5.075501839391710e-06 4.750503742209012e-06
-9.459090046385005e-06 -6.633517492699792e-07 -3.621153972406575e-06 -1.242933498213344e-06
-6.457239311333503e-06 -8.635005011903568e-07 3.029520990702270e-06 -6.163170268893684e-06
-5.805438701302173e-06 -1.595683107986607e-06 4.446727383888817e-06 5.083201875903712e-07
-6.129951077737147e-06 -2.808612778886458e-06 7.454575714431099e-06 3.060104565948813e-06
-8.302962949606832e-06 -8.266142191221353e-07 -2.713193475046975e-07 -3.554137458381760e-06
-6.589764021255223e-06 -3.952115488499037e-06 4.336227112165039e-06 -2.925641513284939e-06
-9.771523707797545e-06 -1.843882315583329e-06 -7.297607140623979e-06 4.663915764137836e-06
-7.244266075529940e-06 -2.858245491677273e-06 -1.186254468398438e-06 4.338622453558460e-06
-8.844514076450795e-06 -2.953059002960714e-06 5.239692957134415e-06 -1.035425047110035e-06
-7.162472576305748e-06 -5.036867042448894e-06 -1.857987808152288e-06 -7.381204691676068e-06
-1.029531051727845e-05 -2.946734025992885e-06 -2.408654749869364e-06 -8.413984458801089e-06
-9.824565782186256e-06 -4.017741133208440e-06 8.337898306328335e-06 -1.833274737364671e-06
-8.755328613551533e-06 -4.681377881218974e-06 1.775031446557514e-06 8.710179033425148e-06
-7.873760373814354e-06 -6.062357550835988e-06 4.233339043785362e-06 -1.065150776498819e-05
-8.684063970484724e-06 -6.958790918580316e-06 1.144234964242337e-06 9.088352641900740e-07
-1.100340068181027e-05 -3.948593082045055e-06 1.394515133173441e-06 1.899484394252860e-06
-1.046497017491452e-05 -5.185511462184767e-06 9.596577525920964e-06 6.934401230458627e-06
-9.850405981130543e-06 -6.590073737620130e-06 1.933241049746536e-06 5.004212610592790e-06
-9.591392837471291e-06 -7.786910637851170e-06 -2.667786513750870e-06 1.832196843394640e-06
-1.185436753673773e-05 -4.816733089488293e-06 -1.520956161580789e-05 -1.664768904582373e-06
-1.157884398224320e-05 -6.576055678409486e-06 6.486643685899999e-06 -5.486325271505580e-08
-1.057074501486166e-05 -8.512150843021644e-06 4.437988905685025e-06 -2.569528902643794e-06
-1.163197289366212e-05 -9.101200872301014e-06 -3.385646370135425e-07 1.254483561137940e-06
-1.275799253849550e-05 -9.572730659004514e-06 -3.525163387583379e-06 5.620355167368574e-06
-1.285366007922659e-05 -6.949571975283366e-06 7.468998211579058e-06 1.583835760990188e-06
-1.284270981803076e-05 -5.517032511293445e-06 3.570728891628240e-06 -3.181976085961870e-06
-1.260484118388131e-05 -8.360559522174000e-06 -1.084970900204538e-06 3.214016719932155e-06
-1.392758993366932e-05 -9.919994443874414e-06 6.449216058506536e-06 2.336434582702958e-06
-1.513549052881268e-05 -1.012505519345740e-05 1.136494579600380e-05 -7.825788488253546e-07
-1.386711738283139e-05 -7.268585134998983e-06 6.802848926666291e-07 3.007152287214016e-06
-1.395954804753651e-05 -6.036714360685321e-06 6.254672729807049e-07 8.568854820784044e-07
-1.636236659206717e-05 -1.018562767610738e-05 1.144945289479462e-07 2.848464985353037e-06
-1.500321307750328e-05 -8.409951919431559e-06 6.158599477140514e-06 1.969493274791050e-06
-1.514025239460450e-05 -6.350346992456784e-06 1.911439799802706e-06 2.159819018352128e-06
-1.662495271780196e-05 -8.590344797451515e-06 1.491387571931197e-06 -4.693964318865056e-07
-1.769617279281496e-05 -1.018893996318586e-05 6.818360052182234e-06 7.875414980557934e-06
-1.635500704502143e-05 -6.456825030630323e-06 7.126158436086898e-06 6.861779615586571e-07
-1.953617888374527e-05 -1.019206219681130e-05 5.746977065773104e-06 -9.541326192360185e-07
-1.808862915830221e-05 -7.680488191453774e-06 5.474405744061887e-06 3.484125451430878e-06
-1.769956134667557e-05 -6.458578872331225e-06 5.835771271316905e-06 3.124973099166396e-06
-2.206776062813547e-05 -1.018038934892020e-05 2.855190825904068e-06 4.663288991210960e-06
-2.081739440167986e-05 -8.172149109985549e-06 4.208892543255246e-06 3.763460569079945e-06
-1.954454992492547e-05 -6.461632559994187e-06 6.128526958923973e-06 6.675275443366450e-07
-2.540539295924212e-05 -1.018952392948278e-05 7.196813996639998e-06 1.929592715935869e-06
-2.373278434477319e-05 -8.324432699660516e-06 4.666967549342341e-06 6.836862264335462e-07
-2.206482404421195e-05 -6.463380669273121e-06 4.973964006721024e-06 8.327076364196533e-07
-2.889422446414245e-05 -1.019322848072283e-05 4.567226712402293e-06 1.799771430436979e-06
-2.715333451590278e-05 -8.321838133739539e-06 6.268188247530353e-06 3.294842309566711e-06
-2.540962107186641e-05 -6.456740858094740e-06 5.928932401069280e-06 1.999717516324866e-06
-3.237772374768268e-05 -1.019424000698962e-05 7.862138023769101e-06 3.064049051209553e-06
-3.063299865691345e-05 -8.323509489576174e-06 6.067388668392883e-06 1.448484803959890e-06
-2.889345780945423e-05 -6.455356951379385e-06 5.692655775474181e-06 3.192894048422169e-06
-3.587911035364847e-05 -1.019509529216188e-05 5.834758009803666e-06 3.271306363123752e-06
-3.412708665695485e-05 -8.320728952826845e-06 6.731816568691064e-06 3.244312438556678e-06
-3.237813779118608e-05 -6.450148419376102e-06 6.231905060204271e-06 6.693215918227093e-07
-3.937963449979333e-05 -1.019967950188480e-05 8.502757672587262e-06 2.121320537812878e-06
-3.763033338250933e-05 -8.322080828048616e-06 7.531664850729751e-06 1.765271495810508e-06
-3.587887105994180e-05 -6.446812975301008e-06 7.837912234939148e-06 1.891474052488090e-06
-4.287185116892686e-05 -1.019973347910214e-05 5.899204456005192e-06 -2.425934452682527e-08
-4.112506368393948e-05 -8.328232580743795e-06 7.793506028308948e-06 2.708047852676885e-06
-3.937797441296017e-05 -6.450207371327190e-06 7.436978123553593e-06 1.902940451118290e-06
-4.636848911555336e-05 -1.019714992230833e-05 7.758714231995181e-06 2.871806666925249e-06
-4.462058941489459e-05 -8.332467416977044e-06 5.550557224901635e-06 1.900369756747203e-06
-4.287019253962168e-05 -6.461673144092239e-06 6.225590526042074e-06 5.020991337434642e-06
-4.985259939313706e-05 -1.019581797299058e-05 7.886492572950083e-06 4.668636393422261e-06
-4.811267482956513e-05 -8.330312736073302e-06 8.436512043353603e-06 2.296903049287675e-06
-4.636942274055297e-05 -6.466762925894051e-06 7.448626496782230e-06 8.527310711973961e-07
-5.333885347725012e-05 -1.020817824894511e-05 7.063667075041983e-06 5.640611196119617e-07
-5.159133941936325e-05 -8.333813794553417e-06 7.741140754837726e-06 2.589037588473511e-06
-4.985056186258749e-05 -6.466368923456818e-06 8.292228546580986e-06 4.862899519804167e-07
-6.080520650489253e-05 -9.987307135549360e-06 8.888454178114856e-06 3.430491278740163e-06
-6.031067163469857e-05 -1.019179479134530e-05 8.637333246662769e-06 3.254616015267607e-06
-5.490735127238630e-05 -8.334128033206982e-06 7.437012506671624e-06 1.808690304591210e-06
-5.683079399442118e-05 -1.019245105493200e-05 8.096128930804184e-06 -5.525585257240350e-07
-5.334001929821383e-05 -6.462441931735195e-06 6.967963825190341e-06 3.406893453218968e-06
-6.101011824503073e-05 -9.493318430690829e-06 9.042938180890066e-06 3.582330519487184e-06
-5.983986811070446e-05 -8.328498956547585e-06 7.933057244282785e-06 2.913469426939322e-06
-5.683224686829240e-05 -6.470068040719761e-06 7.737489044506382e-06 4.356699028704842e-06
-6.101105014949992e-05 -7.163098427619398e-06 9.657044499349319e-06 2.103162995883029e-06
-6.031180533689692e-05 -6.464846554101395e-06 9.018328604511985e-06 1.986811475804995e-06
-6.080623043660834e-05 -6.669232027501685e-06 9.465637441664398e-06 1.951782027570781e-06
