-1.129478908541698e-04 1.613156555334874e-05 -3.003133387214067e-05 6.335244048816614e-07
-1.133874502069875e-04 1.507096371738738e-05 -2.999706665622505e-05 4.815427551514203e-07
-1.133867763741286e-04 1.007009126112099e-05 -3.025132282301737e-05 7.291209131503105e-07
-1.129471809784857e-04 9.009605921193184e-06 -3.033190055260985e-05 7.452998199335629e-07
-1.118867748903708e-04 1.657070930946589e-05 -3.007727175887189e-05 7.628527379930236e-07
-1.098969711096435e-04 1.257021071654359e-05 -3.041725624012303e-05 8.864929519566448e-07
-1.118860823632566e-04 8.570508237190856e-06 -3.048672559056906e-05 7.170588620009647e-07
-1.044248264889927e-04 1.656579149797537e-05 -2.844188849588053e-05 3.681284203891535e-06
-1.044250378157087e-04 8.575280541814089e-06 -2.932538921102856e-05 6.005181666414807e-07
-1.003092119237157e-04 1.257147150382630e-05 -2.738882298454224e-05 2.895134593724378e-06
-9.696646625476897e-05 1.656929253071859e-05 -2.701829013114601e-05 3.230880011148583e-06
-9.696749829388961e-05 8.575766211985339e-06 -2.655272900450703e-05 2.032448667557914e-06
-9.323697585555760e-05 1.257296721864223e-05 -2.605117306475584e-05 2.352119181125540e-06
-8.951750804831047e-05 1.655490634986335e-05 -2.564605209552340e-05 2.350011681557921e-06
-8.951612811536616e-05 8.589002456183511e-06 -2.466864011127036e-05 9.647341123606411e-07
-8.580251629498436e-05 1.257079341731327e-05 -2.468658476337152e-05 1.323620005048785e-06
-8.210035584242871e-05 1.653231329251934e-05 -2.341038587004144e-05 4.089318751006561e-06
-8.210139786833223e-05 8.609803268610080e-06 -2.295020256849678e-05 -1.175615181902494e-06
-7.840438854478259e-05 1.257127599555075e-05 -2.243261038159294e-05 1.968052236233295e-06
-7.472659286310820e-05 1.650170475488858e-05 -2.068921641471943e-05 6.245837599621306e-06
-7.472450174325527e-05 8.638480388119962e-06 -2.077069207887415e-05 -9.005892779237885e-07
-7.105376228191032e-05 1.256835139221518e-05 -1.989684468308362e-05 2.959425141405683e-06
-6.740099353334399e-05 1.646694334868762e-05 -2.042935765090482e-05 3.393960977385337e-06
-6.740231069733391e-05 8.670016597229547e-06 -1.908806341883757e-05 1.962886948437454e-06
-6.376278167742318e-05 1.256901946596504e-05 -1.926698890829422e-05 2.141497338054002e-06
-6.016043491015268e-05 1.641086430966162e-05 -1.810446074668010e-05 1.277850737931256e-06
-6.015913658522865e-05 8.725573729114598e-06 -1.844810505475307e-05 3.478584117426741e-06
-5.657600857285202e-05 1.256658067696773e-05 -1.635174407027599e-05 2.243947553409107e-06
-5.303563159767123e-05 1.633833823405430e-05 -1.396114560969050e-05 2.808233801198674e-06
-5.303514325798005e-05 8.791149617540936e-06 -1.398085296095082e-05 1.391969320969376e-06
-4.951753826812532e-05 1.256367369122326e-05 -1.266810202198295e-05 2.474471418575423e-06
-4.605002763135690e-05 1.625730920383818e-05 -1.175286381680720e-05 4.196439875886180e-06
-4.604847361867251e-05 8.868299522609810e-06 -1.133070644110790e-05 4.728260825036879e-08
-4.260828681136108e-05 1.256414539426377e-05 -1.044169129696356e-05 1.982704714986041e-06
-3.923096421044432e-05 1.615741170535281e-05 -9.191733184320148e-06 3.794681775462205e-06
-3.923540595083855e-05 8.978113826321904e-06 -1.034356240569422e-05 1.459602853674282e-06
-3.603001413164982e-05 1.256937999617939e-05 -8.804545890542507e-06 2.726998497596250e-06
-3.290407968619771e-05 1.603610207672415e-05 -7.381387218337212e-06 4.336831943640703e-06
-3.289550933097392e-05 9.096933695326019e-06 -6.241841961137765e-06 1.432558207334212e-07
-3.056873756038115e-05 1.282368057466080e-05 -5.537792275019145e-06 1.726575230410312e-06
-2.823835804767303e-05 1.594001006427193e-05 -5.140616658208652e-06 2.533468621196389e-06
-2.823793923841463e-05 9.186714744483423e-06 -6.946898295202885e-06 1.750920314519888e-06
-2.493959908621623e-05 1.584371950020970e-05 -7.356267483944069e-06 1.638258406060576e-06
-2.555235677341024e-05 1.369203958297925e-05 -6.676573592286436e-06 3.230070945120481e-06
-2.493305453765809e-05 9.256345723740334e-06 -3.299974765214088e-06 1.268970147434795e-06
-2.259983343956951e-05 9.332698224492202e-06 -2.918322621423413e-06 2.327041524219497e-06
3.367031321198938e-06 5.960817584721464e-07 1.819141457647985e-05 -2.618471112855698e-05
3.446507980328968e-06 3.645668317294702e-07 2.681206992398606e-05 -7.958521570843400e-06
3.438520290508021e-06 -6.655767303850752e-08 1.629360695174531e-05 7.923672994454441e-06
3.360982980082202e-06 -3.082566952712943e-07 -2.538811001573128e-05 -1.083839608319401e-05
-2.259741938537396e-05 1.577576285362207e-05 -5.871503903272042e-06 7.543309550408715e-07
-2.052364662694499e-05 1.559606535117909e-05 -2.538355998537152e-06 2.283527449704482e-06
-2.210280751517746e-05 1.175314466144871e-05 -2.875071255919019e-06 1.675693618850023e-06
-2.050106089307352e-05 9.232154469595051e-06 -3.987381380025092e-06 3.006417504648673e-06
3.168927232123096e-06 7.013144105084033e-07 -3.972761728533359e-05 -1.048521166562577e-05
2.916700760693524e-06 2.182008664056747e-07 2.898185657509161e-05 1.734815923914220e-05
3.156406685622598e-06 -4.113203391288401e-07 -7.634923409326213e-05 -3.049495453711099e-05
-1.984802829989456e-05 1.362201042390478e-05 -2.381695804819110e-06 8.910662111213396e-07
-1.851386295687644e-05 1.517065077022422e-05 -1.694051404920649e-06 2.182483293869032e-06
-1.661418336308333e-05 1.455112606836918e-05 -3.011316656567656e-06 1.215556662026932e-06
-1.922798885998892e-05 1.095870567830663e-05 -3.307534151100625e-06 2.480721484083211e-06
-1.853417222077379e-05 8.806281591366263e-06 -2.949274744681151e-06 2.813575443393262e-06
2.058635647103358e-06 7.141907106915332e-07 -1.120409035022726e-05 -3.304062606839315e-06
2.114339806951397e-06 -3.999325798757321e-07 2.863063054696305e-06 -6.995268306704777e-07
1.532729259350295e-06 2.179096419714360e-07 1.461287204952938e-05 -6.041558886392060e-06
-1.484498634878843e-05 1.371577353099895e-05 -3.517756477591813e-06 1.013630483961966e-06
-1.634972866085685e-05 1.255641812427900e-05 -2.655579038572459e-06 1.431723564572758e-06
-1.700427038926062e-05 1.009213512589906e-05 -1.761382915803260e-06 3.227126018637450e-06
-1.673861195070295e-05 8.080401430798691e-06 -1.683340903310695e-06 2.176918528138183e-06
9.133693397571034e-07 8.440959549496367e-07 -7.127568357397120e-06 9.696220954414021e-06
8.783877952095180e-07 -4.601304706986164e-07 -3.491069833989330e-06 8.744185174012786e-06
2.019209457004776e-07 2.124948551908641e-07 5.631153091325126e-06 -2.590647652535887e-05
-1.320697467374204e-05 1.271946257445817e-05 -4.143977797642986e-06 2.681243636713374e-06
-1.173621469132332e-05 1.156970577155331e-05 -2.622755139396215e-06 5.358211153460501e-07
-1.475052808880502e-05 9.721833721790858e-06 -1.093034717796009e-06 3.657995657530474e-06
-1.514510447600834e-05 7.068815259424477e-06 -1.913595449454190e-06 7.434833232619871e-07
-6.241917866533581e-07 1.050954571981631e-06 -4.900140245485133e-06 1.706567739664741e-05
-6.040207471437916e-07 -6.835998904244595e-07 2.739144160545855e-06 1.746306588609777e-05
-1.210910862515733e-05 9.834244302819973e-06 -1.450187977394094e-06 -6.184541370324272e-08
-1.045157526438244e-05 1.027168001302266e-05 -1.192111278481740e-06 -1.580245852618421e-06
-1.272315516185547e-05 7.915893262319044e-06 -1.031056205943772e-06 1.403463746084710e-06
-1.379337491259646e-05 5.850885816509686e-06 -1.832451276190466e-06 2.239806518270920e-06
-1.494816642093989e-06 2.014926183009393e-07 -4.220430847077161e-06 -2.870829554627737e-05
-2.548013393680778e-06 1.372403037638386e-06 1.420623739011666e-05 1.424151036612893e-05
-2.560243963473566e-06 -9.856269277619162e-07 -4.486451823135177e-07 9.062565356136110e-06
-9.330626479204322e-06 8.871063269597620e-06 -1.351304259968877e-07 7.071803434524374e-08
-8.423045413892433e-06 7.424849978051526e-06 -1.288770885118006e-06 1.770012410058551e-06
-7.712955028460352e-06 5.900756434515932e-06 -3.015870888793174e-06 2.296343822714549e-06
-1.147843658021409e-05 6.220501756487108e-06 -1.758319769427422e-06 3.244375769900211e-06
-1.272142446434341e-05 4.497289065715471e-06 4.685898282408090e-07 1.729812951891543e-06
-3.399262740507558e-06 1.944860110774060e-07 2.688112255214367e-07 9.884362272465365e-06
-4.435894576110925e-06 1.677213533158747e-06 -4.266445992044270e-06 -1.509174386045295e-05
-4.426939502528008e-06 -1.328294125051281e-06 -5.541112295438207e-06 -9.826132387285258e-06
-9.244037357107752e-06 5.893264184388403e-06 3.665949632725124e-08 3.819146162910308e-06
-7.182700132231723e-06 4.337812853818116e-06 -3.683801649034077e-06 -3.173637449411214e-07
-6.132391815758147e-06 1.951722905890110e-06 -3.097817402601067e-06 -8.364556242423773e-06
-6.622459416616750e-06 2.220975140104210e-06 -2.761674465514538e-06 -2.684739518762169e-06
-6.878650724253627e-06 2.766828351116762e-06 -3.381730312433129e-06 7.797053933722461e-07
-1.061988608881303e-05 4.303698300302366e-06 -3.226733247360209e-06 1.155452647038228e-06
-1.192151378544386e-05 3.068078601970718e-06 9.873741797317821e-07 1.739641233484554e-06
-5.366998182663162e-06 4.133282973650469e-07 1.834441461456409e-06 2.619907377518262e-06
-6.162855493884673e-06 -1.539408561689412e-06 4.043393630623930e-06 -1.061139786539750e-05
-8.243925596042449e-06 3.241012224726298e-06 1.220545768925327e-06 1.570636542360330e-06
-6.659089364665401e-06 1.155633317760641e-06 4.256680646055314e-07 3.004530629621582e-06
-7.244800002376523e-06 2.030483867702237e-06 -2.246790904630640e-07 1.787031409556319e-06
-1.000638518093966e-05 2.615737592155224e-06 -3.818869284610773e-06 -1.442835157917884e-06
-1.141539294253153e-05 1.612327623701163e-06 -9.395416298490561e-07 2.882199986645185e-06
-6.706061133477641e-06 -5.437258893069569e-07 -2.822538254200025e-06 1.258081727330456e-06
-6.659765456182676e-06 -1.796155011763828e-06 2.498243909564470e-07 -2.323155695324607e-06
-8.575336757585432e-06 7.760215672183678e-07 -2.192850529275874e-06 -2.418093017674985e-06
-1.123835556352210e-05 1.751363225642472e-07 -2.698741970680909e-06 -5.843662463524191e-07
-1.135078837940931e-05 -1.235362918890030e-06 -3.594602706386273e-06 -3.619421461665084e-07
-7.727516180074096e-06 -1.473920963783743e-06 2.661140148660915e-06 5.956176230814289e-06
-6.957939883889965e-06 -2.345436338787200e-06 9.440168208256345e-07 5.729377314813034e-06
-7.318366528206065e-06 -3.842601457058567e-06 -4.448382214091154e-06 7.949903737714142e-07
-9.949912292947216e-06 -1.426841276032490e-06 5.741623016992218e-08 -2.946947145782560e-07
-7.846970680150275e-06 -5.267736632144804e-06 -4.893611552444166e-06 -1.874752482185603e-06
-1.175241217039580e-05 -2.656122917892685e-06 -4.340637857255409e-06 1.973990734108229e-06
-8.652105425219154e-06 -3.901144086606702e-06 -2.004071509843874e-06 -2.813395298094281e-06
-1.061693430533913e-05 -4.007695639279121e-06 6.593211337622692e-07 -2.686223164865180e-06
-8.539683575486005e-06 -6.618339847060786e-06 2.792538839152288e-06 5.502485671626057e-07
-1.241709227366239e-05 -4.009132303822147e-06 -2.003635117056996e-06 1.812320281217695e-06
-1.184369410451216e-05 -5.327550263369869e-06 -4.137868450975313e-07 -1.144510580012632e-06
-1.050316765481910e-05 -6.150669446599804e-06 -1.973646205104618e-06 1.186043336657682e-06
-9.393226370308301e-06 -7.900039147707346e-06 -2.039401510717908e-08 -2.129938861773915e-06
-1.039922968749695e-05 -9.091819062816318e-06 -5.590486352222660e-07 -2.259697282607401e-06
-1.333542227706351e-05 -5.245340938595640e-06 -1.925615947023339e-06 -1.613372196711276e-06
-1.266407582259888e-05 -6.801751043306109e-06 -2.138720944249225e-06 -3.506090398065883e-07
-1.187573622410391e-05 -8.618667484011901e-06 -1.958572330558758e-06 -1.269461453517440e-06
-1.154046160693163e-05 -1.017501116842264e-05 -4.548015516928717e-07 -1.169574554882118e-06
-1.447511295187290e-05 -6.327824404505213e-06 -1.932249872882005e-06 -8.350611295257511e-07
-1.412938030941478e-05 -8.610640055740233e-06 -2.235162664974271e-06 -1.684357530746217e-06
-1.281901521532027e-05 -1.112300412585143e-05 -8.478275575252931e-07 -2.327832633965590e-07
-1.420149194156350e-05 -1.192345363667425e-05 -1.638977577417672e-06 2.902376896783702e-07
-1.567805944351832e-05 -1.257860522079901e-05 -2.560836909120817e-06 1.457855148720089e-07
-1.580405348776039e-05 -9.094101790914478e-06 -1.704036167067550e-06 -1.215694826412727e-06
-1.579702832685953e-05 -7.219591243039076e-06 -2.368190893936485e-06 -5.706209077635456e-07
-1.546786833614728e-05 -1.095705497646241e-05 -2.144813435640252e-06 -2.224000494834513e-07
-1.723995906971845e-05 -1.305875241451224e-05 -2.072610118010854e-06 -4.585261065518441e-07
-1.886376780953748e-05 -1.336200560463175e-05 -1.414276790528656e-06 -1.024131113328252e-06
-1.714483172189390e-05 -9.511137600791334e-06 -1.234048320081029e-06 -1.421478040421428e-06
-1.727065953226043e-05 -7.872797729137867e-06 -1.105936756787540e-06 1.315776146861905e-07
-2.051595240449800e-05 -1.347608609543936e-05 -1.333441310525151e-06 -1.199059115444790e-06
-1.867107087108514e-05 -1.103895253532144e-05 -1.226477369100551e-06 -1.473256698589070e-06
-1.885778102995931e-05 -8.271140775211987e-06 -1.794817759909892e-06 -1.380431000323963e-06
-2.087690632183142e-05 -1.129329101643411e-05 -1.283952759661995e-06 -1.445149567078326e-06
-2.234006098593483e-05 -1.349984872827266e-05 -5.501300518224030e-07 -1.151303939384087e-06
-2.050782401845129e-05 -8.403774444071022e-06 -1.659808481765589e-06 -1.999085403420227e-06
-2.486663606368222e-05 -1.352885604617632e-05 -2.485979489144280e-07 -1.257647734568851e-06
-2.286205580584899e-05 -1.005122273106729e-05 -1.140825235177113e-06 -1.402940120179840e-06
-2.233700456784949e-05 -8.386355592907056e-06 -1.476592961402518e-06 -1.773524995309776e-06
-2.842005199788730e-05 -1.358362037299155e-05 -2.992236990380896e-06 -1.739305300445632e-06
-2.664288851581042e-05 -1.073838957320627e-05 -1.676306311721443e-06 -7.640542312946691e-07
-2.486946562545423e-05 -8.353244256791711e-06 -1.613741080485272e-06 -1.086566967241334e-06
-3.319602748957125e-05 -1.364092382967048e-05 -3.925795051304722e-07 -2.525927693773502e-06
-3.079282815036201e-05 -1.095129354999225e-05 -1.466609815634358e-06 -1.339011838688770e-06
-2.841192596868833e-05 -8.304343082277195e-06 -1.367275060277066e-06 -1.423336915415875e-06
-3.826497681442843e-05 -1.368653119723494e-05 -1.763116112916326e-07 -1.202188587304223e-06
-3.571766283624800e-05 -1.095064994436146e-05 -1.757245009068431e-07 -1.065192004092084e-06
-3.320027033183672e-05 -8.260851115427482e-06 -8.223192862690234e-07 2.690830510132200e-07
-4.341198048833686e-05 -1.373852467780626e-05 -8.255771052587230e-07 -1.373195240067018e-08
-4.082204813218707e-05 -1.095396271945655e-05 -1.181095849674268e-06 -9.873804445714731e-07
-3.826201539404227e-05 -8.217438131816293e-06 -6.891307642709304e-07 -7.030656030761505e-07
-4.864032618515524e-05 -1.377493556126381e-05 2.149497828037653e-06 -5.852424538511450e-07
-4.601429467989782e-05 -1.095792395592122e-05 1.273753467602826e-06 -1.966829325402585e-06
-4.341010433123053e-05 -8.172589804055297e-06 1.217434118599835e-07 -3.233489846576376e-06
-5.392497262001072e-05 -1.379977920845854e-05 7.691386713386659e-07 4.656486823554489e-07
-5.127571048530996e-05 -1.095940422526782e-05 1.276123510592172e-06 -1.102285118029352e-06
-4.863997991205516e-05 -8.143071829743433e-06 1.586382481652164e-06 -2.302743909928200e-06
-5.925076813265133e-05 -1.382357853292093e-05 -2.732675948874977e-08 -2.079503989483374e-06
-5.658052199789993e-05 -1.095855637190119e-05 4.799330252116859e-07 -1.038849691943440e-06
-5.392643453740478e-05 -8.117416661660331e-06 6.581341031060241e-07 -2.566544144006456e-06
-6.460280591959210e-05 -1.383032247008245e-05 3.083265774626540e-06 -2.359216357332182e-06
-6.192378211528921e-05 -1.096378839891688e-05 1.333737714827341e-06 -1.761187702524100e-06
-5.924665623600426e-05 -8.099141789360426e-06 3.965972727351060e-07 -5.773394263686979e-07
-6.997058249998843e-05 -1.383333402458661e-05 2.968202845702930e-06 -1.432966943952531e-06
-6.728694073249052e-05 -1.095924569920359e-05 3.604701702917752e-06 -2.136045053409972e-06
-6.460689470031015e-05 -8.093075991971244e-06 3.135234209842613e-06 -1.641853345544647e-06
-7.533365562629078e-05 -1.383953915779459e-05 2.170294173251808e-06 -1.237901828682671e-06
-7.265039612047471e-05 -1.096190046789928e-05 1.959798677001493e-06 -1.818530064120805e-06
-6.996780567324649e-05 -8.087248413876635e-06 2.967135121401928e-06 -2.666757180348416e-06
-8.682962022576675e-05 -1.351531938336602e-05 3.816255274686549e-06 8.711185327327701e-07
-8.606799647873342e-05 -1.383065483329259e-05 2.922165414206685e-06 9.854230502068578e-07
-7.773928584686154e-05 -1.096038729518283e-05 3.348564436425982e-06 -8.751554963145421e-07
-8.069932196027675e-05 -1.383033764652943e-05 4.733039667807548e-06 -1.852913358585123e-06
-7.533497122751423e-05 -8.083520681423326e-06 1.590333633803401e-06 -1.352521969138905e-06
-8.714511211108091e-05 -1.275395136316915e-05 4.203508508528332e-06 2.763851873304198e-07
-8.534198900079949e-05 -1.095937896061947e-05 2.103159840804358e-06 -2.070496843375857e-06
-8.069956870625439e-05 -8.088297831994376e-06 5.229326677412412e-06 -4.341825585856222e-07
-8.714444156479177e-05 -9.165464765178262e-06 4.385386401553681e-06 -4.670524372300935e-06
-8.606737838697917e-05 -8.088917814797095e-06 3.257577440928478e-06 -5.178366593356219e-06
-8.682893883527607e-05 -8.404219386055264e-06 4.046721731233581e-06 -5.137358174269712e-06
