-1.354341960454544e-04 1.820966312273305e-05 -4.889421641575035e-06 3.835660306300083e-06
-1.359787531477937e-04 1.689688661937273e-05 -5.321556505805705e-06 3.042629504249326e-06
-1.359802079276390e-04 1.070657021169427e-05 -6.093150062719000e-06 -2.981213344987626e-06
-1.354357193442662e-04 9.393377493238298e-06 -5.690027141237405e-06 -3.932740501675074e-06
-1.341200184992526e-04 1.875313761690838e-05 -3.905460703456317e-06 4.066734747269232e-06
-1.316554607770516e-04 1.380175908047250e-05 -3.173602443516219e-06 2.669579841375595e-07
-1.341214314518178e-04 8.849686203940407e-06 -4.651645389096087e-06 -4.227217817381831e-06
-1.248741564105701e-04 1.874436046414388e-05 -5.425590097622553e-06 4.753800558772218e-07
-1.248744078615980e-04 8.856630477675790e-06 -5.690918052352474e-06 6.199891057591977e-07
-1.197825078797938e-04 1.380051354301903e-05 -4.387333715198685e-06 9.831356436088699e-07
-1.156502380621237e-04 1.874090143560645e-05 -5.243740828600087e-06 -2.403449723937816e-06
-1.156488270737877e-04 8.859411092037457e-06 -4.575870642738177e-06 2.937499341309430e-06
-1.110342983415157e-04 1.380018821733365e-05 -6.027953018808935e-06 -5.279273128596549e-07
-1.064329442365589e-04 1.871738483789707e-05 -6.102676191398785e-06 -2.210325072425257e-06
-1.064336099754871e-04 8.886008336737545e-06 -7.596878937724205e-06 9.360701073589444e-07
-1.018446092802301e-04 1.380355130752598e-05 -6.693859062966639e-06 4.844740787577321e-07
-9.728062302095464e-05 1.868265806764328e-05 -4.691888302050211e-06 3.860671593717764e-06
-9.728006765033149e-05 8.923613492848003e-06 -5.266042185703368e-06 -1.889569798271974e-06
-9.272964360782986e-05 1.380289668127038e-05 -4.376088205854002e-06 9.284546182756781e-07
-8.821470668981212e-05 1.862911650624427e-05 -6.606462672886869e-06 1.571800256643034e-07
-8.821266558064755e-05 8.973085411470723e-06 -5.952381277455266e-06 -2.470608316143119e-07
-8.371123458219968e-05 1.379958363393990e-05 -5.328400553050533e-06 -9.002018151012391e-08
-7.924458677180043e-05 1.856104106757702e-05 -5.118294229857814e-06 -5.674955497652299e-07
-7.924020571451646e-05 9.032150051729970e-06 -5.655166577971509e-06 1.095954841877547e-06
-7.479677741093208e-05 1.379617399804141e-05 -6.563268069613334e-06 7.068341202083003e-07
-7.041041768083219e-05 1.847149660234913e-05 -4.821509563750040e-06 8.867279060040846e-07
-7.041174926659855e-05 9.123818753363824e-06 -5.135433010498123e-06 -2.060452099526235e-06
-6.605492541935137e-05 1.379654222919626e-05 -2.782257068857618e-06 -1.568478231830517e-06
-6.176023531740381e-05 1.837014576014328e-05 -3.098067202622061e-06 -2.548813710663209e-06
-6.176189893938302e-05 9.219690370429849e-06 -4.066155322881789e-06 2.080749356094100e-06
-5.749789387196388e-05 1.379523157758495e-05 -2.924658103196393e-06 1.524008264984801e-06
-5.330557973538836e-05 1.825351987795684e-05 -2.765223259501026e-06 1.388414884259056e-06
-5.330454684880006e-05 9.334523586620086e-06 -1.210431526821288e-06 9.732049864260698e-07
-4.915813669529453e-05 1.379109691169080e-05 -2.471012234591915e-06 -1.420760981136427e-07
-4.510505100412799e-05 1.810708337380116e-05 -3.953135759890637e-07 6.198239843044454e-07
-4.509937797562869e-05 9.468492944595753e-06 -6.984665987365048e-07 -1.165671900775308e-06
-4.124974190216336e-05 1.378816053899493e-05 -6.570808768285057e-07 -1.121767551005528e-07
-3.749013923339311e-05 1.795054291243207e-05 -2.990385500782763e-06 3.637082094975027e-07
-3.749742739728130e-05 9.635893569545052e-06 -3.812544646992608e-06 -2.479806576346980e-06
-3.470262391319407e-05 1.410486305786703e-05 -5.538745796803598e-07 -6.497424800079216e-07
-3.194543772233020e-05 1.780411620020476e-05 -8.042142191521395e-08 3.691587369820693e-06
-3.193030882534825e-05 9.791489705321106e-06 -9.089162897864512e-07 1.324483636332931e-06
-2.803316570265403e-05 1.766941022565251e-05 -5.260440287679914e-07 -2.007242474485981e-06
-2.875421249066906e-05 1.512626303118775e-05 3.632983049015312e-07 -1.951753076885987e-06
-2.803237602164298e-05 9.884060340390113e-06 7.585019433688315e-07 -3.130415266829140e-06
-2.526800026178620e-05 9.991857738958434e-06 2.290112925405045e-06 -5.436348817306550e-06
3.673488350727079e-06 4.245602336470441e-07 -8.150115621273367e-06 2.391199534137948e-05
3.756642839737309e-06 1.997686928304472e-07 3.004917508292810e-05 -3.636070163884395e-05
3.797364045706404e-06 -3.534563755120461e-07 -1.965103856877297e-06 1.893763482752531e-05
3.728595993679235e-06 -5.571630728719763e-07 -3.418871763711994e-05 1.133126660981468e-05
-2.525744641862355e-05 1.757254867390629e-05 -7.878219072897082e-07 6.185791437076550e-07
-2.283047770505569e-05 1.734577099652458e-05 5.608880542432803e-07 -7.815196384517787e-07
-2.467117333045085e-05 1.284520029258642e-05 -1.412468806648154e-07 6.666385975585205e-06
-2.279797503401836e-05 9.900121848810371e-06 2.666909390081309e-06 -6.268807847679124e-06
3.473985154874827e-06 5.151091639962152e-07 -6.399221494063009e-05 3.603006321235925e-05
3.168794706693441e-06 -1.218281474547379e-07 4.743510353681569e-05 -1.662583625196847e-05
3.539482423757250e-06 -6.418626704819710e-07 -7.210201896639196e-05 1.014974895605375e-05
-2.203415201124763e-05 1.503065889964006e-05 6.054758344859721e-07 1.354894586240563e-06
-2.048166865391126e-05 1.682874553195432e-05 7.729637521529829e-07 -2.482630680366724e-06
-1.827588895076916e-05 1.608885372651041e-05 8.249162710154863e-07 6.191517625119888e-07
-2.130613600597258e-05 1.192429294041548e-05 1.516018454142350e-06 -6.677657144874310e-07
-2.048672248617105e-05 9.424965329422624e-06 1.878576052610793e-06 4.666602101075281e-06
2.330872903656722e-06 5.372269288102236e-07 -8.691562113759760e-06 1.098920109080533e-07
2.318747477602230e-06 -6.812772238289807e-07 -1.617427528518087e-05 1.446693959222895e-05
1.694489305555591e-06 -9.669938474851154e-08 2.168745642366886e-05 -1.938561399652940e-05
-1.623320582531783e-05 1.509862091942919e-05 1.562521846143980e-06 5.473182174435304e-06
-1.796203406297684e-05 1.376701253317450e-05 -2.038086496494651e-06 -2.172454892876670e-06
-1.871324750525845e-05 1.091561276712403e-05 2.045861210803145e-06 4.574743083457928e-07
-1.840096094372394e-05 8.617775937062757e-06 5.211036442529940e-06 7.503948322748438e-06
1.014083550148844e-06 6.485485088181245e-07 -9.734245383425632e-06 1.264477855800864e-05
1.014956151830079e-06 -7.687491406933609e-07 -1.771934031900734e-06 1.390240968739466e-05
2.450499483527261e-07 -8.496541149396579e-08 2.310441900890312e-06 -3.311493472787682e-05
-1.434849141608573e-05 1.393077241203057e-05 4.242465302096184e-06 1.666560906972763e-06
-1.268080850794893e-05 1.260795538255163e-05 -8.494911307878134e-06 3.277138304759432e-07
-1.611121450430964e-05 1.049088202475148e-05 1.864522156541715e-06 -4.938617159245400e-06
-1.655436678002830e-05 7.476341408313344e-06 -6.655570690163465e-06 5.877271406066076e-06
-6.125755166229227e-07 8.857879861580234e-07 2.561080378267651e-06 1.187053628807956e-05
-6.199133011379413e-07 -1.010891357289307e-06 -4.115314838256410e-06 1.311719877390415e-05
-1.310756377443184e-05 1.062140349132053e-05 -1.127826617178186e-06 1.425938378595775e-06
-1.123716394776105e-05 1.112007251740815e-05 -5.134495195300566e-06 2.113411087504390e-08
-1.380343468143726e-05 8.441783516142308e-06 7.281437974817085e-06 1.138428295404642e-07
-1.501718308371359e-05 6.124383823996674e-06 -1.657504012781020e-06 -8.739053537552371e-06
-1.573917166383826e-06 -6.708310254056602e-08 3.771406503966658e-06 -1.430502944073781e-05
-2.721258792971167e-06 1.213899542976164e-06 -1.119821164326881e-06 3.848563208669461e-06
-2.713851725150330e-06 -1.360269374165048e-06 -4.974866977991147e-06 4.814184331122941e-06
-9.982075618870187e-06 9.519143365727311e-06 9.666663754333119e-07 2.883698920885732e-06
-8.984236625595607e-06 7.889520107302152e-06 2.027236692501767e-06 1.080824335098229e-07
-8.213890204736805e-06 6.180465048684663e-06 1.465844895966763e-06 -1.265444557628836e-06
-1.239385370449363e-05 6.536784327810496e-06 -1.142258930921920e-06 -8.392576222615718e-08
-1.378554545557975e-05 4.615870725008293e-06 -1.329962164301124e-05 7.363986151039412e-06
-3.619860360140746e-06 -5.225702687504766e-08 -2.561684847693319e-07 7.189995792636426e-06
-4.752521710937563e-06 1.554032301284310e-06 6.271548149841963e-06 -8.279166868948841e-06
-4.740735601297883e-06 -1.691809534134038e-06 4.361137837798802e-06 -5.177829101803986e-06
-9.901929688344586e-06 6.169555160998074e-06 5.429507322926364e-07 -3.098046634175159e-06
-7.644085044001590e-06 4.446516644652114e-06 1.665198038052118e-06 2.840742092087747e-07
-6.562510458847853e-06 1.835185564081640e-06 -1.157111411207679e-05 5.876596976637040e-06
-7.072115898567620e-06 2.125806303565452e-06 -2.285151389061694e-07 7.259592506240448e-06
-7.335335108295592e-06 2.717427761332625e-06 2.137088349650551e-06 4.930839756533423e-06
-1.143231177423721e-05 4.405046176909713e-06 -4.711869021403287e-07 -3.869132886559855e-06
-1.286871787784700e-05 3.060099585315782e-06 3.092168063364943e-06 3.301431667198738e-06
-5.744929395695411e-06 1.733684019584482e-07 -1.581551981005324e-06 2.909920625565246e-06
-6.613961910451146e-06 -1.935141356284084e-06 -2.418490344800923e-06 -9.682517483371193e-07
-8.818172322829570e-06 3.233208047397694e-06 2.076919058436278e-06 -1.634579013204216e-06
-7.116322896559783e-06 9.766928054885368e-07 6.484936958538933e-06 1.204891519432362e-05
-7.738515540036016e-06 1.920650015626182e-06 5.815881751630315e-06 7.905345295769291e-06
-1.074717610935307e-05 2.556219048684329e-06 6.038588545464359e-07 -4.660475010669430e-06
-1.227723890128115e-05 1.461364222760400e-06 6.299875054124883e-06 1.290811765847566e-05
-7.186006653696229e-06 -8.692644037287172e-07 5.483277682334973e-06 -1.230783520412118e-06
-7.157187927465413e-06 -2.203758074344931e-06 -7.057137029202450e-07 3.653784180165982e-06
-9.190512857937753e-06 5.575578258325304e-07 -1.637712211558481e-07 -9.011696732568162e-06
-1.206560770438953e-05 -1.016193948012848e-07 -2.074571787567974e-06 9.409367944595581e-06
-1.216403692314775e-05 -1.606776643695679e-06 -8.291197078957365e-06 1.053719338507870e-07
-8.296720394406329e-06 -1.857452087486531e-06 -2.232078107289643e-06 1.844912547295786e-06
-7.488655506003113e-06 -2.778514736914699e-06 -3.332547336316321e-06 7.594706664771510e-06
-7.883353755313248e-06 -4.360724747311335e-06 6.783803909944643e-07 1.061282166381627e-06
-1.066227755952262e-05 -1.812550272597658e-06 1.530487837670431e-06 -4.175798113082864e-06
-8.447962426816857e-06 -5.857124089101817e-06 3.397915818703515e-06 -2.690026558788511e-06
-1.257623658964603e-05 -3.117290935363037e-06 -1.941732344849018e-06 -7.046099444231621e-08
-9.289550104319859e-06 -4.426208096246927e-06 -1.127691344470599e-06 4.059150434503843e-07
-1.135909427985238e-05 -4.540721432298762e-06 1.121923030919887e-05 -2.871257815450632e-06
-9.183895132861604e-06 -7.263186246957415e-06 4.613504944330545e-07 -3.647528015006049e-06
-1.325939158594820e-05 -4.542302479189104e-06 5.485684160766637e-06 1.139392671251124e-05
-1.264990038099103e-05 -5.918483427048559e-06 3.068264357939632e-06 -3.279524999688559e-07
-1.124762170051781e-05 -6.766853906120508e-06 -3.372972326268409e-06 1.815169222834297e-08
-1.009726156477357e-05 -8.573623929499943e-06 4.344971405457157e-06 5.780078316136895e-06
-1.114672407365379e-05 -9.801247721371812e-06 7.684772140046344e-06 3.163228240938359e-06
-1.418915650900386e-05 -5.843148045119984e-06 1.803825975837777e-06 -2.465656498643563e-06
-1.349508213458470e-05 -7.448997213204349e-06 -4.647941543325802e-06 7.128006271687297e-07
-1.267479600943359e-05 -9.314893232178550e-06 2.705044600881308e-06 7.316328317854763e-07
-1.232547515578734e-05 -1.090107487655507e-05 9.896776725044180e-06 5.082644093107604e-06
-1.533706054721153e-05 -6.973663894590923e-06 1.907988738680319e-05 6.502255203995463e-06
-1.498361495315608e-05 -9.303553279117380e-06 -5.071380727031607e-06 -4.817696386940361e-06
-1.363832761619557e-05 -1.185766312842440e-05 3.176691201920148e-06 7.395127401082677e-06
-1.505791674101214e-05 -1.266351118676202e-05 1.149862468028756e-06 2.798279382841583e-06
-1.656473507393662e-05 -1.330958759836959e-05 1.555657604966866e-06 1.830396015900599e-06
-1.668715972683765e-05 -9.796724698398134e-06 -3.830380148939367e-06 -8.399434245898811e-08
-1.667648868969949e-05 -7.885792710573584e-06 -3.157836960868018e-07 6.484836237497352e-06
-1.635486760031158e-05 -1.168297016863550e-05 -1.391862465901119e-06 1.021677234678643e-07
-1.814131276801976e-05 -1.377649516344104e-05 4.527009485613817e-06 3.125643805754186e-06
-1.975586018286144e-05 -1.405947028447624e-05 -1.666052936619786e-06 2.261789421861542e-06
-1.805026982468318e-05 -1.022760088540590e-05 3.175696057583640e-06 -1.770984985181390e-06
-1.817251317223347e-05 -8.561158232568282e-06 7.338705926535880e-06 1.105075337551752e-05
-2.140842406773635e-05 -1.415845818435187e-05 -4.735955826041429e-07 2.426153445370658e-06
-1.957526201046072e-05 -1.174933567296137e-05 3.988365437005145e-06 1.024158928069728e-06
-1.976651432744682e-05 -8.990458450585890e-06 2.580629316275239e-07 -1.778328807475506e-06
-2.177551192916142e-05 -1.199331693077762e-05 3.245599499238771e-06 5.403141827304541e-06
-2.322083169349231e-05 -1.417267302886483e-05 -4.823639315777631e-07 -6.327470651436292e-07
-2.139892321762736e-05 -9.121212293752083e-06 -1.483608606752787e-06 -2.375278302538733e-06
-2.573235488392212e-05 -1.418483685161171e-05 4.418866279836633e-06 4.333999861601741e-06
-2.375446466335434e-05 -1.076193681627849e-05 2.560203331883009e-06 8.688358061806098e-07
-2.322611370974245e-05 -9.109933848437530e-06 9.429498852315198e-07 -3.392920847081740e-06
-2.918862375798874e-05 -1.419028521709296e-05 2.029657930370338e-06 -8.454088580532400e-07
-2.747806697227219e-05 -1.144076280168520e-05 2.122208317605007e-06 -1.066267216029308e-06
-2.572838857014551e-05 -9.100210147353857e-06 2.004601482293933e-06 7.544019572592501e-07
-3.376406229522291e-05 -1.419164682113323e-05 4.485776644214231e-06 3.011517881163113e-07
-3.147925774073105e-05 -1.164300719016643e-05 2.439048973812289e-06 6.349126516490015e-07
-2.919099817912522e-05 -9.090585675666935e-06 2.939764057083825e-06 2.006695347587638e-06
-3.852338449180862e-05 -1.419050170770939e-05 3.579937250987876e-06 1.948402604709545e-06
-3.614430432173362e-05 -1.163985816727205e-05 4.826349258215264e-06 2.046628256310698e-06
-3.376454751178036e-05 -9.090922382959540e-06 2.469277805942606e-06 1.666350859419957e-06
-4.326889870024373e-05 -1.417651767141403e-05 5.913983120281629e-06 2.116215331275445e-06
-4.089923268629248e-05 -1.163502175962481e-05 3.784775088603832e-06 2.238884674904919e-07
-3.852548993788526e-05 -9.084633797992038e-06 5.099484630513806e-06 -2.451615643210277e-07
-4.801462226066668e-05 -1.417199149783386e-05 6.035823999274208e-06 2.711621073189154e-06
-4.564169266904350e-05 -1.163440360498276e-05 5.689337590350118e-06 2.198731585742526e-06
-4.327005011544180e-05 -9.091671742160311e-06 4.130443603905531e-06 4.177515217845791e-07
-5.275569850816890e-05 -1.417822873515037e-05 8.999768626133332e-06 2.788641469795882e-06
-5.038578442188864e-05 -1.163757458204039e-05 8.250510462204503e-06 9.655723075838540e-07
-4.801130049946017e-05 -9.098437843288386e-06 7.766071782422891e-06 4.213948889570097e-07
-5.748498833321713e-05 -1.417501221705489e-05 8.046237656428923e-06 -6.279281725357792e-08
-5.512150259976841e-05 -1.163674959923413e-05 9.027529693026002e-06 2.024284853113882e-06
-5.275819623332229e-05 -9.096224663807722e-06 7.783218132384090e-06 1.439938093652959e-06
-6.222891115956575e-05 -1.416693752024103e-05 1.042476747631297e-05 3.633434915938087e-06
-5.985609866570416e-05 -1.163134118866727e-05 7.360759955108405e-06 7.614170650651246e-07
-5.748733276885966e-05 -9.094485185002556e-06 8.918455725149786e-06 2.896581343639521e-06
-6.696483328724390e-05 -1.416934882110889e-05 1.251508351320858e-05 -5.749387549068183e-08
-6.459899208280131e-05 -1.163292848189417e-05 1.361445193720646e-05 1.391516803592173e-06
-6.222700740404714e-05 -9.093441909047162e-06 9.914758816371431e-06 -2.094318631257102e-06
-7.168715893005897e-05 -1.417234543973397e-05 1.283790426147227e-05 2.550484670159754e-06
-6.932425171158233e-05 -1.163916797498692e-05 1.136380514090411e-05 9.848164312532382e-07
-6.696192409806880e-05 -9.104009510526457e-06 1.290723725609322e-05 2.840208211161590e-06
-8.181828532100293e-05 -1.388741352381687e-05 1.538001882667893e-05 2.747075231822636e-06
-8.114617079276570e-05 -1.416536815896104e-05 1.514304278332352e-05 2.756410908924361e-06
-7.380878419693781e-05 -1.163524374383896e-05 1.391518392863848e-05 5.073066031530387e-07
-7.641471830079282e-05 -1.416114315055443e-05 1.293600998210666e-05 1.091857819634162e-06
-7.169071311291029e-05 -9.102654488278781e-06 1.305865683533287e-05 -7.842022670819601e-07
-8.209664694734556e-05 -1.321590213060989e-05 1.549541261147342e-05 2.644400224894846e-06
-8.050390877430905e-05 -1.163261593662651e-05 1.456514357504025e-05 1.956612200924770e-06
-7.641474955579024e-05 -9.107524459419955e-06 1.243460444524616e-05 8.279146594533668e-07
-8.209306835863891e-05 -1.005101412595583e-05 1.568905569397915e-05 1.297296848448562e-06
-8.114321223126366e-05 -9.102998975866681e-06 1.514827940185636e-05 8.725182150052809e-07
-8.181472661661468e-05 -9.380531134561051e-06 1.553106488551108e-05 9.857206654920305e-07
