-3.276947723042875e-05 5.089835712781127e-06 5.331765984820574e-05 -7.929261892779974e-06
-3.288178514829750e-05 4.819008975135455e-06 5.392823705931352e-05 -6.954295867068013e-06
-3.288115889988136e-05 3.543160404816155e-06 5.390823019115410e-05 -1.314382888507160e-06
-3.276875441288244e-05 3.271969931580342e-06 5.330795517838246e-05 -3.800010838705475e-07
-3.249842079190605e-05 5.201995491215406e-06 5.193601425489663e-05 -8.213664328169717e-06
-3.198894786227470e-05 4.180303580033528e-06 4.962690666134407e-05 -4.126724252271091e-06
-3.249747421480610e-05 3.159578510134356e-06 5.195735390028540e-05 -1.139149882105709e-07
-3.058568234113306e-05 5.200069297256559e-06 4.765146038251925e-05 -4.825497205421546e-06
-3.058384211379255e-05 3.154153738691927e-06 4.785719229671818e-05 -3.494778647882378e-06
-2.953375897426934e-05 4.175230183439366e-06 4.699512822615886e-05 -4.121285657452359e-06
-2.867741303546391e-05 5.201535780966011e-06 4.478784564542894e-05 -6.383878819389765e-06
-2.867838703848971e-05 3.149694472767184e-06 4.449450190998276e-05 -1.517798519484162e-06
-2.771806383222378e-05 4.176334872896436e-06 4.200518130742971e-05 -4.133575737695323e-06
-2.675455096874631e-05 5.205397918199190e-06 4.156882244724185e-05 -4.448624043172359e-06
-2.675590781229583e-05 3.148728959603929e-06 4.130860743470887e-05 -4.202244889996798e-06
-2.579282887732916e-05 4.176747455972170e-06 4.017734677634398e-05 -4.562157656427897e-06
-2.483006092655403e-05 5.208665826912900e-06 3.690508275138176e-05 -7.453754029521210e-06
-2.482802943471603e-05 3.139845372823900e-06 3.665343637219122e-05 -2.059107387361900e-06
-2.386693517461418e-05 4.171244266821399e-06 3.330008334128145e-05 -4.960942912564618e-06
-2.289904733827647e-05 5.210366601912218e-06 3.238136458043377e-05 -7.510318449684869e-06
-2.289845345124202e-05 3.128475519047244e-06 3.117863183034348e-05 -2.009460485349711e-06
-2.192452569710224e-05 4.168122309419447e-06 3.071704144411345e-05 -4.176232947063225e-06
-2.094239699856535e-05 5.214528398873249e-06 2.889696689337512e-05 -8.372485972828032e-06
-2.094469951346397e-05 3.122469114722425e-06 2.906422943939313e-05 -1.089178253276706e-06
-1.996624194112488e-05 4.169773490742424e-06 2.656629739552636e-05 -4.789525503711728e-06
-1.900198366044667e-05 5.200609347311319e-06 2.519251714044341e-05 -7.349091756560478e-06
-1.899949618061128e-05 3.136464144389447e-06 2.473734300756505e-05 -2.283404958462336e-06
-1.803910184071469e-05 4.168189474155493e-06 2.369235739941904e-05 -4.894576759303286e-06
-1.708027827667665e-05 5.193545804585672e-06 2.193455092070671e-05 -7.118659494755198e-06
-1.708173524457125e-05 3.143912822371999e-06 2.229193000695404e-05 -3.092005241077737e-06
-1.612736442462288e-05 4.168992220210322e-06 1.925424277662471e-05 -5.423426357029530e-06
-1.518651552383649e-05 5.175974893703208e-06 1.726104193907953e-05 -5.729413130863479e-06
-1.518634104880692e-05 3.160429091866563e-06 1.598001458000838e-05 -3.109601725220281e-06
-1.425009844043811e-05 4.167097008199282e-06 1.527495029021261e-05 -3.328080199544742e-06
-1.332166663346758e-05 5.159210026371727e-06 1.338879428298347e-05 -4.649942104332379e-06
-1.332043460893260e-05 3.171048923172948e-06 1.581648706308394e-05 -3.072512274424752e-06
-1.243487289999157e-05 4.165781762521509e-06 1.337154300779038e-05 -5.350056834229733e-06
-1.155875174786865e-05 5.148016053426065e-06 1.360501081479533e-05 -5.420672896542239e-06
-1.155882436181084e-05 3.184813459787338e-06 1.107980589967734e-05 -2.570222837652453e-06
-1.090271925922621e-05 4.240511023662123e-06 1.260002726184245e-05 -3.808977982126838e-06
-1.023543501494997e-05 5.136457993120034e-06 1.069629743142973e-05 -7.439719801623459e-06
-1.023298404248426e-05 3.188589077883997e-06 1.138645766069034e-05 -3.234236070420374e-06
-9.274469422655816e-06 5.126381843249183e-06 7.301829558320457e-06 -5.401373775936849e-06
-9.459898450716382e-06 4.490738452101188e-06 6.808617432110441e-06 -5.905845835268571e-06
-9.279854852816952e-06 3.193679589187763e-06 7.171118108695806e-06 -2.689472935135564e-06
-8.588925533994707e-06 3.197390893838489e-06 5.968081127549693e-06 -3.020997370817780e-06
1.473337788803925e-06 -2.927403597907011e-07 2.554025913913743e-05 -6.680280670444713e-07
1.468501701411047e-06 -2.865410297103801e-07 1.838112638303644e-05 9.515748172794940e-06
1.514519490697367e-06 -6.095458996863458e-07 1.943082755244333e-05 5.378598591491950e-05
1.510059544986089e-06 -7.031152965762927e-07 3.593133647117184e-05 4.490080794742368e-06
-8.585432954530478e-06 5.124251096565715e-06 8.424679700947228e-06 -3.645127793734823e-06
-7.955637237569804e-06 5.091910139232090e-06 9.457152498139677e-06 -1.958145740724331e-06
-8.447604313669229e-06 3.923316320230033e-06 5.823217958594170e-06 -4.944112911951974e-06
-7.956140100470906e-06 3.141275019856536e-06 8.616401761043660e-06 -4.967221498416913e-06
1.489858870294387e-06 -2.978759334107660e-07 5.420048153713284e-05 -1.830929967507194e-05
1.253305158483174e-06 -4.575162240250881e-07 -4.367659309610072e-05 -1.275519761533614e-05
1.469829205025396e-06 -7.501261264305063e-07 1.408020716885195e-05 -1.644530836010480e-06
-7.757811112844998e-06 4.495625398257399e-06 8.651229217209714e-06 -2.585793998535772e-06
-7.333002177425747e-06 4.988057128360281e-06 5.978953961029733e-06 -2.218658953527060e-06
-6.720925517229860e-06 4.807140920522321e-06 3.855674150821176e-06 -4.893323279823893e-06
-7.564203375279894e-06 3.668611686332223e-06 9.417557616813733e-06 -5.970875214191869e-06
-7.338943413975318e-06 2.968951196027005e-06 7.696875860154945e-06 -4.936726384080764e-06
9.161172832624532e-07 -2.309395964004655e-07 8.519359550212404e-06 1.150360203988265e-05
9.318889987384215e-07 -7.096828578057744e-07 1.004909878507308e-05 4.457701747064585e-07
6.434139351525309e-07 -5.163102207541684e-07 -6.552456748078675e-06 2.194502370223077e-06
-6.130758372242709e-06 4.558402266538419e-06 4.810248193605520e-06 -6.793885667473646e-06
-6.640091558533801e-06 4.172387756024756e-06 5.463296174390615e-06 -5.490326189661223e-06
-6.848063186151747e-06 3.377198003579793e-06 6.830922772356988e-06 -3.281044307765253e-06
-6.763809513982300e-06 2.696055614101989e-06 6.089859145106740e-06 -2.609569238705902e-06
3.804753982998646e-07 -1.641493115903988e-07 -2.086969439089419e-06 -1.032395680192936e-05
3.800958143190158e-07 -7.647463772993290e-07 2.735756194769877e-06 -9.110078988351148e-06
6.162521626779495e-08 -5.085848638721896e-07 -3.018169228015304e-07 1.116867117695854e-05
-5.573282655304707e-06 4.247265480331272e-06 4.981905416647028e-06 -5.298468039525489e-06
-5.057179954841510e-06 3.873160440167148e-06 7.214587294120049e-06 -4.970467048624255e-06
-6.101820838203672e-06 3.249084395971832e-06 5.527437211134472e-06 -4.563432914642309e-07
-6.244960702553442e-06 2.331882073133098e-06 7.193408768333790e-06 -2.011843589576091e-06
-2.876739440605055e-07 -6.834870806880525e-08 -2.885310275272717e-06 -1.320918699576583e-08
-2.890024038275491e-07 -8.559868705389819e-07 5.190868987536757e-06 -5.836724841017582e-06
-5.185377917785695e-06 3.289800693314856e-06 6.442458757877833e-06 -3.361441874138308e-06
-4.584751495645501e-06 3.443017241654893e-06 5.469228137248807e-06 -3.444744151431090e-06
-5.405526873469172e-06 2.621804644987520e-06 3.752396806915718e-06 -3.082067034500088e-06
-5.785142388620149e-06 1.874693709914594e-06 8.027512712874848e-06 -1.113853410385496e-06
-6.944422711889862e-07 -5.094572742217806e-07 2.796156222853979e-06 6.373686170528479e-06
-1.141438780753207e-06 6.725789359738658e-08 -1.310942092520146e-06 4.460355114218928e-06
-1.148315945377330e-06 -1.004387623342526e-06 -3.570371344852987e-06 1.669898938301705e-06
-4.164319587341974e-06 2.966481848644277e-06 2.481734793960500e-06 6.195343154328371e-07
-3.806169627447323e-06 2.441883515044959e-06 1.376915896230910e-07 -2.356148463265584e-06
-3.508469101916887e-06 1.876302002959580e-06 -1.971751211066681e-06 -4.893525339412648e-06
-4.957210916440567e-06 2.005329802622906e-06 3.070959181614707e-06 -2.666501145879228e-06
-5.421663354788323e-06 1.360267169794053e-06 6.730134036217125e-06 4.327038558536506e-07
-1.519889810919741e-06 -4.691835571908015e-07 2.524403208195550e-06 -5.747549107975218e-06
-1.988634882259144e-06 1.655220220748976e-07 7.988980791607842e-06 4.536421911841608e-06
-1.987371437820630e-06 -1.150192699779796e-06 -1.796768639367200e-06 7.033300036575668e-06
-4.108520425938589e-06 1.882753989232991e-06 1.470878457216368e-06 -4.159015504969593e-06
-3.273246249987173e-06 1.276096882621327e-06 -6.047805968824155e-07 -1.041989298988578e-06
-2.731979080729209e-06 2.905375325497529e-07 1.536365574895077e-06 -5.834933662803274e-06
-2.967531940154848e-06 4.149436309414904e-07 6.646628426845046e-06 -1.072544360134667e-05
-3.102754817298940e-06 6.519245616354759e-07 9.448581222964263e-06 -1.062044426024083e-05
-4.644837532681426e-06 1.282048579232164e-06 7.765414427222092e-06 -9.391964735247013e-07
-5.159374992159159e-06 7.895415872906265e-07 3.564925536768634e-06 -9.010595045433495e-06
-2.384206045832266e-06 -3.668602268293402e-07 1.644314556966656e-06 9.016893417450572e-07
-2.713778058409897e-06 -1.251506642433676e-06 9.151884857507180e-06 -9.976359058875669e-06
-3.678514467065353e-06 8.569016250407793e-07 8.845061240189518e-07 -4.692029358093585e-07
-2.967253256866095e-06 -4.514458717856932e-08 1.094168909775033e-06 -4.882587723163683e-07
-3.242787847034689e-06 3.400343658416399e-07 8.662546008370305e-06 -8.576600311691406e-06
-4.406203971123122e-06 6.015373349525008e-07 2.142435739977533e-06 1.711951430507297e-06
-5.004046289735993e-06 1.834716594322367e-07 -1.105009063180171e-06 -8.562438622664126e-06
-2.970719462231339e-06 -7.900139138219577e-07 -1.916604367843809e-06 1.270654187667227e-06
-2.920975939666413e-06 -1.356537870321755e-06 1.243544777349689e-05 -1.250075186956759e-05
-3.801936637871124e-06 -1.893350750360252e-07 2.739619315657795e-06 6.703926468760122e-06
-4.962775230450288e-06 -4.480251672980500e-07 7.708912674424861e-06 -1.146259194854907e-05
-5.070420784862309e-06 -1.084166386544089e-06 7.481824866880320e-06 -3.965527646740566e-06
-3.400439655296568e-06 -1.187819088387009e-06 -4.084249988233692e-06 -5.865809241897303e-08
-3.035784492063144e-06 -1.599959356690469e-06 1.822089884793660e-05 -1.155761646524862e-05
-3.178254243567318e-06 -2.311459821152789e-06 1.630971039627689e-05 1.018014871351058e-06
-4.411275829521259e-06 -1.155715835602584e-06 8.167775218680795e-06 2.106681386107887e-06
-3.396919786676774e-06 -3.025071438949111e-06 4.989982746748626e-06 2.295910979338203e-06
-5.309893040106578e-06 -1.730964640939685e-06 -1.340549699669621e-06 -2.265244303480109e-06
-3.802568907396924e-06 -2.331467150433646e-06 -2.442974650506533e-06 6.990740169638007e-06
-4.748828421983271e-06 -2.388776401838564e-06 7.027685577474403e-06 -5.044801761937614e-07
-3.705510659971832e-06 -3.712366674611447e-06 -3.613996744107352e-06 -1.743640552878720e-06
-5.674492213396398e-06 -2.378659135135604e-06 -5.834789737903935e-07 9.026482762998134e-07
-5.386130534258291e-06 -3.051664404549718e-06 7.729969030797797e-06 -3.293397561368366e-07
-4.699836796004710e-06 -3.469082606829723e-06 7.130445674653090e-06 1.487668512536688e-06
-4.124390489421786e-06 -4.396889038217330e-06 7.637574364595739e-06 -2.817656473467199e-06
-4.635415529649725e-06 -5.037579550841873e-06 4.071969184368591e-06 2.996433582791211e-06
-6.184420376899603e-06 -3.003098610844533e-06 2.385518021794350e-06 2.851249685384282e-06
-5.828000628971017e-06 -3.815651715767853e-06 6.414536890738946e-06 1.199925492980284e-06
-5.407353138253009e-06 -4.784976207578834e-06 1.569656474983927e-06 4.871528599765978e-06
-5.224020686599724e-06 -5.646268379024009e-06 3.581946958704125e-08 4.969966117385627e-06
-6.811943339899530e-06 -3.556773732679911e-06 3.507706129617097e-06 6.261153289562454e-07
-6.627735958742995e-06 -4.793817209487862e-06 5.004907169874901e-06 5.074830930329372e-06
-5.908219248354891e-06 -6.189239895540545e-06 5.404354307558982e-06 3.694068750046777e-06
-6.673064927900429e-06 -6.654583746434155e-06 3.349266465695358e-06 -3.417898163362521e-07
-7.501876077297528e-06 -7.048460484528677e-06 3.016086603696748e-06 1.971697759364326e-06
-7.561735080034474e-06 -5.064630977753785e-06 3.214800452122122e-06 3.137368371075760e-06
-7.553494152870084e-06 -4.026118417772517e-06 4.666291778060617e-06 3.693621317672631e-07
-7.375290187803091e-06 -6.115571649188690e-06 2.059368492398233e-06 1.014772204341242e-06
-8.389906688769841e-06 -7.343696701657317e-06 6.048570756871883e-06 3.534271610110869e-06
-9.329932858255737e-06 -7.543610947051731e-06 7.010357751288118e-06 2.612205116598655e-06
-8.323370660691295e-06 -5.298413418708370e-06 3.592403673292382e-06 2.014154921349295e-06
-8.395969049866182e-06 -4.365972213335440e-06 4.702495902396891e-06 5.070872382281131e-07
-1.030016832735363e-05 -7.630311590048120e-06 5.993987339844400e-06 2.612265075695960e-06
-9.203551037790016e-06 -6.179407889034694e-06 6.536310281194265e-06 2.527209427596991e-06
-9.319112292721352e-06 -4.566755748337056e-06 4.789175300416463e-06 7.408871298509797e-07
-1.050880147394513e-05 -6.331246355948995e-06 6.158862125871830e-06 3.114890260815278e-06
-1.139989890166121e-05 -7.667849841871124e-06 5.433772824539973e-06 4.087136658166878e-06
-1.028381641755024e-05 -4.619853108016666e-06 6.363071020508397e-06 1.552709839335650e-06
-1.294694406398344e-05 -7.704648289375308e-06 7.067638481736994e-06 3.209850355055783e-06
-1.171222703621867e-05 -5.584289975988333e-06 7.878842116707784e-06 3.066299668516928e-06
-1.139841845242161e-05 -4.583234985637914e-06 7.691355839306502e-06 2.218284914294240e-06
-1.513111751425242e-05 -7.762223004297359e-06 5.855077621460097e-06 4.727091243538277e-06
-1.403504432637222e-05 -6.002965335441717e-06 6.132270144723591e-06 2.824090440012223e-06
-1.294615109029841e-05 -4.540637750278973e-06 7.074892311871030e-06 2.723993874505485e-06
-1.811514323962606e-05 -7.828189914028343e-06 8.194173051161122e-06 4.129781812097025e-06
-1.660516239312649e-05 -6.132140466068938e-06 6.949967599016273e-06 3.854865895339928e-06
-1.512922829923767e-05 -4.492283615127774e-06 6.047475104526747e-06 2.296083095087631e-06
-2.133454369839617e-05 -7.877593312415514e-06 9.896111437283498e-06 2.061733221664739e-06
-1.970999287195128e-05 -6.127365259066524e-06 9.621666750381911e-06 2.335979083298252e-06
-1.812076514524556e-05 -4.431944786044400e-06 8.799004680978795e-06 2.501336220128705e-06
-2.464100306382223e-05 -7.922637914543911e-06 8.315837053064422e-06 3.764797261130147e-06
-2.297108789324924e-05 -6.131848141018418e-06 8.743073953923728e-06 3.555170127296942e-06
-2.132947704535626e-05 -4.382391845675994e-06 8.623983272999694e-06 3.000026495896652e-06
-2.804057235894093e-05 -7.963149745481431e-06 9.338390177229897e-06 3.215620660260428e-06
-2.632914649509493e-05 -6.130500918425051e-06 9.221459145271813e-06 2.552341904819111e-06
-2.464429656922725e-05 -4.337745428340590e-06 9.878766836946387e-06 2.116767113603970e-06
-3.150569134635292e-05 -8.006200224390196e-06 1.069130372917169e-05 3.466820211501253e-06
-2.976028526095036e-05 -6.136450737384917e-06 9.325043817975683e-06 2.389025677033781e-06
-2.803695915467032e-05 -4.304656412689176e-06 8.623856391445833e-06 1.860311989459692e-06
-3.503063430050221e-05 -8.032218793186383e-06 1.151311090063853e-05 2.886063094714981e-06
-3.326074751199105e-05 -6.130824102611269e-06 1.173547348657889e-05 2.943554898197045e-06
-3.150841998940215e-05 -4.261826929793587e-06 1.051178978970544e-05 1.441603984336202e-06
-3.861471617930390e-05 -8.059587043473167e-06 1.204485219300004e-05 5.220365282062977e-06
-3.681205435942232e-05 -6.128381376771959e-06 1.126647791208081e-05 3.469573211315565e-06
-3.503148053250925e-05 -4.225420420470018e-06 1.155637314952763e-05 3.905200967645181e-06
-4.224556275373090e-05 -8.079398160379650e-06 9.612206850679538e-06 1.312689842300369e-06
-4.042565214910039e-05 -6.130387005700996e-06 1.160295775701544e-05 3.501830248359828e-06
-3.861369441504371e-05 -4.199412276993641e-06 1.188226824706625e-05 1.806183105147229e-06
-4.588242545139150e-05 -8.088322338525640e-06 1.334942143441185e-05 3.537171969851719e-06
-4.406263595064195e-05 -6.131310152435342e-06 1.036433151264562e-05 3.154741028636813e-06
-4.224538307428753e-05 -4.182085757664995e-06 9.768747322892216e-06 5.365648991318959e-06
-5.371690919927583e-05 -7.871687634470524e-06 1.241506354658510e-05 3.986466774820006e-06
-5.319849187856090e-05 -8.086832300933560e-06 1.205927986991949e-05 4.127155628605680e-06
-4.751786969009955e-05 -6.132559662392208e-06 1.365724277761959e-05 2.703385128858095e-06
-4.954124068741429e-05 -8.092456703368523e-06 1.115015858241332e-05 4.146417902887622e-06
-4.588180153415515e-05 -4.175768764820056e-06 1.360547560381527e-05 2.326688420431609e-06
-5.393160235432460e-05 -7.352712869875556e-06 1.256835142038799e-05 3.653776014751597e-06
-5.270563430929730e-05 -6.130744980840174e-06 1.186688276322542e-05 3.053401940167189e-06
-4.954197237016179e-05 -4.171671342529586e-06 1.099882918456194e-05 1.337472107329470e-06
-5.393185092565740e-05 -4.908452273908704e-06 1.252306821624142e-05 2.541907107642864e-06
-5.319895070838690e-05 -4.174610775655689e-06 1.196126236101258e-05 1.995444044755658e-06
-5.371722436623658e-05 -4.389654246338407e-06 1.235392616771691e-05 2.162609842421234e-06
