-1.188068270884847e-04 1.696022071291278e-05 -2.723990635365103e-05 2.723169676000031e-06
-1.192716400788483e-04 1.583907181698254e-05 -2.698074917398259e-05 2.719161086787109e-06
-1.192710642487388e-04 1.054983317271837e-05 -2.682711881148435e-05 3.391158718592798e-06
-1.188061643034597e-04 9.428414276838661e-06 -2.707333586724220e-05 3.387770119739256e-06
-1.176848258613837e-04 1.742430773319883e-05 -2.772763966888511e-05 2.847343012279188e-06
-1.155806860163585e-04 1.319369040963620e-05 -2.835025570153795e-05 2.980268694832256e-06
-1.176839715565088e-04 8.964155839298378e-06 -2.754950943668921e-05 3.261886966598507e-06
-1.097987810653563e-04 1.741322808300208e-05 -2.635282242920768e-05 5.898326227200144e-06
-1.097981661582046e-04 8.970854475873172e-06 -2.637280199247019e-05 1.352772368261800e-07
-1.054466728934457e-04 1.319231340802632e-05 -2.312271523344632e-05 3.228267489773306e-06
-1.019118005029670e-04 1.741725399803176e-05 -2.231260511805391e-05 3.661235554608944e-06
-1.019128234936176e-04 8.968335364232222e-06 -2.314873388409376e-05 3.810560699050202e-06
-9.796853024459690e-05 1.319321899632617e-05 -2.318568610851196e-05 3.915373937657727e-06
-9.403344618075188e-05 1.740840844428964e-05 -2.264542722085336e-05 4.996013768806721e-06
-9.402995839425842e-05 8.973433724231732e-06 -2.177482821646090e-05 1.726825158242611e-06
-9.009899601388876e-05 1.319002936054403e-05 -2.052713579819722e-05 2.370039678768767e-06
-8.617079331690247e-05 1.739138427646171e-05 -1.984965763534477e-05 3.661962332189073e-06
-8.617158043320569e-05 8.991610714740459e-06 -1.925509511487004e-05 5.850198329304943e-07
-8.224464504311268e-05 1.319272517159566e-05 -1.901982672592095e-05 1.976133874087455e-06
-7.833488804146069e-05 1.736636917486970e-05 -1.669606507380430e-05 5.289075690921160e-06
-7.833093466289971e-05 9.017146773204422e-06 -1.806300834665206e-05 4.045163563726000e-07
-7.443518818389188e-05 1.318875555858605e-05 -1.505032007218210e-05 3.456011789809714e-06
-7.056143581670617e-05 1.732652189277233e-05 -1.483044291936070e-05 3.303510064291543e-06
-7.056095175957748e-05 9.046990348069725e-06 -1.424979602551466e-05 3.355945517298177e-06
-6.670115529979751e-05 1.318518078998627e-05 -1.376852064749313e-05 3.564531193601786e-06
-6.287550250569799e-05 1.726744475849689e-05 -1.164664322452008e-05 6.221661596932223e-06
-6.287268442290419e-05 9.101247219192158e-06 -1.088617521469579e-05 8.730077369960550e-07
-5.906570420132317e-05 1.318430414190295e-05 -1.029341284318168e-05 2.362907188830288e-06
-5.530525177703737e-05 1.719354525576042e-05 -1.022746147486755e-05 5.095546526125106e-06
-5.530936676506102e-05 9.183620404424316e-06 -1.081375084335484e-05 2.366738772827544e-07
-5.157920193001876e-05 1.318988271090083e-05 -9.830162348886299e-06 3.025046031320707e-06
-4.791974437729302e-05 1.708824819107794e-05 -8.947710884490753e-06 3.831910755319456e-06
-4.791733731782321e-05 9.289153014070309e-06 -8.964240306793471e-06 1.083259463640006e-06
-4.429253774605557e-05 1.318593529327348e-05 -8.396226799576826e-06 3.067699151945892e-06
-4.073527299423857e-05 1.697049903868698e-05 -6.838136058458742e-06 3.790517445455393e-06
-4.073879702208056e-05 9.406635703681940e-06 -7.850638336936343e-06 3.780490560515390e-06
-3.735649056321687e-05 1.319193757393290e-05 -6.062933299550550e-06 4.157790991529785e-06
-3.405689586431621e-05 1.683877777506334e-05 -7.394898051375631e-06 1.226515754705372e-06
-3.405392113476972e-05 9.549079330784718e-06 -5.235480208829576e-06 4.443604023714416e-06
-3.160468095045177e-05 1.346659611672256e-05 -5.528259409080089e-06 3.117227246903176e-06
-2.918288357121972e-05 1.671572041921781e-05 -3.503161630673179e-06 3.085519658149761e-06
-2.917501365312721e-05 9.683716989626166e-06 -4.723923149736940e-06 3.747683578577416e-06
-2.574639933826516e-05 1.661746309253631e-05 -2.641319334033794e-06 4.734833767083229e-06
-2.638503768457813e-05 1.437529882280308e-05 -3.100793717447577e-06 2.945206665724538e-06
-2.574143460320522e-05 9.759658263674876e-06 -4.614162642193607e-06 1.678535450523532e-06
-2.330849167407001e-05 9.848002431500130e-06 -5.333120604407291e-06 4.348030848104335e-06
3.476263489449377e-06 8.914208518648343e-07 -3.427496591153751e-06 -3.743854538111157e-05
3.580014410308373e-06 6.945424739794772e-07 -1.298151536758476e-05 -8.561530517838823e-05
3.568311505273197e-06 1.348310685323864e-07 9.493067164064502e-06 8.525409742476961e-05
3.468415001920947e-06 -2.196034938234743e-08 1.288735802850423e-05 -2.636207300320437e-05
-2.329985147877178e-05 1.654162384465610e-05 -3.228454798781681e-06 5.156359503573207e-06
-2.114999608518434e-05 1.635101602626071e-05 -4.691256925787130e-06 3.342403247973450e-06
-2.278526056768216e-05 1.235933638247159e-05 -3.766489913105261e-06 2.371845590145040e-06
-2.112621368739517e-05 9.756033285228877e-06 -4.632859818226398e-06 4.317085878631586e-06
3.256582959174583e-06 9.639829514352700e-07 -2.491334505138800e-05 7.910118100268204e-06
3.029140235733610e-06 4.115773330779478e-07 2.486348171482205e-05 3.110537100557263e-05
3.266720461609463e-06 -8.389156243525480e-08 -3.165171321535579e-05 -7.729792180526453e-05
-2.044873052900821e-05 1.429968694178811e-05 -4.295789799380127e-06 3.586766415229835e-06
-1.907088036284851e-05 1.590554775098400e-05 -5.492037407658147e-06 1.931564410124727e-06
-1.710558342131617e-05 1.525900943931070e-05 -4.440874090629156e-06 2.496502553936849e-06
-1.980629792385799e-05 1.154537309443543e-05 -4.888137748892607e-06 1.947803397271496e-06
-1.908940339385392e-05 9.311570138430781e-06 -1.709082193234979e-06 -2.659779260212804e-06
2.182503460111221e-06 1.005671301899896e-06 -1.076231034447729e-05 -1.592927420936521e-05
2.161049524852206e-06 -1.203026256986352e-07 8.184813568211496e-07 -3.452618189113288e-06
1.621283814673349e-06 4.245947897546823e-07 8.968268097547060e-06 3.182068760142281e-05
-1.527578792796462e-05 1.438819905551789e-05 -2.731960785035873e-06 2.797885115370499e-06
-1.682851415173132e-05 1.319259500368964e-05 -3.962943305904532e-06 3.173270767861514e-06
-1.750271477528474e-05 1.064566059781528e-05 -4.597546342148430e-06 -1.471714812485329e-06
-1.722588487476868e-05 8.558382023774883e-06 -6.991714164902357e-06 3.186731085813148e-06
9.504258961304177e-07 1.088436091275821e-06 3.475274678416730e-06 -1.812826777380566e-05
9.705959767986704e-07 -2.268857200982528e-07 -1.122435253508249e-05 -2.107104644751630e-05
2.482630971503560e-07 4.440846269155671e-07 6.314293429173932e-06 4.593978225243384e-05
-1.358552454068563e-05 1.335592566553409e-05 -1.524347904654587e-06 2.266078281914584e-06
-1.207890800520372e-05 1.216826051712587e-05 -5.786376206494323e-07 1.615296026355592e-06
-1.517223155294115e-05 1.026410035983105e-05 -5.209743930452125e-06 4.660583992240868e-06
-1.558149857620406e-05 7.530296369450775e-06 -3.160183157271160e-07 2.456056075263076e-06
-5.836110561607129e-07 1.341428543488592e-06 -6.768929410741357e-06 -2.024920669384359e-05
-5.874965608031503e-07 -4.650210237787113e-07 5.247338830587865e-07 -1.692154622901422e-05
-1.246252444589945e-05 1.037979513587315e-05 -1.985081577861850e-06 2.125027892167993e-06
-1.074926022343144e-05 1.082769102951630e-05 -8.902546581433896e-07 1.772332244326717e-06
-1.309467843609888e-05 8.406949519689704e-06 -3.961994315489644e-06 6.368857379495775e-07
-1.418313769600408e-05 6.277970218034769e-06 -2.505429048214509e-06 2.279453975286722e-06
-1.498101315848155e-06 4.563769669468326e-07 3.442853466307681e-06 1.498906326245740e-05
-2.593020376178963e-06 1.675199228904960e-06 -3.829681191859708e-06 -3.263936870369175e-06
-2.578576181409747e-06 -7.760660213850145e-07 2.814419655191942e-07 -1.741176219814525e-07
-9.588026551405653e-06 9.384002511642282e-06 -1.169117615171764e-06 6.702027682763480e-07
-8.656079991313500e-06 7.895218459657671e-06 -2.212765092427830e-06 -2.151409983468808e-07
-7.931739842382664e-06 6.326482446822926e-06 -5.388704964376998e-06 -6.026272299336849e-07
-1.181074162164863e-05 6.656170078535952e-06 -1.783833201678652e-06 1.262789255574402e-06
-1.308043337657241e-05 4.885535275322558e-06 -2.485644551144970e-06 8.593872442009631e-07
-3.449265339548419e-06 4.465392992269789e-07 -7.703570537805375e-06 -8.602404688022908e-06
-4.513518463351526e-06 1.993180495905778e-06 7.062787392582412e-06 4.479206754668912e-07
-4.528546922744844e-06 -1.121096002530371e-06 6.067458685959994e-06 2.282781155802008e-06
-9.498157833874125e-06 6.320545127250903e-06 -1.126969978350062e-06 4.121536612442081e-07
-7.387454835153506e-06 4.720286884373285e-06 -5.624323020692442e-06 2.289886177776870e-06
-6.268419994436858e-06 2.253666188460473e-06 -5.114819752686159e-06 4.069183103527271e-06
-6.794567381756002e-06 2.538242348356628e-06 5.613925496573805e-06 -4.142422681831322e-06
-7.071589335886485e-06 3.109762079041175e-06 1.065878375458411e-05 -7.334667326484918e-06
-1.091946694352220e-05 4.684675366543648e-06 2.752258575387609e-06 4.362562581229658e-06
-1.225911882262450e-05 3.404822342639261e-06 -2.418879016600285e-06 -2.070308272108932e-06
-5.487553363669259e-06 6.790457131159193e-07 -4.747342577311959e-06 -2.646363693216596e-07
-6.304846119950666e-06 -1.362692548279893e-06 -3.799562159373501e-06 3.861384855686359e-06
-8.463688294118502e-06 3.602237208581912e-06 -4.662798773012263e-06 3.738485108877799e-06
-6.827069741728549e-06 1.427209467074464e-06 -2.205177280438689e-06 6.277676187725229e-06
-7.444753442698386e-06 2.345409356269238e-06 9.241196859006064e-06 -5.140235942760728e-06
-1.028892934706068e-05 2.951631438070226e-06 -3.218219878698088e-06 5.664244220528979e-06
-1.174472768632668e-05 1.913248554156499e-06 -2.443109350964930e-06 -1.806942398655085e-06
-6.870544597271495e-06 -3.236559350295094e-07 -4.420868493496839e-06 2.503479800275621e-06
-6.801895611164412e-06 -1.631694905616472e-06 2.992596269655532e-06 -2.598462114636702e-06
-8.809865340752626e-06 1.053845268327697e-06 -3.568917949211483e-06 2.964672710838170e-06
-1.156310909965379e-05 4.200565015475566e-07 4.280112783625958e-06 3.536964832257053e-06
-1.170198453556710e-05 -1.040822860015926e-06 -4.233897886416397e-06 2.297786745322471e-06
-7.926155584754181e-06 -1.284228185638859e-06 -4.228363112029512e-06 -4.777603586872998e-06
-7.100172303809197e-06 -2.203141338870581e-06 1.016785090525806e-05 -6.128288604636334e-06
-7.476715942564862e-06 -3.758294092116322e-06 1.447161302146887e-05 -1.391592687834472e-06
-1.023494640923464e-05 -1.230701735156868e-06 -2.514678645715785e-06 2.819695524445988e-06
-8.033354887209278e-06 -5.262434738873258e-06 1.506372138460493e-06 -4.246415215132163e-06
-1.214873042815801e-05 -2.514950541944022e-06 -1.250069668849477e-05 6.267723584276894e-06
-8.895419436410770e-06 -3.811886087653019e-06 -5.166032767418319e-06 3.773625463301276e-06
-1.094052900119076e-05 -3.940022504055593e-06 4.179185547692795e-08 7.071999006573863e-07
-8.757183573788218e-06 -6.697629623262482e-06 -1.686261974685029e-05 -9.050595759347745e-06
-1.286572683395559e-05 -3.932519929183161e-06 -9.963355597952848e-06 -7.124220303993157e-06
-1.225016364752132e-05 -5.338997301881398e-06 1.188694102334103e-06 -3.058694751438051e-06
-1.083741521242079e-05 -6.202951462984048e-06 1.229586739410669e-07 6.436470779130536e-06
-9.658550265278430e-06 -8.084435187201960e-06 4.025866261972796e-06 -5.629811961141518e-06
-1.072646578850105e-05 -9.333216344923342e-06 -2.125095873366222e-06 -5.496311323428850e-06
-1.385673222519307e-05 -5.246151493012844e-06 -3.990642869755808e-06 -2.291704063580228e-06
-1.313119890502527e-05 -6.899826751846760e-06 7.386767988428080e-07 3.403002017703513e-06
-1.229364691931606e-05 -8.828589357085850e-06 -6.833118322243662e-06 -7.169994382850493e-07
-1.193544739682995e-05 -1.048875265873822e-05 -1.033191977548286e-05 -1.622454622210060e-06
-1.506058392189983e-05 -6.392540976158761e-06 -1.068958575930629e-05 -5.242476181517274e-07
-1.468079665517139e-05 -8.819596599557906e-06 2.126432852971256e-06 1.005787021887762e-07
-1.327630545324613e-05 -1.150903690297803e-05 -4.328514806579040e-07 -1.062362837378834e-06
-1.476004794686965e-05 -1.236676076845306e-05 -2.056671595913344e-06 -5.008436819810814e-06
-1.635054569067933e-05 -1.307464701864208e-05 -2.224211704239081e-06 -1.341733585603014e-06
-1.647371606326107e-05 -9.333077107279189e-06 1.119034208488745e-06 9.471607816383994e-07
-1.646254699250396e-05 -7.334905332934461e-06 -2.041730038187340e-06 -1.549617414531809e-06
-1.612060552045281e-05 -1.132827772815691e-05 -1.538340422727010e-06 -2.964512074270329e-06
-1.802353220748625e-05 -1.360050949317094e-05 -1.009367847900329e-06 1.944261986258577e-06
-1.975650253823907e-05 -1.392344350452680e-05 4.710630731829758e-07 2.533077783059855e-07
-1.791593008927000e-05 -9.779611601846113e-06 -2.151918195203113e-06 2.812328974438055e-06
-1.804808979184600e-05 -8.022667205497300e-06 -1.837465598072075e-06 1.246385856385110e-06
-2.152632995797599e-05 -1.403635154704703e-05 -7.330729084690018e-07 -1.625914384701954e-06
-1.955522270829883e-05 -1.142908911287847e-05 -1.263064712915760e-06 1.506596681456657e-06
-1.975566003180551e-05 -8.448700766692178e-06 -1.367106999558271e-06 2.813991655584633e-06
-2.191054395647988e-05 -1.169633505001184e-05 -1.983362574530752e-06 -1.193484199635173e-06
-2.348251069403041e-05 -1.405834707630606e-05 -1.920863032236962e-06 2.184639848036760e-06
-2.151716505919522e-05 -8.591735990887717e-06 -2.608590210963274e-07 -1.531407940541419e-07
-2.621869338375223e-05 -1.408866353755988e-05 7.630681204052668e-07 1.113315987959704e-06
-2.405439074275406e-05 -1.035580634226420e-05 -2.420927520339046e-06 5.285095235210389e-07
-2.348957787278755e-05 -8.568444233791328e-06 -1.946615202638864e-06 5.877572811945854e-07
-3.002776167099393e-05 -1.413600400261980e-05 -3.142241006177291e-07 2.705274534879417e-06
-2.812911369677018e-05 -1.109799967793540e-05 -4.049240913418065e-07 1.858965599713160e-06
-2.621778079099748e-05 -8.537749135540271e-06 -3.370717442494064e-06 -6.937011440124568e-07
-3.511953708208077e-05 -1.418348241401013e-05 1.081298602163188e-06 1.107852012466793e-06
-3.256345731551290e-05 -1.132347182127114e-05 -5.908400136350539e-07 -8.016977196779354e-07
-3.002689663648422e-05 -8.502208420576439e-06 1.399526655290122e-06 2.397387893278790e-07
-4.049039752164082e-05 -1.421499863646863e-05 3.199928470866662e-08 -8.809364744261184e-07
-3.779315876481982e-05 -1.132360650547277e-05 1.170143379574001e-06 1.992832759641224e-07
-3.511869909728720e-05 -8.463400292119677e-06 -1.003642521539799e-06 -3.392120392797609e-06
-4.591469389039030e-05 -1.423809749401686e-05 3.294405458868885e-06 -7.644479432006110e-07
-4.319639931530637e-05 -1.132521330632104e-05 1.460147079428917e-06 3.503633004057942e-07
-4.048883055257860e-05 -8.433906542968306e-06 9.040157631928817e-07 1.941764672376736e-06
-5.137565287173909e-05 -1.426944822570125e-05 2.500712090517056e-06 1.856813665777098e-06
-4.863761356529979e-05 -1.132748981028806e-05 3.027664935753357e-06 2.626555806042775e-07
-4.591603775628661e-05 -8.414358801441240e-06 3.295316962589390e-06 1.026365610815641e-06
-5.686331060417372e-05 -1.428265400752794e-05 4.079149587237641e-06 9.364234812790489e-07
-5.411508437105641e-05 -1.133591480674598e-05 2.698509626846961e-06 2.962313008003606e-07
-5.137157991463321e-05 -8.394179215551378e-06 2.405323238645560e-06 -1.039448239347298e-06
-6.238406288903430e-05 -1.429214461942221e-05 3.340321161372433e-06 -1.180330886065005e-06
-5.961904046572494e-05 -1.133391116424259e-05 4.619981833114434e-06 1.871191671827333e-07
-5.686476859823629e-05 -8.389068301082704e-06 3.323497389120142e-06 -6.375272765578055e-07
-6.792361440421139e-05 -1.430274618010201e-05 6.467500345244757e-06 2.872765830710567e-06
-6.515137036503680e-05 -1.133574517737544e-05 3.829872142371002e-06 -2.404428561429185e-07
-6.238275079754958e-05 -8.375649551741281e-06 4.694877983157626e-06 1.138231502770320e-06
-7.346129944168056e-05 -1.430135439309128e-05 4.837065353064628e-06 -9.559310142477361e-07
-7.069468302588723e-05 -1.134062509618349e-05 6.886884566304958e-06 6.291441998465709e-07
-6.792306720409620e-05 -8.374805147410764e-06 5.455438698193006e-06 -2.121257565006778e-06
-7.898594869521114e-05 -1.430313076399045e-05 6.492423246465579e-06 9.103604509665939e-07
-7.622268605384896e-05 -1.134332705450216e-05 4.377216533701216e-06 4.125736783240643e-07
-7.345901439665093e-05 -8.383874542495594e-06 5.019240533113081e-06 1.121270493471673e-06
-9.083530060869287e-05 -1.397490854812524e-05 8.372818702859086e-06 1.609221641131151e-06
-9.005065751498107e-05 -1.430001448785256e-05 7.778866681997081e-06 1.684406305447534e-06
-8.146593686149403e-05 -1.133896087282564e-05 7.946889108655044e-06 8.578560868076366e-07
-8.452137351224387e-05 -1.430020349336605e-05 7.336634262355193e-06 1.931581575127054e-07
-7.898877505961509e-05 -8.378662869511356e-06 6.550541645998308e-06 5.911696447511444e-07
-9.116027165139002e-05 -1.319011787506962e-05 8.643228281459137e-06 1.251803779273198e-06
-8.930299492238429e-05 -1.134032044766239e-05 7.146714736897587e-06 -2.329203755541527e-08
-8.452046157394974e-05 -8.377304120152021e-06 7.470777846195714e-06 9.165392562163875e-07
-9.115896466508059e-05 -9.491612187834577e-06 8.940917582380589e-06 -1.569484699102894e-06
-9.004916656152295e-05 -8.381631317772636e-06 8.082959185248687e-06 -2.004569416341551e-06
-9.083389178568633e-05 -8.706796088441992e-06 8.683062969991544e-06 -1.939298613428066e-06
