6.836744402266765e-05 -1.193667579831075e-05 -7.982795702223441e-06 4.869391790381393e-07
6.859323261285300e-05 -1.139175156976514e-05 -7.880484000358124e-06 2.738550469642048e-07
6.859185392944089e-05 -8.822711400004521e-06 -8.400928650428802e-06 -5.063874097295372e-08
6.836588397872950e-05 -8.277335962604230e-06 -8.541806199794548e-06 -2.393945179817586e-07
6.782233076900515e-05 -1.216231529522968e-05 -8.151593416527180e-06 6.768900151011053e-07
6.679943532596856e-05 -1.010605804609276e-05 -9.030790259115332e-06 4.918804188705897e-07
6.782042879135694e-05 -8.051408247938628e-06 -8.747556079719541e-06 -3.957108940820568e-07
6.398634137271075e-05 -1.215974571373858e-05 -8.285645172989385e-06 3.636699841769857e-06
6.398377612583403e-05 -8.045079220735574e-06 -8.593609435028051e-06 -1.210097123433571e-06
6.186417929811478e-05 -1.010112261338773e-05 -7.514150959770818e-06 1.260582020346230e-06
6.013371376293863e-05 -1.216991565102826e-05 -8.497675113217956e-06 -2.934686405950790e-07
6.013743114150842e-05 -8.038233580037502e-06 -7.950681903377379e-06 1.518367437469735e-06
5.820501238593747e-05 -1.010761297024894e-05 -7.785721817837512e-06 2.080428483296981e-07
5.628354865539496e-05 -1.216419314236125e-05 -5.563772967793756e-06 6.395723948432567e-07
5.628616899671293e-05 -8.058090746762113e-06 -6.624443431378093e-06 6.411294199438355e-07
5.436873707854246e-05 -1.011221697582415e-05 -5.450121933566583e-06 1.436558953146752e-06
5.244960463870673e-05 -1.216837213557025e-05 -6.138393599197918e-06 1.802778506282816e-06
5.245031892047686e-05 -8.055650107778735e-06 -5.645184248666704e-06 1.393342058687622e-06
5.053280676743123e-05 -1.011095315013750e-05 -6.317852390526013e-06 1.116417893858090e-06
4.861397106914316e-05 -1.216986142193607e-05 -4.475071978698438e-06 4.044163545029744e-06
4.861534488428234e-05 -8.050064987035280e-06 -5.381188466685157e-06 -9.377076018090290e-07
4.669407158920329e-05 -1.010932099169706e-05 -4.037825909738064e-06 1.535933748670250e-06
4.476394148447613e-05 -1.217996148546514e-05 -5.435694322086290e-06 -6.982538536597497e-07
4.476197316793981e-05 -8.035002369087184e-06 -4.541221913296676e-06 2.262713248223245e-06
4.282816340508080e-05 -1.010703156429240e-05 -5.548278305710862e-06 5.510208521447158e-07
4.088521348942736e-05 -1.219426659170903e-05 -4.958085337683331e-06 6.263676318330892e-07
4.088919687901136e-05 -8.024284867911781e-06 -5.197790957838587e-06 1.862492595255730e-06
3.894504942508040e-05 -1.011127160929556e-05 -4.584636695761203e-06 1.439112049114057e-06
3.699450480488592e-05 -1.220942429476515e-05 -4.579211527562527e-06 1.351820344065456e-06
3.699581237076521e-05 -8.017058827417855e-06 -4.806738721218603e-06 1.793430662630849e-06
3.503663380412297e-05 -1.011762281199489e-05 -4.763662494628395e-06 1.153714599054068e-06
3.306509920848960e-05 -1.223204251037259e-05 -3.492256960669935e-06 1.426332379397439e-06
3.306620827102911e-05 -8.007479604941143e-06 -4.278901150755334e-06 1.946503861033058e-06
3.109081652635485e-05 -1.012115988279584e-05 -2.675240897684285e-06 1.540802537590269e-06
2.910640868704673e-05 -1.225121280776296e-05 -3.038133475581823e-06 1.825627156735259e-06
2.910188866138257e-05 -7.987452977382290e-06 -1.236430404343041e-06 -4.468257213790062e-07
2.719113049482001e-05 -1.011991867704556e-05 -2.144670425544363e-06 1.143107985231773e-06
2.526468868757094e-05 -1.227002973953630e-05 -1.356584175661213e-06 1.610596553611612e-06
2.527420168697694e-05 -7.978041080254486e-06 -3.256319578796636e-06 3.674067318546154e-07
2.382567175594514e-05 -1.029453656947259e-05 -3.317583707927293e-06 2.068354890045942e-07
2.234956454553006e-05 -1.227809562464947e-05 -4.872899376316891e-06 1.827160574639353e-06
2.234851688700097e-05 -7.978499618580002e-06 -3.625508281378988e-06 9.514768008840612e-07
2.021888789914665e-05 -1.228338646265150e-05 -3.143785260406606e-06 2.330926566236227e-06
2.063735799673712e-05 -1.086313471351141e-05 -3.934868370390171e-06 1.872557897117980e-06
2.022900485339757e-05 -7.974541225321953e-06 -5.661597412832758e-06 1.049290464504049e-06
1.867961122412690e-05 -7.975965519155998e-06 -2.329176963851066e-06 -1.486611560752739e-06
-3.250978227677369e-06 -4.344950102142045e-07 3.805156635737599e-05 -5.010927503276985e-06
-3.339779629420509e-06 -3.134224120790794e-07 1.925605581759712e-05 3.373224995397063e-05
-3.374210902776111e-06 2.777655288096955e-07 2.558468755599140e-05 -4.145857865741285e-05
-3.284523282410093e-06 4.280967026097807e-07 4.946046246229099e-05 2.140277223892910e-05
1.867376840532475e-05 -1.228697953616213e-05 -3.813736650959999e-07 1.133135834881446e-06
1.725800176986867e-05 -1.221358603787963e-05 -6.718584927979716e-07 -4.002155964364185e-08
1.836390479654163e-05 -9.594209563001646e-06 -1.835064911908792e-06 1.559462691073981e-06
1.726299149648366e-05 -7.854918214435841e-06 -1.232816281758005e-06 1.697421489415930e-07
-3.062950057580194e-06 -4.746632516125330e-07 1.943116882908834e-05 -8.256739564912404e-06
-2.844188911074761e-06 -3.065651819013875e-09 -4.902201832175461e-05 -2.273809724202200e-05
-3.087025119211064e-06 4.803079324646732e-07 6.334449262067697e-05 7.189437863858963e-05
1.681163479471976e-05 -1.088100229467950e-05 -7.992274287825135e-07 -2.445331426596709e-07
1.586476924039232e-05 -1.197717246140162e-05 -1.608313486367879e-06 -9.221038978220962e-07
1.450536140875640e-05 -1.157783552393100e-05 -3.465623307621389e-06 -6.019397571891968e-07
1.638356301866390e-05 -9.038855235932172e-06 -5.118629698814472e-07 2.553257392312865e-06
1.588844152303016e-05 -7.481770520257318e-06 -3.304672082564610e-06 6.825537701534505e-06
-2.044294041018920e-06 -5.107762077671128e-07 1.988535574757661e-05 2.768746167918556e-05
-2.066582377675189e-06 5.351178552932662e-07 2.063112813928908e-06 -6.303797631894262e-06
-1.530658750519859e-06 1.274478579280773e-08 -4.657118040211187e-06 -3.441496101285813e-05
1.320201785753090e-05 -1.102526869279792e-05 -3.567047678744794e-06 1.128220251524364e-06
1.432613883536671e-05 -1.017289646655393e-05 -4.243250744708281e-06 -2.914873719635584e-07
1.479500424749960e-05 -8.396725094630603e-06 -3.073640429492111e-06 5.133831863479215e-06
1.460898155837135e-05 -6.885092594659013e-06 -2.067064115634573e-06 2.410342511272807e-06
-9.376497229454113e-07 -6.004772643289440e-07 -2.592832367873455e-06 1.569750923289948e-05
-8.992822852430579e-07 6.166344357465243e-07 8.198385772642323e-06 2.941312641279213e-05
-2.612375648187833e-07 1.952221718074919e-08 -1.141428808472341e-05 -4.257988681193250e-05
1.197300104312035e-05 -1.033167586992703e-05 -3.179428474041153e-06 3.541476560860338e-06
1.084025222384907e-05 -9.502073816847298e-06 -3.524715001635719e-06 3.163632022688631e-06
1.314247720519489e-05 -8.115232681293462e-06 -2.731863354452955e-06 8.752530846739800e-07
1.345667003214708e-05 -6.089330949428862e-06 -6.797781308625976e-06 2.510056074737455e-06
5.114502535636064e-07 -8.099543243108690e-07 1.174703228294803e-05 1.947651989471989e-05
4.991852921532611e-07 8.570001338774168e-07 -1.485441937707933e-07 1.713022189313599e-05
1.112718583613847e-05 -8.209397113526504e-06 -2.199756256490062e-06 1.746797659583111e-06
9.805537554219552e-06 -8.550382961121068e-06 -2.931056183995871e-06 5.910154534283817e-07
1.161567900149699e-05 -6.733578956998318e-06 -1.459207344477903e-07 2.479796897759198e-06
1.245358512197257e-05 -5.095427304499690e-06 -1.313301105986738e-06 3.809250920739450e-08
1.350076763606710e-06 5.903453751073008e-09 -7.423733006293727e-06 -1.528900075772501e-05
2.356054744514646e-06 -1.126134747960978e-06 -1.347900897633897e-06 1.729156071661153e-06
2.352664987041606e-06 1.137246333721940e-06 6.968568078834943e-07 1.823192849632787e-06
8.885972962522455e-06 -7.498007311161445e-06 -2.439345684345343e-06 -3.369967190527310e-06
8.094140097838105e-06 -6.345126006363453e-06 -3.798823054046715e-06 -6.775275172008022e-07
7.433260270587875e-06 -5.102690953267916e-06 -7.717370438560964e-07 1.032901277084506e-06
1.063060686967571e-05 -5.383783499221151e-06 -2.808188808938840e-06 8.093238241865871e-07
1.165457864908275e-05 -3.955718044273636e-06 -2.212062900305080e-06 2.632373485951122e-06
3.148613759185488e-06 1.131128922924357e-08 5.634721676371277e-06 8.417583162643903e-06
4.136465701175286e-06 -1.414442447510132e-06 -1.307304790611202e-05 1.450768913116901e-07
4.136038434090233e-06 1.454265222758898e-06 -7.624813866572695e-06 -4.090127403747041e-06
8.759717479677851e-06 -5.112602135109513e-06 -3.491246450150675e-06 1.473237068961464e-06
6.916455481086366e-06 -3.780075214097359e-06 9.789395384704958e-07 -1.565380338915578e-06
5.771991153401353e-06 -1.662391652771378e-06 5.391620605548184e-06 -6.306458048248410e-07
6.274941622125304e-06 -1.914605542035161e-06 -6.360454247042224e-06 8.952774154461747e-06
6.558793436931457e-06 -2.414135348942895e-06 -1.313735906040954e-05 1.287453748777105e-05
9.926965510170305e-06 -3.782106850412658e-06 -8.068106711299990e-06 6.557340933563063e-08
1.106006235221287e-05 -2.695222997810455e-06 -2.251389993053493e-06 5.639151840077895e-06
5.026539279098598e-06 -2.127229116924668e-07 1.047131038416311e-06 4.421547400886574e-06
5.752509039764472e-06 1.680533027946303e-06 -6.004192237754847e-07 -2.049124965414904e-06
7.817656840826577e-06 -2.853985848650501e-06 4.353303301156813e-06 5.502612115125059e-07
6.283203433690851e-06 -9.126436588944240e-07 2.195766260721104e-06 -3.785067143179463e-06
6.872262576679296e-06 -1.742327999877798e-06 -1.075080469227279e-05 9.753488601060103e-06
9.399174700782135e-06 -2.300016779146556e-06 -3.353317324627715e-07 -4.813320222715008e-06
1.070255286690127e-05 -1.379298473363312e-06 3.327711069500123e-07 4.803851956781327e-06
6.284184352777503e-06 7.080859193660505e-07 2.767139240686359e-06 -1.791802545927018e-06
6.181427697839810e-06 1.930615650780009e-06 -6.011486650405080e-06 3.898494083537151e-06
8.089614411871488e-06 -6.041702271518140e-07 -9.038456299227137e-07 -4.521827319183941e-06
1.060167188362231e-05 -1.955798620491615e-08 -8.664764201455484e-06 2.547537460380482e-06
1.083132771260750e-05 1.356228957857551e-06 -4.229137814256321e-06 1.886362470479725e-06
7.225161751603048e-06 1.588948537624320e-06 2.180401747595050e-06 4.132319407500972e-06
6.423645872179674e-06 2.475468644746485e-06 -1.350466936440773e-05 6.370999459634598e-06
6.709613052975942e-06 4.002465193495826e-06 -1.811898176832598e-05 -4.300789274686267e-07
9.415951386936773e-06 1.508467191023876e-06 -3.879168058340811e-06 -5.644191582686115e-07
7.178263723665074e-06 5.558826120461900e-06 -5.150751308087439e-06 2.074845526739249e-06
1.135739673789398e-05 2.750247879739896e-06 3.853149717222649e-06 -5.396524778867060e-07
8.084796552734682e-06 4.031066720342664e-06 2.060168144139694e-06 -6.099756335190974e-06
1.015122927554773e-05 4.159504164102509e-06 -3.209924782013094e-06 -1.335788667727731e-06
7.864709383678877e-06 7.075325200733899e-06 1.371734783821655e-05 8.238536175505473e-06
1.218055591072512e-05 4.152106717251710e-06 2.314632928383645e-06 6.658316351321950e-06
1.155336758243125e-05 5.608614684183996e-06 -6.371869416398537e-06 6.573595878436162e-07
1.003255999535946e-05 6.530493993846500e-06 -7.205528698193528e-06 -4.776796643221197e-06
8.756115377582597e-06 8.597202042809596e-06 -1.041810782482078e-05 2.800130844693410e-06
9.884687915482842e-06 1.002363869343172e-05 -5.016283519616047e-06 3.181574692692878e-06
1.332961109867280e-05 5.491739083113485e-06 -2.086236605931134e-06 -7.623433921083166e-07
1.253325986320654e-05 7.290111827465919e-06 -5.682864723894395e-06 -3.500186896068742e-06
1.159767206607729e-05 9.458112518064981e-06 -3.622460375082097e-07 -9.324677623335180e-07
1.119424455374572e-05 1.139694440650607e-05 3.031582459249746e-06 -1.590820089943497e-06
1.474683835510021e-05 6.696639604865080e-06 7.375392919174609e-06 3.773341298226934e-07
1.432385649616855e-05 9.471117099568677e-06 -2.573423929948590e-06 -3.472150971918131e-06
1.271163059401147e-05 1.263114799138952e-05 -4.209975712027177e-06 -3.851985739138772e-06
1.444189850764483e-05 1.370989100773956e-05 -4.177504057674846e-06 -1.978657602365439e-07
1.632508711817077e-05 1.463187004531850e-05 -4.538474737376543e-06 -2.391906674819617e-06
1.645882398634853e-05 1.008091862241080e-05 -4.956342147369180e-06 -3.580513591200993e-06
1.643572579564672e-05 7.730119853129675e-06 -1.017282493150834e-06 1.641882943552680e-06
1.603030886995130e-05 1.248359334310434e-05 -4.346468529202749e-06 -2.407408440873475e-06
1.835818696054442e-05 1.532735591403321e-05 -4.824674354310484e-06 -4.634047108134999e-06
2.053173113460286e-05 1.580585725570095e-05 -7.484269436186873e-06 -2.057711771670844e-06
1.821074768183940e-05 1.060756717167933e-05 -6.166388322698873e-06 -4.105298245196547e-06
1.838247131933317e-05 8.478929442073875e-06 -6.422505978169790e-06 -7.257304688916074e-07
2.278539172460771e-05 1.602036998977067e-05 -8.116320060419735e-06 4.634331723582741e-07
2.023562620770697e-05 1.263802043797567e-05 -6.764131721161280e-06 -1.623056395308138e-06
2.051147053192333e-05 8.909466946384617e-06 -6.640787982462267e-06 -3.579846203715071e-06
2.326804971385144e-05 1.299256083925487e-05 -4.945452369667173e-06 -1.195749841883537e-06
2.535007787561309e-05 1.613016553148489e-05 -4.769945394459630e-06 -5.442339112126051e-06
2.274961723532410e-05 9.016446822130502e-06 -4.386467935379845e-06 -2.023502353331200e-06
2.897855139547926e-05 1.624632706759333e-05 -4.246171952599704e-06 -6.599468497336929e-06
2.606588158881624e-05 1.124357240630077e-05 -4.963828164125490e-06 -3.260522149035915e-06
2.534231401863570e-05 8.907770969908694e-06 -5.558601839519619e-06 -1.528411057043758e-06
3.417162380472156e-05 1.639944415125539e-05 -7.909904510578124e-06 -5.761871468984628e-06
3.155597792665724e-05 1.221790891666570e-05 -6.320387056313754e-06 -1.434535209862255e-06
2.897533028573939e-05 8.765641927955011e-06 -5.508561628113801e-06 1.799141400088806e-06
4.133390530125624e-05 1.656919637848828e-05 -7.922363568385634e-06 -2.121439380937952e-06
3.770347837847532e-05 1.250975780577374e-05 -8.966823781236088e-06 -3.166125083911890e-06
3.417517753228009e-05 8.612242491009563e-06 -8.369061729011928e-06 -5.224877847879093e-08
4.908440903943497e-05 1.671453955281065e-05 -9.721524719348421e-06 -3.555071903944740e-06
4.516639562287843e-05 1.250652581056212e-05 -8.534127708416003e-06 -2.903285444311020e-06
4.133540197366151e-05 8.443241976038113e-06 -8.518431787718323e-06 -4.905596477001764e-06
5.707160755535385e-05 1.684372953267996e-05 -1.054766063707492e-05 -2.375215273428799e-06
5.303824192972853e-05 1.250711254638902e-05 -1.052664367693931e-05 -1.156844546213650e-06
4.908458083431007e-05 8.298281032285290e-06 -1.034259920149311e-05 -6.577189381488162e-07
6.526318623907893e-05 1.693591777330129e-05 -1.131414233908278e-05 -1.980680650925263e-06
6.113821699717931e-05 1.251051037021678e-05 -1.037291097783516e-05 -2.462013216577681e-06
5.706941774445024e-05 8.174939022832856e-06 -9.612605007276823e-06 -1.518792035171402e-06
7.360681832096003e-05 1.701261644665175e-05 -1.394304260352491e-05 -4.301884175938591e-06
6.941169059120596e-05 1.250952291434243e-05 -1.274399066940487e-05 -3.478642564443012e-06
6.526304482581040e-05 8.083867969461660e-06 -1.141198665578799e-05 -3.288212737595280e-06
8.207539128149621e-05 1.706698524535021e-05 -1.508351659659486e-05 -4.342974147252972e-06
7.782333515386376e-05 1.250822849312523e-05 -1.470824135392438e-05 -2.671893328771530e-06
7.360836492089438e-05 8.004193386237074e-06 -1.432069347631051e-05 -2.797128923066375e-06
9.064861035891246e-05 1.710878540282298e-05 -1.550625127798887e-05 -2.521361177144208e-06
8.634765086424106e-05 1.250630599921439e-05 -1.513592204286185e-05 -1.518462812849071e-06
8.207629189083158e-05 7.947914092898569e-06 -1.529956649498008e-05 3.906173647505627e-07
9.926443311869282e-05 1.713098940032676e-05 -1.929154837196855e-05 -4.299832684757903e-06
9.495212904974486e-05 1.250885302761652e-05 -1.704033591607336e-05 -3.692093765481004e-06
9.064585005048626e-05 7.905442121499482e-06 -1.453482043139736e-05 -2.528868567336337e-06
1.079214329086777e-04 1.715196770898735e-05 -1.980988683214470e-05 -2.916130740812137e-06
1.035852936379946e-04 1.250811384682604e-05 -2.025109675842962e-05 -3.271120622815879e-06
9.926650419119362e-05 7.886737451893919e-06 -1.989401152665816e-05 -3.630798517342057e-06
1.265457222620548e-04 1.666882734774428e-05 -2.550349757949935e-05 -4.830085712414451e-06
1.253073595294624e-04 1.718072354774956e-05 -2.501191236069154e-05 -5.008168205053711e-06
1.118083381925309e-04 1.251034765421905e-05 -2.042386803830852e-05 -2.476212085740308e-06
1.166031820282962e-04 1.716521862931281e-05 -2.290765535487855e-05 -4.049468385098838e-06
1.079198125528610e-04 7.866244534179131e-06 -1.982129924838245e-05 -2.236491913546189e-06
1.270587952714141e-04 1.543190178838347e-05 -2.569979635721297e-05 -4.346520981181131e-06
1.241265523423375e-04 1.251307356152456e-05 -2.446460861422495e-05 -2.919927742474402e-06
1.166025615333058e-04 7.858517396902811e-06 -2.280799088945775e-05 -1.374645872941786e-06
1.270593529490906e-04 9.593917725247324e-06 -2.555982586136381e-05 -1.561502525964799e-06
1.253077122359982e-04 7.844699125997449e-06 -2.488579949713475e-05 -9.250211279510469e-07
1.265462468343420e-04 8.356719379594337e-06 -2.536190531100039e-05 -1.098963354450285e-06
