5.438264692865206e-05 -8.898360937444946e-06 -1.236343352680177e-05 6.740360949051192e-06
5.457514887705713e-05 -8.433643041788431e-06 -1.263513920644033e-05 5.673323500378708e-06
5.457625053701822e-05 -6.243441748553426e-06 -1.243825623128506e-05 -3.013654917289001e-07
5.438384368831306e-05 -5.778762244079773e-06 -1.217595592761360e-05 -1.243761909868374e-06
5.391796347428714e-05 -9.090900098316757e-06 -1.157428975265450e-05 7.187805153290618e-06
5.304688039811497e-05 -7.339103086220636e-06 -1.086101807455482e-05 2.717328056776219e-06
5.391925327374814e-05 -5.586272244092086e-06 -1.145580988158845e-05 -1.630675983121879e-06
5.064502267044267e-05 -9.093262766908492e-06 -1.172116285921126e-05 5.701198333952177e-06
5.064624998148776e-05 -5.587911312824619e-06 -1.177166729340881e-05 -1.120823752185284e-07
4.884293927769442e-05 -7.341691775593171e-06 -9.323923498997426e-06 2.420304189591132e-06
4.737952423968567e-05 -9.092809448027954e-06 -8.696281187412082e-06 1.775598661628351e-06
4.737896171782957e-05 -5.590260570484977e-06 -8.771287879107272e-06 3.040097174669923e-06
4.574513451278106e-05 -7.340447729567081e-06 -8.537790698192173e-06 2.750480504397538e-06
4.411330808787963e-05 -9.090476887322925e-06 -8.441814281667109e-06 3.546813722522564e-06
4.411218723450196e-05 -5.586371934348542e-06 -7.813901669699059e-06 2.446167810277758e-06
4.247902821900599e-05 -7.334130686212332e-06 -7.111245362214848e-06 3.200365622922103e-06
4.084021195637769e-05 -9.086047684059630e-06 -6.831114801067310e-06 4.143057140768919e-06
4.083980713885041e-05 -5.576236383704667e-06 -6.335319918114240e-06 1.232021024500086e-06
3.919895879198350e-05 -7.329805321463137e-06 -6.031808587891656e-06 2.410489595810434e-06
3.756315159866500e-05 -9.078851773285449e-06 -6.034949853259529e-06 3.789376230272142e-06
3.756727959378059e-05 -5.588575480080396e-06 -6.264989987218561e-06 7.997646344125426e-07
3.593737765597454e-05 -7.336285258563587e-06 -5.109341759698960e-06 3.133996289032308e-06
3.431523625053922e-05 -9.074709524653532e-06 -6.596385336750697e-06 3.918734680906656e-06
3.431242393133667e-05 -5.595176966166394e-06 -5.470764663151668e-06 2.432825324010770e-06
3.269108493966620e-05 -7.332248788918068e-06 -6.657765723666378e-06 1.935195781391135e-06
3.107794434694631e-05 -9.056442387371188e-06 -5.886029903429245e-06 2.001797715028488e-06
3.107897215245594e-05 -5.606606324237328e-06 -5.771109892481265e-06 2.808190113078739e-06
2.947056469136793e-05 -7.330396546061245e-06 -5.114144317548309e-06 3.062300292055720e-06
2.786297286028706e-05 -9.048292809509004e-06 -6.128972753758230e-06 1.497638336424835e-06
2.786335411562491e-05 -5.611140446313770e-06 -6.788980784200628e-06 5.560766419560779e-06
2.625544077926483e-05 -7.329703846493673e-06 -6.709212643220420e-06 2.921709503155001e-06
2.465887102496358e-05 -9.036515837538284e-06 -4.520383737219401e-06 3.918482421882264e-06
2.465770446501486e-05 -5.622600542629143e-06 -6.014218164248488e-06 2.588729777312165e-06
2.306781317514229e-05 -7.330006692635224e-06 -5.004676422396291e-06 2.694538382281424e-06
2.148913754449062e-05 -9.025333008468702e-06 -7.140088954084093e-06 6.934070757825844e-07
2.148706355815069e-05 -5.637203479250072e-06 -4.084459040174801e-06 3.053201541380331e-06
1.998223462638961e-05 -7.327279096211915e-06 -7.348681597164770e-06 1.805979748669190e-06
1.849305368671574e-05 -8.985373384319263e-06 -6.902662380656804e-06 4.752183492788842e-06
1.849473211169220e-05 -5.667720830775990e-06 -9.530301105943331e-06 1.213012083814157e-06
1.737964534074995e-05 -7.454740022709048e-06 -5.004447570386988e-06 4.535367039017673e-06
1.625371959169831e-05 -8.960548966047371e-06 -6.176532705756826e-06 4.291403799251376e-06
1.625693885181417e-05 -5.685040783025452e-06 -5.129053390347830e-06 6.153402411876181e-06
1.464071471047753e-05 -8.946788742167032e-06 -8.524078752701873e-06 9.241735572733313e-07
1.495457716909212e-05 -7.874306505271602e-06 -7.950848553810961e-06 -1.474416933581150e-08
1.463628648801990e-05 -5.699222961391832e-06 -4.817385033400834e-06 1.983541147087865e-06
1.346936373596783e-05 -5.700996676994363e-06 -2.736221010811392e-06 1.840220444481444e-06
-2.300872051894567e-06 -2.359427113189882e-07 2.897617908826803e-05 -2.222402073549972e-05
-2.347758182171226e-06 -9.353988178047284e-08 -8.167210097327148e-06 7.355158373083808e-05
-2.365445486623212e-06 1.300282419477179e-07 -8.944841674602106e-06 -4.549243224419708e-05
-2.310655220239074e-06 3.557442423320838e-07 4.323022454269489e-06 -5.019306177256511e-06
1.346545597317347e-05 -8.939275260302833e-06 -5.321597286364716e-06 2.599943183977961e-06
1.241333547663485e-05 -8.869820594013612e-06 -5.676119605008166e-06 6.630390001566845e-07
1.323546101411826e-05 -6.915970439771439e-06 -3.786109427697931e-06 5.715954926120449e-06
1.241224637441427e-05 -5.610745749837291e-06 -5.769643556636818e-06 9.641859858943329e-07
-2.178708848606943e-06 -3.034454300600859e-07 5.679759967964394e-05 -3.996672587249531e-05
-1.991960799101923e-06 1.667689721575412e-08 -2.286178445345361e-05 -1.281806391391934e-05
-2.142018102555014e-06 4.558305220113983e-07 2.649950685468475e-05 1.322537092794069e-05
1.207918506029311e-05 -7.872867804345867e-06 -5.115110942489696e-06 3.144228008433176e-06
1.138158349450581e-05 -8.681024059741772e-06 -2.999051673977236e-06 -7.283123956367278e-07
1.038038759385022e-05 -8.382048786733470e-06 -4.365671873000939e-06 2.069264271418106e-06
1.176211564607051e-05 -6.492876798600555e-06 -6.659388829404804e-06 1.376222071279487e-06
1.140556873164172e-05 -5.362521845855279e-06 1.208794131515857e-06 3.667746853567726e-06
-1.434846473740211e-06 -3.327520965171941e-07 7.277287528076086e-06 1.384034879489433e-05
-1.472855588627119e-06 3.999289961757640e-07 5.743624516902463e-06 9.139224550259424e-06
-1.088742243186793e-06 4.470772356881664e-08 -1.366265252382548e-05 -2.239654925567721e-05
9.425800982779920e-06 -7.971684842191969e-06 -5.255328257234607e-06 6.054404006450297e-06
1.024800219423632e-05 -7.342490923959394e-06 -6.363576822560646e-06 4.118557346823682e-06
1.059427988017031e-05 -6.037340842483166e-06 -4.713608245282105e-06 -1.003742224109895e-06
1.045261759517296e-05 -4.930117755233030e-06 -5.922850422244970e-06 1.421449509658532e-05
-6.659600886809374e-07 -4.366353941519355e-07 1.431273288378190e-06 9.710141614984276e-06
-6.587166376746309e-07 4.508387277192047e-07 1.383140333842757e-05 8.720214302668685e-06
-2.030992708591463e-07 5.212153924102065e-08 -1.153880879893851e-05 -1.376399507329228e-05
8.526515257318545e-06 -7.457672388276915e-06 -2.675527841041991e-06 1.770017006119877e-06
7.696115567729940e-06 -6.846448240231534e-06 -6.223093749574120e-06 2.183382332242714e-06
9.377896507742065e-06 -5.825741472696799e-06 -4.788172887172346e-06 6.547931185423408e-08
9.613215723918779e-06 -4.347378395045753e-06 -2.406318067906766e-06 3.604123054186027e-06
3.546386608946374e-07 -5.919814737976411e-07 4.275983343152350e-06 1.085465195680208e-05
3.390149074419991e-07 5.859160540644876e-07 -1.097612571719080e-06 1.179332412773507e-05
7.902463294558612e-06 -5.896613805663942e-06 -4.928862441057789e-06 2.285422143739449e-06
6.943639230064024e-06 -6.146480469512895e-06 -6.716212988490776e-06 4.271255690992290e-06
8.253051242824224e-06 -4.818521109228277e-06 2.407226931018071e-07 -2.675180706497340e-07
8.872718458144019e-06 -3.629005986471081e-06 -8.283248967676775e-06 -2.552572318072621e-06
9.348776863559491e-07 4.294406911132663e-08 -5.870236848258530e-07 -1.435849517311053e-05
1.638068397559979e-06 -7.914200907895477e-07 -1.243361549124813e-06 7.275792651425927e-06
1.659856826860288e-06 8.246144243744966e-07 -4.979621937000525e-06 -7.832279539436627e-07
6.277514790222367e-06 -5.372399425457246e-06 -4.379241892547583e-06 3.877957511953025e-06
5.710833948745106e-06 -4.529562402457846e-06 -2.014043164129309e-06 -9.616503988687004e-07
5.238163623429818e-06 -3.630586545099406e-06 -4.817553987619823e-06 -1.331723165389468e-06
7.532947019356752e-06 -3.836065696361856e-06 2.380063453666213e-06 1.601920894105590e-06
8.279813237792442e-06 -2.813706733672304e-06 -1.216325955471631e-05 4.841454641715068e-06
2.215399738643494e-06 2.354726124400661e-08 4.205208421843552e-06 5.789247492728251e-06
2.918025450044187e-06 -9.791416847686694e-07 -4.727411307925839e-06 -9.545229799613264e-06
2.911370483947327e-06 1.064847678784784e-06 -7.156632598064912e-06 -4.795620394630665e-06
6.194858099594014e-06 -3.632168255670818e-06 -8.455492787931915e-07 -1.174564022707158e-06
4.868922492741004e-06 -2.694234048604255e-06 -4.595118736612984e-06 8.672361345629951e-06
4.089823732033831e-06 -1.158539313094020e-06 -1.713423781712831e-05 6.675055143864664e-06
4.429598200386898e-06 -1.336980322904176e-06 1.038434770217581e-06 1.968714350451317e-06
4.619020525427372e-06 -1.695502686131060e-06 7.740982695576763e-06 -6.932729473647023e-07
7.023102146781163e-06 -2.677289010829085e-06 -1.842483299948549e-06 4.278175067783171e-06
7.838454698310857e-06 -1.891324944378369e-06 -5.709561763249395e-06 8.729605234414226e-06
3.544474076213000e-06 -1.231824481474126e-07 -8.696483522448079e-08 -4.910372325292873e-06
4.058313721594232e-06 1.231259037512455e-06 2.746389294468728e-06 -8.692370587439993e-07
5.534415241081002e-06 -2.011953830977571e-06 -8.041515013153414e-06 1.436536517369321e-06
4.440885872138446e-06 -6.355093245002926e-07 5.152583869320391e-08 1.148094298164223e-05
4.848925161899063e-06 -1.216256997393189e-06 7.977064598940799e-06 1.813927217542127e-07
6.653068786300530e-06 -1.610369937911821e-06 -2.649085243274923e-06 -1.817986028242445e-06
7.582831926602471e-06 -9.480587498389924e-07 2.837327286278838e-06 8.796830273479932e-06
4.449893313210943e-06 5.236577074412113e-07 -6.648046131983658e-07 -7.157305432546358e-07
4.380089974453420e-06 1.397600369548483e-06 -6.560817772907221e-06 4.622876850699827e-06
5.725571631065146e-06 -4.118555274349221e-07 -3.143188545625111e-06 -9.164195726861590e-06
7.506605924975089e-06 1.414266371894472e-08 -4.840988784659233e-06 1.203782230556645e-05
7.644605752017523e-06 9.780701159636322e-07 -1.464785603341681e-05 8.081593617772994e-07
5.122682531556350e-06 1.140200526116748e-06 -3.955819313710940e-06 3.874736870211274e-06
4.558775659140348e-06 1.773335981519408e-06 -1.133634095975212e-05 9.066931223088566e-06
4.769323748588383e-06 2.843445652039984e-06 -6.628827815378444e-06 -9.270902327513442e-07
6.661175731898255e-06 1.085581204464494e-06 -3.470583470267275e-06 -1.163794471873699e-06
5.104477000065175e-06 3.917184153098551e-06 -1.771564374406970e-06 -1.007593370559285e-05
7.997769636948770e-06 1.971859224816927e-06 -1.072208450854356e-05 1.121399115829208e-06
5.724833657987608e-06 2.866820112510007e-06 9.792273988702880e-07 -2.653648759540777e-06
7.181909232915362e-06 2.946943285711426e-06 3.149649543768834e-07 2.784264158211441e-06
5.590219640888281e-06 4.964955311412318e-06 -6.523285180801401e-06 -1.179333226067814e-05
8.566725538639699e-06 2.938853350741541e-06 -4.809697822274762e-06 1.122236452544007e-06
8.148162038782722e-06 3.953573829610225e-06 -6.983790472869585e-06 -8.339354274702223e-07
7.089459127946380e-06 4.609631191881938e-06 -5.242707844144931e-06 2.272340766423188e-06
6.213051710016179e-06 6.003958365229224e-06 -4.356794912550707e-06 7.987200498425659e-06
6.991814808666406e-06 7.001760732218850e-06 -1.413921055296891e-06 -9.427394761514930e-06
9.354133466693744e-06 3.879362829475602e-06 -1.640558198426008e-06 -9.424301651545016e-06
8.821156513808094e-06 5.127990381368195e-06 -1.015089908022700e-05 -5.815265442918859e-07
8.173994292097154e-06 6.617501295502291e-06 -3.768883190316201e-06 -6.977895627636771e-06
7.894690579226534e-06 7.937537643811985e-06 2.729264905991064e-06 -5.104741200688068e-06
1.030763474533121e-05 4.711098629422993e-06 7.175536663695135e-07 -2.065031657971350e-06
1.004955777303815e-05 6.613563698424745e-06 -7.583334444489397e-06 -3.455041208962259e-06
8.948888610469741e-06 8.768473243781703e-06 -3.155804266908760e-06 3.271818829916142e-06
1.012848212153521e-05 9.507821299255651e-06 -3.435411326406548e-06 -5.305348207583139e-06
1.140159196230331e-05 1.012263929518927e-05 -2.021810084960974e-06 -7.813402997053532e-06
1.150857065728449e-05 7.038210129389286e-06 -4.377246106956055e-06 -3.141011070643949e-06
1.148372707373580e-05 5.424580293127406e-06 -6.466504494782543e-06 3.325909816557531e-06
1.121113416305069e-05 8.675105464681429e-06 -2.296283225685152e-06 -8.941865660270674e-06
1.278280109413583e-05 1.057354688824286e-05 -8.191755194782072e-06 -2.147890153888664e-06
1.425117361633828e-05 1.088304520081746e-05 -9.468739120294706e-06 -4.496854371527718e-07
1.268519683836855e-05 7.401591170569456e-06 -5.947339461015305e-06 -6.625020523663515e-06
1.279952933634970e-05 5.957679309827338e-06 -3.517323469695260e-06 5.311609666034823e-06
1.574771486941783e-05 1.102675060557110e-05 -5.095030460465352e-06 -5.800578608735561e-06
1.404921687050681e-05 8.763156249106387e-06 -8.254485634920226e-06 -6.624180435627166e-07
1.422940497908652e-05 6.261041299363664e-06 -9.815596081023554e-06 -5.822498281557855e-06
1.607421471653500e-05 8.997289751913606e-06 -9.176765627813252e-06 -6.475956160872072e-07
1.747068408296516e-05 1.109762381724850e-05 -9.820382237743548e-06 -7.311642714241919e-06
1.573471938700525e-05 6.335180736289592e-06 -5.798540156185428e-06 -4.329145169520606e-06
1.987885460147067e-05 1.115575837680798e-05 -8.769888024743129e-06 -3.653999692500277e-06
1.794405646083771e-05 7.837213660677199e-06 -9.974988765983548e-06 -2.718170371474697e-06
1.745964793029123e-05 6.274472693756580e-06 -8.619605187917934e-06 -2.544983384375627e-06
2.332388662970450e-05 1.124641770723574e-05 -1.025423549544968e-05 -7.275035645490360e-06
2.159775317414542e-05 8.485115100564948e-06 -1.116478058358791e-05 -6.186006768485339e-06
1.988731973559220e-05 6.187625800983960e-06 -1.111484624508550e-05 -1.735013215068005e-06
2.802431526349050e-05 1.133443412529136e-05 -1.548832440626352e-05 -5.242435759772084e-06
2.564703804634936e-05 8.675673500179762e-06 -1.394320893789104e-05 -2.699019760319931e-06
2.332646790662666e-05 6.107290879690426e-06 -9.604361510868985e-06 -2.164951509894330e-06
3.306989621508769e-05 1.140883223500914e-05 -1.729820411208023e-05 -6.246836557993208e-06
3.052529042891798e-05 8.676075081372651e-06 -1.553667859286013e-05 -4.624992639150339e-06
2.802465575193197e-05 6.018329497453497e-06 -1.602220073113439e-05 -4.449178764460683e-06
3.825357039697237e-05 1.147514888128800e-05 -2.030951785951621e-05 -3.844589084349140e-06
3.564114286916100e-05 8.670588952165181e-06 -1.981716640445692e-05 -2.896905434251433e-06
3.307396515669579e-05 5.938116599269419e-06 -1.855403359884824e-05 -1.483356550412683e-06
4.354465822275220e-05 1.152550988425940e-05 -2.211764324855282e-05 -7.027458101586467e-06
4.088271153631350e-05 8.670133222693184e-06 -2.040635673045263e-05 -3.915180492606485e-06
3.825189075645140e-05 5.867703115472135e-06 -1.868488343910253e-05 -2.649597257086920e-06
4.893689046288142e-05 1.158006586905126e-05 -2.564131777318517e-05 -6.091336643180059e-06
4.622251120425897e-05 8.667755305627482e-06 -2.432615031470093e-05 -4.218994341611790e-06
4.354565104437593e-05 5.810793191774979e-06 -2.319827146148867e-05 -1.353141226165554e-06
5.440564354198261e-05 1.160824942917361e-05 -2.779156648773331e-05 -4.567607368160990e-06
5.166481985611276e-05 8.670747380672812e-06 -2.666896699229336e-05 -3.770523165106051e-06
4.893566058057133e-05 5.758765405100728e-06 -2.551257344472110e-05 -2.622579607573405e-06
5.992685537932451e-05 1.164483494364318e-05 -3.314899407975830e-05 -4.380480279706506e-06
5.715357920557768e-05 8.671992986346542e-06 -3.073518171384959e-05 -3.367651456775443e-06
5.440636947854162e-05 5.735536728572581e-06 -2.849635296324156e-05 -1.920968849705840e-06
6.550426942258689e-05 1.166713742683053e-05 -3.426038627943470e-05 -6.144445684598310e-06
6.270949391783952e-05 8.672488415922143e-06 -3.292013390961231e-05 -5.017522016573690e-06
5.992550532096200e-05 5.700659159700560e-06 -3.147051695959822e-05 -4.183382569832082e-06
7.111163818981359e-05 1.168314864339395e-05 -3.815442067885605e-05 -3.201363582704152e-06
6.830309209606080e-05 8.671878417189763e-06 -3.723000415886814e-05 -3.455127838694092e-06
6.550489346232435e-05 5.675818390171062e-06 -3.548751455745915e-05 -2.185141480883896e-06
8.316267438956589e-05 1.135998338780190e-05 -4.416037150183798e-05 -6.860518282436381e-06
8.236040426206670e-05 1.169125964191205e-05 -4.328227740493145e-05 -7.026264319884930e-06
7.363005642497224e-05 8.673304819693698e-06 -3.977956901472750e-05 -3.467500879960949e-06
7.672992864536715e-05 1.168085125601230e-05 -4.321025621033127e-05 -3.905611118805692e-06
7.111173984562471e-05 5.662457920773307e-06 -3.824550045354634e-05 -4.823838672488521e-06
8.349507070026336e-05 1.055911251972374e-05 -4.455902746071107e-05 -6.212816814151638e-06
8.159511758714097e-05 8.669082080522532e-06 -4.260821869418543e-05 -3.477167106709462e-06
7.673095932898200e-05 5.663997639385914e-06 -4.309888195666399e-05 -2.726732425524681e-06
8.349436117297175e-05 6.778770663365826e-06 -4.564544657962156e-05 -1.840179993550488e-07
8.236025019799842e-05 5.647613812107999e-06 -4.417279956554273e-05 1.056924079379812e-06
8.316208162741488e-05 5.978555232331180e-06 -4.523778130226662e-05 7.705870742905358e-07
