-7.048004185627538e-05 1.065398409224142e-05 5.119280247356794e-05 -5.967826033762841e-06
-7.075579102636432e-05 9.988904345062078e-06 5.172001037166599e-05 -5.225062602156134e-06
-7.075522951829496e-05 6.852430442029508e-06 5.160264404501700e-05 -2.560613255985324e-06
-7.047944931356815e-05 6.187425067007584e-06 5.108958703921474e-05 -1.969274599202166e-06
-6.981443282794214e-05 1.092932966719651e-05 5.004107717994004e-05 -6.211049401773053e-06
-6.856516638027234e-05 8.420447140648766e-06 4.767461078081183e-05 -3.959612745572109e-06
-6.981384944590719e-05 5.912105531227774e-06 5.001373101517066e-05 -1.807473391211100e-06
-6.512947191040543e-05 1.092480352837284e-05 4.239415966839357e-05 -5.763879137490934e-06
-6.512933068011628e-05 5.915716809533041e-06 4.292913862239060e-05 -3.801928136385649e-06
-6.254588938557108e-05 8.419985092210105e-06 4.476234333013185e-05 -5.368543351757855e-06
-6.045071781425773e-05 1.092343528655266e-05 4.330769222899510e-05 -9.472626435628260e-06
-6.045035448493940e-05 5.916029992922122e-06 4.339841499314693e-05 -1.262603097053249e-06
-5.811477948207903e-05 8.419609792497337e-06 3.953753672709821e-05 -4.943185730743198e-06
-5.578692164106796e-05 1.091140081148535e-05 3.713717055288630e-05 -6.653092695468464e-06
-5.578753112745207e-05 5.928899438272154e-06 3.684489159356883e-05 -1.691355203361175e-06
-5.346458324882133e-05 8.419717408919827e-06 3.560628934367861e-05 -3.772751330885623e-06
-5.115703103647908e-05 1.088761949894662e-05 3.403413487547538e-05 -6.447538603891201e-06
-5.115760878870801e-05 5.950762908569529e-06 3.544797422572371e-05 -2.128047463355533e-06
-4.885790356997983e-05 8.417675790817738e-06 3.259367859153891e-05 -4.477710112745652e-06
-4.657481003258527e-05 1.086061967371635e-05 3.152331285155109e-05 -4.801957922684526e-06
-4.657269543478220e-05 5.971416299683741e-06 3.178109560268281e-05 -3.786926576265501e-06
-4.429248939473735e-05 8.415235916418819e-06 3.007470506168583e-05 -3.966690926339494e-06
-4.202120189279603e-05 1.083857654122549e-05 2.702355842891674e-05 -5.690673738382363e-06
-4.202471834751958e-05 5.996648955162815e-06 2.763785637493150e-05 -2.855854712759473e-06
-3.976338325380311e-05 8.420007990962036e-06 2.371447979875419e-05 -4.741959767953715e-06
-3.753351491048429e-05 1.079846788100078e-05 2.205230299549611e-05 -6.387747016737408e-06
-3.753234891914333e-05 6.039323852697514e-06 2.209018043349905e-05 -3.787529660949713e-06
-3.531744055106069e-05 8.416606040669511e-06 2.216996478949324e-05 -5.000119794769973e-06
-3.313173160624605e-05 1.074543620376870e-05 2.051366744535161e-05 -7.152712854616368e-06
-3.313143643544396e-05 6.083900256645891e-06 2.034772796347178e-05 -1.244883202105634e-06
-3.096123779095554e-05 8.415450057420149e-06 1.775282554965791e-05 -3.326407326633501e-06
-2.882569228772840e-05 1.069497824711519e-05 1.674557915653960e-05 -3.851238236452841e-06
-2.882375859508708e-05 6.137023576778313e-06 1.690816389722316e-05 -3.626790882488555e-06
-2.670456154713447e-05 8.416163066327723e-06 1.540032344050872e-05 -4.618622530246138e-06
-2.461627232336791e-05 1.064162337286183e-05 1.228560204937504e-05 -7.707292748758677e-06
-2.461830955173371e-05 6.193410213940693e-06 1.171757450849171e-05 -2.615885309802719e-06
-2.263233723553654e-05 8.419900291082724e-06 1.002086951444156e-05 -4.259096966252793e-06
-2.069580180143434e-05 1.056267283915501e-05 9.817975996913828e-06 -5.066002163359009e-06
-2.069515815865414e-05 6.277302096224792e-06 1.101345528750715e-05 -6.149276350371828e-06
-1.925749972857221e-05 8.581385998685509e-06 1.010551797669784e-05 -6.425088351944493e-06
-1.782506075595863e-05 1.050108092146668e-05 8.665723600441299e-06 -4.819362230998983e-06
-1.782286725296441e-05 6.335942480717659e-06 8.789362510708919e-06 -1.762763450495481e-06
-1.578917488809626e-05 1.044776453503354e-05 7.164705930563945e-06 -5.629659641400936e-06
-1.617056143037093e-05 9.115511940865087e-06 8.450811862870319e-06 -2.851188145175673e-06
-1.578476135673101e-05 6.378001723213790e-06 8.527594623902107e-06 -4.247189918511517e-06
-1.433501293331513e-05 6.420655292566692e-06 7.291651223207933e-06 -3.979039618775050e-06
2.240640868217496e-06 9.458170232155881e-07 2.740349915004248e-06 1.046161132614296e-05
2.293885722840826e-06 7.610805288555108e-07 1.143083527287267e-05 1.822656788909766e-05
2.300754581661062e-06 4.423873696389966e-07 1.886254825046257e-05 -1.211461122294445e-05
2.260881015574417e-06 3.467139169351428e-07 2.289335421768006e-05 3.175244133803964e-05
-1.433172572391690e-05 1.040939943178039e-05 3.008376269512112e-06 -6.566988505790612e-06
-1.304737692121062e-05 1.029931519281656e-05 4.293483609023748e-06 -5.158971941579571e-06
-1.402857813284299e-05 7.921707749019765e-06 7.222097365727496e-06 -4.489366151481362e-06
-1.303415494435034e-05 6.357699183927838e-06 6.100930790858775e-06 -1.279042296827102e-06
2.092001254228066e-06 1.030244267367538e-06 4.835938054617820e-05 -2.079142261681168e-05
1.890181305840093e-06 6.151604460589965e-07 -5.446997187291253e-05 -1.887548352389530e-05
2.167322992812039e-06 3.004928916782649e-07 6.454125881169239e-05 4.001004981245560e-05
-1.262875526986380e-05 9.080451449463945e-06 4.575481364339857e-06 -6.909875404464374e-06
-1.180129733784987e-05 1.003704531029564e-05 6.515619526349233e-06 -3.814898191324729e-06
-1.062072703916455e-05 9.654404358230574e-06 6.466782449670996e-06 -4.128340231035268e-06
-1.224238603782802e-05 7.431417496237328e-06 5.272665623105693e-06 -1.702833377573857e-06
-1.181102646068405e-05 6.100591433078598e-06 4.568767262055893e-06 -1.602493819754617e-06
1.387616305781354e-06 9.920153570216602e-07 9.953747425691306e-06 2.240907411345839e-05
1.396713525739994e-06 2.432832055247822e-07 7.943324403817594e-06 -3.186804269054916e-06
1.013380766085938e-06 6.355469216457130e-07 -4.843008185017276e-06 -3.574137816448475e-05
-9.524117126733914e-06 9.137643695940419e-06 4.814441108679340e-06 -4.912825693805497e-06
-1.045673935071223e-05 8.419646605705712e-06 6.179084274185075e-06 -5.151219805280321e-06
-1.086045404092736e-05 6.896250299661371e-06 5.636242292568409e-06 -2.361845825384108e-06
-1.069338651967061e-05 5.647686159496273e-06 4.951705543499108e-06 -6.251210735192264e-06
6.151622823579608e-07 1.079214988431949e-06 1.840709629718509e-06 1.253137265221496e-05
5.882902952769901e-07 2.118430076962956e-07 4.881481643502800e-06 2.763121243823567e-05
1.273402897049754e-07 6.021818067906660e-07 -1.160368931028576e-05 -3.880681756405740e-05
-8.507828143665478e-06 8.520034523877665e-06 2.340887839879831e-06 -4.051861445077157e-06
-7.591081673176184e-06 7.814154780129997e-06 -2.453785159788494e-06 -4.779744116731892e-06
-9.464982552213471e-06 6.660869505697567e-06 6.010952447973365e-06 -3.359945777912181e-06
-9.712838352855056e-06 5.013938961774833e-06 9.471398992772416e-07 -1.961141125947340e-06
-3.901231021728572e-07 1.209839709737891e-06 8.148148730251797e-06 1.389766459926650e-05
-3.856741134550601e-07 5.471665076610991e-08 1.725520454812356e-06 1.488719966697155e-05
-7.824343121187233e-06 6.738396581157019e-06 4.897209284516698e-07 -3.531170461741868e-06
-6.787091167218023e-06 7.014967111605621e-06 1.723229371644733e-07 -6.268128867312540e-06
-8.208599938010136e-06 5.541847338785320e-06 4.483682813446840e-06 1.898306294737784e-07
-8.883536956913216e-06 4.251166161709974e-06 7.997519241858003e-06 -5.464778055166553e-06
-9.794696907441403e-07 6.268194903274905e-07 -6.180798741699962e-06 -1.517640746586285e-05
-1.661074647247283e-06 1.392804077212944e-06 4.056742279051423e-06 5.321432437924648e-06
-1.668774591152391e-06 -1.524794484916195e-07 1.885913068306113e-06 2.139397270351809e-06
-6.083680995474774e-06 6.143480228603217e-06 3.588922360069205e-06 -5.548449810918511e-06
-5.508196034295708e-06 5.233550085466824e-06 3.441031572012423e-06 -3.488001713468906e-06
-5.052090314040954e-06 4.274360233040454e-06 2.156431970027553e-06 -2.584931074049643e-06
-7.426769559647956e-06 4.477657043861058e-06 1.992504361494996e-06 -3.140367452763495e-06
-8.214395289922927e-06 3.388296082050751e-06 6.400575454886203e-06 -3.332652230195404e-06
-2.226218246477318e-06 6.297101773494129e-07 8.520832505913674e-06 5.193350076925236e-06
-2.911520689020320e-06 1.597370150164351e-06 -9.356070296790222e-06 -7.416940043261062e-06
-2.895601222368715e-06 -3.537761795407026e-07 -7.373071310945900e-06 -5.644208379292007e-06
-6.026827833481125e-06 4.269088060215642e-06 4.710586981656927e-06 -1.468637318781487e-06
-4.709209694569557e-06 3.292779363866958e-06 2.811681304557711e-07 -6.843625992384045e-06
-4.011020069030418e-06 1.768459231863135e-06 9.236534745224480e-06 -3.862638428987035e-06
-4.331068527553880e-06 1.939282613005971e-06 -5.213181260126423e-06 7.125335335215457e-06
-4.500969703755080e-06 2.287559781451677e-06 -1.396257044645633e-05 1.149130149334083e-05
-6.893743620504524e-06 3.266445310314274e-06 -2.702898054959154e-06 -5.650562356846459e-06
-7.722500585494682e-06 2.484527937804060e-06 6.695946025671299e-06 -3.629510973579814e-07
-3.505718769825490e-06 7.626333293369605e-07 2.697142965166683e-06 9.209141910725556e-06
-4.015969424727763e-06 -4.942243818134380e-07 2.219044499513218e-06 -1.563182959491502e-06
-5.391227255620583e-06 2.591927424871928e-06 9.780177448235271e-06 -1.136385236641232e-06
-4.352788098204641e-06 1.249754034451395e-06 4.826971352276553e-06 -3.358338805736249e-06
-4.736126290871232e-06 1.814879742736199e-06 -9.260316466471748e-06 9.294625451022060e-06
-6.506116963739878e-06 2.196904659121003e-06 2.476591508491808e-06 -8.326202375487417e-06
-7.415597311725235e-06 1.548512980125996e-06 7.882695280740528e-06 6.869196825581669e-06
-4.375583002713131e-06 1.500212645508456e-07 6.056696702799817e-06 3.167413103231158e-07
-4.350523051660244e-06 -6.594717607054294e-07 3.251213808661270e-06 4.344664752692046e-06
-5.588164605037749e-06 1.017718872401625e-06 1.310754386963313e-06 -6.989882303206588e-06
-7.314924652047248e-06 6.165301573859458e-07 -1.907464241582671e-06 3.145445213979425e-06
-7.391127958698987e-06 -3.036811526757239e-07 -2.656857690250964e-06 -5.883718841332120e-07
-5.037118141253240e-06 -4.503911909952759e-07 8.585824919456809e-06 5.148524332858640e-06
-4.548152842312056e-06 -1.016558321706011e-06 -1.966448969679834e-07 8.044615524592165e-06
-4.772721683644838e-06 -2.003458062566799e-06 -8.086265056030914e-06 1.593904408712107e-06
-6.484908196592574e-06 -4.235911751684950e-07 9.726839003610015e-07 -3.257992704711501e-06
-5.098066689689367e-06 -2.951903718744376e-06 -1.865459394311049e-06 1.242343372732627e-06
-7.657206680410621e-06 -1.232851321025883e-06 4.585827907570579e-06 1.896278509410521e-06
-5.626634362898850e-06 -2.043567328555831e-06 1.223520572756881e-06 -3.607975473316862e-06
-6.931327155530485e-06 -2.109460591684869e-06 8.177082817718613e-06 -2.703846150934428e-06
-5.542027434519822e-06 -3.853834273077749e-06 1.654948882244697e-05 6.752928338735968e-06
-8.117711667710791e-06 -2.118159734553053e-06 7.833979503433086e-06 8.746367515430375e-06
-7.751980023678174e-06 -2.988174725695244e-06 5.065959380893466e-06 -9.032437653678839e-08
-6.845050622306078e-06 -3.547858641514703e-06 -1.898658028235978e-06 6.305234014750296e-07
-6.106397333275599e-06 -4.705255538539518e-06 -2.377212164540215e-06 -2.102960015593574e-06
-6.775936291021786e-06 -5.524462669381557e-06 2.439562270535660e-06 6.387657587835157e-06
-8.747061648844966e-06 -2.935692931195862e-06 1.590632238343696e-06 6.651853358757646e-07
-8.303537509572514e-06 -3.983902304387339e-06 2.489713233569735e-06 2.023346304308254e-06
-7.765543274844254e-06 -5.209145621348636e-06 6.007075041643511e-06 4.362825018270222e-06
-7.539780107068152e-06 -6.262268443675310e-06 9.233331497407715e-06 3.650935452966011e-06
-9.528406787351966e-06 -3.662188811226809e-06 7.786390826525444e-06 4.407210862216302e-06
-9.304856883343838e-06 -5.201272982624588e-06 3.069077533699967e-06 -1.819112665819498e-06
-8.417069115328777e-06 -6.903777112180770e-06 3.479179752349939e-06 1.354950183650210e-07
-9.357197311220375e-06 -7.455825155077208e-06 4.055004405655093e-06 7.851403371876674e-06
-1.035957160804548e-05 -7.908561471976497e-06 2.162090580606399e-06 5.800548511326038e-06
-1.044562928342428e-05 -5.533598897909976e-06 3.796234443227641e-06 1.765634742742892e-06
-1.043680972443771e-05 -4.260897274097368e-06 3.516806971780061e-06 3.733180504983096e-06
-1.021709617226034e-05 -6.800077768576753e-06 3.870032429361885e-06 5.595621173869243e-06
-1.142490060261969e-05 -8.237318506506969e-06 3.953405925697811e-06 5.810666310599219e-07
-1.252567029204044e-05 -8.441223823454521e-06 4.727125182376802e-06 1.164517241981708e-06
-1.135491962280097e-05 -5.820387320976417e-06 5.350490438822566e-06 3.516305678239541e-06
-1.144029681816577e-05 -4.707099398580281e-06 4.695069822312749e-06 6.472927651285969e-06
-1.364353909632209e-05 -8.520701403561554e-06 4.268061153415890e-06 4.680594148186656e-06
-1.239403760248742e-05 -6.862014749256774e-06 4.541694103763593e-06 1.530932530080423e-06
-1.251778551348768e-05 -4.976883882543508e-06 4.538909258931670e-06 4.448225578806201e-06
-1.389157576453388e-05 -7.033653572133884e-06 6.331876685193524e-06 2.838008576777881e-06
-1.488847801928466e-05 -8.539919009132389e-06 7.731103667594600e-06 3.085960505414440e-06
-1.364288768387573e-05 -5.065144965700830e-06 5.113243105781990e-06 2.701028532925977e-06
-1.662495124749765e-05 -8.558227047481449e-06 3.912845569007724e-06 3.290449437600670e-06
-1.524336311074454e-05 -6.186658548473621e-06 3.285957374098840e-06 2.524367407343031e-06
-1.488555424761422e-05 -5.051767437350114e-06 3.019701535020809e-06 1.775763626556802e-06
-1.904735980003072e-05 -8.590013760716657e-06 6.107429783655649e-06 2.849256977797866e-06
-1.783991178061755e-05 -6.658676579483708e-06 5.737985319274744e-06 1.793197943531029e-06
-1.661968381210823e-05 -5.026310140610836e-06 5.976323520435617e-06 6.957041277908583e-07
-2.227510985072901e-05 -8.622372918226880e-06 6.372505986766588e-06 1.829824537882761e-06
-2.065273492853266e-05 -6.800629127847151e-06 6.307629781154777e-06 2.255640577183619e-06
-1.904419328548011e-05 -5.004217183457081e-06 4.795087340962270e-06 1.461075907610370e-07
-2.569486478599339e-05 -8.650359991605338e-06 5.739334840999287e-06 3.228473163915931e-06
-2.397521896447521e-05 -6.802839130494910e-06 6.463460927689107e-06 2.354635062163680e-06
-2.227471943892353e-05 -4.979251080755173e-06 7.096575982226237e-06 4.242843947655212e-06
-2.916652373147331e-05 -8.672894035494350e-06 6.478365964573231e-06 4.723902540801333e-06
-2.742346499310548e-05 -6.805458884385506e-06 5.286552624296468e-06 1.869712231422038e-06
-2.569361376787792e-05 -4.956894574540313e-06 6.484164972661124e-06 1.064026064657051e-06
-3.268077177817828e-05 -8.697112287468777e-06 7.239062122866773e-06 8.747311691441525e-07
-3.091700014158110e-05 -6.806970375596575e-06 7.558783529074798e-06 2.726945850427319e-06
-2.916743217462132e-05 -4.940622877806030e-06 5.322705480980195e-06 7.918082010093244e-09
-3.622518707835007e-05 -8.724970197710029e-06 7.615557701292686e-06 2.385748239193556e-06
-3.444464074268325e-05 -6.811298592560703e-06 7.001595870376966e-06 2.857993618170665e-06
-3.267665314349370e-05 -4.920446744404694e-06 7.338401639743534e-06 4.183312567190415e-06
-3.982175932007592e-05 -8.743479081984488e-06 7.950023683444335e-06 8.357866417685095e-07
-3.801697027502856e-05 -6.809612883333844e-06 8.717819921703814e-06 1.791021873359704e-06
-3.622768101088655e-05 -4.895007961074937e-06 8.613992360576631e-06 2.926170524769902e-06
-4.345887827338061e-05 -8.761428052167509e-06 8.330665957168468e-06 3.341932217351842e-06
-4.163411383544526e-05 -6.808298770197635e-06 6.633728113172648e-06 2.363168237615194e-06
-3.982140743779505e-05 -4.875925931727561e-06 7.032156590390061e-06 3.489068681930864e-06
-4.712295452060858e-05 -8.774553469441284e-06 8.624297754597861e-06 3.233425668539034e-06
-4.528786376548930e-05 -6.805048461041209e-06 9.939191880540769e-06 3.257527740697064e-06
-4.346052286069611e-05 -4.850850685623469e-06 8.270077677263836e-06 2.094593455227722e-06
-5.079526370199927e-05 -8.778670725109040e-06 5.197721157469212e-06 3.527064160400407e-06
-4.895794949765531e-05 -6.809551351663315e-06 5.906768192889138e-06 2.614768306915864e-06
-4.712068193784847e-05 -4.839845367804731e-06 8.890145239675223e-06 3.314389984778373e-06
-5.867525075710738e-05 -8.560286828013786e-06 8.026309357401108e-06 2.639135135003488e-06
-5.815305153814606e-05 -8.776772042337389e-06 8.216607530096725e-06 2.310589626694310e-06
-5.244169924396114e-05 -6.809925915934728e-06 7.788562442348933e-06 1.147929359921196e-06
-5.447195180976830e-05 -8.779600257928646e-06 9.396009675574381e-06 -1.281091156670635e-06
-5.079535865189514e-05 -4.841847850903139e-06 5.843674321967722e-06 -2.066247116161011e-07
-5.889153823229935e-05 -8.037864935563389e-06 7.965501363405486e-06 3.163761990336342e-06
-5.765612308129393e-05 -6.807388198642438e-06 7.510680667701456e-06 3.290016128918689e-06
-5.447285720642881e-05 -4.837686827193528e-06 8.613677713663517e-06 4.793564649063763e-06
-5.889150534480805e-05 -5.576945501039521e-06 7.602049203801147e-06 3.844626750282958e-06
-5.815325224221171e-05 -4.838372942387530e-06 7.636064195871022e-06 4.416950002285969e-06
-5.867528117384556e-05 -5.054748027170384e-06 7.590148974749093e-06 4.194380962598922e-06
