7.973550075544378e-05 -1.227096340843778e-05 4.627121128054194e-06 -2.631313417013366e-06
8.001565044153257e-05 -1.159409515878778e-05 4.834273180454530e-06 -2.199772534805610e-06
8.001562489510875e-05 -8.404200192432597e-06 4.836997865605963e-06 1.790716379688384e-09
7.973547165271712e-05 -7.727329397361754e-06 4.628921052600208e-06 4.429163912251831e-07
7.905904345760307e-05 -1.255143073460564e-05 4.141902680139882e-06 -2.796591815136200e-06
7.779069359859915e-05 -9.999143872534605e-06 3.163778377699362e-06 -1.098936044471098e-06
7.905900972569399e-05 -7.446860777936993e-06 4.139835056568018e-06 6.134716274293641e-07
7.429365870368249e-05 -1.255591327813797e-05 1.011998454287859e-06 -2.087789629885036e-06
7.429359967636568e-05 -7.442214204490509e-06 9.618739421870748e-07 6.876065486274348e-08
7.165421799651043e-05 -9.998849923077233e-06 2.710127983307045e-07 -9.086282217984166e-07
6.950988248037743e-05 -1.256059735249999e-05 2.936977428666365e-07 -9.651747818265881e-07
6.950970483139267e-05 -7.436587781121573e-06 2.103443679525379e-07 -6.038241165074727e-07
6.711653090062691e-05 -9.998144188448179e-06 3.633706906915340e-07 -8.622446732516857e-07
6.472669622135004e-05 -1.255684086397684e-05 3.279279388049863e-07 -1.000037898596212e-06
6.472586190392914e-05 -7.438131477304702e-06 9.321392132443829e-09 -3.474482903678906e-07
6.233845254952640e-05 -9.996807128253065e-06 -1.648644353575881e-07 -8.693553232015961e-07
5.995162298183916e-05 -1.255402117646383e-05 -8.474177812637653e-07 -1.377438287741004e-06
5.994995625226840e-05 -7.437565079991697e-06 -1.471464148261374e-06 -1.970612850288390e-07
5.756246578207393e-05 -9.994689614103970e-06 -1.680744340528761e-06 -8.977389162168163e-07
5.517199407478426e-05 -1.255236988202461e-05 -1.598539000277091e-06 -8.357088658535906e-07
5.517014148343235e-05 -7.434440865537620e-06 -2.216200534386416e-06 -1.197023850302825e-06
5.278060691853198e-05 -9.992052792283994e-06 -1.215112538463989e-06 -9.529852282397428e-07
5.039619641353084e-05 -1.254091257527059e-05 -2.242950615400147e-07 -5.187005616994006e-07
5.039491376395856e-05 -7.440676305269805e-06 -5.115903826116421e-07 -1.865199288119054e-06
4.801617891366873e-05 -9.989519437193649e-06 5.039079908562108e-07 -1.060793226928037e-06
4.564788037765021e-05 -1.252317607496808e-05 5.255859453265713e-07 -1.303471186018752e-06
4.564733843733015e-05 -7.453903120431149e-06 5.075998039819216e-07 -1.126029940307026e-06
4.328380187209703e-05 -9.987861356878403e-06 9.273067842873718e-08 -1.173072253620252e-06
4.092811492623254e-05 -1.250798903243158e-05 -2.976416379438516e-07 -1.157292493834571e-06
4.092816221915246e-05 -7.467221548525387e-06 -3.081838544167666e-07 -1.101245020641224e-06
3.857630340691526e-05 -9.987599070163891e-06 -2.349009519167415e-07 -1.059072494529649e-06
3.623554073053247e-05 -1.248993969232505e-05 8.218257554800094e-07 2.780312650385152e-08
3.623547631617976e-05 -7.484923996620488e-06 7.006745108102268e-07 -1.857017347540912e-06
3.390154351376874e-05 -9.986973012748433e-06 2.004078789631643e-06 -7.491761274433150e-07
3.158256618812350e-05 -1.246567980217632e-05 2.917371142674979e-06 -3.005064404027369e-08
3.158148425486292e-05 -7.505739847423701e-06 2.786346676221168e-06 -1.134255326725298e-06
2.936240208338387e-05 -9.983804344006470e-06 3.159580017519731e-06 -4.685386144205539e-07
2.715684160216319e-05 -1.243806624208457e-05 2.791601078288437e-06 -6.761023047689985e-07
2.715492801387954e-05 -7.526488644355060e-06 2.886103345638852e-06 -3.978896933572223e-07
2.550512954612464e-05 -1.017037500302054e-05 2.587648574420506e-06 -6.695335012236478e-07
2.383607374440302e-05 -1.241023970534144e-05 2.597904507752143e-06 -8.609116265777753e-07
2.383381296278241e-05 -7.548643081078989e-06 2.817569639474182e-06 -8.243678999245350e-07
2.144460797966876e-05 -1.238699007188107e-05 2.875612353777638e-06 -1.433095510361216e-06
2.190534575339914e-05 -1.080186615862825e-05 3.006187764007006e-06 -1.217267606885532e-06
2.144375148093133e-05 -7.563860833212073e-06 3.141939075980406e-06 -9.718708180358606e-07
1.972037910168456e-05 -7.578431327453657e-06 2.929038267874459e-06 -7.813864424719572e-07
-3.399195576028864e-06 3.131004739751830e-07 -3.582141431075815e-05 3.889100153783471e-05
-3.432713591281245e-06 4.755083009266887e-07 -4.037076909223896e-05 5.992303675230178e-06
-3.320163977592887e-06 1.119655236618741e-06 -1.849463688268100e-05 9.049486763846040e-06
-3.281880227616104e-06 1.229906110674266e-06 -6.982918077060128e-06 2.067083731848133e-05
1.971915243065973e-05 -1.237294797621977e-05 2.880202895689757e-06 -1.976093558002202e-06
1.816101194881399e-05 -1.227313984113615e-05 2.214645973027976e-06 -2.253821807116025e-06
1.936781186687503e-05 -9.378151286789490e-06 2.957274105549378e-06 -1.267254470481336e-06
1.815922736476663e-05 -7.455870405464663e-06 2.280751071166819e-06 -4.777163871187842e-07
-3.270981532345337e-06 2.336948657531080e-07 -6.749044709868843e-07 4.680557930673037e-05
-2.824380331366647e-06 7.087775996651004e-07 2.629549600951407e-06 -2.945705901905887e-05
-3.175858390246816e-06 1.270471197830451e-06 4.423664434381549e-05 2.699980019573823e-06
1.766426501027284e-05 -1.079676822483222e-05 2.077126779387490e-06 -1.823306240899748e-06
1.662738833857420e-05 -1.199569374352195e-05 1.652753559554690e-06 -2.243927767764439e-06
1.514123489144914e-05 -1.154874256128448e-05 1.180211789797367e-06 -1.779162432893222e-06
1.719482714151348e-05 -8.762246960437946e-06 1.801859375919068e-06 -9.170964516819954e-07
1.665410909646041e-05 -7.069417081231631e-06 1.588680146318361e-06 -3.434681162655137e-07
-2.091754677279215e-06 2.076786843670375e-07 1.363699151417779e-05 -7.003359338387305e-06
-2.119084068504049e-06 1.311658534607452e-06 -1.598112251499111e-05 2.388922585902585e-05
-1.526029764310330e-06 7.309365385102116e-07 -3.298239711016121e-06 4.869090184357291e-06
1.372722782470860e-05 -1.093379324870807e-05 1.394404718838580e-06 -1.169701237050251e-06
1.494344270424810e-05 -1.000861075029235e-05 1.084422620373232e-06 -1.167692596129417e-06
1.545649071960960e-05 -8.069080708587190e-06 1.389113872368568e-06 -6.098509204775693e-07
1.524825098518388e-05 -6.437152640618617e-06 1.714161557207913e-06 -4.578785895112785e-07
-9.336456511324071e-07 1.139708516267768e-07 -4.179168564328136e-06 -3.147598433943532e-06
-9.313865369627279e-07 1.389029051827650e-06 8.322949203856336e-06 -5.153886598812318e-06
-2.441168943155867e-07 7.539296163882757e-07 -4.019208793473755e-06 5.529024716133894e-06
1.239716326216529e-05 -1.016688907324556e-05 2.023412721488138e-06 -1.091302999009294e-06
1.117942207124793e-05 -9.262880098303192e-06 2.663186244352604e-06 -1.212158832997909e-06
1.365619094050762e-05 -7.761236360291349e-06 2.094400798968624e-06 -7.229284785737620e-07
1.398847501882743e-05 -5.579752208349295e-06 2.627648836185147e-06 -4.847121053524984e-07
5.443596089746780e-07 -9.860717566734342e-08 4.210036494635741e-06 -3.710535270697956e-07
5.487945476562245e-07 1.594944082189216e-06 -1.521012385491670e-06 1.884155590346322e-06
1.148881403607984e-05 -7.862248158338356e-06 2.869889864836135e-06 -1.142542741252272e-06
1.008295156293829e-05 -8.229845940161232e-06 2.339552326957513e-06 -1.315577244740790e-06
1.200905752838979e-05 -6.273518535442932e-06 3.213502660708531e-06 -6.972094281947003e-07
1.291195122438196e-05 -4.531938404070375e-06 3.389542333814671e-06 -2.162841545056670e-07
1.409112385061419e-06 7.496921120059510e-07 7.551943472243721e-07 -3.192826787150052e-06
2.445444820983398e-06 -4.131135091331728e-07 -2.936831742911751e-06 -1.449882272249546e-06
2.437309229607638e-06 1.908117759576540e-06 1.459873653313107e-07 -6.751085058299670e-07
9.112742083649741e-06 -7.089384355119485e-06 1.804507482077335e-06 -1.221371182616345e-06
8.286412917544866e-06 -5.859837461597671e-06 6.395436540277036e-07 -6.152034922607046e-07
7.607516321889473e-06 -4.546241125377905e-06 -1.347699879473022e-07 -7.267195908307875e-08
1.095581805244596e-05 -4.837908362489457e-06 2.826626753169233e-06 -1.948145722788684e-07
1.204513154755409e-05 -3.329254128524299e-06 3.222902091306972e-06 2.019103073827437e-07
3.273941798511740e-06 7.386148332360295e-07 -7.748640962337275e-07 5.042760404915491e-07
4.283599460347116e-06 -7.147133863831909e-07 2.350535451759152e-06 -3.585109013339659e-07
4.280812293536144e-06 2.210058878106688e-06 9.709498988265018e-07 4.382460874468345e-07
8.993331461346168e-06 -4.550011267728513e-06 9.450002558435774e-07 -2.716577790121327e-08
7.081740353247276e-06 -3.169393575282328e-06 -7.528992989040662e-07 1.634181604157805e-07
5.947743555189571e-06 -9.692229327249418e-07 1.193242152130852e-06 3.704693983748783e-07
6.445451625040695e-06 -1.221707487881871e-06 -1.461641044585292e-07 2.493499064162593e-07
6.722313780390051e-06 -1.733514570073037e-06 -6.096474526150786e-07 1.745868518368475e-07
1.021516922071571e-05 -3.151973689906326e-06 1.990008021136798e-06 2.155031628640356e-07
1.140501213569102e-05 -2.018194979438409e-06 2.692206986300633e-06 1.012165161212041e-07
5.184282279042944e-06 5.236499888050422e-07 2.499675257094280e-06 -6.029870441835331e-07
5.930595028477011e-06 2.442594652032212e-06 3.853300705039508e-07 -1.610548715793766e-06
8.038373227860655e-06 -2.188763926012890e-06 -3.589728714346241e-07 1.341403645343249e-07
6.465096775602095e-06 -2.004574026220524e-07 -2.725779098095943e-07 -6.281522162494931e-07
7.054542293209091e-06 -1.041117188611798e-06 -6.193589439730276e-07 -1.566938523362254e-07
9.669741314140673e-06 -1.610908891580394e-06 1.257297859607934e-06 -1.789021821513700e-07
1.101690385416651e-05 -6.496578086032877e-07 2.636752220736540e-06 -3.473360641147762e-07
6.478156440413473e-06 1.456261420666351e-06 -3.587567409005139e-07 -1.576025375378967e-06
6.393241243506302e-06 2.698465759091621e-06 -1.383053021690118e-07 -1.222560010978739e-06
8.320304851984622e-06 1.302107855772259e-07 -1.824374082238976e-07 -1.028886677256565e-06
1.089817410703165e-05 7.399744221458877e-07 3.161279410023372e-06 1.743958438235997e-07
1.109273420114148e-05 2.132761488664062e-06 3.308146680450232e-06 8.022010674526456e-07
7.454217509947947e-06 2.359450258332569e-06 4.660129705984810e-07 -8.399196359678286e-07
6.657876210065253e-06 3.252409954531834e-06 2.264705608764660e-07 -2.027204877320345e-07
6.967471826807987e-06 4.793788045885058e-06 1.527851500194110e-06 1.968028506646718e-06
9.676791447629905e-06 2.293539445156964e-06 2.732876709938544e-06 7.672837431326207e-07
7.457245386724373e-06 6.330884180289030e-06 2.969157062317556e-06 1.977239069389973e-06
1.158716841897979e-05 3.551983641651955e-06 3.073728163823240e-06 1.813731865419804e-06
8.338851854293497e-06 4.833517975494418e-06 3.002291726365701e-06 2.416789759198629e-06
1.040409414449572e-05 4.951793337532824e-06 2.720491400791618e-06 2.174736063812257e-06
8.153347398473430e-06 7.816305097732420e-06 2.620810963844871e-06 1.050462802885894e-06
1.237731119479793e-05 4.954078965075033e-06 1.763145861666678e-06 1.597203555922437e-06
1.176726192388881e-05 6.380086277452548e-06 1.487211768845066e-06 8.321382954466224e-07
1.027456868687007e-05 7.290015438908915e-06 1.746477812148192e-06 8.073766226771340e-07
9.036026322337159e-06 9.279816443642901e-06 1.636176089142690e-06 7.212202403399648e-07
1.014465162131058e-05 1.067778897316449e-05 9.016603460725761e-07 1.173965747620219e-06
1.347478956627859e-05 6.277494205710410e-06 1.147957642321455e-06 3.989297570398075e-07
1.271407615136770e-05 8.034975194517784e-06 9.652142251826700e-07 4.277301575355641e-07
1.181058576115433e-05 1.013397771507020e-05 6.743909325150466e-07 1.097854604558279e-06
1.142273371651244e-05 1.198075711164321e-05 6.466481293922310e-07 2.480541581657586e-06
1.483541386770455e-05 7.471085871115847e-06 2.262618448535541e-06 3.731008495413488e-07
1.443578187588309e-05 1.013296420279492e-05 2.597766494378559e-06 1.965096522566037e-06
1.289202574005192e-05 1.313664791072112e-05 1.907784984543779e-06 3.832485948620395e-06
1.453761821992706e-05 1.414613423385119e-05 3.281472837812457e-06 4.429550629326723e-06
1.631972310451992e-05 1.499862270974705e-05 4.088571809490540e-06 3.998857497332082e-06
1.645672114996866e-05 1.071266133331957e-05 4.151287232749785e-06 2.749836235591161e-06
1.643884702577182e-05 8.476511823070889e-06 3.858143633849704e-06 1.394993592770387e-06
1.604859941683048e-05 1.298193404300480e-05 4.244349726765702e-06 3.892679262311884e-06
1.824020910283944e-05 1.563276746152330e-05 4.032943070316516e-06 3.605008549220852e-06
2.027178940123361e-05 1.606156675679161e-05 4.078640460623505e-06 3.464717824821038e-06
1.810219047357339e-05 1.121346945833102e-05 4.520128521568784e-06 3.029165398122468e-06
1.826253175959221e-05 9.208665340904161e-06 4.625419985420183e-06 2.360618032157104e-06
2.236641411925734e-05 1.625050635927261e-05 4.241828508514181e-06 3.469943415859171e-06
2.000181939659175e-05 1.311538526004252e-05 4.170484643999902e-06 3.073474930723005e-06
2.025136355581586e-05 9.632463015048154e-06 4.504063564549946e-06 2.532981626229233e-06
2.282312672791992e-05 1.344324658985240e-05 4.426085438451363e-06 2.856487110158909e-06
2.474432520645780e-05 1.633034939187273e-05 5.194202721672820e-06 3.652506151983252e-06
2.234301923161915e-05 9.746525399003100e-06 4.435302354242567e-06 2.135823878716875e-06
2.807672125119020e-05 1.640929280214923e-05 6.849215582391575e-06 3.705206384549798e-06
2.541399745412352e-05 1.182920297419532e-05 5.577732122019075e-06 2.282863740966057e-06
2.473902783674817e-05 9.668928065757676e-06 5.369874275853233e-06 1.753399128835422e-06
3.280667580391890e-05 1.653058566232940e-05 7.865208395852063e-06 3.805514374830051e-06
3.043190329269077e-05 1.272816743057937e-05 7.488767168804866e-06 2.866567719927454e-06
2.807705465374609e-05 9.571748242464507e-06 6.636886460675218e-06 1.750746812591824e-06
3.927764042107510e-05 1.666266480398348e-05 9.059763107928646e-06 4.805148551315746e-06
3.600429262771008e-05 1.299874940551119e-05 8.082620207456450e-06 3.442344258353341e-06
3.280735641408547e-05 9.459211423006014e-06 7.615967837060795e-06 2.512030631757260e-06
4.623899682123908e-05 1.677232405229775e-05 1.229416915810360e-05 4.917849134352599e-06
4.272483351724466e-05 1.299660807052786e-05 1.055511699241978e-05 3.552532615691765e-06
3.927864497378625e-05 9.331526176570791e-06 9.026130933685108e-06 2.294302759295942e-06
5.338864090507144e-05 1.686809087550914e-05 1.445075629869272e-05 3.605859938354637e-06
4.978383750932073e-05 1.299610001965558e-05 1.390876136442488e-05 3.141162278375215e-06
4.623921750777845e-05 9.219955826787657e-06 1.247011858084623e-05 1.817036144533360e-06
6.070333128052751e-05 1.694955651524388e-05 1.512219631719989e-05 3.588422098624709e-06
5.702038447847599e-05 1.299783399944807e-05 1.473420245029542e-05 2.783952310049539e-06
5.338794621304181e-05 9.125578764648208e-06 1.458209065353793e-05 2.275451924302977e-06
6.814540964530207e-05 1.701057082204625e-05 1.780109835229080e-05 4.549992552291561e-06
6.440621762156407e-05 1.300002004725770e-05 1.601057138726765e-05 2.765677550928524e-06
6.070251138657505e-05 9.048398485757845e-06 1.511460935978442e-05 1.911799689278559e-06
7.568280479260837e-05 1.705953146434092e-05 2.123943348766738e-05 4.304491025687551e-06
7.189905238286111e-05 1.300088550089407e-05 1.970699867394977e-05 2.931243717637765e-06
6.814513973841593e-05 8.990593129367561e-06 1.773250001779023e-05 1.137765892510833e-06
8.330817947913668e-05 1.710033548310681e-05 2.266450984669553e-05 3.788092129667544e-06
7.948171392247845e-05 1.300038016369911e-05 2.223226077107026e-05 3.050852781823500e-06
7.568303503568147e-05 8.941888187143248e-06 2.119816092955627e-05 1.694579066896985e-06
9.099845914163216e-05 1.712310948622137e-05 2.413504255737374e-05 4.339228163236689e-06
8.714626603040531e-05 1.299945515311841e-05 2.311383828482128e-05 3.059719791111640e-06
8.330851966638491e-05 8.899496814149901e-06 2.266647984125866e-05 2.337108806517402e-06
9.871126585339884e-05 1.713075398767056e-05 2.750447713016176e-05 4.666896382422945e-06
9.485355749168291e-05 1.299882093750300e-05 2.562917799303461e-05 3.017747149503742e-06
9.099866399859929e-05 8.875098858714194e-06 2.415239653942451e-05 1.740665957959348e-06
1.152628571483322e-04 1.668543623985349e-05 3.122030964087697e-05 3.319199804136359e-06
1.141645021848827e-04 1.714023811090683e-05 3.113037410626467e-05 3.378479339623562e-06
1.021677018887310e-04 1.299858158367735e-05 2.912228924099404e-05 2.986961400122461e-06
1.064311683581329e-04 1.713708628751844e-05 3.049295404228561e-05 3.852073834469737e-06
9.871133098671712e-05 8.866589884999294e-06 2.751507323282328e-05 1.332986082319436e-06
1.157178306864047e-04 1.558730508860320e-05 3.125462043824942e-05 3.196685821586406e-06
1.131182005574439e-04 1.299852247888764e-05 3.113919058589355e-05 2.975593723125290e-06
1.064311736596296e-04 8.859995125961683e-06 3.049450236079836e-05 2.107184013951699e-06
1.157178298141325e-04 1.040974112298494e-05 3.125440752244095e-05 2.754713310301635e-06
1.141645032838011e-04 8.856810924256691e-06 3.113064628840530e-05 2.573650077642997e-06
1.152628567997799e-04 9.311611871398445e-06 3.122022498919319e-05 2.632688324577963e-06
