7.648021077575338e-05 -1.032594337070101e-05 1.178183002571997e-05 -4.786638364270407e-06
7.679277972373675e-05 -9.571984059597981e-06 1.189846256334579e-05 -4.594379896824287e-06
7.679219983746205e-05 -6.015927198626639e-06 1.177670802346495e-05 -3.381709110271444e-06
7.647951819653685e-05 -5.261546114287140e-06 1.164028082065077e-05 -3.109258160917601e-06
7.572574099980097e-05 -1.063811955647670e-05 1.151594463824185e-05 -4.843438051194727e-06
7.430879618674443e-05 -7.793252583581217e-06 1.083913450391439e-05 -3.836576338978418e-06
7.572477654319155e-05 -4.949118245045460e-06 1.132644597415543e-05 -3.002116217558466e-06
7.041161050001397e-05 -1.062973317788964e-05 1.002638660204539e-05 -3.413468234833403e-06
7.040954657043504e-05 -4.950712865325827e-06 9.605827332359168e-06 -2.780018402366178e-06
6.748543015193276e-05 -7.788586064423429e-06 9.993775612688827e-06 -2.589698818033041e-06
6.511902299089266e-05 -1.061535742578127e-05 1.019867395312473e-05 -2.480073605670870e-06
6.512015500054761e-05 -4.962818314277813e-06 1.031714324681245e-05 -2.760603609926290e-06
6.248213497435805e-05 -7.790462505921077e-06 1.043099305745496e-05 -2.790506722945826e-06
5.984947460260659e-05 -1.060522581602853e-05 1.065729044557322e-05 -2.964687563292070e-06
5.985007860819855e-05 -4.977532278852583e-06 1.041782654219214e-05 -2.965607008060976e-06
5.722064999679833e-05 -7.792199459413856e-06 1.022481382640271e-05 -3.153671893066963e-06
5.460890573056730e-05 -1.057809355954808e-05 1.060048683930423e-05 -3.383441776817789e-06
5.460680624293994e-05 -5.004575674136022e-06 9.906084794788774e-06 -2.957226679677859e-06
5.200943447582519e-05 -7.790945864922481e-06 9.362689821879622e-06 -3.200619185952696e-06
4.944146963544928e-05 -1.053431448718932e-05 9.491252217604523e-06 -3.411202790235481e-06
4.944218005657434e-05 -5.050726129283373e-06 8.758065564463306e-06 -2.877244702943702e-06
4.688858691704918e-05 -7.794656413127079e-06 8.416942356242980e-06 -2.961815086782568e-06
4.435845737783282e-05 -1.049614982954835e-05 9.216020207440670e-06 -2.452319928797974e-06
4.436043510998236e-05 -5.099006453312870e-06 8.576552753387220e-06 -3.034330484362234e-06
4.184249448418276e-05 -7.799460119477459e-06 9.241851814172605e-06 -2.494085055333839e-06
3.936094785305677e-05 -1.044171459035692e-05 9.018525963731477e-06 -3.293076927568230e-06
3.935995456210651e-05 -5.157310142902603e-06 9.254438890066424e-06 -2.314152940289724e-06
3.689994184061295e-05 -7.798819376798892e-06 8.488279339695552e-06 -3.166422105763554e-06
3.448455024322516e-05 -1.037262969245749e-05 7.060733275144238e-06 -5.048038622840356e-06
3.448519121591432e-05 -5.226434032178893e-06 7.579714517806715e-06 -2.307561463396424e-06
3.209136034177731e-05 -7.800741563690000e-06 6.818079082352849e-06 -3.868536400785090e-06
2.974003738965771e-05 -1.030690556990190e-05 7.727045472523852e-06 -4.259801333286039e-06
2.974189161376485e-05 -5.299401581603160e-06 7.088765747268294e-06 -2.611659677750568e-06
2.741454095720146e-05 -7.805391431717769e-06 8.163697146412184e-06 -2.813350628394302e-06
2.514031735094435e-05 -1.022951922865335e-05 7.810683224561500e-06 -4.071406231896779e-06
2.514058315084605e-05 -5.384791016676756e-06 7.756576908273003e-06 -1.299301738520610e-06
2.298297134473234e-05 -7.807656690937861e-06 6.207326846405371e-06 -2.683713463649913e-06
2.087680716107031e-05 -1.014241953646022e-05 4.651633495210343e-06 -3.082669819524734e-06
2.087767728300477e-05 -5.481730968633859e-06 5.012504722516399e-06 -3.240528812323953e-06
1.931183421998704e-05 -7.987582942872830e-06 4.405350955386357e-06 -3.234522871202163e-06
1.776987208106505e-05 -1.005325537060342e-05 5.694732519586125e-06 -1.487283190503797e-06
1.776738842929743e-05 -5.577718063603028e-06 5.837835636179978e-06 -5.406446594225998e-06
1.559693905766996e-05 -9.970207456483886e-06 6.488274479375444e-06 -2.846154165534379e-06
1.599534678297542e-05 -8.558080535283627e-06 7.041279628367047e-06 -2.823435966100437e-06
1.559337612489010e-05 -5.640543803615637e-06 6.554541638901254e-06 -4.294048344301146e-06
1.406382902521338e-05 -5.705617986619095e-06 4.744537265925521e-06 -3.281991133568268e-06
-2.016485202775363e-06 -4.309010746906427e-07 3.582961613285997e-05 -2.060088013362429e-05
-2.056591872201016e-06 -3.472850283432043e-07 2.359973069725387e-05 9.827853268476618e-06
-2.080826392297689e-06 3.808333398201919e-08 -3.444217210377499e-05 -1.418349971736628e-04
-2.034886650849811e-06 1.998238414131842e-07 -2.586732782396786e-05 -1.523933740856992e-05
1.405755558977375e-05 -9.912076371950758e-06 4.581801552435508e-06 -3.236471542287106e-06
1.271006180213062e-05 -9.783976746881072e-06 3.940090216909695e-06 -3.323722487714385e-06
1.373244817056943e-05 -7.287346664367856e-06 4.635423208038401e-06 -3.168482900309743e-06
1.269172753010719e-05 -5.654976991883363e-06 4.173332686772119e-06 -3.210099746901682e-06
-1.930210435540059e-06 -4.667553068971579e-07 -1.758985825159387e-07 -1.179176154005701e-05
-1.834529562066771e-06 -1.616332285135925e-07 -4.420281983504225e-06 2.463176107794493e-05
-1.907016379317287e-06 2.656548085056136e-07 1.513988695797866e-05 5.666320367910299e-05
1.226780054538016e-05 -8.498853484885167e-06 3.846579066202975e-06 -3.299852710722648e-06
1.140994461334831e-05 -9.495280466063358e-06 4.171864971725313e-06 -3.130884911953415e-06
1.018723873612163e-05 -9.087099106849534e-06 4.830135783817523e-06 -3.249193126592809e-06
1.186435812153036e-05 -6.776612535967120e-06 4.112113626466725e-06 -3.309933232582496e-06
1.141638349976819e-05 -5.393442211515968e-06 4.591642624486669e-06 -3.481249772941184e-06
-1.246479056053432e-06 -4.530341382663716e-07 4.526968726132322e-06 -1.016517784160668e-05
-1.301200109205988e-06 1.825324562006466e-07 -8.836913548761376e-06 -1.890529602075769e-05
-9.349975202984782e-07 -1.243001614929292e-07 9.295755749185730e-07 1.823577209756195e-05
9.055211152529220e-06 -8.539900765914453e-06 5.013421716759714e-06 -3.412293047547062e-06
1.001322709159165e-05 -7.800811174883569e-06 4.900528971021342e-06 -3.609058802409689e-06
1.043044662914256e-05 -6.221869698592896e-06 4.893506940534371e-06 -3.579262378234608e-06
1.025623912389885e-05 -4.940797753382877e-06 5.019097309536305e-06 -2.964620141708877e-06
-5.614337625322749e-07 -5.769839221569765e-07 -7.730055954762132e-06 -3.396072096369980e-06
-5.296521407691543e-07 2.440453476967525e-07 6.585681593796996e-06 -4.083657308792358e-06
-1.269728268656246e-07 -1.331260149880990e-07 1.407881358451984e-06 -5.407530964453749e-06
8.011750338522755e-06 -7.894151021642185e-06 4.833275032918988e-06 -3.023236524164238e-06
7.084382722534742e-06 -7.157217276475144e-06 4.553492470542456e-06 -2.474419216093575e-06
8.988054813819932e-06 -5.985217979606738e-06 4.438879560183164e-06 -3.364459353104005e-06
9.234751914587695e-06 -4.310473438219892e-06 4.590859595366296e-06 -1.894487364269533e-06
3.801224909011958e-07 -6.733408446208929e-07 5.156132989764775e-06 3.580511716294245e-06
3.632334361136352e-07 3.765268462361807e-07 -6.487247301587503e-06 8.786711688447887e-06
7.319955950922292e-06 -6.053832403202789e-06 4.218912420581854e-06 -2.404713276666098e-06
6.280844713388686e-06 -6.328669228734885e-06 4.678005313614382e-06 -2.101434571684309e-06
7.705128510383584e-06 -4.846442191205882e-06 3.627036266010030e-06 -2.208889286925290e-06
8.372961603807060e-06 -3.556442888826754e-06 4.054166312523325e-06 -6.032857851441099e-07
9.036001753498655e-07 -1.565749609608516e-07 3.437659223864178e-06 -7.793587038094267e-06
1.528725379919612e-06 -8.566091155079274e-07 -9.774961367644105e-07 -1.016645891795371e-05
1.544967305439946e-06 5.769941289069602e-07 3.474241221404485e-06 6.543135579814756e-06
5.583266911619507e-06 -5.440957707066150e-06 4.757237065874227e-06 -2.230416259445697e-06
5.033105027449455e-06 -4.537656461844780e-06 4.376230813809821e-06 -2.032108280295578e-06
4.611547933804520e-06 -3.592054230364087e-06 3.952751337826882e-06 -1.586610906604481e-06
6.923027197947953e-06 -3.786043794272515e-06 3.447305072685541e-06 -1.398440952977546e-06
7.690382199520777e-06 -2.724032968228872e-06 3.906439654851574e-06 1.321607691475611e-07
2.053453854503659e-06 -1.319587469711060e-07 4.041840093745931e-07 5.573974717896323e-07
2.677456965636377e-06 -1.028566477912917e-06 9.506210271825691e-08 -5.726330435172537e-06
2.670237829235631e-06 7.646087943306501e-07 2.623954179660776e-06 6.431150201118349e-06
5.542781850635975e-06 -3.584472932364357e-06 4.115764211323648e-06 -1.604978080698983e-06
4.298591395612851e-06 -2.637023658534135e-06 3.778537269377591e-06 -5.860795888106342e-07
3.685170625623637e-06 -1.187592225387868e-06 1.030082551082567e-06 -5.496609241825045e-06
3.977281129351843e-06 -1.346662130210430e-06 2.649663481370395e-06 -4.920704067122096e-06
4.124897112800171e-06 -1.675867035300499e-06 3.947145956964491e-06 -3.248263458292860e-06
6.389366034467870e-06 -2.607992807239483e-06 3.310364150378787e-06 -3.881958514248463e-07
7.186406827636846e-06 -1.855018884650926e-06 3.386936261151266e-06 5.487733329480386e-07
3.226702048536275e-06 -2.698065409557001e-07 1.045202087656496e-06 -9.825299576722570e-08
3.703095825893490e-06 9.057096579531398e-07 -2.867127422633351e-07 1.349795544256388e-06
4.946987323349369e-06 -1.965380308935022e-06 3.127672303401717e-06 -9.543602595624289e-07
4.006250618219976e-06 -7.107423895590580e-07 1.682242979974197e-06 -2.659049280887396e-06
4.349371390572038e-06 -1.232018891700987e-06 3.677957447208887e-06 -3.869015231355020e-06
6.016226338145417e-06 -1.588323695904789e-06 2.723329143720841e-06 7.124242275074290e-07
6.869186034193534e-06 -9.796292892343168e-07 2.132219893383034e-06 1.159712264731047e-06
4.040829882459765e-06 3.035657385383510e-07 -1.317731582225637e-07 7.037270638742342e-08
4.008653666768301e-06 1.058827168180118e-06 -5.751155466148457e-07 3.568228036535276e-07
5.150149099058324e-06 -4.850397759449499e-07 3.824993252007768e-06 -1.397089982117899e-06
6.753724121128993e-06 -1.114371008925264e-07 2.321723747383086e-06 -6.624496710006095e-07
6.811578145842672e-06 7.271403538608971e-07 3.039248455332756e-06 -1.526803577502970e-06
4.655440474102124e-06 8.588362956246336e-07 9.797381876356047e-07 -5.896652958768853e-07
4.188626243981424e-06 1.383335549939307e-06 1.778004625045071e-08 -9.774043796885011e-08
4.414397453806289e-06 2.270214553502416e-06 2.214359762798950e-06 2.992482253210319e-07
5.977824789166708e-06 8.394540908430342e-07 3.371213556655009e-06 -1.772782519194938e-06
4.741218470061246e-06 3.110153075909575e-06 4.100290655384877e-06 2.267393980068908e-06
7.045434607083347e-06 1.574893370603140e-06 3.739373176964928e-06 -7.727202961185161e-08
5.216226858534395e-06 2.306541631192125e-06 4.370917168757511e-06 6.848190169016820e-07
6.371343906019298e-06 2.373786420509108e-06 3.889383325829967e-06 1.404009047334602e-06
5.154873840164354e-06 3.902716131389342e-06 5.057874420357904e-06 3.990419166575059e-06
7.429299542749461e-06 2.374984852590966e-06 3.554545293047762e-06 1.983894484017273e-06
7.088966145135788e-06 3.149526661660290e-06 3.415456127195161e-06 3.130522709568638e-06
6.303323025913319e-06 3.629966885417871e-06 4.003593079076725e-06 3.717177809275010e-06
5.655251708698403e-06 4.643405790281989e-06 3.993891840200999e-06 3.573495108942488e-06
6.245353468028240e-06 5.327813324752245e-06 3.302934383999202e-06 3.142679084302070e-06
7.954541684134043e-06 3.103537801530089e-06 3.581764435506206e-06 2.799505727710678e-06
7.563724132510528e-06 4.006621887138695e-06 3.238365316035400e-06 2.898983729624515e-06
7.105043494818925e-06 5.053391499633456e-06 3.045157713183690e-06 2.858184908653670e-06
6.910332843518772e-06 5.943120795953309e-06 3.046353907381369e-06 3.679636800765387e-06
8.598916288518026e-06 3.735379201425808e-06 4.962444503493481e-06 2.122891161213513e-06
8.397429132918426e-06 5.042355893467269e-06 4.913599767600725e-06 2.267527856830419e-06
7.641771093660791e-06 6.479324490212262e-06 3.874014174017472e-06 4.408124716004124e-06
8.435570788200220e-06 6.930902843562090e-06 5.545221074149687e-06 5.511058495293952e-06
9.277575348686180e-06 7.290138501314426e-06 6.842004031171527e-06 5.788954374668207e-06
9.351275226547667e-06 5.320517344995978e-06 6.911538726804857e-06 2.661002957409341e-06
9.346248635488852e-06 4.250663757017694e-06 6.520930932008517e-06 1.447137373968086e-06
9.161889101654719e-06 6.378793116868328e-06 6.878032351484927e-06 4.579660113409102e-06
1.016020122148543e-05 7.549624568610295e-06 7.520085851719960e-06 5.900247906067500e-06
1.106928360674011e-05 7.706223646484223e-06 7.585266679496642e-06 5.486424018785595e-06
1.011088922344572e-05 5.559254536757992e-06 7.880243844467436e-06 3.324051490026309e-06
1.018003468562605e-05 4.632441066293074e-06 7.802159474875812e-06 2.053067791449872e-06
1.199206208393710e-05 7.757578545208921e-06 7.447210409764257e-06 5.309720892430100e-06
1.096788023807584e-05 6.413711727228953e-06 8.058363038206640e-06 4.520613868373944e-06
1.107129628574919e-05 4.867653037848258e-06 8.157819663279285e-06 3.097936172906303e-06
1.219584844236714e-05 6.549707704759275e-06 7.722253833490710e-06 4.388880997028804e-06
1.300299391146286e-05 7.755872455660315e-06 8.872144997454167e-06 5.658083750772243e-06
1.199109881869689e-05 4.947407063208662e-06 7.947400055149512e-06 3.405789597365949e-06
1.438498873806260e-05 7.756603043603316e-06 1.146142452701546e-05 6.241390904969326e-06
1.329391264240339e-05 5.866542795044063e-06 9.177725103895212e-06 3.752626764041033e-06
1.300050572481174e-05 4.949571342132421e-06 8.966070946856097e-06 3.033877665526686e-06
1.628460437065065e-05 7.758460084165792e-06 1.383316505932666e-05 6.573416977178531e-06
1.534377758927624e-05 6.246781618740843e-06 1.273557798698474e-05 4.676646876868804e-06
1.438374193721887e-05 4.953516832893553e-06 1.088527635618778e-05 2.590928489972018e-06
1.878681798816708e-05 7.756054225937081e-06 1.420935261244040e-05 5.145264790231139e-06
1.753663877287425e-05 6.360493827423265e-06 1.473664025849086e-05 4.322367147303559e-06
1.628265855395202e-05 4.958206888383125e-06 1.431039963515358e-05 2.551875800930065e-06
2.138780489380491e-05 7.751478333255421e-06 1.578175643367092e-05 6.370323208638171e-06
2.008821000338203e-05 6.362013111248049e-06 1.393032577681338e-05 4.259344454787551e-06
1.878589576255906e-05 4.967427400188054e-06 1.396881097487331e-05 3.374119500868533e-06
2.398794137588692e-05 7.749294176740715e-06 2.048880606634482e-05 4.495006154498265e-06
2.268893464251532e-05 6.358894415483256e-06 1.894282189960481e-05 3.519794452121783e-06
2.139013779356901e-05 4.969174229111079e-06 1.625733586034294e-05 1.413061760747313e-06
2.658171350683022e-05 7.753543780097748e-06 2.167073859220242e-05 5.762428836762138e-06
2.528402806828302e-05 6.361883451907533e-06 2.077731263729793e-05 3.989566403608164e-06
2.398581327329743e-05 4.970984794482075e-06 2.034168238139626e-05 2.728120802288312e-06
2.917971050193059e-05 7.756737337850854e-06 2.549345879210303e-05 7.029960067603952e-06
2.787960087497734e-05 6.361948853353907e-06 2.291202056900148e-05 5.197026416273543e-06
2.658183343320686e-05 4.971122369996533e-06 2.087617320535704e-05 3.668100057210561e-06
3.179895190762812e-05 7.764379140467232e-06 2.942667169342185e-05 4.669588013678561e-06
3.048561838711084e-05 6.359334959722226e-06 2.850808983880471e-05 3.716550714179610e-06
2.918127814384832e-05 4.964261351623936e-06 2.639815551085029e-05 2.093068440928312e-06
3.441771228090801e-05 7.761060759339077e-06 3.273956607329639e-05 6.858278438458931e-06
3.311133105164380e-05 6.361044016675175e-06 3.025650017698809e-05 3.533253170031825e-06
3.179776202285995e-05 4.955557518545993e-06 2.955567750137506e-05 2.128063763715589e-06
3.702443499478281e-05 7.766662485368872e-06 3.646744530653224e-05 7.450366685531983e-06
3.571971282838964e-05 6.362730539200416e-06 3.466224765529348e-05 5.447903619591273e-06
3.441746471374260e-05 4.962722789189885e-06 3.168425354217139e-05 2.161547238927862e-06
3.965489106704429e-05 7.781368745324001e-06 3.947808038643877e-05 6.488991169612195e-06
3.833394832377807e-05 6.365778111818695e-06 3.811705762380795e-05 5.027543520692206e-06
3.702342029608320e-05 4.961544244476087e-06 3.677394762185308e-05 3.434786600163928e-06
4.530113480519688e-05 7.618961579565401e-06 4.785818036864767e-05 6.160296526916334e-06
4.492685124755709e-05 7.774112263747256e-06 4.762392641298870e-05 6.303378125847107e-06
4.083881953382093e-05 6.368487992266460e-06 4.191279955907736e-05 3.778528335749369e-06
4.229571604249038e-05 7.779422690658030e-06 4.518596275258642e-05 6.210307193183829e-06
3.965333165168480e-05 4.953574155903650e-06 4.014683554002427e-05 2.124730542086703e-06
4.545615963479286e-05 7.244514076458184e-06 4.794580788562526e-05 5.849539767077438e-06
4.457188121731698e-05 6.363086427357080e-06 4.734431463574679e-05 4.985098828001784e-06
4.229782817281489e-05 4.954314459719297e-06 4.464679535322995e-05 1.902792611723949e-06
4.545667375345133e-05 5.480867804115938e-06 4.780957332398998e-05 4.333023643551996e-06
4.492800482387034e-05 4.952137086646243e-06 4.732409023105707e-05 3.658454812399965e-06
4.530184228380599e-05 5.106979516714982e-06 4.767234840822648e-05 3.880048140176192e-06
