7.619064769532154e-05 -1.256200070177120e-05 -6.117190401408718e-06 1.312884592325322e-06
7.644525086067601e-05 -1.194669201145476e-05 -6.143455155424505e-06 1.535540630068014e-06
7.644536237255487e-05 -9.046073726864111e-06 -5.838502886906665e-06 1.913135868271966e-06
7.619071308457420e-05 -8.430419959959927e-06 -5.771008802058646e-06 2.052488554716988e-06
7.557585444765153e-05 -1.281698433699930e-05 -6.107631437177935e-06 1.162589225544602e-06
7.442277210293318e-05 -1.049622566665070e-05 -5.400728695431015e-06 1.480773659972928e-06
7.557573790139246e-05 -8.175248535860082e-06 -5.687355766963803e-06 2.150586813538597e-06
7.124478069471226e-05 -1.281720108505546e-05 -5.101599755843312e-06 -8.568875691990667e-07
7.124308898901400e-05 -8.170737531357682e-06 -4.696192001206236e-06 2.786935597936049e-06
6.885021331580531e-05 -1.049186308726082e-05 -4.216455433992111e-06 9.837948009984435e-07
6.691462334288408e-05 -1.280330055515309e-05 -3.432500694492451e-06 2.832004301445610e-07
6.691400791233103e-05 -8.179035239802063e-06 -4.217359042689368e-06 2.872004058984893e-06
6.475649831259677e-05 -1.049152379061115e-05 -4.221507602060399e-06 1.841033852731738e-06
6.260019366304697e-05 -1.279937448344899e-05 -4.672668601192914e-06 1.229662556400460e-06
6.260247873857703e-05 -8.187907587563964e-06 -4.469339382243230e-06 1.820573745575991e-06
6.044407084134531e-05 -1.049550077879292e-05 -4.864997224559773e-06 8.551046758312061e-07
5.828321334459989e-05 -1.280687706060396e-05 -3.136679581491622e-06 1.931153774326687e-06
5.827965788563538e-05 -8.181380958793660e-06 -3.398343670047748e-06 -1.222636015039866e-06
5.611953196024497e-05 -1.049229684427260e-05 -2.700982058599137e-06 8.614236222528960e-08
5.395919154008174e-05 -1.280803326138550e-05 -2.037002692970826e-06 1.080501594365554e-06
5.395870832444517e-05 -8.176173505135350e-06 -2.746013166731959e-06 -5.356299011273961e-07
5.180095961095816e-05 -1.049199577280349e-05 -2.784283567474856e-06 9.279945151917579e-07
4.964047026232839e-05 -1.281243801842523e-05 -1.150961140586398e-06 2.780639229472335e-06
4.963964717180215e-05 -8.170910259701381e-06 -2.475647379065228e-06 5.270097226349715e-07
4.747356392670732e-05 -1.049083378068719e-05 -1.335125875837336e-06 2.165548533651342e-06
4.529682694892193e-05 -1.282144358725588e-05 -2.657334539629222e-06 5.772993368448216e-07
4.529546191307863e-05 -8.158540940951357e-06 -1.846938181252376e-06 2.332762803318505e-06
4.311472174577186e-05 -1.048946731785549e-05 -2.969855931316019e-06 1.012316981636655e-06
4.093126478623071e-05 -1.282742272766104e-05 -2.054734718493025e-06 1.095368996966196e-06
4.093397073384222e-05 -8.154620957131831e-06 -2.193953845168167e-06 8.200279943874494e-07
3.875242829713697e-05 -1.049261595687525e-05 -7.038089893058262e-07 5.274280682584533e-07
3.656795236417487e-05 -1.284033663519400e-05 -4.672536636187209e-07 8.224677118997073e-07
3.656690749105213e-05 -8.145983931211769e-06 -6.111684106136527e-08 -7.650019205671944e-08
3.437853386759883e-05 -1.049423089277261e-05 -1.177883366229048e-06 7.334298964609730e-07
3.218089595505133e-05 -1.285160097674517e-05 -9.409906763127835e-07 4.492874942235926e-06
3.218219658826676e-05 -8.138573607360013e-06 -2.343378718269770e-06 -1.712100884060942e-07
3.006896228820875e-05 -1.049527438879036e-05 -1.731969637734268e-06 2.388376977821023e-06
2.795326240166842e-05 -1.285555904051774e-05 -3.139021821791748e-06 1.478734063520514e-06
2.795059068966095e-05 -8.129597615599275e-06 -6.843006607833604e-07 1.137924454734783e-06
2.636350167663367e-05 -1.067745737781223e-05 -1.004659388147963e-06 9.033845919449508e-07
2.473557856622266e-05 -1.286305598438605e-05 3.640901633707439e-07 7.276974547481745e-07
2.473815406443322e-05 -8.121859276454782e-06 -1.145326769135921e-07 6.855047973835319e-07
2.239474249978039e-05 -1.286524760321294e-05 2.707975456082173e-08 -2.562719975911047e-07
2.285299733398604e-05 -1.130364174371298e-05 2.008040640701667e-07 5.777363840996435e-07
2.239318248252446e-05 -8.120019140134539e-06 -1.941497716416964e-06 1.914873271293186e-06
2.069096469705543e-05 -8.118386253437836e-06 -3.446166483966090e-06 1.730563912551795e-06
-3.587274402285370e-06 1.711084935595244e-07 -3.810040818244915e-05 3.693808302533428e-05
-3.657037686698575e-06 2.795476971463614e-07 -1.637715748818990e-05 -2.516177583412813e-05
-3.707799087856009e-06 1.096449013307162e-06 -3.175075633249395e-05 1.684239059550698e-05
-3.647207617147486e-06 1.182676839330016e-06 -2.299698893023924e-05 -2.372240842024523e-05
2.069593810140545e-05 -1.286710287513634e-05 -2.040025434498138e-06 3.756027007891414e-07
1.914293637482407e-05 -1.277953543617320e-05 -8.997267999044821e-07 1.293540406769725e-06
2.034880688329941e-05 -9.898369859117871e-06 -3.481642924656397e-06 1.662263880984642e-06
1.914370539259514e-05 -7.981867136955231e-06 -8.447455396499528e-07 8.333792199049246e-07
-3.437833278230992e-06 1.398316661772267e-07 -3.214173113085557e-05 3.712069940129283e-05
-3.148306704820036e-06 7.696037735621230e-07 4.501882887984124e-05 1.264550814630138e-06
-3.517110474623283e-06 1.211409885144192e-06 -3.857792637052409e-05 -2.239007592402638e-05
1.865078539620707e-05 -1.131305602131457e-05 -9.919096898644631e-07 1.237636641224965e-06
1.760923782759479e-05 -1.251660411820635e-05 -1.658951107458059e-06 6.202468027438237e-07
1.611861172483450e-05 -1.208361032640617e-05 -1.754976685736352e-06 -6.841787595434955e-07
1.818512000100992e-05 -9.281873459434521e-06 3.740786857398296e-07 3.508701707710918e-07
1.764739134349423e-05 -7.581309474271250e-06 -2.226888352701812e-07 2.550418566912706e-06
-2.286066701766646e-06 1.376118457327776e-07 -9.448972221352864e-06 -7.193882033161825e-06
-2.289995783443623e-06 1.305692818848374e-06 -1.062241156168481e-05 7.861978430305353e-06
-1.666241436397221e-06 7.438743332808916e-07 7.400248289966410e-06 -4.322705257003965e-06
1.468969743600902e-05 -1.148302228573720e-05 -1.665698498239868e-06 -7.051083582085537e-07
1.592568009118244e-05 -1.054402170820689e-05 -1.144532053265962e-06 -7.881478728295331e-07
1.644754664512066e-05 -8.585202826960287e-06 -1.136889254576626e-06 2.425652192324212e-06
1.624361386382511e-05 -6.924403385450442e-06 -2.730604262532096e-06 3.021700413703208e-06
-1.033321345566575e-06 1.840086208763087e-08 -3.660864670726099e-06 1.661817624328161e-05
-1.010015731281131e-06 1.401965039358834e-06 3.315319739594624e-07 5.040023182948746e-07
-2.617101919739344e-07 7.522706326880108e-07 6.662691231393717e-06 -3.107395340218004e-05
1.333854573647188e-05 -1.072124452924798e-05 -3.210966966874141e-06 3.411347626889452e-06
1.208416993224080e-05 -9.808605378542177e-06 -1.099585385377014e-06 1.901662258892473e-06
1.462903898274770e-05 -8.272872298707626e-06 -2.832924510091874e-06 3.993702773365806e-06
1.497324293984347e-05 -6.034049124334823e-06 -2.565002153028664e-06 -7.224821620493842e-08
5.851000812768484e-07 -2.038600484106438e-07 -2.168275694471409e-06 1.414052244470255e-05
5.773837924537541e-07 1.652704775346678e-06 -2.508938065120534e-06 2.324951905001562e-05
1.240344950818015e-05 -8.379542215866355e-06 -6.125730889197188e-07 9.064323560272428e-07
1.094136937731290e-05 -8.760325274523641e-06 -3.582757261556726e-07 -1.432458682780351e-07
1.294269589927399e-05 -6.743587280135558e-06 -5.922413246321954e-07 -3.369013921996859e-07
1.387596386945755e-05 -4.937235119329103e-06 -8.689581426908597e-08 -9.990642713617589e-08
1.528318817423385e-06 7.048117059702897e-07 -3.249212054894595e-06 -2.586547236042269e-05
2.642076123069483e-06 -5.515996871709725e-07 1.050838681879304e-05 1.102575541581936e-05
2.637511934341871e-06 1.988715384863407e-06 -9.410527637092286e-08 6.433125453467988e-06
9.924501378913285e-06 -7.591904330613226e-06 -2.263168306596002e-07 -6.658876307906017e-07
9.041799968545078e-06 -6.312515063114926e-06 -3.141732907699567e-06 5.282798440957796e-07
8.307363519607850e-06 -4.941732602715709e-06 -3.453871105560924e-06 5.210337292937413e-07
1.184417728599440e-05 -5.250659699473572e-06 -8.507855014512292e-07 1.088462933358257e-07
1.298766499389058e-05 -3.669234541573937e-06 2.004098632206688e-06 7.624240734702971e-07
3.536986193305174e-06 7.142417475196850e-07 -2.428154901523185e-06 8.233304434103752e-06
4.637620688067335e-06 -8.948401828356060e-07 -8.807074033402005e-06 -9.369040397067896e-06
4.638736116490895e-06 2.311836766911063e-06 -2.789431074010960e-06 -2.819406447549942e-06
9.779176345818125e-06 -4.948171433456484e-06 -2.299985940194242e-06 1.767121129549653e-06
7.732122811302426e-06 -3.500103262124285e-06 -1.706809946549602e-06 -1.077713384634726e-07
6.467031049925441e-06 -1.154132817973267e-06 -3.350180782312652e-06 -8.455471013388329e-06
7.014853922910701e-06 -1.420801393404920e-06 -2.632632360521518e-07 -5.419770437043577e-06
7.322472360192831e-06 -1.968777049798038e-06 1.087672783669110e-06 -2.622605775346079e-06
1.106711170160418e-05 -3.481389259693493e-06 -3.304323919213984e-06 1.255027473949849e-06
1.233655459694946e-05 -2.271073051960796e-06 -2.075973730301083e-07 3.356045311778843e-07
5.625231956360934e-06 4.795252099949399e-07 7.700287645127157e-07 5.293744150834061e-06
6.423249669990318e-06 2.578767734628335e-06 4.652433146859654e-06 -1.151542130572427e-05
8.749146907051125e-06 -2.462438807105947e-06 1.060123449942038e-06 9.072710646719779e-07
7.034607201307169e-06 -3.131105234083575e-07 3.040582773698372e-07 3.676084846431116e-06
7.678591152081627e-06 -1.224343934525429e-06 2.944219438771349e-06 -8.307654224032974e-07
1.049266562955904e-05 -1.846362838904903e-06 -3.580702548923219e-06 -5.846281258870555e-07
1.194986511924319e-05 -8.074683171848039e-07 -2.284562182732038e-06 4.447941888823609e-07
7.032920075140751e-06 1.493712563052035e-06 -4.476600143020751e-06 1.690941174317324e-06
6.918114687049111e-06 2.858438132738757e-06 9.947276993613256e-07 -5.359457885102796e-06
9.042350624692709e-06 2.025239115753399e-08 -1.427894897890026e-06 1.630857286593152e-06
1.184007280001642e-05 6.925475205400469e-07 -2.745769420289953e-06 -2.399968612165866e-06
1.208804308490625e-05 2.220960272735257e-06 -3.616001053600436e-06 7.842286514858517e-08
8.085007351836577e-06 2.471965238741328e-06 4.418372183112531e-07 5.205508021850406e-06
7.193696003659326e-06 3.469068383385496e-06 3.138824518375727e-06 1.803141912639349e-06
7.517110703902802e-06 5.179949184890722e-06 -1.220813595167805e-06 -6.415078025304833e-07
1.052397125158903e-05 2.385122430017718e-06 -1.798386902099203e-06 1.705884358522472e-06
8.048075050329182e-06 6.905974360349818e-06 -3.646832061364071e-06 -2.815009070602820e-06
1.266873359597666e-05 3.793157711571022e-06 -5.791398261888744e-06 2.840007020366432e-06
9.042268431955213e-06 5.216448461873133e-06 -2.083871631765994e-06 -2.562526217118683e-06
1.135139555010412e-05 5.353753923077003e-06 -1.134095228135640e-06 -1.272887635131508e-06
8.823364901118102e-06 8.584786955380150e-06 -2.582611583997683e-07 -1.870999160168406e-06
1.357808507058633e-05 5.357077763891424e-06 -2.746072405568535e-06 3.139020378914417e-06
1.289379546541286e-05 6.957010169314123e-06 8.919649584688720e-09 -4.693678316251392e-08
1.120548697101810e-05 7.987824748648177e-06 -8.519058185294478e-07 -8.299698900524829e-07
9.805015483783450e-06 1.024991407690458e-05 -8.644767592821439e-07 -9.375988898102982e-07
1.104960352170077e-05 1.184930652719248e-05 -5.810910906804791e-07 3.227184309838580e-07
1.483706183023000e-05 6.831324272232970e-06 1.557252174801360e-07 1.129629458919206e-06
1.396931224417293e-05 8.825102854503722e-06 5.253668796145307e-07 8.000463426107439e-07
1.293680998917318e-05 1.122710675456613e-05 -7.681478541867076e-07 9.314917613867208e-07
1.249303277806073e-05 1.336115352679562e-05 -5.348294508750545e-07 -7.323111945050427e-07
1.640922657108586e-05 8.168420467678143e-06 -1.054639522005660e-06 5.737808524669013e-07
1.595138809901194e-05 1.122571617657202e-05 -2.701430768396095e-06 -8.870542169295365e-07
1.417012222465141e-05 1.470982880445362e-05 -2.463799809280401e-06 -2.134385267860447e-06
1.607501399554561e-05 1.589996737381766e-05 -7.938497059221558e-07 -6.259329692236282e-07
1.814940615402257e-05 1.691590271545080e-05 1.584263847528581e-07 -3.117656852784852e-07
1.830493469948222e-05 1.189784388272747e-05 -1.626911722882773e-06 -2.742187567434943e-07
1.828010702866207e-05 9.307522181886601e-06 -2.582901410748398e-06 -5.227036184007275e-07
1.782697303177715e-05 1.454595545602203e-05 -1.617421551607944e-07 -7.079365825778465e-07
2.040351677214805e-05 1.767394131950482e-05 -1.973027391251311e-07 -6.690974916260440e-08
2.279461277971811e-05 1.819335677810662e-05 -2.368616992162205e-06 -3.962822852521607e-07
2.023371165328063e-05 1.248151423267817e-05 -1.637076215350898e-06 -4.546452610100650e-08
2.042188028988381e-05 1.013910771599482e-05 -1.661647935605243e-06 3.011311925070386e-07
2.526021966460878e-05 1.843136080147689e-05 -4.091575140423887e-06 -3.799974936575657e-07
2.246975936828371e-05 1.471887376982874e-05 -2.242198836214594e-06 5.098469797095154e-07
2.276549120114733e-05 1.061930416281055e-05 -2.836013563289539e-06 -5.060231439035172e-07
2.579650507559851e-05 1.511114877283707e-05 -3.537928867307988e-06 -7.856476967582385e-07
2.807594880512283e-05 1.854672396699851e-05 -3.496383344103539e-06 -4.475038258133690e-07
2.523101934440287e-05 1.074424959909238e-05 -2.569845776279459e-06 -1.250588253033436e-06
3.204857461095853e-05 1.866236076348575e-05 -2.666840330595587e-06 -3.961674519244665e-07
2.886520595798120e-05 1.319739127504289e-05 -2.486513110723610e-06 -2.134918283512129e-06
2.806983403736393e-05 1.063604416904920e-05 -2.368561175710161e-06 -1.506251061779016e-06
3.773020540893210e-05 1.883867981234534e-05 -4.348462941502484e-06 1.345513031268508e-07
3.486869034671778e-05 1.426424344181868e-05 -4.219937716992659e-06 5.433625723410354e-07
3.204933187555870e-05 1.049205400273770e-05 -4.709235561807080e-06 2.807474206171797e-07
4.555138984001075e-05 1.902527538795799e-05 -1.906338852041823e-06 -1.081053632756528e-06
4.158749744618217e-05 1.458621358297661e-05 -2.608356063130618e-06 -1.450414061673691e-06
3.773089826745225e-05 1.032299539743620e-05 -2.558833143402555e-06 -1.274088556858747e-07
5.402174093603577e-05 1.918837145528553e-05 -5.537681363472126e-06 -7.090071883133207e-07
4.973714086336641e-05 1.458137367349584e-05 -3.996894680785129e-06 3.562787645586981e-07
4.555527887630052e-05 1.013797171912135e-05 -3.973015397707371e-06 -9.746750391888985e-07
6.275514321618346e-05 1.932710328965818e-05 -2.302990534316424e-06 1.010429782369376e-06
5.834517933935048e-05 1.458796379086938e-05 -4.139628302708937e-06 -5.675461985849011e-07
5.401665440254161e-05 9.981281051492090e-06 -3.904781947477450e-06 8.672367371308591e-07
7.171367468678861e-05 1.942877391319410e-05 -3.695767635243808e-06 1.557128803714423e-06
6.720250033389640e-05 1.458442560563979e-05 -2.715551895172990e-06 -2.742674094418049e-07
6.275697775760677e-05 9.845786123754300e-06 -3.025673523453871e-06 -1.935925405815500e-06
8.087030791552012e-05 1.952820329396628e-05 -4.549758411529965e-06 -4.816878794843123e-07
7.625973035274325e-05 1.457979153422364e-05 -4.158110344464552e-06 -5.977009620583428e-08
7.171575742764182e-05 9.734875299785208e-06 -3.561913928292677e-06 -2.005102721186696e-06
9.019567317108124e-05 1.960972320264043e-05 -4.447318180836786e-06 -7.510125944490359e-07
8.550834897697658e-05 1.457913837768127e-05 -4.360883282617213e-06 -1.457214290474870e-07
8.086978194315895e-05 9.630280400329348e-06 -4.715538283812666e-06 4.886998311433042e-07
9.963793057593324e-05 1.965949700512498e-05 -3.768240559017233e-06 4.375395530937512e-07
9.490105234997680e-05 1.457918710470619e-05 -4.397390491884458e-06 -1.046219242161814e-06
9.019634847714952e-05 9.548192420727100e-06 -3.657189205768078e-06 -7.232694146345917e-07
1.091798257564814e-04 1.970456975368437e-05 -5.407165577853715e-06 -2.812606420370322e-06
1.043920749736541e-04 1.458094302115024e-05 -3.954712559253427e-06 3.195988977796680e-07
9.963579092712436e-05 9.501443718287517e-06 -4.948457580099095e-06 -1.094000102655141e-06
1.188008184181559e-04 1.973018592066790e-05 -6.759337830189544e-06 -3.075156248603530e-06
1.139838064178407e-04 1.457374108560157e-05 -5.912463287675261e-06 -8.812338128172452e-07
1.091838579277343e-04 9.450653432789801e-06 -4.307192940494563e-06 2.317427565771904e-06
1.394579302380971e-04 1.916801839706747e-05 -1.033466555356721e-05 -1.531688144402936e-06
1.380881462496238e-04 1.973577088401128e-05 -1.009070186338694e-05 -1.485714795574643e-06
1.231173615524715e-04 1.457094583736870e-05 -8.245988880565636e-06 -7.497691152212934e-08
1.284417634093624e-04 1.974049356254940e-05 -8.080584439434306e-06 5.997757334676849e-07
1.188011586856484e-04 9.413445775377087e-06 -7.482307025518380e-06 1.896863928086288e-06
1.400252852813604e-04 1.779774148988726e-05 -1.044691117151488e-05 -1.493181957769063e-06
1.367851000961263e-04 1.456937329565410e-05 -9.279853516084485e-06 -8.388234520414395e-07
1.284421279793391e-04 9.400358475207910e-06 -7.739606583878731e-06 -7.065468446981199e-07
1.400256992446789e-04 1.134055825086231e-05 -1.011068137810531e-05 -5.703272557947424e-07
1.380886891772339e-04 9.402662116291920e-06 -9.642793059941966e-06 -4.568020029942504e-07
1.394583952807669e-04 9.970358102630285e-06 -9.955387491317999e-06 -4.612399689349332e-07
