7.873675501827862e-05 -9.807348971218822e-06 2.606383349519082e-05 -5.761936007431520e-06
7.906538258798594e-05 -9.013379654038279e-06 2.628775562077303e-05 -5.208841613146063e-06
7.906514225275499e-05 -5.271879605238169e-06 2.663832221594159e-05 -2.445474196658581e-06
7.873651040302713e-05 -4.478025024365227e-06 2.642151402211614e-05 -1.790346967206699e-06
7.794325476670710e-05 -1.013634547861607e-05 2.553905882269965e-05 -6.009418850167147e-06
7.645475215851276e-05 -7.142614469383568e-06 2.449602272793408e-05 -3.949015727068841e-06
7.794305173908130e-05 -4.149089119315747e-06 2.585353870249014e-05 -1.500259800129792e-06
7.235394547223818e-05 -1.013614479872115e-05 2.115092844069597e-05 -6.159361612285284e-06
7.235431754506668e-05 -4.150335883151914e-06 2.112892133652045e-05 -1.853846732696938e-06
6.927996949276324e-05 -7.143749606327320e-06 2.189569246084691e-05 -4.185918075475374e-06
6.679527872615072e-05 -1.011685117950367e-05 2.258579522218573e-05 -4.743340372978727e-06
6.679551543280668e-05 -4.170267631998757e-06 2.216474545791339e-05 -3.059785303216626e-06
6.401991225471446e-05 -7.142945560769715e-06 2.175316019042016e-05 -3.883545409210335e-06
6.124297790867578e-05 -1.010637823261812e-05 1.997893291861438e-05 -5.733504671046184e-06
6.124113217398781e-05 -4.174686762758064e-06 2.044926767068225e-05 -2.022945520130973e-06
5.846706124062683e-05 -7.137932587408034e-06 1.873646062367989e-05 -3.842421375510467e-06
5.570714333953219e-05 -1.008153634214952e-05 1.853641253119685e-05 -3.328053848939057e-06
5.571003410365975e-05 -4.193105302294348e-06 1.798173217954787e-05 -3.144111758379146e-06
5.296308083758711e-05 -7.137771746397379e-06 1.776580585427954e-05 -2.946800654355776e-06
5.023577763914206e-05 -1.004711123428725e-05 1.619854461564590e-05 -5.013559918014433e-06
5.023824453129445e-05 -4.230347479279820e-06 1.691853020149860e-05 -2.566165805481102e-06
4.752082047469283e-05 -7.140477361159549e-06 1.520166952920826e-05 -4.545754576425065e-06
4.483849542168507e-05 -9.993896035178161e-06 1.480377917593243e-05 -6.265824566747525e-06
4.483565276916796e-05 -4.282986766079964e-06 1.450953953169356e-05 -2.347411126951887e-06
4.217254015943739e-05 -7.136092627700305e-06 1.480536893758563e-05 -3.918351407651073e-06
3.953625610741605e-05 -9.944493529366790e-06 1.405890172242872e-05 -4.347912122232731e-06
3.953980661564422e-05 -4.327486717405414e-06 1.557854308414702e-05 -4.021082861121350e-06
3.692061866159310e-05 -7.137461113896064e-06 1.409707406140121e-05 -4.638472253584131e-06
3.435105109895852e-05 -9.874377854264012e-06 1.376941044569526e-05 -6.127939340248260e-06
3.434850310986645e-05 -4.393862861484678e-06 1.177616677741885e-05 -2.644809285704883e-06
3.180759006178749e-05 -7.131701686052664e-06 1.165536221293634e-05 -3.448267307016091e-06
2.932129251246602e-05 -9.780298262546227e-06 1.066625558894502e-05 -4.317808639548872e-06
2.931870811223880e-05 -4.479963299669191e-06 1.172697881750312e-05 -3.518015730996310e-06
2.685655644903110e-05 -7.127677323921885e-06 1.082559475263557e-05 -3.757281018886465e-06
2.445460334525650e-05 -9.671772976567940e-06 1.064151592536760e-05 -3.447019686584684e-06
2.445439257569872e-05 -4.586109853794221e-06 9.335196741648390e-06 -5.021321544860704e-06
2.217885751751992e-05 -7.130497619505467e-06 9.569859157199026e-06 -3.994328795116110e-06
1.997488270318749e-05 -9.554654568824692e-06 8.697493848522406e-06 -4.795249355516089e-06
1.997824681018620e-05 -4.713096930825057e-06 1.137727099067432e-05 -3.348968702007157e-06
1.834754089239470e-05 -7.308234880008429e-06 8.824470000215752e-06 -4.634831306863626e-06
1.675391527562789e-05 -9.437996095298306e-06 8.566901160960663e-06 -5.279986449650709e-06
1.674748081782731e-05 -4.821085129862558e-06 6.299806103613913e-06 -5.514215533979900e-06
1.451050776548303e-05 -9.337282350846605e-06 7.242683197329598e-06 -4.577346913514537e-06
1.491642620082693e-05 -7.889383980358757e-06 6.625128711574559e-06 -3.245314674134312e-06
1.450881998827177e-05 -4.885789259094993e-06 6.182870739802942e-06 -2.325282321830424e-06
1.294168063247776e-05 -4.962665991820337e-06 6.884443221004588e-06 -6.083477233950231e-06
-1.672310088976579e-06 -2.193283104102494e-07 -3.440104650590644e-05 1.820808431225100e-05
-1.714634446599428e-06 -5.909741744914949e-08 -3.207088365637839e-05 9.292787648288161e-05
-1.680184484855966e-06 1.460740504337713e-07 -2.255566330211217e-06 -9.178933252798740e-05
-1.646236913353929e-06 2.367547758679732e-07 6.478321051692953e-08 2.933454074645340e-06
1.293512659354745e-05 -9.264562615766126e-06 7.646511450924604e-06 -3.214802032177976e-06
1.155842639207347e-05 -9.125145262678939e-06 6.694406971284036e-06 -2.198273617526445e-06
1.259601349620858e-05 -6.577101613118198e-06 4.989992916057958e-06 -2.023470019221224e-06
1.153368108425738e-05 -4.927413590505996e-06 7.360687208234154e-06 -8.210005872358324e-06
-1.545369708027946e-06 -2.969276000387188e-07 -1.121029744472626e-05 -2.575933257092630e-05
-1.477162549620373e-06 5.370041565269048e-08 -4.239630089467564e-07 -1.298506211913203e-05
-1.559143027883658e-06 2.739624917614011e-07 3.833361682125604e-05 5.096371926932725e-05
1.110408363477269e-05 -7.808518464936318e-06 5.517873824685550e-06 -2.450351869462738e-06
1.024298006394310e-05 -8.816897570472667e-06 6.089677917665350e-06 -1.115152114825748e-06
9.018761124320265e-06 -8.387702974643062e-06 6.991069867351364e-06 -3.124330183606496e-06
1.069223451651385e-05 -6.065451502284805e-06 7.397482312072288e-06 -5.367619364999848e-06
1.024565190701848e-05 -4.678813486397901e-06 3.270281808976105e-06 -1.857403453678204e-07
-1.034681840558087e-06 -2.499815972483429e-07 2.451643337643429e-06 8.967224402611829e-06
-1.030487642067993e-06 2.854914835112000e-07 -5.094296192355583e-06 4.555620046214786e-06
-7.801261223037805e-07 9.352180040466276e-09 -1.193628569593287e-05 -2.923721533850324e-05
7.897620449904789e-06 -7.817065531214901e-06 6.760066776761385e-06 -4.332091760939250e-06
8.839456513313699e-06 -7.085982942401863e-06 7.138115651773473e-06 -5.859435008323510e-06
9.258328596879831e-06 -5.511705574358248e-06 6.994227911500627e-06 -7.116540968852216e-07
9.085010851265079e-06 -4.246998279398642e-06 8.563353387218430e-06 -4.479022600728577e-06
-4.483778574454358e-07 -3.025929153230245e-07 5.426736970722838e-06 2.147643095301122e-05
-4.455724859314690e-07 3.378559705188720e-07 3.117581306638346e-06 1.877525236488201e-05
-1.054850836692321e-07 1.184414330130070e-08 -4.109352686432374e-07 -4.506424484676214e-05
6.876128153180057e-06 -7.163860719262305e-06 5.117202968419427e-06 -1.636659119676923e-06
5.981230783141236e-06 -6.423677163536413e-06 4.057447693062808e-06 -9.489855158169164e-07
7.829802241545046e-06 -5.282757048976101e-06 6.024579179274139e-06 -5.682257346967140e-06
8.065052126728169e-06 -3.654844871146333e-06 -8.827061722454903e-07 -2.003852403109946e-06
3.080291089574314e-07 -4.052440560289516e-07 2.632167838340113e-06 1.773232177339578e-05
3.085947804677879e-07 4.591529417284451e-07 -3.202296953380421e-06 1.971940840475428e-05
6.207151822995066e-06 -5.339580197720230e-06 4.575892574097886e-06 -2.431440192246267e-06
5.221177560812466e-06 -5.598435557264973e-06 3.820054918437943e-06 -2.196586678211505e-06
6.573574000396991e-06 -4.176318184563586e-06 5.356598517461324e-06 -1.089815246233840e-06
7.196470204469672e-06 -2.942912600951251e-06 3.462022424428321e-06 -1.846330757496302e-06
7.525167722457707e-07 1.826513264207868e-09 -4.024786253764852e-07 -1.793077023066553e-05
1.283765460073452e-06 -5.604535265779589e-07 3.070318476345305e-06 1.966288399086706e-06
1.279496069872356e-06 6.066789700122035e-07 -2.440494152302518e-06 -2.394871804284696e-06
4.569795653570581e-06 -4.733552150043695e-06 3.235298781489159e-06 -4.511634035929562e-06
4.080050952747089e-06 -3.876290049858335e-06 1.627922752909821e-06 -3.366848898852004e-06
3.727033263129007e-06 -2.985958340916134e-06 5.575157188821397e-06 -2.034803510553251e-06
5.835435412445614e-06 -3.163541509781854e-06 4.838790487741448e-06 -3.230133254785254e-06
6.529329551788459e-06 -2.186557762761260e-06 6.604309188723700e-06 2.096203318597621e-07
1.693977776549440e-06 2.829550897776729e-08 5.081025516043558e-06 6.847439101999103e-06
2.201067550717194e-06 -7.240012014164117e-07 -1.028585152283081e-05 -1.963197690824018e-06
2.208236306532649e-06 7.720809527606114e-07 -9.057111891569302e-07 -4.310058591555865e-07
4.556433743102428e-06 -2.976066622115030e-06 1.118207011846605e-06 -3.356190302194314e-06
3.476815257573704e-06 -2.099418911571865e-06 7.926148794148648e-06 -8.884636213626090e-07
3.023443231953821e-06 -8.411108061883806e-07 7.564912999695596e-06 -4.850248748626771e-06
3.269822563960036e-06 -9.823956155241374e-07 -9.185211112335148e-07 2.965747192531086e-06
3.383736007600444e-06 -1.268043973810724e-06 -5.090005452026582e-06 6.608518320459039e-06
5.329425823808120e-06 -2.079468457348222e-06 9.745589042138080e-07 -4.245414286684738e-06
6.027747656887444e-06 -1.413407001594729e-06 6.420283432321604e-06 1.941574150666091e-06
2.672849181593010e-06 -9.719686722478046e-08 6.955187095280068e-06 4.123057498687224e-06
3.088924998503271e-06 8.821136016513684e-07 5.260864493219493e-06 -6.723481726065715e-06
4.042657643406533e-06 -1.506668073551976e-06 5.779477572274199e-06 -2.278053667210149e-06
3.298848995954080e-06 -4.384782670881384e-07 5.737993728144195e-06 -3.362924709654676e-06
3.579461164807832e-06 -8.868026238929835e-07 -4.070294292732582e-06 5.116092818571116e-06
4.984465811112334e-06 -1.176313939644570e-06 5.141103165065477e-06 -3.548070820882521e-06
5.697244494643239e-06 -6.670424082208836e-07 3.690341724380555e-06 1.232470032487359e-06
3.348083994219181e-06 3.931331046267524e-07 4.022839320131450e-06 -8.674068353800717e-07
3.341744551896487e-06 1.010372962477058e-06 -1.130576717222092e-06 -1.786513903461429e-07
4.246041051255071e-06 -2.387418997578298e-07 4.367993978931279e-06 4.436236620438808e-07
5.561603697557396e-06 5.935623364493195e-08 -1.370386003058860e-06 -3.373628872936530e-06
5.555212814639976e-06 7.392245353022332e-07 7.731938592477104e-06 3.734197782751965e-06
3.867152520647053e-06 8.605348456172612e-07 2.283648107479753e-06 7.100122825381515e-06
3.501156361260751e-06 1.264064414420003e-06 -7.326228443856371e-06 2.893964299218586e-06
3.710446472887972e-06 1.912976435927692e-06 -1.217420226465118e-05 -7.050395021184862e-07
4.902129814885144e-06 8.483766627238953e-07 3.703622248072682e-06 4.463930600398006e-06
3.991947275416375e-06 2.500007163685820e-06 -2.166430454298621e-06 5.682355281134360e-06
5.684714394392697e-06 1.400926300881472e-06 1.346223872491266e-05 -2.073110702991436e-06
4.329412188113678e-06 1.947066124099350e-06 4.713626421611938e-06 -4.251194738620232e-06
5.169214558302827e-06 2.003811457584532e-06 3.095178066414366e-07 5.641995053042805e-07
4.316648479089701e-06 3.045167519498798e-06 1.424871646222124e-05 1.227603545664922e-05
5.908633269279371e-06 1.995455694286864e-06 1.156701769924202e-05 1.019046732944851e-05
5.652254283506868e-06 2.550686649778226e-06 1.229847507921280e-06 5.097696130290121e-06
5.138131431433828e-06 2.871290709441809e-06 2.261027948878386e-06 -5.807312142802351e-06
4.707386400572475e-06 3.533333608650080e-06 -3.619710654479721e-06 9.554866357069715e-06
5.107509515324579e-06 3.906840212785051e-06 2.391820233688491e-06 7.721397625338726e-06
6.207988470966429e-06 2.520562901996302e-06 8.016587493296084e-06 4.939922071153804e-06
5.944259246415092e-06 3.105009976624578e-06 2.419841340825958e-06 -2.035317834674302e-06
5.660002685548065e-06 3.736285747820723e-06 7.368070632342229e-06 2.572312619993612e-06
5.541872688150339e-06 4.250117199566600e-06 1.040882593310876e-05 2.368127248113977e-06
6.558882185378685e-06 2.950239260111203e-06 1.886198027232788e-05 4.652665605349348e-06
6.424294548345533e-06 3.729145653844148e-06 2.711068677553891e-06 3.873722661157094e-06
5.981775319831427e-06 4.548070772452605e-06 3.109199214089418e-06 8.533850867880023e-07
6.437706736479097e-06 4.761723464881061e-06 6.312709979320534e-06 5.290430029835192e-06
6.907215068338565e-06 4.917372070727668e-06 8.054666804171907e-06 4.200437566566218e-06
6.948619359385243e-06 3.883456313098387e-06 2.457123755995788e-06 3.510213529198958e-06
6.948950922352342e-06 3.280278893586567e-06 6.965555516285292e-06 6.863193444812556e-06
6.852859425446923e-06 4.452490491502524e-06 6.363102241570855e-06 3.878919422114542e-06
7.361355895415284e-06 5.032948856877571e-06 5.931544114135858e-06 4.365406083481771e-06
7.818409233000430e-06 5.084359191413436e-06 3.837605178984879e-06 7.076276735720145e-06
7.354465672486463e-06 4.014999024507635e-06 6.564610632671879e-06 2.223260655511351e-06
7.386700900871684e-06 3.521580965217645e-06 6.087429712907103e-06 3.850405018230080e-06
8.276294415747883e-06 5.075739306800275e-06 7.639937280850068e-06 7.777075349334836e-06
7.786866440296862e-06 4.452254335682363e-06 6.467052836126121e-06 3.557558383082867e-06
7.834751955585553e-06 3.682047313520756e-06 7.395440751694285e-06 3.231920365879625e-06
8.368147987052803e-06 4.514747446696179e-06 9.238951323065366e-06 5.092043726700198e-06
8.722155480753933e-06 5.046257364799006e-06 8.162017412897368e-06 2.524469342469829e-06
8.271861509030754e-06 3.749137152168554e-06 7.416953363016861e-06 6.105148909255090e-06
9.328411844499587e-06 5.022115203120218e-06 9.957198165424809e-06 6.765081665229179e-06
8.863513564004741e-06 4.200770519777209e-06 7.069905884801898e-06 1.608418239477475e-06
8.724921345584778e-06 3.779123621506383e-06 7.148877307178522e-06 3.408992274779685e-06
1.011616211933648e-05 4.958883220716518e-06 9.021652884057571e-06 4.370429844560436e-06
9.741810507347082e-06 4.361249103960662e-06 1.004453609077819e-05 5.068596719348799e-06
9.334027375842977e-06 3.814503656636069e-06 7.607820464608790e-06 3.368558261497055e-06
1.105654017426081e-05 4.918321437761139e-06 1.263320256119802e-05 5.960222429966518e-06
1.059784671170821e-05 4.410577115720501e-06 1.037310127268098e-05 2.890255098166671e-06
1.011197792561075e-05 3.860793699641707e-06 1.011352392637107e-05 3.855141894919106e-06
1.197913512878580e-05 4.899340862221113e-06 1.282562124650192e-05 5.195878751934272e-06
1.152679778705069e-05 4.413341150688944e-06 1.206121532230960e-05 5.518333470496829e-06
1.105701488842834e-05 3.905150797047272e-06 9.160959923533831e-06 1.578158220536633e-06
1.284427982846192e-05 4.872098764815813e-06 1.792009219854671e-05 5.651110540338863e-06
1.241961787896294e-05 4.413093250714143e-06 1.593737847634235e-05 3.483931993873028e-06
1.197995861658221e-05 3.929342283154543e-06 1.535322051046335e-05 4.350263722140670e-06
1.367579973610971e-05 4.845405713921337e-06 1.776167907965557e-05 7.311311011366788e-06
1.326571158259381e-05 4.410764881114073e-06 1.772375811756338e-05 4.665321238677729e-06
1.284415075874957e-05 3.951426098050728e-06 1.664994441592486e-05 2.850374898434361e-06
1.447759672730953e-05 4.828306924461798e-06 2.306960836950153e-05 4.497943901746098e-06
1.408264716755476e-05 4.408191284839558e-06 1.991131551959001e-05 3.416970925611061e-06
1.367701607590952e-05 3.972512344825708e-06 1.890036454096564e-05 9.065018088475687e-07
1.524874198166919e-05 4.822527440275892e-06 2.586719121644972e-05 3.276344706784285e-06
1.486509501621821e-05 4.411291009963963e-06 2.543272475385891e-05 3.984741784850373e-06
1.447561376289751e-05 3.989918031110155e-06 2.178243425070303e-05 2.582692043280470e-06
1.600148542743526e-05 4.804571114489924e-06 2.840610761600393e-05 8.451688817267338e-06
1.563115091851235e-05 4.411689905627696e-06 2.611801196296473e-05 3.914021036814417e-06
1.524992817469360e-05 4.002403636402656e-06 2.687854129197553e-05 4.281908865023856e-06
1.673591623264890e-05 4.807859330100562e-06 3.045024937958768e-05 4.913042457668207e-06
1.636726142691162e-05 4.410519052823638e-06 3.010538949544574e-05 5.035857820510201e-06
1.600106623924686e-05 4.016980345085300e-06 2.748753988478215e-05 1.682223977660403e-06
1.748129345127344e-05 4.814570514100588e-06 3.254259979177456e-05 4.099585294263712e-06
1.710634866787314e-05 4.412469958863116e-06 3.130271969120592e-05 4.285214966693894e-06
1.673491184674332e-05 4.013750879276766e-06 3.068185083354168e-05 3.997143952375425e-06
1.908470218690780e-05 4.753217649359729e-06 3.741176423862075e-05 5.015034856760945e-06
1.898197913663153e-05 4.796832785649816e-06 3.731560050076983e-05 4.989524052295562e-06
1.782263149126840e-05 4.409666848415565e-06 3.461941732299839e-05 3.447736330926836e-06
1.824546384915377e-05 4.811851309941512e-06 3.627156107032063e-05 3.901886356970357e-06
1.748324435829100e-05 4.008768318040874e-06 3.343712276824994e-05 3.375359208169009e-06
1.912714736712555e-05 4.649022943922751e-06 3.745784435299271e-05 5.015135692472907e-06
1.888652214491762e-05 4.406398482952212e-06 3.689146825899733e-05 4.727171617546921e-06
1.824603325838823e-05 4.002991379949725e-06 3.552596772281813e-05 3.746501912843575e-06
1.912775866146878e-05 4.163599101283783e-06 3.724914359485733e-05 4.630900086227110e-06
1.898257186474514e-05 4.015703609503549e-06 3.689501936127925e-05 4.407178315173781e-06
1.908533421576887e-05 4.059333590292981e-06 3.713596861530130e-05 4.466985564698125e-06
