-1.274762819254899e-04 1.735053854992539e-05 2.552827753765862e-05 -2.945248099082564e-06
-1.279887969281425e-04 1.611269928737422e-05 2.569952650314074e-05 -2.395943813072090e-06
-1.279899713371542e-04 1.027923154413449e-05 2.591946947279584e-05 -1.420036345606605e-07
-1.274776317223190e-04 9.041954888218659e-06 2.576813331231197e-05 4.041432925859212e-07
-1.262389027270771e-04 1.786344333796082e-05 2.509789849753011e-05 -3.207865973707446e-06
-1.239182997396192e-04 1.319724228345777e-05 2.450851279515740e-05 -1.389610477005426e-06
-1.262406309512051e-04 8.529404768065329e-06 2.535714309627774e-05 6.599644538312432e-07
-1.175183512791013e-04 1.787149677951384e-05 2.173905685078519e-05 -3.920392119110408e-06
-1.175211476066681e-04 8.531978737142197e-06 2.193764696840264e-05 8.062207695779355e-07
-1.126998872391137e-04 1.320362847630932e-05 2.128520865681811e-05 -1.527051587370074e-06
-1.087958693501330e-04 1.786299437803629e-05 2.196804956004366e-05 -1.496679431147818e-06
-1.087935941951656e-04 8.540905591437650e-06 2.160388063445177e-05 -8.577787031965164e-07
-1.044411035037888e-04 1.319904245792807e-05 2.158142911611174e-05 -1.048075730046688e-06
-1.000992497444721e-04 1.783978028605997e-05 1.981290871556272e-05 -2.601583150639167e-06
-1.000984549856604e-04 8.553700779819137e-06 1.952307339596766e-05 6.447731137793965e-07
-9.576484366198713e-05 1.319483339709918e-05 1.778006886151984e-05 -1.185465897166923e-06
-9.145352609959816e-05 1.780485748114954e-05 1.688209597536320e-05 -3.354312184472315e-06
-9.145512174432031e-05 8.585745850642974e-06 1.639657220037182e-05 9.844352718751775e-07
-8.715506574887328e-05 1.319688892438940e-05 1.675073886969048e-05 -1.249011964233407e-06
-8.287804861249909e-05 1.776991498675916e-05 1.628866633216697e-05 -4.587983406856830e-06
-8.288315184974202e-05 8.631808141086012e-06 1.624155860187730e-05 1.839967413226870e-06
-7.861826520791123e-05 1.320499459821217e-05 1.562273397020743e-05 -1.601657099765313e-06
-7.439352861360508e-05 1.771466463004069e-05 1.556100021742886e-05 -1.927660085865408e-06
-7.439330762099034e-05 8.695315071670152e-06 1.452447205226595e-05 -7.793927475254232e-07
-7.019077993254555e-05 1.320393048729566e-05 1.311852837803196e-05 -9.266738529382084e-07
-6.604010881244316e-05 1.763370063355981e-05 1.070356044342278e-05 -1.798530281639407e-07
-6.603878813865698e-05 8.770329965451740e-06 1.148422133700625e-05 -2.519073982054401e-06
-6.191577792837617e-05 1.320160826744434e-05 1.003193054149711e-05 -1.744892378818909e-06
-5.784990779173568e-05 1.753816099618794e-05 1.042931568076744e-05 -7.127384024743174e-07
-5.785074309809370e-05 8.868475558245810e-06 9.666274855789569e-06 -2.144930398601691e-06
-5.381332360171519e-05 1.320464810621222e-05 1.018582298073459e-05 -8.902547778079010e-07
-4.984695140298056e-05 1.742476189647657e-05 8.153870432296397e-06 -2.786405321094937e-06
-4.985075451040309e-05 8.991338725911770e-06 8.651869284978958e-06 2.470379279757773e-07
-4.592477347492577e-05 1.320953940850910e-05 6.683098250090959e-06 -1.364935641362850e-06
-4.208864392825491e-05 1.728726936210191e-05 6.354545394122079e-06 -2.468025675484125e-06
-4.208322662141836e-05 9.127101372195307e-06 6.927874067165090e-06 -1.282760077913684e-06
-3.844213930103126e-05 1.320474506931554e-05 6.894946025902080e-06 -1.457818955001232e-06
-3.488823713599030e-05 1.713195478320878e-05 5.822438827805168e-06 -3.651347081014372e-06
-3.489374299863434e-05 9.294088325251131e-06 5.636916954002821e-06 6.874955021106547e-07
-3.225610419229001e-05 1.350882678125553e-05 5.107445441642898e-06 -2.288656843294849e-06
-2.966580148918482e-05 1.697928428174166e-05 5.893289799910400e-06 -1.957916573119647e-06
-2.965482944827354e-05 9.452583644541481e-06 5.222036524046312e-06 -5.656056093771196e-07
-2.599728639406393e-05 1.684897094563640e-05 4.608176839017392e-06 -2.363223196275464e-06
-2.667423391354634e-05 1.446242335519353e-05 5.303013533725842e-06 -6.682292165066309e-07
-2.599693753474454e-05 9.551309317768794e-06 2.970025267158708e-06 1.026755660828843e-07
-2.340540333639656e-05 9.659824206437580e-06 1.554859996195822e-06 -1.307384636072154e-06
3.389126289013364e-06 8.551040712072778e-07 1.739986614484647e-05 -5.467349548844525e-05
3.433862632446238e-06 6.520693565197730e-07 2.011884953181372e-05 -9.505173545418790e-05
3.431055294149976e-06 8.278551903302300e-08 8.759783094658201e-06 4.959529199907752e-05
3.398028791634903e-06 -7.397056987212735e-08 -1.911774501464529e-05 -9.396964675956979e-06
-2.338675747845327e-05 1.675329999214358e-05 7.467487311512022e-07 -1.607952038311358e-06
-2.111721157126407e-05 1.653447856205550e-05 2.058823956151520e-06 -3.228173497552546e-07
-2.284316704402370e-05 1.232723657077886e-05 8.866153646804399e-07 -5.909980299018491e-08
-2.108681207474012e-05 9.580257783878011e-06 2.350587541997188e-06 -2.992607075425171e-06
3.255040553001253e-06 9.484573108528483e-07 -4.463640924297347e-05 -4.074228256913888e-06
2.941518330921159e-06 3.877270974734659e-07 3.480639164424723e-05 4.583081640310427e-05
3.287379855462792e-06 -1.432159578453944e-07 -6.469607619018057e-05 -5.035553825152322e-05
-2.037122531264986e-05 1.437080465244863e-05 1.967469889571392e-06 -7.351747775957308e-07
-1.892920574786548e-05 1.604504760823167e-05 2.530099110417331e-06 1.941384218737928e-07
-1.687069744339915e-05 1.535595277886266e-05 2.718624231121383e-06 -8.038737269728425e-07
-1.969075009750334e-05 1.147196368656746e-05 2.923133712588280e-06 -2.570883548555005e-06
-1.893533933632172e-05 9.145102325181143e-06 4.076615083331235e-06 -2.615507635995311e-06
2.151955229126273e-06 9.273946772318396e-07 -2.403763004953506e-05 -2.080266671420024e-05
2.123020807329610e-06 -1.550536445722352e-07 6.235585619611073e-06 -1.373471445753829e-05
1.564912301250966e-06 3.934368605785605e-07 1.583473829685748e-05 1.550585875763544e-05
-1.496762040559511e-05 1.443080255667563e-05 2.855546214513969e-06 -1.646521991089412e-06
-1.657669461641358e-05 1.319091983306161e-05 2.349729580237337e-06 -3.238881118612199e-06
-1.727615282043412e-05 1.053734078966719e-05 2.409837999890204e-06 -3.267504482363602e-06
-1.697890053230395e-05 8.388276396064651e-06 1.089667971585011e-06 2.679782711670630e-08
9.554393961733683e-07 1.019660974992773e-06 1.838527765667427e-06 -3.386562509476653e-06
9.622070296692563e-07 -2.889466059917795e-07 -1.657991193349873e-05 -5.463508235365652e-07
2.532626050511542e-07 4.191166476566382e-07 9.547708915820951e-06 4.477693070410376e-06
-1.321330051650694e-05 1.333520548694308e-05 2.283644446446017e-06 -1.371905408175451e-06
-1.166969629923078e-05 1.210247840058496e-05 -1.234149448602452e-07 -1.010268945263474e-06
-1.485041096661008e-05 1.013595817419942e-05 6.410051288964501e-07 -1.247273100166630e-06
-1.526256187142634e-05 7.339072099086709e-06 -8.118761650889090e-07 7.759354840174067e-08
-5.423579946798082e-07 1.236554524062840e-06 -8.436642804198144e-06 8.624020676689244e-07
-5.606088398501282e-07 -5.127470050606375e-07 4.199198824874925e-06 2.602968859031619e-06
-1.206497281066970e-05 1.025714264611135e-05 7.112892049994431e-07 -4.053622430454365e-08
-1.033162169313852e-05 1.071878854494610e-05 -1.692298829485067e-06 -9.007138018738809e-07
-1.270965740645423e-05 8.237381979399352e-06 2.018927879695845e-06 3.328581253906480e-07
-1.382512369812020e-05 6.082331912528869e-06 -1.110529327651365e-07 -2.884205263924908e-06
-1.424507130082226e-06 4.052082101065365e-07 1.134779600724558e-06 -4.321776018330971e-06
-2.492699728825061e-06 1.543205105516697e-06 5.698147816348492e-06 5.525443990611701e-06
-2.474600353410195e-06 -8.290731861532920e-07 -6.549009923609372e-06 9.298516042793446e-06
-9.169586736506809e-06 9.235158656444997e-06 -2.124415446564614e-06 -6.143520373947152e-07
-8.243825936711518e-06 7.718290373163112e-06 8.868127254550078e-07 -1.253753420201304e-07
-7.539602370505060e-06 6.133634410836731e-06 1.949478484938878e-06 -4.375518712258671e-07
-1.140471416198781e-05 6.464016158197394e-06 7.682127246569570e-07 -3.781531477492705e-07
-1.268602525169997e-05 4.693445996988915e-06 9.577671584072137e-07 -2.485782836653416e-06
-3.318250699117505e-06 3.639118364991210e-07 -1.354399996462618e-06 6.019386100774144e-06
-4.340750456527730e-06 1.876545187432127e-06 -2.977172842768888e-06 -7.888358610456575e-06
-4.337382107333694e-06 -1.135727630833851e-06 6.606967956288027e-06 -1.173330034381203e-05
-9.097642961492954e-06 6.119733200032497e-06 1.116488045550072e-06 -1.993072749081367e-07
-7.020104730444409e-06 4.539532246229197e-06 6.066342159324760e-07 -4.871469089665454e-06
-6.020705816742568e-06 2.130808584248389e-06 -8.493115640707640e-07 3.681682653541210e-06
-6.497653766467575e-06 2.392246388369394e-06 -2.186752022055926e-06 7.631727138195586e-06
-6.738357272926032e-06 2.938955923638362e-06 -4.418891742981775e-06 6.530456227006732e-06
-1.050529501764179e-05 4.494445637341452e-06 -2.362921264441223e-07 -1.712936185469519e-06
-1.183403831951232e-05 3.240546806150460e-06 4.521105485821243e-06 4.477760962768631e-06
-5.272272198411722e-06 5.879635862506292e-07 1.107880022079291e-07 2.739304640561946e-06
-6.070224617340637e-06 -1.353631225434284e-06 -4.859413299604212e-06 6.140004128869482e-06
-8.106059490276009e-06 3.418416098359849e-06 3.893177428173558e-06 -1.298916837659872e-06
-6.548569529757880e-06 1.325227534756551e-06 3.517264166261244e-06 4.840787457924201e-06
-7.115396172521520e-06 2.197406447033752e-06 -1.468313066499107e-06 7.390861447326637e-06
-9.878833000813111e-06 2.792379511534359e-06 2.173529841566839e-06 -3.779139437379342e-06
-1.129157956523586e-05 1.780122244365050e-06 5.922788891804111e-06 3.895992559802065e-06
-6.605285490336054e-06 -3.699872282667477e-07 3.848658683133121e-06 2.023891398647517e-06
-6.565123723400053e-06 -1.611140937508319e-06 -6.563482515664318e-06 7.652770447045264e-06
-8.442114622177821e-06 9.506048152778355e-07 -4.731317181029865e-07 -8.173862857317161e-06
-1.109101387487072e-05 3.463205889452777e-07 1.930304158022789e-07 5.835099452429083e-06
-1.117601134663085e-05 -1.047601707118684e-06 -9.904272766457054e-07 1.093042282644234e-06
-7.621470781523872e-06 -1.294639105427443e-06 3.129406767810439e-06 -1.611787456943777e-06
-6.861938753430880e-06 -2.146420569590250e-06 -1.070123234006246e-05 6.866447197965152e-06
-7.223443465781088e-06 -3.582029573326636e-06 -8.336636985962025e-06 2.336216864291053e-07
-9.801881228011942e-06 -1.241277697531972e-06 -8.650945316792226e-08 -3.758075545384136e-06
-7.753484496440885e-06 -4.954251577839816e-06 -6.266008491204931e-07 -1.185419768814764e-06
-1.155144445952595e-05 -2.441585150990605e-06 3.529015856635759e-06 2.583660020447660e-06
-8.531298765146651e-06 -3.637309468614892e-06 3.185756269244740e-06 -2.982407012479962e-06
-1.045038823886767e-05 -3.745979541369568e-06 1.060748145976617e-06 4.336344116211909e-07
-8.451676945473915e-06 -6.260568711560377e-06 3.875975813766245e-06 3.316865707673073e-07
-1.218243124235319e-05 -3.757688386230036e-06 4.509739146091720e-06 5.991719766049351e-07
-1.162717087524761e-05 -5.031008709593459e-06 1.041423058256801e-06 -1.625281423917499e-07
-1.034216193701241e-05 -5.820809807502594e-06 -2.552981963470182e-06 3.027502968657670e-07
-9.286125197798813e-06 -7.469329812842305e-06 -2.609670801292828e-06 5.537095365324747e-07
-1.024879182370867e-05 -8.575797927065348e-06 1.566970816226195e-07 2.064715405190164e-06
-1.302961426976757e-05 -4.959389845161845e-06 3.449491543159325e-06 -9.820885436972605e-07
-1.239255371306318e-05 -6.434019814026101e-06 1.918315264158678e-06 1.587900314248675e-06
-1.164583885487558e-05 -8.131985296759077e-06 2.247592578806158e-06 1.680582341033139e-06
-1.133136140413138e-05 -9.568505469824390e-06 2.628035698964454e-06 1.232874674208404e-06
-1.406665262422149e-05 -5.997006209796399e-06 9.502763155345054e-07 1.831127710682837e-06
-1.374057967937573e-05 -8.114000829359224e-06 9.850932985545713e-07 -3.941160363064341e-07
-1.252025110563382e-05 -1.043202718205763e-05 -4.699723726129203e-07 3.155138301273229e-07
-1.380940101737881e-05 -1.115963196665710e-05 2.534679032011208e-07 1.541417148503826e-06
-1.516903084922247e-05 -1.172890901629991e-05 1.470148363577996e-06 1.508835502232161e-06
-1.528328314243460e-05 -8.568342619845477e-06 1.070848929297317e-06 5.705658847016543e-07
-1.527125300250698e-05 -6.839347000729422e-06 7.948460621743865e-08 2.494054342316602e-06
-1.498505151992985e-05 -1.026934469713468e-05 1.512695725036560e-06 2.981996057435445e-07
-1.658345660330497e-05 -1.213809157938351e-05 2.799450707641597e-06 1.198368799736729e-06
-1.802641408484952e-05 -1.238037462799208e-05 2.180302127215414e-06 1.284801401962950e-06
-1.650239644512428e-05 -8.955886590401692e-06 9.901433158904205e-07 1.140544068077683e-06
-1.661116755800926e-05 -7.468946623831917e-06 5.166857890269993e-07 2.350910256261175e-06
-1.948376289109403e-05 -1.245940169615732e-05 2.255944531006203e-06 1.462810957464314e-06
-1.786898771487960e-05 -1.032430278003535e-05 1.913293642976189e-06 1.736646752600312e-06
-1.802853569680226e-05 -7.856781250538165e-06 1.935463524262450e-06 8.798393262403894e-07
-1.980651142769480e-05 -1.054057086582601e-05 2.858951826483868e-06 1.160899253596353e-06
-2.108861926178743e-05 -1.245726646362246e-05 3.522996731846938e-06 7.541591310471095e-07
-1.948252216453711e-05 -7.989014801336366e-06 2.842621297078546e-06 -5.608662058525333e-08
-2.329523627034364e-05 -1.245522692237446e-05 1.686359501883176e-06 9.721913257626064e-07
-2.155388280800997e-05 -9.453431088593419e-06 2.664385288482470e-06 1.123837497275306e-06
-2.108612352336062e-05 -7.994883939596212e-06 2.463637858443436e-06 5.403335916286703e-07
-2.629689142938731e-05 -1.244572678779816e-05 2.729463956405686e-06 3.534936888772842e-06
-2.481566495131497e-05 -1.006124231873539e-05 1.796554777035792e-06 1.215302625167005e-06
-2.328779828650275e-05 -8.006317718506577e-06 2.519313461705806e-06 1.334520253417592e-06
-3.025517100427870e-05 -1.243307764216650e-05 5.609116752648949e-06 3.329471486771467e-06
-2.827998323624281e-05 -1.023146342251809e-05 4.500413832219844e-06 1.477044746054363e-06
-2.630388130531564e-05 -8.020430308060854e-06 3.074210800758367e-06 3.224111585824545e-07
-3.434979321924259e-05 -1.242806775203807e-05 2.644979146673752e-06 2.204070720716181e-06
-3.230496222470169e-05 -1.023641887671485e-05 4.226705437561906e-06 1.515536554777682e-06
-3.025087246748801e-05 -8.034394620106857e-06 4.494769472860247e-06 -8.492164512745995e-08
-3.842813658282201e-05 -1.242377403087763e-05 4.845518845905795e-06 8.418540613486810e-07
-3.639024343682541e-05 -1.024109752984258e-05 3.871381031131574e-06 7.494856425719815e-07
-3.434842223722570e-05 -8.049402547448068e-06 4.082923120694174e-06 4.624491922045161e-08
-4.250205760788132e-05 -1.242386346765751e-05 5.124594517581669e-06 1.397948885528766e-06
-4.046598103534348e-05 -1.024387572507373e-05 4.908617236387071e-06 1.948284179849990e-06
-3.842785797217982e-05 -8.061797246945800e-06 3.950543701091854e-06 2.407183146190942e-06
-4.657463104618473e-05 -1.242890811136610e-05 3.882307029671386e-06 -2.714352569401297e-07
-4.453673784875942e-05 -1.024412855952273e-05 5.080471691829267e-06 1.004549685087532e-06
-4.250219755088951e-05 -8.065013411640186e-06 5.701638316700796e-06 1.487944156694173e-06
-5.065600954307201e-05 -1.243029254610874e-05 4.721975865173842e-06 2.374930275948277e-06
-4.861428396207101e-05 -1.024305580149432e-05 3.376770352475966e-06 1.357485751818875e-06
-4.657410850288749e-05 -8.058514259800252e-06 3.629035979967406e-06 2.624071120571927e-06
-5.476575150692787e-05 -1.244861368005740e-05 5.251322823521507e-06 2.684926324988418e-06
-5.270498169723954e-05 -1.023995990567970e-05 5.586640839042061e-06 1.092632261948065e-06
-5.065913096133292e-05 -8.052012355877487e-06 4.978557571561153e-06 1.502081526419584e-07
-5.889139268834736e-05 -1.245882366797723e-05 3.260554350045434e-06 7.521117738803150e-07
-5.682566995413697e-05 -1.024588084732484e-05 4.223388099348429e-06 1.462466124147554e-06
-5.476085742078046e-05 -8.037448467675706e-06 5.003054581427053e-06 -2.219729189898570e-07
-6.302379630191294e-05 -1.244870700609636e-05 3.592775434639299e-06 6.464462233457649e-07
-6.096059420509555e-05 -1.024075792653312e-05 3.457255993701821e-06 1.523202201549743e-06
-5.889548497283543e-05 -8.028694087976904e-06 3.283428169055955e-06 2.311948766565701e-06
-7.188916587842973e-05 -1.222972152205269e-05 1.102424616103713e-06 -2.118859690778476e-06
-7.129927149337487e-05 -1.247350296647518e-05 2.287616491741012e-06 -2.273923499136109e-06
-6.487274530713059e-05 -1.024159336346774e-05 3.106050770681033e-06 1.422244933680185e-06
-6.715899855695633e-05 -1.246093816511802e-05 3.276389413554537e-06 2.036584026100077e-06
-6.302293558959605e-05 -8.032192995391038e-06 3.662522741897777e-06 2.261525567005635e-06
-7.213355077436589e-05 -1.164048015533720e-05 5.845303464563030e-07 -1.356904657647109e-06
-7.073649125747038e-05 -1.024837780918926e-05 3.789135150577203e-06 1.654041528732030e-06
-6.715671496248762e-05 -8.028626820016539e-06 3.181388500891431e-06 9.694631833455619e-07
-7.213387132274874e-05 -8.856209674041192e-06 5.838392019392698e-07 4.679335624143877e-06
-7.129893390207039e-05 -8.022187916170979e-06 2.257707871097073e-06 5.554473827309909e-06
-7.188931916658315e-05 -8.266298784136519e-06 1.093758075030901e-06 5.413562296604902e-06
