7.942426059277398e-05 -1.301966090574587e-05 -5.012806010272360e-06 -9.253928170401433e-07
7.968708571744391e-05 -1.238559649606633e-05 -4.921870024269320e-06 -9.503963537438167e-07
7.968723185789566e-05 -9.396312721582804e-06 -4.694829655591952e-06 -5.138540514855097e-07
7.942448761970274e-05 -8.762752378513138e-06 -4.761706216702351e-06 -5.745771917489352e-07
7.878981006731440e-05 -1.328217599916612e-05 -5.174816017264998e-06 -8.693089544674798e-07
7.760137264933354e-05 -1.089153605882478e-05 -5.447874396213571e-06 -9.158198189368167e-07
7.879030505957279e-05 -8.500534111058897e-06 -4.887288139135414e-06 -6.571699409872270e-07
7.433338042947513e-05 -1.328231862958353e-05 -4.960767602313958e-06 4.522870661855503e-07
7.433580281884062e-05 -8.508803029378761e-06 -4.752622662842718e-06 -2.912159036619581e-06
7.187471747660436e-05 -1.089892412729588e-05 -4.440029477250689e-06 -1.111842538322163e-06
6.986962879366593e-05 -1.329670014850583e-05 -3.612996496600177e-06 1.670692747764969e-06
6.987051011206598e-05 -8.503609584970329e-06 -4.380900267219103e-06 -2.620428017876394e-06
6.762475021319761e-05 -1.090008410477949e-05 -3.527710911775623e-06 -2.277051898873431e-07
6.537450891066615e-05 -1.330340514668092e-05 -3.503369071077079e-06 6.990525957825985e-07
6.537196470727764e-05 -8.491264017592121e-06 -3.226932700355829e-06 -1.508711660462481e-06
6.312075646315762e-05 -1.089418129772458e-05 -2.759902723818748e-06 -1.138814843409800e-06
6.086524348468331e-05 -1.330920219055971e-05 -2.446061124832335e-06 -1.276557032474582e-06
6.086495447732372e-05 -8.476386641161090e-06 -3.297919896377993e-06 -9.096542341232286e-07
5.860758270124998e-05 -1.089246070248184e-05 -2.099589216434771e-06 -9.574700022980330e-07
5.634203836150657e-05 -1.332596060606475e-05 -1.091587047138963e-06 -6.224179102080148e-07
5.634403646163392e-05 -8.462363729846186e-06 -2.267891084739937e-06 -5.530566058394635e-07
5.407251430272163e-05 -1.089573797176236e-05 -1.164716075724740e-06 -2.646365534863272e-07
5.178741059181853e-05 -1.334749708605771e-05 -1.827702815302403e-06 -1.316381072707614e-06
5.178747037710928e-05 -8.443741311622693e-06 -1.598045199989192e-06 -2.982022166405950e-07
4.949372419340146e-05 -1.089423704859919e-05 -1.687821734934437e-06 -1.018478629452721e-06
4.719495935485131e-05 -1.335368928479417e-05 -4.994275980260801e-07 -9.424243385427767e-07
4.719159035859278e-05 -8.426379620200865e-06 -9.891286874786805e-07 -9.369748497616327e-07
4.489610534381081e-05 -1.088580619803710e-05 2.798928514125305e-07 -5.363753647576574e-07
4.260180427421879e-05 -1.335016747947423e-05 -8.818565374427732e-08 -1.461114821394121e-06
4.259991040804601e-05 -8.415610653429330e-06 9.957696998062444e-08 2.367425774761087e-07
4.029967425651279e-05 -1.088172148873272e-05 -1.084729488217339e-06 -7.138089041945806e-07
3.797918131202251e-05 -1.336920946646047e-05 -1.053844607134460e-06 3.052235648281160e-08
3.798148680773144e-05 -8.396247803830343e-06 -9.026197090218705e-07 -1.332689871625962e-06
3.565499851436504e-05 -1.088312220169229e-05 8.457624546408515e-08 -4.799894149055083e-07
3.333436602734586e-05 -1.336484905838746e-05 1.568324880264419e-06 5.359787803702241e-07
3.333076677047315e-05 -8.394996577245973e-06 5.324127722373183e-07 -3.244524073873498e-07
3.110657538962502e-05 -1.087684956695588e-05 1.162252840740540e-06 1.792713082635670e-07
2.888050052808355e-05 -1.336109495976753e-05 -5.097569611798899e-07 -1.509660848826553e-06
2.887973067268282e-05 -8.389492158249896e-06 8.860138198616567e-07 2.168743148377903e-07
2.721095518022323e-05 -1.106837956437010e-05 -3.336710499985043e-07 -8.615857029928897e-07
2.550918388510120e-05 -1.335647540456517e-05 1.756035126791471e-07 -5.365652019043384e-07
2.550842484941586e-05 -8.388245297837362e-06 3.105071913427055e-07 -6.340823795955187e-07
2.305839139255633e-05 -1.335424625244935e-05 1.014512359928145e-06 -5.028908885507765e-07
2.353801906781121e-05 -1.171849820699902e-05 9.004096961290123e-07 -6.540279472994598e-07
2.305576109346040e-05 -8.384683459961048e-06 7.697973175075418e-07 -8.850538834681752e-07
2.127157348981477e-05 -8.382052897735807e-06 1.047575326380141e-06 -1.162464837479822e-06
-3.679818150540154e-06 2.404519999884841e-07 -2.688065992065861e-05 -4.762327920208387e-06
-3.730114825982567e-06 3.072839581797906e-07 -3.109886639070484e-05 9.308466323242289e-05
-3.693026609961506e-06 1.168421877080411e-06 3.679518885828124e-05 5.067017984605138e-06
-3.628318258803986e-06 1.265080477337253e-06 2.164644618287267e-05 -4.347326431355210e-06
2.127525749636263e-05 -1.335334180246271e-05 1.153545210557990e-06 -3.573938133301814e-07
1.965123565292337e-05 -1.325928840654749e-05 2.195959229916377e-06 2.838683396409855e-07
2.091278862759521e-05 -1.024606371760733e-05 1.093547667614921e-06 -7.826555337141963e-07
1.965153814080750e-05 -8.238328152641594e-06 1.452605215314722e-06 -1.057869125736649e-06
-3.562044733904658e-06 2.186927796232091e-07 1.764708968211404e-05 -5.670945095985949e-05
-3.174892564730475e-06 7.226207932452164e-07 -1.955012014246609e-05 -6.654349537778706e-06
-3.494435484576316e-06 1.297146468922603e-06 1.260431145065181e-05 -2.110943073553356e-05
1.913646629690515e-05 -1.172367885331131e-05 2.238874165807478e-06 -3.954806526821999e-08
1.804844807570403e-05 -1.298024236710329e-05 2.315288915888160e-06 2.778094484185623e-07
1.648710478318419e-05 -1.251997772204334e-05 1.229242625855755e-06 -3.949276026490158e-07
1.864648489559344e-05 -9.597860544979562e-06 1.787171734164054e-06 -6.571638716989343e-07
1.807957550806318e-05 -7.818695561427552e-06 9.388833548653515e-07 9.265552282636969e-08
-2.320428743667741e-06 1.561236722041224e-07 3.510852447909028e-07 2.197237317360175e-05
-2.337796738586311e-06 1.331746537607783e-06 1.468258285852598e-05 5.099523352099800e-06
-1.694190186505438e-06 7.033293290934032e-07 -1.232715072201289e-05 -2.618414975239423e-05
1.499183490569963e-05 -1.188542035503865e-05 3.199457143077153e-08 -9.909067634471351e-07
1.628195345670739e-05 -1.090639472041222e-05 9.589541804580482e-07 -4.939847035841116e-07
1.682197065568241e-05 -8.867271297370972e-06 2.660354514197607e-07 3.709060634498847e-08
1.660452540087869e-05 -7.136704987853757e-06 -3.215113093701819e-07 1.157272911468089e-06
-1.055778343268373e-06 4.715930295173289e-08 1.126714245678526e-05 4.405435437797647e-06
-1.051525390577402e-06 1.450820995733885e-06 -5.412827263009274e-07 6.279180459749187e-06
-2.994039828189588e-07 7.095868621686369e-07 -7.334516715933035e-06 1.358794079306512e-05
1.358054898547532e-05 -1.108905254527912e-05 -1.255594238452263e-06 -3.891213815853644e-07
1.227231306122164e-05 -1.013891858341876e-05 -2.481740340850065e-08 1.829715757604990e-07
1.492007050603941e-05 -8.541583006954381e-06 -6.872372711018297e-07 7.772257340606774e-07
1.527430758097367e-05 -6.210679227049511e-06 9.318143645501748e-07 3.094814697420412e-07
5.690627624546829e-07 -1.697980503267109e-07 1.816044733216613e-06 -1.303420448001965e-05
5.572620963604318e-07 1.672256653445241e-06 2.377763584051457e-06 -8.991185191803422e-06
1.260270186599091e-05 -8.651338830305341e-06 2.277749599129945e-07 3.640528760163090e-07
1.108216130588582e-05 -9.046227248508529e-06 -7.393607066860097e-08 2.776776504225263e-07
1.316008649233662e-05 -6.949000021265291e-06 1.295289042389504e-06 -7.292510012429454e-07
1.413098872990964e-05 -5.073810304084419e-06 2.069567602521340e-06 -7.719524708478563e-07
1.506021619225863e-06 7.449346031234081e-07 -6.089748578616961e-07 1.504220830987079e-05
2.640528497291223e-06 -5.266592389800539e-07 -3.828351032682125e-06 -2.911882275409259e-06
2.648714470253292e-06 2.020372497447243e-06 3.384309713035947e-06 -7.140090394089697e-06
1.002409783645277e-05 -7.825960843209617e-06 -4.011199719685542e-07 -1.500296530542262e-06
9.112759872675109e-06 -6.496949936453305e-06 -1.259151090505954e-06 -1.688961468100813e-07
8.362967090651342e-06 -5.073237645395988e-06 5.611158898317048e-09 5.039241085812273e-07
1.201789948768018e-05 -5.399130028711003e-06 6.404038668907520e-07 -7.445744655235930e-07
1.320012422743108e-05 -3.760678153705478e-06 6.154375515004198e-07 -1.125057680084929e-06
3.554706733205798e-06 7.444429913787895e-07 -1.218842787382482e-06 -6.572291405881674e-06
4.668995424608228e-06 -8.551532375479253e-07 -1.152762653865170e-06 5.862840571350687e-06
4.667390097160954e-06 2.382331186911924e-06 -3.321939986273748e-06 1.377359609130189e-06
9.877133856708534e-06 -5.080628403030435e-06 -1.380020704171483e-06 2.271734134264443e-07
7.782569196770993e-06 -3.570301829977347e-06 6.732933993284428e-07 -1.419546181995708e-06
6.524502351955894e-06 -1.160297450814903e-06 5.919711526919977e-06 5.228951306036237e-06
7.075948621720376e-06 -1.444793235595193e-06 2.075937222930683e-06 2.092552898316124e-06
7.384479170703568e-06 -2.008148607500885e-06 4.706091333326995e-07 -7.899841170203364e-07
1.120832970489867e-05 -3.563207474443137e-06 -5.847122532210567e-07 -9.102590285479331e-07
1.250887571541742e-05 -2.330067686630277e-06 -5.743372494648998e-07 5.604042321036954e-07
5.670940715138251e-06 5.074777314529792e-07 1.576932146925310e-06 -7.382262514267920e-07
6.491905208476180e-06 2.620409350716442e-06 2.977096317431478e-08 1.447048478112988e-06
8.823238637721478e-06 -2.506409158782112e-06 -8.027207781031293e-07 -2.580598424721855e-06
7.090969038283273e-06 -3.131217138671361e-07 8.494910786983871e-07 -2.320574493598557e-06
7.745859707371999e-06 -1.248130458684825e-06 -6.281078676871305e-07 -1.344380332125647e-06
1.061076985961444e-05 -1.880708449714882e-06 2.376926398784064e-07 1.810729822003881e-07
1.209612979311777e-05 -8.278879581394394e-07 -7.239300367232400e-07 1.408760776276854e-06
7.092713151465472e-06 1.527050187536945e-06 1.627075057599451e-06 -2.625125716175878e-06
6.990886707963260e-06 2.897383748223054e-06 1.601668304587426e-06 -5.340277261011353e-07
9.128301086622573e-06 3.880072161726593e-08 9.017416278234988e-07 -2.169122770992961e-06
1.197846441976042e-05 7.070796135060834e-07 -6.525385108763483e-08 1.510102351152045e-06
1.221503340082623e-05 2.257012517357529e-06 7.298919316806150e-07 3.349336578499157e-06
8.156789529061036e-06 2.517220117258063e-06 4.782798675972218e-07 -1.907233784891202e-06
7.273572108564228e-06 3.510211241282446e-06 1.495335871616807e-06 -2.892644399440737e-06
7.603322073074241e-06 5.237025796083718e-06 1.681490736672410e-06 -2.319408429917075e-06
1.063243443120746e-05 2.432662248348213e-06 3.693411732008561e-07 2.383603284754529e-06
8.135673387668735e-06 6.972193433308414e-06 2.110186355394477e-07 -8.596828011791035e-07
1.278508634496377e-05 3.838672832489386e-06 1.247362328581916e-06 2.687032894558780e-06
9.131992453711663e-06 5.277685056125876e-06 1.633289928400284e-07 -1.086052285496820e-06
1.145690383599916e-05 5.409823253309936e-06 7.213482682121639e-07 1.327737146261164e-06
8.910332709394834e-06 8.654122646311281e-06 -2.250149248030241e-06 -3.745725284268156e-08
1.368978245113826e-05 5.411584484118920e-06 8.869777514954800e-07 1.776151047542022e-06
1.300293166611101e-05 7.019733419963924e-06 5.493988148102328e-07 1.624837298181984e-06
1.130866671133117e-05 8.053187133326463e-06 -2.408804866162171e-07 7.132570057507166e-07
9.900080606600947e-06 1.032013150946984e-05 -1.697975017951812e-06 1.596443761873287e-06
1.115176835253156e-05 1.191947347175540e-05 -8.524355263817624e-07 1.872623642319604e-06
1.494903670606941e-05 6.897420524122604e-06 4.640795720283524e-07 1.783416908562733e-06
1.408127667356998e-05 8.893833969859682e-06 8.421154152783704e-07 7.258140938755145e-07
1.304654870736305e-05 1.129585441383016e-05 6.050726610699489e-07 1.063018446911936e-06
1.260089537429192e-05 1.342763941987666e-05 1.705591123483531e-07 1.847828811543622e-06
1.651518529146494e-05 8.239082528949388e-06 1.721283386508099e-06 8.163430137263915e-07
1.605445971331488e-05 1.129456276734655e-05 2.460435471122968e-06 -1.390846213702167e-07
1.427647317291435e-05 1.477231204813917e-05 1.120932555882353e-06 1.564540702660473e-06
1.617893614949305e-05 1.596090853267108e-05 2.680552834104224e-07 1.486910450723879e-07
1.824528719399179e-05 1.696930307351239e-05 1.875563648690244e-07 -1.291833265701361e-07
1.840057658992783e-05 1.196877975056593e-05 8.518020940223169e-07 -6.716011848835934e-07
1.837528022343284e-05 9.378859685988322e-06 1.516871742582998e-06 1.626402084575756e-07
1.792609546035259e-05 1.461154479024343e-05 3.728197627363929e-07 -3.514061926757968e-07
2.048266217807682e-05 1.772161274939292e-05 8.744900089600461e-07 -3.382162627516070e-07
2.286406220115566e-05 1.823900365519836e-05 2.145883979049834e-08 -5.669991960999079e-07
2.032151021658882e-05 1.255126189272647e-05 -1.993922480692731e-08 -5.234570676825572e-08
2.051010014223551e-05 1.021434559917269e-05 -3.691235824702691e-07 -3.229453057976633e-07
2.532497457420550e-05 1.847548018414307e-05 -1.239753438782579e-06 -1.403596214712948e-07
2.254035969860401e-05 1.477365077034361e-05 3.190299674082562e-07 8.814095296356647e-07
2.283967047708560e-05 1.069218278156101e-05 4.437950046533441e-07 7.688290098599875e-07
2.585912246516338e-05 1.516202077182113e-05 -1.920069657328170e-07 1.029420410700977e-07
2.813533086449759e-05 1.859016652451707e-05 1.421797407597479e-06 6.754825942369604e-07
2.529198459300704e-05 1.080933129336304e-05 1.674002574532092e-06 1.422177702315609e-06
3.208884233680511e-05 1.870419110327640e-05 5.191934974576071e-06 1.128219739482002e-06
2.891947951873640e-05 1.325145639785599e-05 2.401529021471234e-06 -3.888724647048394e-07
2.812667656005305e-05 1.069585070396322e-05 2.577376514515718e-06 6.044482045277556e-07
3.776060587043817e-05 1.886860342409551e-05 -2.898275835967190e-07 2.590993206102122e-06
3.490624546316450e-05 1.430964645180551e-05 1.642203328711991e-06 2.126370978525363e-06
3.209578051155913e-05 1.054793515596998e-05 8.279988796535919e-07 1.203540476952646e-07
4.555393004847362e-05 1.903561456279156e-05 2.532229785087045e-06 -4.914560135835401e-07
4.161114806847404e-05 1.462734070317848e-05 1.420017120503249e-06 -6.333481759335758e-07
3.776480107327546e-05 1.038191735535128e-05 2.529270718376554e-06 -1.422570521145697e-06
5.396301459953369e-05 1.920307706887046e-05 4.128870900221702e-06 -5.711463167438647e-07
4.970739642986119e-05 1.462746088236827e-05 3.122776473295872e-06 8.175895570520507e-07
4.555318517664397e-05 1.021701730261286e-05 9.126890015699606e-07 -3.560196187593621e-09
6.264011645824864e-05 1.933554006410418e-05 4.637584622486703e-06 8.548152245769607e-07
5.826054026146928e-05 1.463338456844397e-05 4.608090245855947e-06 7.013078697925804e-07
5.396083389287404e-05 1.005727496153728e-05 4.398402860401955e-06 2.375949413999058e-06
7.151678505739673e-05 1.941876406142331e-05 4.912653935284441e-06 2.052959310611526e-06
6.705141994268183e-05 1.463695209554471e-05 4.381825964563129e-06 2.305239287683654e-07
6.263733985494806e-05 9.936781116010651e-06 4.914157243534687e-06 -1.550324825330616e-07
8.053001563699158e-05 1.947380822744055e-05 6.341967652793670e-06 1.674519332329841e-06
7.600773606328334e-05 1.462706855337582e-05 5.581088849183590e-06 1.050288027066491e-06
7.152278326735532e-05 9.845591204691666e-06 4.275073062569082e-06 -7.200714636526561e-07
8.964797835115377e-05 1.953736232506462e-05 7.888649565918758e-06 1.424669072527093e-06
8.506786032026695e-05 1.462864759277841e-05 7.358831199289568e-06 3.786599929715049e-07
8.052855551745467e-05 9.779761258008686e-06 6.919732418761527e-06 -1.603944971217900e-07
9.884596997158334e-05 1.956193097695798e-05 8.400843676856307e-06 1.691929019951848e-06
9.424040840248474e-05 1.463437782644726e-05 8.003387587365808e-06 6.374821703914806e-07
8.964454314296167e-05 9.726830013674302e-06 7.594405099832325e-06 -5.264598248793527e-07
1.080623260814766e-04 1.956479467446541e-05 8.950395202346204e-06 5.130495128977645e-07
1.034543423201512e-04 1.462869697821009e-05 8.906480050992461e-06 5.702949921609126e-07
9.884976649963608e-05 9.701913306441079e-06 8.441690068855676e-06 -3.644232928310184e-07
1.172898795978018e-04 1.957324817366617e-05 1.093768653001646e-05 1.304924218681920e-06
1.126729681139365e-04 1.462706807946569e-05 9.604739092376083e-06 2.982047238113126e-07
1.080620181048154e-04 9.690199122059717e-06 9.215067523667829e-06 2.190135857321790e-07
1.370630148528998e-04 1.904013993943045e-05 1.209750172196255e-05 9.042886065066260e-07
1.357508811319476e-04 1.958323294786801e-05 1.162536971592867e-05 1.070370629808338e-06
1.214251794010378e-04 1.462757176406721e-05 1.144163396439175e-05 9.644686903732783e-07
1.265186031211149e-04 1.957487187271933e-05 1.166109440551003e-05 1.478282722094290e-06
1.172902068750985e-04 9.681072397872097e-06 1.041164329527480e-05 1.438957930416372e-10
1.376065479810456e-04 1.772853119417348e-05 1.229575824691498e-05 4.603519230070835e-07
1.345004830837842e-04 1.463497260582299e-05 1.153092917512068e-05 -5.106315912398372e-07
1.265161399881552e-04 9.685515938868712e-06 1.224950375860728e-05 -3.406645454562543e-07
1.376058147376229e-04 1.154243625668095e-05 1.248192453789536e-05 -1.746885433132903e-06
1.357494015745992e-04 9.686732533883924e-06 1.199294484941017e-05 -2.117064536164592e-06
1.370620506407806e-04 1.023018619939940e-05 1.234007625616209e-05 -2.037318335025789e-06
