1.837658783243198e-05 -8.199090186733323e-07 -2.970122897481923e-05 8.126469772291205e-07
1.848602002627160e-05 -5.554153952966226e-07 -2.945641766533168e-05 1.101348983521116e-06
1.848603813766167e-05 6.916877923213428e-07 -2.948641786470029e-05 3.957406851525787e-06
1.837659638147333e-05 9.562194881495666e-07 -2.975401422233758e-05 4.349466041032146e-06
1.811233202398416e-05 -9.295194538109263e-07 -3.024254659354258e-05 7.849509647967296e-07
1.761628132874924e-05 6.809163920366783e-08 -3.119342084277317e-05 2.599382147072164e-06
1.811231240324693e-05 1.065845165507386e-06 -3.036138109997344e-05 4.432403443689098e-06
1.624996437293948e-05 -9.282394687406348e-07 -2.956091027277775e-05 4.561415726414916e-06
1.624974005077689e-05 1.064709578731091e-06 -3.008418478679791e-05 1.689919200829600e-06
1.522392654359370e-05 6.867668603321213e-08 -2.897445390466722e-05 3.458705353626312e-06
1.439901011649580e-05 -9.121041743641851e-07 -2.816022008495570e-05 5.829578703732197e-06
1.439869441587126e-05 1.050707490979102e-06 -2.796784117953222e-05 9.056276770107432e-07
1.348037510986902e-05 7.093987206180004e-08 -2.722589051873846e-05 3.359882010391085e-06
1.256929825817372e-05 -8.953629897686585e-07 -2.693422346016291e-05 4.398096830227584e-06
1.256859529728907e-05 1.041546228130283e-06 -2.674316455883988e-05 2.342194568150930e-06
1.166297545097686e-05 7.582563264602627e-08 -2.605292404210906e-05 3.363375804364375e-06
1.077140302537735e-05 -8.724286439824250e-07 -2.473887984172869e-05 4.948623428467421e-06
1.077177058782103e-05 1.026574664825770e-06 -2.501010689446199e-05 2.294134458798286e-06
9.886782853072794e-06 7.719486148993025e-08 -2.392559986593459e-05 3.915186338952704e-06
9.017405256845101e-06 -8.463880587932350e-07 -2.333049317349424e-05 5.162138660155200e-06
9.021575537713376e-06 9.960597478737218e-07 -2.272293836579954e-05 2.306762660562959e-06
8.163194749505281e-06 7.286585712189514e-08 -2.178382548363084e-05 3.294423434160959e-06
7.338060931308215e-06 -8.046413664131196e-07 -2.065269941163634e-05 3.171328965032104e-06
7.338667855921390e-06 9.493151708227330e-07 -2.079674997114108e-05 3.659165938788577e-06
6.527547435168028e-06 7.132065082564246e-08 -1.951471152875112e-05 3.420811852950964e-06
5.740425250208871e-06 -7.638299857617243e-07 -1.844484393033262e-05 4.193335015668845e-06
5.741521471543409e-06 9.055634885595351e-07 -1.827000560168871e-05 2.767665404208672e-06
4.969278852118835e-06 7.056713805086819e-08 -1.754240970134237e-05 3.330430203975958e-06
4.242967987887066e-06 -6.957792848528527e-07 -1.583066217269268e-05 5.838839145176004e-06
4.239151251228564e-06 8.418575481790434e-07 -1.532842002255620e-05 9.825912741407856e-07
3.535756893237615e-06 7.337223270725953e-08 -1.361554783666298e-05 3.555565549102253e-06
2.869299123819410e-06 -6.287541049003019e-07 -1.248708180218623e-05 4.132612861844191e-06
2.877603504423357e-06 7.653204938062685e-07 -1.309594940108279e-05 2.530390668886611e-06
2.232310993231176e-06 6.250188783636868e-08 -1.216973659854491e-05 3.298126178448340e-06
1.645552400967555e-06 -5.485611354963789e-07 -1.094869704806311e-05 3.561117232080196e-06
1.640088579821187e-06 6.741693932941896e-07 -1.139889466073129e-05 2.870976135152361e-06
1.098618666530364e-06 6.353472034471771e-08 -9.640878073397606e-06 3.445679704021183e-06
5.992134024070832e-07 -4.666240118743563e-07 -8.897939128732752e-06 2.782788354601008e-06
6.040431309853880e-07 5.830326006495159e-07 -7.926543984985318e-06 3.526413142262682e-06
2.428035151926605e-07 2.352775521471244e-08 -8.263877971435712e-06 3.839094574002244e-06
-6.525437708008391e-08 -3.794904624819006e-07 -7.379083059786315e-06 4.737816196780841e-06
-7.309425832574755e-08 4.990022156684462e-07 -7.443736953102249e-06 6.950403203984175e-07
-4.742289018068385e-07 -3.125067330728807e-07 -6.990340264526097e-06 5.188708606841514e-06
-4.151348522884420e-07 -6.918463207700612e-08 -7.253031615678847e-06 3.713529586888351e-06
-4.693038487354427e-07 4.464383763739830e-07 -6.276399846385248e-06 2.050136731494057e-06
-7.230634718014942e-07 3.942803591350098e-07 -7.236252616723977e-06 2.345495833175255e-06
4.823935957261849e-07 -2.995745338165965e-07 2.295124308678407e-06 -3.071831456733707e-06
4.776169676027493e-07 -2.406745235882755e-07 -7.580468146780407e-06 -1.455975319752071e-05
4.742838289769426e-07 -3.124507897160674e-07 3.674739978172172e-05 4.575278403986318e-05
4.564764062191093e-07 -3.549870186338002e-07 4.423712956108752e-05 3.984275845047972e-05
-7.344901343920212e-07 -2.715868322424242e-07 -5.710352133708199e-06 5.071263662023561e-06
-9.294979721538828e-07 -2.210961800931849e-07 -6.547626960106365e-06 5.051397013190328e-06
-7.928611180892239e-07 1.400377496878009e-07 -7.507167045465338e-06 2.783776593666211e-06
-9.454714370410904e-07 3.557996167850639e-07 -6.630735832337586e-06 5.793354107309917e-07
4.919763881550485e-07 -3.267176616435416e-07 2.359371090953015e-05 5.858533141565399e-06
3.394969094952999e-07 -3.212876397181062e-07 -4.662485943931605e-05 -1.564223722331444e-05
4.109209003126312e-07 -3.754747432525219e-07 7.302012835972269e-05 1.313620453623815e-05
-1.004026660244648e-06 -3.023107104459938e-08 -6.791526685839218e-06 5.033184409612076e-06
-1.095902135536474e-06 -1.396162912673262e-07 -6.447906543865626e-06 5.553106191938786e-06
-1.223320785957967e-06 -5.837077070034911e-08 -4.000564235986404e-06 4.518540347634690e-06
-1.063506027008685e-06 1.952408898032529e-07 -6.057078289132320e-06 1.469815870874548e-06
-1.113925265273332e-06 3.282818156471738e-07 -6.773105837262492e-06 -6.556885099786171e-07
2.904690079469743e-07 -2.208148666013940e-07 1.878434427928146e-05 7.343874132986413e-06
3.053419138534432e-07 -3.898556341294644e-07 1.713429770233572e-06 -1.244781972547271e-07
2.088715108949278e-07 -3.414205013453826e-07 -7.362799544157842e-06 5.562264199703532e-06
-1.305764687662269e-06 4.087542932061323e-08 -3.172244526761991e-06 2.859826076790847e-06
-1.251932328421997e-06 9.274929361903002e-08 -2.844496138091630e-06 3.852423439694448e-06
-1.213402977969902e-06 2.403043484288261e-07 -4.406923572757123e-06 1.905990462918758e-06
-1.235044437329594e-06 3.050578987968809e-07 -4.822811888350988e-06 2.754145423384713e-07
1.391914168600775e-07 -2.205932285645735e-07 2.766261506941597e-06 -9.627342165902643e-06
1.453465718679533e-07 -3.837149834954887e-07 1.212601383530910e-07 -6.326942226174626e-06
4.768132137129185e-08 -3.374115910791338e-07 -4.172720195940884e-06 1.503641269849121e-05
-1.359885512539326e-06 1.283339238314907e-07 -3.833154196821466e-06 3.249263973654625e-06
-1.367121898219668e-06 1.916814868261055e-07 -2.569783005729485e-06 3.797069781249798e-06
-1.319073433175833e-06 2.503254739237745e-07 -5.049460685260227e-06 2.661654475385320e-06
-1.319611402554321e-06 2.861179292779326e-07 -4.569281748910039e-06 1.874790756658509e-06
-5.349330563200570e-08 -1.682862504535284e-07 2.851749675482714e-06 -3.738917141377743e-06
-4.831287462272308e-08 -4.102367899231383e-07 -2.958867785641437e-06 -1.726861206840746e-05
-1.361298727521595e-06 2.484700580777972e-07 -4.769281921807515e-06 2.935817457297420e-06
-1.334611083463522e-06 2.465009055706710e-07 -1.914960416878023e-06 4.544032547515107e-06
-1.363454823319668e-06 2.653853443025249e-07 -7.869005064352680e-06 1.719080538543330e-06
-1.368981131723067e-06 2.460531561205676e-07 -6.012149332472440e-06 5.283152949565858e-06
-1.759910606092446e-07 -3.314766012006990e-07 2.881294711607168e-06 1.138111231085493e-05
-2.921432376722020e-07 -1.211593500270586e-07 -1.037365181819158e-05 -3.607575606345494e-06
-2.990327768316083e-07 -4.529326915109876e-07 1.402824774117876e-06 -4.006391458463110e-06
-1.290615904570464e-06 2.754907207769836e-07 -2.129236974809412e-06 4.063962491618837e-06
-1.220127226833868e-06 2.597346557832641e-07 -4.623443064536528e-06 3.216764645415098e-06
-1.134021085194487e-06 2.219765627692220e-07 -3.650977215807424e-06 2.575994079532565e-06
-1.343238026126255e-06 2.445474134434800e-07 -4.642964216258424e-06 2.159907814895739e-06
-1.392289337546163e-06 1.701135549814620e-07 -4.435362153785323e-06 3.211897571531148e-06
-4.075029579762542e-07 -2.942311508615403e-07 -3.210453206585156e-07 -5.285002458244600e-06
-5.601227532793499e-07 -1.068589435480539e-07 3.093178370102355e-06 1.378575339927181e-05
-5.685542382995716e-07 -5.209068993077411e-07 2.140521285124566e-07 1.546674462147057e-05
-1.238388056461337e-06 2.337771110242889e-07 -5.359809699322570e-06 1.953749533154228e-06
-1.052879783696232e-06 1.382866554411474e-07 -8.601680077720638e-07 5.277539582060924e-06
-8.121479625683881e-07 -7.703744065537673e-08 -1.135321909285113e-06 -3.516765595472902e-06
-8.981715306569634e-07 -4.367238006599509e-08 4.643569133465163e-06 -1.131556690034838e-05
-9.588694024179182e-07 1.513530687854666e-08 8.591838622630833e-06 -1.165284735463921e-05
-1.316392689127341e-06 1.521889363054094e-07 -1.379536157210824e-06 2.367195467944003e-06
-1.413697959411474e-06 4.758229682964174e-08 -7.110213022161779e-06 -4.197594111939577e-06
-6.855286811380648e-07 -2.723984208304066e-07 -3.560455433643678e-06 -2.139046955025445e-07
-7.609757626147592e-07 -5.695116505681000e-07 -1.681582335175822e-07 -4.351561706978919e-06
-1.117492753297375e-06 7.143765932287194e-08 -7.930564713010144e-06 -4.365844420540610e-07
-8.835062084561216e-07 -1.703466996734501e-07 -3.445818223332157e-06 -4.427573356511048e-06
-9.822175531262028e-07 -6.114505692350905e-08 4.432060504294759e-06 -1.196441300064524e-05
-1.281734537000912e-06 1.089837066074373e-08 -5.609020788380621e-06 4.915175711994960e-06
-1.444396711667178e-06 -1.009066069036985e-07 -9.876745629652585e-06 -6.291348755332481e-06
-8.583818892221112e-07 -4.046394672002037e-07 -6.561070044815938e-06 -1.739119501051363e-06
-8.085704660917247e-07 -6.018941789564005e-07 3.821555260902537e-06 -1.014580758452143e-05
-1.132276023260485e-06 -1.919342743671972e-07 -2.749477249457921e-06 4.958187486695237e-06
-1.476099764753730e-06 -2.847021935140239e-07 1.769302055316871e-07 -1.019848820730001e-05
-1.580203113883515e-06 -4.998005803220397e-07 1.728225131313484e-06 -2.701116208318502e-06
-9.738266130696960e-07 -5.250545952935477e-07 -9.655224886978678e-06 -2.974521848063635e-06
-8.241241349499633e-07 -6.898099587350579e-07 8.541835025698703e-06 -1.367637424649428e-05
-8.417718301162892e-07 -9.808852640838765e-07 8.721583416402871e-06 -4.618813381740100e-06
-1.330989534676987e-06 -5.028799403953789e-07 -4.561364399700438e-07 2.624706511488116e-06
-8.931798462892431e-07 -1.316735034674239e-06 -1.651448089793583e-06 -9.399543162782130e-07
-1.735972264208102e-06 -7.310449477398297e-07 -5.945195170855462e-06 -5.236462380913571e-06
-1.092136080462046e-06 -9.761763271338524e-07 -7.114067613818707e-06 1.222900350400195e-06
-1.496658145495740e-06 -1.005200875871071e-06 -3.950575853553888e-06 -2.847595792088025e-06
-9.990732928463883e-07 -1.655652550701173e-06 -1.184451723393737e-05 -2.864941028518204e-06
-1.951078302513698e-06 -9.954482273565860e-07 -8.073178053603840e-06 -4.739392448317974e-06
-1.818901845516725e-06 -1.311733303363318e-06 -2.892645897824526e-06 -1.454330642768993e-06
-1.469528531049669e-06 -1.522693861561228e-06 6.619117291615598e-07 -1.579098270973160e-06
-1.168029840390400e-06 -2.038099579080476e-06 6.226293862543115e-07 -2.153004081994735e-06
-1.419195797045923e-06 -2.418561155059863e-06 -2.055315145921034e-06 -4.172768122620104e-06
-2.263647721341033e-06 -1.273340217076185e-06 -5.595551430246600e-06 9.629747432447433e-07
-2.067656162442218e-06 -1.710101530104383e-06 -2.719039592807679e-06 -2.979444812496535e-06
-1.832241243774802e-06 -2.272647023689859e-06 -4.482856706902600e-06 -3.601732389190764e-06
-1.726065188917557e-06 -2.809516707023032e-06 -6.165256568393177e-06 -5.357044762334120e-06
-2.663308899656480e-06 -1.542011147880518e-06 -7.120565150509811e-06 -3.630513487253617e-06
-2.555079004479197e-06 -2.281649384288702e-06 -6.487906557899574e-06 -3.414898695339283e-06
-2.115162842200401e-06 -3.171944097805421e-06 -4.842933222920750e-06 -6.918379170883842e-06
-2.600895516648633e-06 -3.514145606127447e-06 -4.828355700395063e-06 -7.619704267484795e-06
-3.148922539697949e-06 -3.826590272788463e-06 -5.472488490404994e-06 -6.244104054850520e-06
-3.176431146579449e-06 -2.453676319578782e-06 -7.239401761495658e-06 -2.930519563582480e-06
-3.163515029538469e-06 -1.789552877322940e-06 -7.709125105478721e-06 -6.305589900340813e-06
-3.049491401840021e-06 -3.161828921011773e-06 -6.031135309558040e-06 -5.112295169781325e-06
-3.770681725108281e-06 -4.066994366055227e-06 -7.660335466007171e-06 -4.401913611588557e-06
-4.455444719730545e-06 -4.249312852917276e-06 -7.727589861195598e-06 -4.383304171845603e-06
-3.709130244553819e-06 -2.606137441670660e-06 -6.096112204435952e-06 -2.125818075396857e-06
-3.763101960860120e-06 -1.966759363245646e-06 -5.826440537518499e-06 -4.752275661070811e-06
-5.175423880744342e-06 -4.347920505698049e-06 -6.666670788314505e-06 -5.584757504966935e-06
-4.343890299339961e-06 -3.235346603960708e-06 -7.269022393120151e-06 -4.868427283136254e-06
-4.438810668931632e-06 -2.061027363537381e-06 -5.653355643841709e-06 -2.062569007391214e-06
-5.328167793014575e-06 -3.355150815331249e-06 -6.699960751371863e-06 -5.755036155288706e-06
-6.030388526235636e-06 -4.418228595378514e-06 -8.180751839220426e-06 -6.044105015305651e-06
-5.157550904155772e-06 -2.067141289002110e-06 -6.770549332367337e-06 -2.633749507594836e-06
-7.267067457236090e-06 -4.490074652357325e-06 -1.044282471545254e-05 -5.148953649782715e-06
-6.263257986686227e-06 -2.772047631478016e-06 -9.112574025117666e-06 -4.419183168003753e-06
-6.029632187490678e-06 -1.996032927550038e-06 -8.504590764727206e-06 -2.735150200289694e-06
-9.108609538835816e-06 -4.602604073600970e-06 -1.093365482497246e-05 -5.990040624705535e-06
-8.165279176715232e-06 -3.100723601266198e-06 -1.084680349660839e-05 -4.925036960855017e-06
-7.269964750137671e-06 -1.904945856370162e-06 -1.052738512584792e-05 -3.787900745610602e-06
-1.172953897881654e-05 -4.710603673331745e-06 -1.393222695733724e-05 -6.799393463301918e-06
-1.038857401212580e-05 -3.207067404979330e-06 -1.253035490409357e-05 -5.227155715688907e-06
-9.105823519836649e-06 -1.803237949261643e-06 -1.152401205679823e-05 -4.658396186985395e-06
-1.462843875739560e-05 -4.787168923633098e-06 -1.747362749520465e-05 -5.909530215559630e-06
-1.315540413493551e-05 -3.199365106429355e-06 -1.588381864616988e-05 -4.603577884517866e-06
-1.173380457112101e-05 -1.694872692234715e-06 -1.482235367356455e-05 -3.390368604668086e-06
-1.767760061845396e-05 -4.866032981149673e-06 -1.694564939754343e-05 -6.142953308560827e-06
-1.612667939899883e-05 -3.200446008875938e-06 -1.713756503349316e-05 -5.229693788259965e-06
-1.462627429823476e-05 -1.611014692443965e-06 -1.600089326329688e-05 -2.860409341250020e-06
-2.085370387055599e-05 -4.916452199056280e-06 -2.216840425815688e-05 -6.420553795705874e-06
-1.925136298748340e-05 -3.197656407883060e-06 -1.956652493358429e-05 -4.111768252917859e-06
-1.768099728055576e-05 -1.533842109067664e-06 -1.873479956927356e-05 -3.209690742978887e-06
-2.410967945589342e-05 -4.964642029629111e-06 -2.276651510339979e-05 -6.780382741580544e-06
-2.246499894103268e-05 -3.203077654736292e-06 -2.258615214755256e-05 -4.708063187629056e-06
-2.084870011814960e-05 -1.483693263541582e-06 -2.104554468897815e-05 -2.746282197318306e-06
-2.743945367356907e-05 -4.989191283642708e-06 -2.549851963349780e-05 -6.298469124035331e-06
-2.576951441065302e-05 -3.200970277392836e-06 -2.389716372611624e-05 -4.277190377287441e-06
-2.411270825240972e-05 -1.440196135938840e-06 -2.333368412124804e-05 -1.950489623993423e-06
-3.079857912669220e-05 -5.015998898028589e-06 -2.757690595762332e-05 -5.629250396475820e-06
-2.911083087718609e-05 -3.201362047549973e-06 -2.690048147910739e-05 -5.165206429283300e-06
-2.743870692979035e-05 -1.412906322799180e-06 -2.496768490348868e-05 -3.292667383597821e-06
-3.418280608786984e-05 -5.013430658798830e-06 -2.923954317799856e-05 -5.348278471047433e-06
-3.249080623647280e-05 -3.202146972456657e-06 -2.817601810219146e-05 -4.573830845491888e-06
-3.079772591112620e-05 -1.387811536124101e-06 -2.794622069610950e-05 -4.255202130093607e-06
-3.757876109272747e-05 -5.018026464045894e-06 -3.255758421030188e-05 -5.843730216713477e-06
-3.587912323050473e-05 -3.199315529455141e-06 -3.107296903978552e-05 -4.518206852616430e-06
-3.418488462351685e-05 -1.388108726947765e-06 -2.922526519642448e-05 -3.611535865412931e-06
-4.487633820639447e-05 -4.817541666886457e-06 -3.648952550281266e-05 -4.254015335373351e-06
-4.439284109390143e-05 -5.018121069992267e-06 -3.667022863840465e-05 -4.406756869451437e-06
-3.909920772213493e-05 -3.199991662482031e-06 -3.239379010584602e-05 -4.829125043800381e-06
-4.097557688627496e-05 -5.024276882225375e-06 -3.250377538684885e-05 -7.359191301641821e-06
-3.757750066034360e-05 -1.380974511214697e-06 -3.240718979083291e-05 -3.560172200470869e-06
-4.507661984955120e-05 -4.333784259169011e-06 -3.639979276738368e-05 -4.162927536206523e-06
-4.393277577893410e-05 -3.196057820423883e-06 -3.706416300627745e-05 -4.928355576339217e-06
-4.097714469801026e-05 -1.373554297130992e-06 -3.253203723881241e-05 -2.409691724229798e-06
-4.507708950943405e-05 -2.057637600072592e-06 -3.636646042682453e-05 -5.727098189186722e-06
-4.439381286009564e-05 -1.373959792835834e-06 -3.664564175089564e-05 -5.495837160348542e-06
-4.487696252525008e-05 -1.574304110380385e-06 -3.645743214418481e-05 -5.645833277304369e-06
