9.582145238607867e-05 -1.298823960735383e-05 1.207766219460602e-05 -4.926526705693091e-06
9.619975147320359e-05 -1.207415348643146e-05 1.222918695932294e-05 -4.288592298919252e-06
9.620015624810916e-05 -7.767495043621391e-06 1.200928971947907e-05 1.056841231990162e-07
9.582193714593361e-05 -6.853738723714032e-06 1.180836259517177e-05 8.915607718393425e-07
9.490800125751406e-05 -1.336704844717397e-05 1.162059828849601e-05 -5.174689624561210e-06
9.319568878430835e-05 -9.921195831080725e-06 1.129826195042095e-05 -1.875773950253549e-06
9.490868061675261e-05 -6.475126819538789e-06 1.123833137759774e-05 1.219943373593971e-06
8.847255942951129e-05 -1.337691265804041e-05 1.325563737302132e-05 -3.399962081849054e-06
8.847500392249381e-05 -6.472230362884669e-06 1.274026114752160e-05 7.431451202508145e-07
8.491559650261378e-05 -9.928167435696532e-06 9.721232249412617e-06 -1.360936740884193e-06
8.202260614044111e-05 -1.338775830965431e-05 8.568298967942501e-06 -1.277192724924237e-06
8.202296415820222e-05 -6.471565050584742e-06 9.181442756465130e-06 -1.710558278616309e-06
7.879394671924757e-05 -9.929307057892904e-06 9.310492713319228e-06 -1.953919749880332e-06
7.557605544636122e-05 -1.337448411998549e-05 9.419464876358268e-06 -9.530200331528967e-07
7.557609042331381e-05 -6.482859283626661e-06 8.963989089561450e-06 -2.102275210311837e-06
7.236313585158696e-05 -9.927906349388052e-06 8.167644615828298e-06 -1.645142253768704e-06
6.915481419619173e-05 -1.336366582704587e-05 7.993564660915322e-06 -2.208850442548265e-06
6.915865295021236e-05 -6.497107701691030e-06 6.599913230187063e-06 -8.875932410362806e-07
6.595159228560785e-05 -9.932925055123155e-06 8.186765167461961e-06 -1.220103480666607e-06
6.275754329279994e-05 -1.335098756187265e-05 7.296178668029615e-06 -4.250781893296667e-06
6.275707245656363e-05 -6.518962110452025e-06 7.978290473573175e-06 6.068776847074289e-07
5.957008948860056e-05 -9.934472499761332e-06 7.215048378287120e-06 -2.003963331088546e-06
5.639789420823682e-05 -1.332524447894615e-05 7.705789067009103e-06 -7.337216105211847e-07
5.640168398052449e-05 -6.545768101566724e-06 7.162882428122704e-06 -2.061735040541659e-06
5.323574958926311e-05 -9.936922117319242e-06 7.086114697634349e-06 -1.919213185665297e-06
5.009704583924071e-05 -1.328625667916786e-05 6.802988144660872e-06 -1.261600267983344e-06
5.009447973251137e-05 -6.584336480203074e-06 6.196545470209264e-06 -1.139079560259881e-06
4.697440760994544e-05 -9.934131583837463e-06 6.254255454591460e-06 -6.475036341942198e-07
4.388753872584849e-05 -1.322973604927838e-05 6.561074755169018e-06 -5.572615178823306e-07
4.389118333610496e-05 -6.642308004057545e-06 6.693101103848836e-06 -2.387863849002340e-06
4.082091960576787e-05 -9.940522413816082e-06 7.712978884356328e-06 -2.623942227802257e-06
3.779977339128954e-05 -1.315848803937926e-05 7.094917142738855e-06 -3.982801630809060e-06
3.779560678640538e-05 -6.724053730070002e-06 7.556711856207754e-06 -4.998670667785807e-07
3.479452964823761e-05 -9.940992793025803e-06 5.832887159438226e-06 -2.142320057162163e-06
3.184046623881316e-05 -1.307103875939785e-05 7.159526297981493e-06 1.090930809289046e-07
3.184632287583144e-05 -6.820313642147664e-06 7.299362714384576e-06 -1.354715823346567e-06
2.904384118116984e-05 -9.946714052225499e-06 8.263422705959140e-06 -8.088413736952063e-08
2.632098593261871e-05 -1.294857747482264e-05 5.148357093450251e-06 -2.666887091962188e-06
2.631790991615915e-05 -6.945506359052567e-06 3.911125372420756e-06 2.473176008033007e-07
2.429783098173943e-05 -1.017562004382779e-05 3.852257286135368e-06 -3.400806220563343e-06
2.230149378698299e-05 -1.284675116815517e-05 5.346683025696606e-06 -2.351768106211304e-06
2.230653583182803e-05 -7.060720937680038e-06 4.362625589039381e-06 2.556268800186492e-06
1.949650715719625e-05 -1.274458388411733e-05 7.317994947585840e-06 -2.301658091963326e-06
2.001332579744707e-05 -1.091564608260359e-05 7.364797610971952e-06 -2.585590313969914e-06
1.948694347230082e-05 -7.144350652558958e-06 5.066432726408813e-06 -2.772607111905059e-06
1.750706206468239e-05 -7.229380139952989e-06 5.768621916243185e-06 -1.658364774673685e-06
-2.491255349799788e-06 -6.663544930331199e-07 -2.094158422277375e-05 3.226809573774600e-05
-2.544942162157080e-06 -6.159802564388363e-07 -1.966825701591720e-06 1.031787651410727e-04
-2.587616056505329e-06 -1.682748253518110e-07 -1.062364777423120e-05 -1.028716971333161e-04
-2.519718834031655e-06 -1.721347227113902e-08 -1.849652615745746e-05 1.919837867079696e-06
1.749861430419330e-05 -1.267238030588291e-05 5.320250450600270e-06 -9.917146376928238e-07
1.575185813150568e-05 -1.249851495916145e-05 3.635583141045535e-06 -2.231115312830322e-06
1.707951651685054e-05 -9.276554911115038e-06 7.071404240514070e-06 -8.155972310963011e-07
1.572938518956806e-05 -7.165843476662350e-06 2.656081759693099e-06 -1.234738825050061e-06
-2.383734160912167e-06 -6.796983022799373e-07 2.629103021866999e-05 -4.064656579721180e-05
-2.122137352958553e-06 -3.741210403523129e-07 -1.829395153728658e-05 -9.737407770749684e-06
-2.361520530417268e-06 4.652071014746552e-08 2.243200075038300e-05 5.351545889871905e-05
1.517681954708551e-05 -1.083669280285589e-05 4.135857855034651e-06 -7.137017951679612e-07
1.407012623967463e-05 -1.211313683282274e-05 4.817267011663617e-06 -3.231010495073039e-06
1.250057766996460e-05 -1.158237116075527e-05 3.144644649730233e-06 -2.183023588503688e-06
1.465608478354533e-05 -8.615391763672514e-06 1.790642189655054e-06 -2.523789752468634e-06
1.407825453778782e-05 -6.853694899686108e-06 9.500994312412593e-06 -6.579519665446045e-06
-1.550296754194810e-06 -7.524190826859424e-07 4.931218653118822e-06 1.296728632324096e-05
-1.589413630913802e-06 6.546906487225163e-08 3.856151168334127e-06 -5.628157113628252e-06
-1.145831422455322e-06 -3.177191807377991e-07 -1.358325217303462e-05 8.182927160068159e-06
1.106224442288472e-05 -1.087345968184065e-05 3.070550746876015e-06 -3.888531566130184e-07
1.227554877409009e-05 -9.932114319932326e-06 1.705325677759947e-06 -8.469472274197958e-07
1.281061830935807e-05 -7.915079479618638e-06 1.005780868661306e-06 -8.788188649227202e-06
1.258715900051600e-05 -6.294844255646604e-06 -3.205341784384941e-06 6.321633197390031e-06
-7.228803995864908e-07 -8.220915931889830e-07 5.660997497266733e-06 -4.572564926975892e-06
-6.955031979949405e-07 1.022956258318981e-07 6.774643198382783e-06 -4.878241940570276e-06
-1.906886408496396e-07 -3.013986057802013e-07 -1.322688431182920e-05 1.678359443551049e-05
9.741279133139136e-06 -1.004091594472186e-05 4.722118655967653e-06 -2.077483509452979e-06
8.576445029444417e-06 -9.102061906121455e-06 4.681841542670943e-06 -1.442624252952884e-06
1.097420350029889e-05 -7.613575107485086e-06 -1.240268308138496e-08 -8.781108212917375e-07
1.129201253622611e-05 -5.496405917656333e-06 7.589023964678575e-06 3.525959022904069e-07
4.045272260247411e-07 -9.912420346986395e-07 3.485960318662283e-06 -9.776797562540711e-06
3.821867251692381e-07 2.647024718700851e-07 6.904247394581495e-06 -4.675239735808626e-06
8.871659930109339e-06 -7.702738649911247e-06 3.331707898864801e-06 -7.734049336277599e-07
7.567882047016263e-06 -8.051245692812078e-06 1.961262330696596e-06 3.353511447427243e-07
9.352785999777228e-06 -6.175764440326267e-06 4.485927944928385e-06 -2.189348627289151e-06
1.020328329306391e-05 -4.552448786018974e-06 9.044654665841801e-07 -2.764313851421685e-06
1.039964088279354e-06 -3.221835557952695e-07 -3.737688876824841e-06 1.136053564359125e-05
1.794812564571672e-06 -1.211521413243337e-06 -1.828288180753673e-06 -1.044853477977523e-06
1.812301371621653e-06 4.962090177644423e-07 2.341381490922475e-07 -1.161492523705856e-06
6.693197730367765e-06 -6.929850238225723e-06 1.284116507263970e-06 -2.540981618014967e-07
6.008122328284571e-06 -5.785851832025699e-06 4.292329252225991e-06 -2.828302442215483e-06
5.490523807022578e-06 -4.598052755514902e-06 -5.034689342882207e-07 -3.444423563168043e-06
8.369493818762551e-06 -4.844178409798879e-06 6.849896707064356e-06 1.340344481471296e-07
9.338064652871254e-06 -3.526963419170195e-06 -2.256221035052820e-06 -5.144920462866225e-06
2.406589740951088e-06 -3.578953417064619e-07 9.685670844283053e-07 -1.197631261783518e-06
3.171284647791761e-06 -1.416239183495378e-06 1.010958171719247e-06 -7.102904876322549e-07
3.168845660593171e-06 7.578147104353040e-07 6.556004531780652e-07 2.142533017167706e-06
6.648072201353390e-06 -4.584872315071879e-06 6.622529130147815e-06 -1.350695189498594e-06
5.105544780196252e-06 -3.422226034169550e-06 -3.540681267485449e-06 -8.495935396365551e-07
4.409786316089307e-06 -1.618903502619884e-06 -3.355007415590386e-06 1.423792874993706e-05
4.733387468384833e-06 -1.811320912236542e-06 5.152154382606979e-06 6.812262943558788e-06
4.895925995318835e-06 -2.216552343700231e-06 8.262630732722583e-06 -1.201515959991032e-07
7.697288742519778e-06 -3.372034476585355e-06 4.972018991084311e-06 2.010886163943316e-06
8.684090322912554e-06 -2.439295054419912e-06 -4.883514572398349e-07 2.391060387675877e-06
3.840159109017845e-06 -5.042617816203526e-07 4.412639318445084e-06 -2.185181904682614e-06
4.415140690087601e-06 9.398832295798445e-07 5.546343532915487e-06 1.058529483386641e-05
5.920558915390368e-06 -2.574852351689539e-06 2.836158998927484e-07 5.319786159515972e-07
4.773169629575070e-06 -1.054855006389911e-06 1.363689306334271e-06 1.041838097969014e-05
5.174751349886341e-06 -1.674379144074892e-06 8.403401359131405e-06 2.348588042135927e-06
7.233548727550497e-06 -2.104321692509630e-06 4.421358348414880e-06 -2.226230228335830e-06
8.272439692642770e-06 -1.368545016124737e-06 1.004117528782673e-05 1.376517029478771e-06
4.824002778904529e-06 1.978946645766181e-07 2.893987228830446e-06 3.277213117814346e-06
4.790650871592305e-06 1.116982465097027e-06 -2.446477424282544e-06 8.063546549389811e-06
6.166345050187054e-06 -7.584697894713705e-07 -9.263649656747102e-07 -4.543850995758251e-06
8.125685938044899e-06 -3.114116860852907e-07 5.793039800799571e-06 1.100220349833445e-05
8.180080463979775e-06 7.138451241104116e-07 -5.277331014542995e-06 1.445845899115250e-07
5.568325740678743e-06 8.693515753077782e-07 2.025820570821360e-07 -1.463581172576792e-06
5.010586849052304e-06 1.496734890697943e-06 -5.773679304510609e-06 7.330893003955910e-06
5.284391122198003e-06 2.556304964119511e-06 7.331142056454125e-07 3.600237249500856e-06
7.167273336089308e-06 8.538603935181521e-07 5.227579307638159e-07 -2.434821934083716e-06
5.676607893918437e-06 3.557764932326155e-06 4.106420734863295e-06 -8.267102091147734e-06
8.443484497278887e-06 1.735811606070130e-06 -3.260470470907419e-06 6.393912533176647e-06
6.238895286801483e-06 2.601838475556509e-06 4.596760972193405e-06 2.832616136346344e-06
7.638809203697524e-06 2.676279847878864e-06 8.489993545793261e-06 4.967534030611977e-06
6.178490047413574e-06 4.501731152827576e-06 -3.624357471860551e-06 -1.371451666583944e-05
8.889553183852648e-06 2.674082005422576e-06 2.059744416849442e-06 -5.849622099006535e-06
8.491479126699243e-06 3.601689991389604e-06 5.552521285561096e-06 -6.786523919734934e-07
7.553884578293297e-06 4.181518328201614e-06 2.255299437458013e-06 8.504425420073936e-06
6.780461822810519e-06 5.373919385333578e-06 2.014749799200778e-06 2.134000375839925e-06
7.475730194500537e-06 6.202263962661288e-06 1.228103939215663e-06 -3.346035963188545e-06
9.503991316015034e-06 3.553305546538613e-06 7.877480812646324e-06 -5.344569348168372e-06
9.050855759260680e-06 4.626913527946092e-06 5.286311621807667e-06 6.329133495405825e-06
8.497621442013297e-06 5.877116246400032e-06 1.127563997661910e-06 1.546532674395195e-06
8.261078957897532e-06 6.924153619911333e-06 1.198270574486974e-06 2.212093469719280e-06
1.025977143267831e-05 4.300506119803869e-06 -3.146496255004463e-06 -1.069994438825486e-06
1.004688563942457e-05 5.858214576414660e-06 7.081752223735434e-06 2.825333364897108e-06
9.147258743707921e-06 7.546062827274824e-06 3.282263209109149e-06 7.635895501776484e-06
1.008795161271444e-05 8.086497374992607e-06 1.583048903208287e-06 3.183194382087929e-06
1.108079876249530e-05 8.511609485224224e-06 2.907123986890684e-06 4.292406715671387e-06
1.117801835177700e-05 6.187727702992547e-06 1.050220004297847e-05 3.757471161966711e-06
1.117139038986928e-05 4.915794453985647e-06 6.646662021970454e-06 4.047726543744216e-06
1.094787144114227e-05 7.437333890009307e-06 4.721482533353168e-06 6.278363203089056e-07
1.212678892046722e-05 8.810674795950093e-06 6.108609222711296e-06 6.808811329554599e-06
1.319519288201620e-05 8.993455885266105e-06 1.001661410737898e-05 6.341128193599200e-06
1.206173430256561e-05 6.471169300175145e-06 3.895244016253409e-06 2.423366710708651e-06
1.214259922169259e-05 5.373122256417141e-06 5.362331274809209e-06 8.069643270843742e-06
1.426171178245134e-05 9.061002947302674e-06 6.051276912337240e-06 4.219934447584277e-06
1.307132432053885e-05 7.475856051482892e-06 6.814290990769005e-06 6.963440222013724e-06
1.318796094473131e-05 5.658201821576798e-06 3.443769933334003e-06 2.276010416327186e-06
1.450381104420430e-05 7.633667091248445e-06 3.432953245794500e-06 4.338137935036378e-06
1.544788041381227e-05 9.059106369561226e-06 8.117174157539048e-06 6.500962844302607e-06
1.426920353391989e-05 5.753290610962860e-06 1.035078866348325e-05 2.266592618101696e-06
1.708004483583583e-05 9.048656687332542e-06 1.053222173490074e-05 2.894369130277390e-06
1.578408333080292e-05 6.830454161186649e-06 7.067613179864562e-06 5.260215249965826e-06
1.544180995080535e-05 5.753809407097935e-06 8.237089129835956e-06 5.203375800210570e-06
1.934500362164559e-05 9.052721685470711e-06 9.957541811260072e-06 6.429110121236997e-06
1.822773284903287e-05 7.271812119849588e-06 7.849935326034442e-06 4.835853910498673e-06
1.708482424497745e-05 5.741134534254999e-06 6.951663678487786e-06 3.902550566207994e-06
2.229309201869590e-05 9.053855260487063e-06 1.265483445551448e-05 4.715266129068711e-06
2.081867512946891e-05 7.401877562674963e-06 1.092331703119650e-05 3.992467924259452e-06
1.933804093753920e-05 5.748693903989861e-06 1.211358533955194e-05 2.888168873133477e-06
2.538356948349585e-05 9.058190913117426e-06 1.508964815121172e-05 6.063804778053830e-06
2.383497889392579e-05 7.399038952272217e-06 1.329436022696982e-05 4.456903462391123e-06
2.229682629702549e-05 5.748713316202428e-06 1.099962835301065e-05 1.768695570226011e-06
2.847607557677701e-05 9.065191101503398e-06 1.754840605249598e-05 5.411898955383218e-06
2.692975494791039e-05 7.402950197930608e-06 1.717841873872351e-05 5.199374653830041e-06
2.537963150156447e-05 5.740425943575451e-06 1.409872584655367e-05 3.397942006392281e-06
3.158224225435377e-05 9.066773618589360e-06 2.006752202835950e-05 7.012105916292757e-06
3.002781946893268e-05 7.403006297085790e-06 1.769649457328636e-05 4.532389978599142e-06
2.847905007828838e-05 5.742781070872567e-06 1.876734818872799e-05 3.582176081285612e-06
3.468182125849157e-05 9.070708496430435e-06 2.298583349923745e-05 4.070812861662159e-06
3.313039575090751e-05 7.406613919131093e-06 2.304055873817861e-05 4.406098775107858e-06
3.157742123098336e-05 5.742590700889961e-06 2.000185249570424e-05 2.009571871602967e-06
3.780508950887769e-05 9.080705872752272e-06 2.541598460936098e-05 7.649133340092895e-06
3.624060503313585e-05 7.402650677132934e-06 2.255776354213622e-05 4.618198862689209e-06
3.468498252643738e-05 5.738805635398055e-06 2.272860975585770e-05 4.484509110461822e-06
4.093888595692624e-05 9.084113699904399e-06 2.850316586236041e-05 5.401680134225242e-06
3.936974834802948e-05 7.403832683453055e-06 2.789651971076810e-05 4.656555371935412e-06
3.780379456516687e-05 5.725779987145623e-06 2.490100722682854e-05 1.783554682867944e-06
4.409250469691706e-05 9.083913481178404e-06 3.086164662604035e-05 4.912274086355501e-06
4.251476718612589e-05 7.403424274449059e-06 2.951509145977972e-05 4.298221406103972e-06
4.094042770025244e-05 5.723167951607017e-06 2.913427617590430e-05 3.288542698597021e-06
4.723615975439241e-05 9.086665258302565e-06 3.612828552498515e-05 3.545110648538129e-06
4.566602946720653e-05 7.405250424841740e-06 3.379641279007121e-05 3.833756804726740e-06
4.409045164278107e-05 5.725116693741873e-06 3.153570787713616e-05 3.603837456900994e-06
5.398458552781201e-05 8.912913721952804e-06 3.901568600407100e-05 4.435901080263724e-06
5.353712412574050e-05 9.098437687172750e-06 3.887253544735825e-05 4.785598267739935e-06
4.863906795042987e-05 7.405202320884008e-06 3.583223702392712e-05 4.892648493589045e-06
5.037127871721970e-05 9.096630405443432e-06 3.825448854319472e-05 8.738775084575247e-06
4.723701229609082e-05 5.722453191179348e-06 3.450435179310444e-05 4.091329669935728e-06
5.416987922768756e-05 8.465294928526487e-06 3.904749051053527e-05 3.882108682439329e-06
5.310900384331450e-05 7.411207303019627e-06 3.985179232610006e-05 3.696088427399786e-06
5.036929891125276e-05 5.719010486832160e-06 3.906267553936945e-05 7.800977790326545e-07
5.416716589809926e-05 6.358922775450288e-06 3.939768850207705e-05 3.126122854770762e-06
5.353418585183055e-05 5.725814894730574e-06 3.947068269261922e-05 2.503966519062649e-06
5.398170079560294e-05 5.911388427539281e-06 3.944796245735168e-05 2.753463985094975e-06
