-5.905549936963190e-05 8.670105732412643e-06 -4.477315045166073e-05 5.653158833069434e-06
-5.927520900063564e-05 8.139770557693600e-06 -4.494399787424289e-05 5.252951712265251e-06
-5.927530238332649e-05 5.639523162335403e-06 -4.495969273638919e-05 3.355680826366765e-06
-5.905560005777113e-05 5.109191555175477e-06 -4.479123346648091e-05 2.954310098672800e-06
-5.852509926258512e-05 8.889765804304685e-06 -4.436438051970521e-05 5.816329741344563e-06
-5.753011038343175e-05 6.889682463920520e-06 -4.364262274260102e-05 4.307534655701142e-06
-5.852520629610582e-05 4.889535592722550e-06 -4.438465075810588e-05 2.790288438772054e-06
-5.479014453649597e-05 8.888883054109909e-06 -4.170444530897460e-05 5.752428321622926e-06
-5.479027531538796e-05 4.890754547077567e-06 -4.172204881651519e-05 2.861339844349762e-06
-5.272904488696211e-05 6.889996539469659e-06 -4.021240099206609e-05 4.272621395747737e-06
-5.105926941054420e-05 8.883769541908501e-06 -3.905897957480269e-05 5.736583442384531e-06
-5.105929554620518e-05 4.896148150122099e-06 -3.906522932343730e-05 2.976441014871738e-06
-4.919783135472255e-05 6.890354134716316e-06 -3.781239448835486e-05 4.185092176881057e-06
-4.734329018114937e-05 8.873155976748818e-06 -3.635202380867613e-05 5.697562858865624e-06
-4.734291524755916e-05 4.907592911409383e-06 -3.664621813364687e-05 3.073320984238635e-06
-4.549298377148272e-05 6.890720337412419e-06 -3.555605771673204e-05 4.165953988535446e-06
-4.365384398560020e-05 8.856605286812454e-06 -3.369760888649800e-05 5.685735401387997e-06
-4.365307237975225e-05 4.924926166030975e-06 -3.432702220063137e-05 2.883610120319676e-06
-4.182064785275303e-05 6.891022384495790e-06 -3.309440330954721e-05 4.182793687092512e-06
-4.000133559934636e-05 8.836005322903647e-06 -3.095187359734540e-05 5.674976257457144e-06
-4.000058050294739e-05 4.946591179668355e-06 -3.160371373574995e-05 2.509793281052553e-06
-3.818873808226175e-05 6.891386413886846e-06 -3.007847291312095e-05 4.218711549416513e-06
-3.639085110292090e-05 8.813691249329907e-06 -2.802474954030324e-05 5.811397615647329e-06
-3.639053958433326e-05 4.969886887122340e-06 -2.830367232266566e-05 2.182444759362167e-06
-3.460007981713873e-05 6.891849645578486e-06 -2.650727274952474e-05 4.186137708560815e-06
-3.282414249158848e-05 8.790696397849935e-06 -2.463695056145696e-05 5.988444224072092e-06
-3.282419642212951e-05 4.993952840126615e-06 -2.465453775022899e-05 2.118168428043473e-06
-3.105547241900296e-05 6.892358304789093e-06 -2.278784959936998e-05 4.137051385837880e-06
-2.930157843799728e-05 8.767319190973468e-06 -2.098499996600863e-05 6.036870358643788e-06
-2.930186083869468e-05 5.018353989129931e-06 -2.098443554823769e-05 2.221044439729192e-06
-2.755527068484613e-05 6.893025112020737e-06 -1.918256471025460e-05 4.117013845175200e-06
-2.582411818984840e-05 8.743206958813698e-06 -1.737664384044657e-05 5.967451910447087e-06
-2.582430659578514e-05 5.043485062157181e-06 -1.742208880606717e-05 2.303170553847494e-06
-2.410075615119239e-05 6.893614081174779e-06 -1.565598897017448e-05 4.128526484351162e-06
-2.239324318645781e-05 8.717731802303297e-06 -1.400073811147753e-05 5.842141083685098e-06
-2.239334023036165e-05 5.070265037483898e-06 -1.398093298474400e-05 2.417265883606039e-06
-2.076227009749665e-05 6.894053892120562e-06 -1.242696096037044e-05 4.121949246171095e-06
-1.914768396893242e-05 8.690338217053058e-06 -1.095629692102312e-05 5.712912031334501e-06
-1.914773730994743e-05 5.099986520628484e-06 -1.096766066325517e-05 2.557941094338800e-06
-1.794171759431401e-05 7.033505552002516e-06 -9.908663229397153e-06 4.253885915727835e-06
-1.672620554069936e-05 8.665013593700907e-06 -8.920234955337291e-06 5.592716604087938e-06
-1.672572817532536e-05 5.127284471464753e-06 -8.919807447941863e-06 2.696877470440515e-06
-1.498852636826186e-05 8.642414842561273e-06 -7.588138591858081e-06 5.453830198761374e-06
-1.532128658098341e-05 7.494204366025791e-06 -7.801761410567854e-06 4.612722048802494e-06
-1.498753979858267e-05 5.145111167528612e-06 -7.578147249955870e-06 2.802373118501445e-06
-1.373809562907415e-05 5.164413474560614e-06 -6.707218548556063e-06 2.913074871688120e-06
2.256885343415370e-06 -2.626964630635377e-07 7.106177764202905e-07 5.577478118866451e-07
2.301877836533654e-06 -3.707033563762033e-07 7.215494608084537e-07 5.301240643622028e-07
2.301696738043079e-06 -7.738433441499044e-07 7.212594889211923e-07 4.319405115788715e-07
2.256893677200220e-06 -8.807372235424337e-07 7.106633417561371e-07 4.064140657173619e-07
-1.373610554030047e-05 8.626192175321333e-06 -6.702910350933418e-06 5.363327731244532e-06
-1.261323586544335e-05 8.547317114315551e-06 -5.959384018857994e-06 5.237197267501499e-06
-1.347931362122888e-05 6.464010930749380e-06 -6.493467549705046e-06 3.832932547804919e-06
-1.260954205838638e-05 5.086963292646651e-06 -5.932561675575689e-06 2.950358456501997e-06
2.149301230562517e-06 -2.181629710089422e-07 6.841369594291746e-07 5.694953881884240e-07
2.040537083880914e-06 -6.604303699457146e-07 6.616579916556547e-07 4.594551880070112e-07
2.149941274038017e-06 -9.255784426065961e-07 6.856594465899389e-07 3.953122919336792e-07
-1.225313275265576e-05 7.483047495293178e-06 -5.698812899349224e-06 4.501789640438536e-06
-1.151416408258807e-05 8.338463666759491e-06 -5.261424972674935e-06 5.019479845799764e-06
-1.045701323217590e-05 8.013343519368986e-06 -4.651305818098816e-06 4.774172201218699e-06
-1.191621534901466e-05 6.025948753990812e-06 -5.485626330085252e-06 3.570749541173478e-06
-1.153158091802261e-05 4.823688058958111e-06 -5.270268836020611e-06 2.887581301082633e-06
1.419105347681737e-06 -2.080912090362604e-07 5.124472290248253e-07 5.873314927588988e-07
1.417997527696975e-06 -9.400880815109260e-07 5.114535012359628e-07 3.762696542779405e-07
1.039937968021156e-06 -5.750487872422842e-07 3.948706276102529e-07 4.801693524213341e-07
-9.456211945296494e-06 7.569028625833341e-06 -4.111456572338169e-06 4.464154092074147e-06
-1.031447464595520e-05 6.914031063163872e-06 -4.556794027830765e-06 4.104904104656767e-06
-1.067940132546450e-05 5.536830785706302e-06 -4.776922935320343e-06 3.320328749032198e-06
-1.053160640074532e-05 4.386587103229770e-06 -4.705619281276358e-06 2.726367542815232e-06
6.297550301710151e-07 -1.422306179082950e-07 2.454473325228508e-07 6.468541911735160e-07
6.294221746364471e-07 -1.009321277817030e-06 2.427454432798653e-07 3.054180622611118e-07
1.627318287685107e-07 -5.764867361477549e-07 4.295841485993489e-08 4.696078772137316e-07
-8.518675244637603e-06 7.022499166595851e-06 -3.639061123090883e-06 4.146594860222861e-06
-7.662063524616020e-06 6.381680259530392e-06 -3.229435962372416e-06 3.801990869655770e-06
-9.405417686735514e-06 5.322233521958052e-06 -4.100247499642248e-06 3.236263834315995e-06
-9.637731866549004e-06 3.788907844234518e-06 -4.232275053210121e-06 2.460008227620445e-06
-3.725073381978606e-07 2.390718452506515e-09 -1.900933340699944e-07 7.062439892357081e-07
-3.729313053299946e-07 -1.156753162329126e-06 -1.969191135520823e-07 2.134089654373992e-07
-7.879295918565239e-06 5.392965393421474e-06 -3.342559582718852e-06 3.286983038845696e-06
-6.894028858668815e-06 5.650900283280075e-06 -2.861982709225850e-06 3.417541873247150e-06
-8.242739491388924e-06 4.277691694482174e-06 -3.527678315815104e-06 2.724130673028746e-06
-8.873915407016313e-06 3.059590149098995e-06 -3.844175135422554e-06 2.114614112542180e-06
-9.618830326972069e-07 -5.776466586634349e-07 -4.423704222967286e-07 4.503498887457715e-07
-1.661675201308621e-06 2.120020436863644e-07 -7.278978964587864e-07 7.694401905571229e-07
-1.660975090343627e-06 -1.369961569579494e-06 -7.316580941639422e-07 1.154461741023278e-07
-6.215917686550548e-06 4.847039692129158e-06 -2.540308323712859e-06 3.008763577907291e-06
-5.644541846929221e-06 3.987554585090663e-06 -2.272006041199984e-06 2.572238906017642e-06
-5.179899946810703e-06 3.072023347537487e-06 -2.071477143066100e-06 2.115452532396097e-06
-7.502619986291032e-06 3.273726163897499e-06 -3.166182726009112e-06 2.221443793855193e-06
-8.259173753424067e-06 2.226438257755426e-06 -3.529560333623030e-06 1.708854893054081e-06
-2.224081792229053e-06 -5.764406112263246e-07 -9.572120430622695e-07 4.400821591589035e-07
-2.913655677095200e-06 4.191614358824385e-07 -1.234208845409248e-06 8.492793112123444e-07
-2.913903085560445e-06 -1.587171983195967e-06 -1.234580297159778e-06 1.992275588771950e-08
-6.137183517570447e-06 3.073397819180742e-06 -2.514065977368740e-06 2.114524261396062e-06
-4.822044590927193e-06 2.117053580268749e-06 -1.926759220045496e-06 1.648842280813996e-06
-4.058001348511309e-06 5.960217685038195e-07 -1.680161314386443e-06 9.291989000555833e-07
-4.396428857967299e-06 7.707993305925828e-07 -1.801408623581288e-06 1.010002002727517e-06
-4.582682562965335e-06 1.124258077259919e-06 -1.858570560630543e-06 1.176101712939378e-06
-6.984123202678772e-06 2.103950667479574e-06 -2.911411208999154e-06 1.644106950610183e-06
-7.805456391795227e-06 1.323177626975882e-06 -3.291200794825717e-06 1.275688279039202e-06
-3.534009166773452e-06 -4.313571608438469e-07 -1.480917840700144e-06 5.009758086296108e-07
-4.045712831697182e-06 -1.743365111167547e-06 -1.704985275278591e-06 -5.347000865722541e-08
-5.483526189481403e-06 1.438096062321585e-06 -2.237538958728579e-06 1.321384453272507e-06
-4.411509590642477e-06 6.888530507318770e-08 -1.821639850884625e-06 7.090338807140639e-07
-4.812558973636214e-06 6.474920347299068e-07 -1.967943423333567e-06 9.584930061005931e-07
-6.606003303401159e-06 1.042474167782378e-06 -2.737525392551617e-06 1.140308273510135e-06
-7.530451621123108e-06 3.841771596375786e-07 -3.137589000969625e-06 8.417613061841989e-07
-4.420690373242508e-06 -1.067052458343193e-06 -1.850316590253383e-06 2.253696049830445e-07
-4.361698500368105e-06 -1.915486315117209e-06 -1.848900902623016e-06 -1.286264677066950e-07
-5.678316596766432e-06 -1.544118141782333e-07 -2.339098887417265e-06 5.956130187594619e-07
-7.445212961133214e-06 -5.677139511883528e-07 -3.075902131039298e-06 4.147274252758340e-07
-7.576575345941704e-06 -1.521771299479993e-06 -3.070830653109259e-06 1.491666402906692e-08
-5.085783927032997e-06 -1.681063947299630e-06 -2.136142931406349e-06 -4.574447185369655e-08
-4.541792950557822e-06 -2.291610523988152e-06 -1.937725278231370e-06 -2.749230229169378e-07
-4.755206423743331e-06 -3.343714847365998e-06 -2.052980293185452e-06 -6.518811596296065e-07
-6.606221813201014e-06 -1.632922749238736e-06 -2.710448992972936e-06 -4.788645899920125e-08
-5.092222235401139e-06 -4.392035562445730e-06 -2.208953609343607e-06 -9.765192709167293e-07
-7.913861533251949e-06 -2.494939851208556e-06 -3.128293234789141e-06 -3.645926186880983e-07
-5.692450148023513e-06 -3.371323369522980e-06 -2.390833331490487e-06 -6.746895922799118e-07
-7.105145451069406e-06 -3.452721198372828e-06 -2.846382710742085e-06 -6.978136639636797e-07
-5.570975212450999e-06 -5.405014704930548e-06 -2.377917790473126e-06 -1.269977684963800e-06
-8.450902294336359e-06 -3.454770868765178e-06 -3.234122889282757e-06 -6.934720480639342e-07
-8.034079626340709e-06 -4.427269995775324e-06 -3.093374543746787e-06 -9.911141511031454e-07
-7.018172773450895e-06 -5.047257546796068e-06 -2.808036104065151e-06 -1.171011331041092e-06
-6.175377558760671e-06 -6.398626141797990e-06 -2.570917970615703e-06 -1.530270776060102e-06
-6.928134387229420e-06 -7.345116764914691e-06 -2.780264573883763e-06 -1.759336756142265e-06
-9.192977380570657e-06 -4.356806485669942e-06 -3.386321030133347e-06 -9.757351659158976e-07
-8.674858656530571e-06 -5.550261941261219e-06 -3.243979775134134e-06 -1.301044748488096e-06
-8.059543220836960e-06 -6.975286306901200e-06 -3.080346354667752e-06 -1.664721353690798e-06
-7.795655953015171e-06 -8.229718371668416e-06 -3.012620483011086e-06 -1.958611613626877e-06
-1.011419982222590e-05 -5.166428671510542e-06 -3.587167929477158e-06 -1.212548948740267e-06
-9.841976906979289e-06 -6.973781891928375e-06 -3.516244363885596e-06 -1.659336582822527e-06
-8.792535396759230e-06 -9.015161212329509e-06 -3.261446301257175e-06 -2.128931479013702e-06
-9.912761417397927e-06 -9.703072693823942e-06 -3.526017136831667e-06 -2.262813004961147e-06
-1.112480475621609e-05 -1.028173345918559e-05 -3.798252741828557e-06 -2.355396123371235e-06
-1.121674676725967e-05 -7.369694694745433e-06 -3.825240603535665e-06 -1.753016344015308e-06
-1.120324635743974e-05 -5.849096809236202e-06 -3.823800974922920e-06 -1.401061029955471e-06
-1.094063825177142e-05 -8.912006714846585e-06 -3.766498824867689e-06 -2.085125001792225e-06
-1.243027490591439e-05 -1.071130924646212e-05 -4.075312345762989e-06 -2.415189619799144e-06
-1.380723408239252e-05 -1.099933361282113e-05 -4.339921421507479e-06 -2.433009037652635e-06
-1.233589005711111e-05 -7.711826915865269e-06 -4.065247306095122e-06 -1.832830228780531e-06
-1.244363338875420e-05 -6.349489535905878e-06 -4.081255670627790e-06 -1.546148997876459e-06
-1.522413589787152e-05 -1.112536382206584e-05 -4.595936873806050e-06 -2.420683497275420e-06
-1.362591085150356e-05 -9.003477428517432e-06 -4.325338280982633e-06 -2.082867744294418e-06
-1.379358555420689e-05 -6.641787306213302e-06 -4.344878192164497e-06 -1.650107840803516e-06
-1.553294986021590e-05 -9.225197724626750e-06 -4.653413947105044e-06 -2.117187535880121e-06
-1.683070665497983e-05 -1.117850490338080e-05 -4.838533495467387e-06 -2.387792896692429e-06
-1.520904609519033e-05 -6.722031898953206e-06 -4.601132272595810e-06 -1.702539942355098e-06
-1.908524862068994e-05 -1.123192170555616e-05 -5.127780477057182e-06 -2.363814452490513e-06
-1.728353706982167e-05 -8.132378310596345e-06 -4.911049870973580e-06 -1.963050434686670e-06
-1.682733156826409e-05 -6.670655398139978e-06 -4.833131496783551e-06 -1.745242550722261e-06
-2.228906052621157e-05 -1.131314609026914e-05 -5.463611359669476e-06 -2.348338104429833e-06
-2.068064464396572e-05 -8.740067849659452e-06 -5.301569163344889e-06 -2.067469994164256e-06
-1.908620017787734e-05 -6.603942357226312e-06 -5.117856716277630e-06 -1.801752914744016e-06
-2.666528364601863e-05 -1.139894977465338e-05 -5.873826491902519e-06 -2.361196637936044e-06
-2.445303956994903e-05 -8.924007015383794e-06 -5.666489822841423e-06 -2.110838749025405e-06
-2.228918082122399e-05 -6.528532180115984e-06 -5.454237545897107e-06 -1.851648538176820e-06
-3.136086579099778e-05 -1.146768099583467e-05 -6.328984461798736e-06 -2.401633186023187e-06
-2.899215576954262e-05 -8.924967739196651e-06 -6.088457496289089e-06 -2.128944316537459e-06
-2.666498964480753e-05 -6.449120903493637e-06 -5.867889249905635e-06 -1.880215650325345e-06
-3.616530745855670e-05 -1.151991134196034e-05 -6.880579185108723e-06 -2.437509484460191e-06
-3.374700430816832e-05 -8.926266953980821e-06 -6.587101520375418e-06 -2.136608153143323e-06
-3.136043513300596e-05 -6.383530046753438e-06 -6.326153227052246e-06 -1.866048774160368e-06
-4.104989615920520e-05 -1.155734113354201e-05 -7.472859212299187e-06 -2.385682132536142e-06
-3.859623878327784e-05 -8.927378807812108e-06 -7.188798670419029e-06 -2.128432212154086e-06
-3.616495404770414e-05 -6.333761138942710e-06 -6.882890128775331e-06 -1.830563251052763e-06
-4.598934594351261e-05 -1.158273726287669e-05 -7.893872984904054e-06 -2.232577873021181e-06
-4.351202384567163e-05 -8.928330084840036e-06 -7.734237412267618e-06 -2.102380722707738e-06
-4.104959493995768e-05 -6.298388434872637e-06 -7.482165465648206e-06 -1.847250577833263e-06
-5.096434941128097e-05 -1.159897311908337e-05 -8.030449145617497e-06 -2.082381555396652e-06
-4.847204363487830e-05 -8.929186685668638e-06 -8.009737778843863e-06 -2.072239964083641e-06
-4.598907249719035e-05 -6.274791176449337e-06 -7.904817506528817e-06 -1.941092005715500e-06
-5.596030615590054e-05 -1.160803475836575e-05 -7.978406192983536e-06 -1.992542027329753e-06
-5.345972480283969e-05 -8.929982988114118e-06 -8.026700255393404e-06 -2.054802347850388e-06
-5.096409319219488e-05 -6.260205898638236e-06 -8.035789520846111e-06 -2.042330970632587e-06
-6.096527076875516e-05 -1.161139220344286e-05 -7.802407654541653e-06 -1.901235963478690e-06
-5.846201289919365e-05 -8.930721741003983e-06 -7.916003400087746e-06 -2.046141009095834e-06
-5.596006903947787e-05 -6.252679279955639e-06 -7.979654806593019e-06 -2.108589464068306e-06
-6.597016152635125e-05 -1.161107284931092e-05 -7.449829908955017e-06 -1.782008834667848e-06
-6.346811095921954e-05 -8.931401649580191e-06 -7.662919243600863e-06 -2.025517383332574e-06
-6.096505102178115e-05 -6.250742268019939e-06 -7.808398838910692e-06 -2.173641265320693e-06
-7.667778336416043e-05 -1.131525084471405e-05 -6.374389036825499e-06 -1.699611273185385e-06
-7.596800546256064e-05 -1.160926992675806e-05 -6.444009834349014e-06 -1.670972187304480e-06
-6.821069739014728e-05 -8.931962649029022e-06 -7.247261979271387e-06 -1.987362187971921e-06
-7.097075560407172e-05 -1.160968506201316e-05 -6.952658772286689e-06 -1.697649265836785e-06
-6.596996541876187e-05 -6.252340233103588e-06 -7.464307099904250e-06 -2.230840142101342e-06
-7.697178020336503e-05 -1.060544250991550e-05 -6.345548825051761e-06 -1.769049179685828e-06
-7.529238476347214e-05 -8.932444946594316e-06 -6.515430735207762e-06 -1.938419924609446e-06
-7.097063508954342e-05 -6.254726281904006e-06 -6.966090390374731e-06 -2.230706131276483e-06
-7.697177266112892e-05 -7.259465560441906e-06 -6.346642308044140e-06 -2.105392403314446e-06
-7.596796192618528e-05 -6.255586352368202e-06 -6.449084702585614e-06 -2.209177724051341e-06
-7.667776569032728e-05 -6.549623238798320e-06 -6.376610705317575e-06 -2.178567805198316e-06
