8.104325999260930e-05 -1.333065710458631e-05 -1.182630186642065e-05 2.175150473499611e-06
8.131785498605576e-05 -1.266895523873018e-05 -1.203286205390968e-05 1.859529900363370e-06
8.131683449558065e-05 -9.549307442524672e-06 -1.162204617928251e-05 3.065909716300635e-07
8.104222309635060e-05 -8.887984517522516e-06 -1.135785129636421e-05 -1.431663054144326e-07
8.038056005553999e-05 -1.360452105814397e-05 -1.135780478799476e-05 2.269563741335460e-06
7.913619564822478e-05 -1.110878115031274e-05 -1.007781807302660e-05 7.533494002578810e-07
8.037967166216488e-05 -8.614300482143637e-06 -1.078152779899003e-05 -3.203754007967090e-07
7.571477320887591e-05 -1.360025873537843e-05 -8.299202292988917e-06 5.534985027854784e-07
7.571620935541001e-05 -8.620821831861423e-06 -7.570052338449954e-06 -1.038385915026708e-06
7.314711933152204e-05 -1.111303752897262e-05 -8.984234925437276e-06 -6.826969633042332e-07
7.105978660402750e-05 -1.361088546522661e-05 -8.241382450173203e-06 8.588455781615180e-07
7.106151887865855e-05 -8.619558062276495e-06 -9.211968969409794e-06 -1.211187878473144e-06
6.873462801277191e-05 -1.111617150363978e-05 -7.625161844250004e-06 3.080141844615016e-07
6.641452384386346e-05 -1.360556697582837e-05 -8.184120467744358e-06 -1.157252671061964e-06
6.641111449239813e-05 -8.622919730384517e-06 -8.423693273327991e-06 2.206364197660984e-06
6.408916462709076e-05 -1.111115799660935e-05 -9.178524036311716e-06 -4.499292615539357e-08
6.176004084796373e-05 -1.360282891678581e-05 -6.872871278791402e-06 1.238211574476037e-06
6.176254289997822e-05 -8.620222176319748e-06 -7.097953942841588e-06 -1.909824008922317e-06
5.943474357783276e-05 -1.111341604104944e-05 -5.535409682897883e-06 -8.535157034835708e-07
5.711258298970150e-05 -1.359977842763369e-05 -4.503024112525781e-06 5.834026111503259e-07
5.711246398442456e-05 -8.629011889769893e-06 -6.094652074551370e-06 -1.032236534226026e-06
5.478946829449116e-05 -1.111622646229370e-05 -6.069891860792031e-06 4.432855201297606e-07
5.245790336008038e-05 -1.361483377148660e-05 -5.838476606187413e-06 7.464717689786497e-07
5.246048568679098e-05 -8.622680437597459e-06 -5.321352256690757e-06 -5.044251632058884e-07
5.012984494625276e-05 -1.112036714589752e-05 -4.948261020007601e-06 2.632003263777800e-07
4.780150965437239e-05 -1.361783542404746e-05 -3.809598769803806e-06 2.572320107023591e-06
4.780097984491434e-05 -8.619897403230116e-06 -4.629972899331707e-06 -1.319209919502118e-06
4.547150313066806e-05 -1.111722189614112e-05 -4.228852445144619e-06 1.662108263406507e-07
4.313551749780910e-05 -1.362212693161559e-05 -4.517588930720388e-06 1.066809158137051e-06
4.313429068729003e-05 -8.609617162528790e-06 -4.033087040648045e-06 -2.185661692904990e-06
4.079346702318888e-05 -1.111715632001073e-05 -2.689230937643230e-06 -2.977676766022505e-07
3.844854970692128e-05 -1.362983984922985e-05 -9.924175359708929e-07 -2.060814971274079e-07
3.844827004553737e-05 -8.606092134444937e-06 -1.379355861279055e-06 5.217631351359256e-07
3.610421820031112e-05 -1.111998074382691e-05 -1.411825980603339e-06 1.221637543268896e-07
3.375821406452090e-05 -1.363356252074313e-05 -4.225370191873162e-06 -1.103065019598329e-06
3.376235788049116e-05 -8.613456263722390e-06 -1.781298521843487e-06 -9.271422204541517e-07
3.151020672030792e-05 -1.112674718415842e-05 -3.592928950044445e-06 -1.792422656006851e-07
2.926011160643236e-05 -1.363893389177590e-05 -5.425849804896972e-07 1.507007700111130e-06
2.925966420275575e-05 -8.615215948049964e-06 -4.868555206220752e-06 -6.351520559896840e-07
2.757007186257491e-05 -1.132348875342188e-05 -1.512155260154556e-06 -1.791347225874196e-07
2.583869231294911e-05 -1.364289130697878e-05 -1.596802356185094e-06 8.672552351228101e-07
2.583678450669958e-05 -8.609921975125152e-06 1.422518625208054e-06 4.243689414161170e-07
2.334478127638466e-05 -1.363818934480174e-05 2.080673075884527e-06 -5.968477303251018e-07
2.382967784510374e-05 -1.198251906414044e-05 1.995212238320944e-06 -4.222772949141342e-07
2.334298921111626e-05 -8.607505051512014e-06 -3.189394454790711e-06 -8.626413568396626e-07
2.154242452205450e-05 -8.618061477672487e-06 -3.790015274517296e-06 -1.301094068663301e-06
-3.642857779122190e-06 -5.812489507834393e-10 3.039115113174343e-05 -1.174691291512230e-05
-3.729622017111065e-06 1.453963349059225e-07 2.292591330684435e-05 4.499382093013298e-05
-3.743592975261062e-06 8.148747366543234e-07 4.365639135441021e-05 -3.730204426378690e-05
-3.646933485384469e-06 1.026309204909229e-06 5.317605375913910e-05 1.629862914114200e-05
2.154297869936847e-05 -1.363365791845734e-05 -4.110130910795608e-07 -1.510221099705345e-06
1.990752078963465e-05 -1.353795913562523e-05 -3.283295673093921e-08 3.591699056120595e-07
2.117497136162646e-05 -1.049611590607478e-05 -2.493839657749561e-06 1.201106530741249e-07
1.990892152603908e-05 -8.484594734559620e-06 -8.453217634577867e-07 6.383889381527036e-07
-3.454931511267830e-06 -5.660538485976398e-08 -2.336072772772848e-06 -2.658457860128538e-05
-3.210406804378450e-06 4.856461660238779e-07 -3.597142890831238e-05 -2.064045446052623e-05
-3.425757827276571e-06 1.110725671678185e-06 4.071238058450418e-05 6.677357783495277e-05
1.938884489105201e-05 -1.198944907859006e-05 -7.227975790795752e-07 -3.681892800845040e-07
1.829840159270065e-05 -1.325543929924589e-05 -5.558259138825554e-07 2.021436567257361e-06
1.673607623335584e-05 -1.279158176312902e-05 1.130796269512973e-09 1.094572251435636e-06
1.889924378345947e-05 -9.852038398359740e-06 1.095818990934875e-06 2.553869250416682e-06
1.833233280113757e-05 -8.060845634176214e-06 3.558073647985785e-07 5.921999974155497e-07
-2.263076039999155e-06 -8.866319655837911e-08 5.744255350791064e-06 1.780497000191428e-05
-2.299056987932560e-06 1.093838475989806e-06 6.903350806926287e-06 -7.687312489614655e-06
-1.684182643061947e-06 4.731609113013468e-07 3.455935477687572e-06 -2.959619527362633e-05
1.523886685725051e-05 -1.215228455214793e-05 1.993347566801598e-06 4.837574141943496e-07
1.653028704056518e-05 -1.117074421750960e-05 2.495463419641077e-07 -1.632840032214903e-06
1.707453634009590e-05 -9.117575138420841e-06 1.308515116440949e-06 8.329668101322712e-07
1.686266072514985e-05 -7.383289840765786e-06 9.463912957934217e-07 -4.629319494402560e-06
-1.008450429641520e-06 -2.169267441309526e-07 4.541958411539422e-06 1.181084817840527e-05
-9.776581085016240e-07 1.218624208669993e-06 -5.538333239904676e-06 3.142762262207749e-05
-2.350833258006130e-07 4.701843747622483e-07 -8.095407741934651e-06 -3.771426665516533e-05
1.382772976027787e-05 -1.135409379447626e-05 2.846536268841179e-06 2.090214268907086e-06
1.251828831593519e-05 -1.040173015632326e-05 -2.136484736614998e-07 5.549745460560067e-07
1.517308563628552e-05 -8.801037618889529e-06 1.678350590753072e-06 -9.980805575973434e-07
1.553089480497205e-05 -6.466676575220686e-06 -4.342375130837074e-06 8.727531298580197e-07
6.685581490248308e-07 -4.457444543415079e-07 6.476694726847117e-06 1.440519993480838e-05
6.552774563051558e-07 1.474381987884645e-06 3.094358213587959e-06 6.260125715724109e-06
1.284939647679627e-05 -8.913207074706927e-06 1.264428085902400e-06 -4.811132723816918e-08
1.132123176944176e-05 -9.309061108988949e-06 1.070582585005227e-06 -2.097952850960914e-06
1.341003500332293e-05 -7.210774170398931e-06 1.735778573288141e-06 2.546411411491539e-06
1.437512872137600e-05 -5.325059367960608e-06 4.887479087692965e-06 -2.917384521522472e-06
1.625608199946460e-06 4.919183762247508e-07 -6.513533608946242e-06 -1.057624302162283e-05
2.779136605599687e-06 -7.895660450251379e-07 -1.547521510653593e-06 2.627252758795883e-06
2.789592860306457e-06 1.812918765381700e-06 -2.048737884052961e-06 2.517887477557207e-06
1.025662813513127e-05 -8.095217336710279e-06 2.185315716782483e-06 -1.496821917087987e-06
9.346181032680874e-06 -6.762834990578316e-06 -1.928720290604306e-07 5.901259746363460e-07
8.599963100161322e-06 -5.334160697477747e-06 2.973532209178658e-07 -4.602735562837499e-08
1.226155499317680e-05 -5.654186777846480e-06 -3.079929326032038e-06 -3.952237507720628e-07
1.344059464888748e-05 -4.010163037249799e-06 2.083540995739475e-06 1.308678528355891e-06
3.707737338308649e-06 5.269231426646464e-07 8.619179250596122e-06 1.410387138529840e-06
4.832080847559190e-06 -1.108703012955589e-06 -8.574618736266518e-06 -4.773794119033099e-06
4.837074449243497e-06 2.172037829552325e-06 -3.686920568569691e-06 -6.886834462420131e-06
1.011234658037925e-05 -5.341543201009637e-06 2.526198798289723e-07 1.476341037576404e-06
8.019540467768988e-06 -3.826758190711507e-06 2.850564319474069e-07 -7.550038198843249e-06
6.727130936875158e-06 -1.396841194484572e-06 8.622553373156014e-06 -5.082263187890894e-06
7.290686049314608e-06 -1.678958897028804e-06 -7.019121317724501e-06 6.042200325222747e-06
7.606566671665167e-06 -2.247928648142453e-06 -1.582167089683161e-05 1.086059122609798e-05
1.144811671285767e-05 -3.814733458616841e-06 -6.188696074469980e-06 -2.188431679882751e-06
1.275172190084064e-05 -2.568846539887044e-06 3.154533950685089e-06 2.844824591074770e-06
5.863770028559490e-06 2.737486621803600e-07 1.114296895082740e-06 8.330244217227844e-06
6.693327726685126e-06 2.423219707809404e-06 -2.236931470031357e-06 -5.467385674237931e-06
9.059399740410560e-06 -2.759459374430883e-06 9.993008652422319e-06 -1.066731541993524e-06
7.308388276837350e-06 -5.421785293603349e-07 2.776025074472178e-06 -5.759270182225367e-06
7.969418939716937e-06 -1.481563305047257e-06 -1.138864311094932e-05 8.501185511822276e-06
1.085699449324550e-05 -2.129195825070662e-06 1.628976077950752e-06 -5.785835485524286e-06
1.234678894327875e-05 -1.068791764147005e-06 6.019998241541070e-06 8.438871845538119e-06
7.310564787848609e-06 1.309573789090731e-06 2.475401422359339e-06 -2.387197421565371e-06
7.191830324433336e-06 2.707831124065711e-06 -8.629437366795657e-07 -1.219654104659051e-06
9.367998017290277e-06 -1.949650971844093e-07 2.164906010115493e-07 -5.540471743063480e-06
1.222765592515327e-05 4.819493490617636e-07 -2.044632379963799e-06 3.552070988479981e-06
1.248435913052899e-05 2.052232273972804e-06 -3.847133571350092e-06 6.627265945584465e-08
8.390309364772602e-06 2.315074379914519e-06 2.197869518124730e-06 6.221809988059548e-07
7.471173835769968e-06 3.328047083504783e-06 -4.276716471090042e-06 1.820653176859050e-06
7.809285022142997e-06 5.063480618825707e-06 -8.983091920707972e-06 1.732153960387975e-06
1.088098513577053e-05 2.225411769645901e-06 4.545409327605708e-07 -2.284660102272389e-06
8.364654577039404e-06 6.820755514390631e-06 4.837591334028573e-07 2.908595573366896e-06
1.307471162499974e-05 3.647326758238327e-06 -9.113001925199708e-08 2.872362838630459e-06
9.383979935634194e-06 5.098521885029168e-06 4.350089537427656e-07 -7.707129499763581e-07
1.171286253682519e-05 5.244564530764953e-06 4.907586357482027e-06 -1.701053785524084e-06
9.159326208917160e-06 8.527601401613752e-06 1.831784277199782e-05 5.833208780831779e-06
1.398653298863488e-05 5.243593942131113e-06 -3.392024386450409e-07 1.014937817497508e-05
1.327693995417930e-05 6.876393340997053e-06 -1.034929186555341e-06 -1.545834432620822e-06
1.157279218313359e-05 7.910631989507968e-06 -4.892502584892181e-06 -2.265726983019198e-06
1.014548561644580e-05 1.021597015791752e-05 -3.413091276221980e-06 -6.068653837935646e-06
1.141221465969621e-05 1.180956758124213e-05 -1.756940915650521e-07 6.696584144722328e-06
1.525622604103560e-05 6.747969732361806e-06 -6.163206689946202e-06 4.279083545634899e-08
1.436811843950442e-05 8.759423787102851e-06 -2.796581927660374e-06 -3.821821448229606e-07
1.332725616619036e-05 1.117765015838023e-05 1.791929281072971e-06 4.575566659399145e-06
1.288049566963329e-05 1.332469872771176e-05 5.046489870264135e-06 2.399884758444877e-06
1.683830168570479e-05 8.105213264921889e-06 5.227860253000712e-06 2.397773807933121e-06
1.636498180695908e-05 1.118514061355081e-05 7.551639564706137e-07 -3.015708732657971e-06
1.457014112936722e-05 1.468180936685018e-05 -4.847755941240723e-08 -3.932874840627024e-06
1.648847235889040e-05 1.586960573232272e-05 1.233392699545889e-08 3.037358922949615e-06
1.857093474882773e-05 1.687534680213028e-05 -6.164307927137639e-07 2.863281169876477e-06
1.872199224236513e-05 1.186159145559378e-05 4.848345948026072e-07 -1.661817751231744e-06
1.870090071060649e-05 9.263137940012292e-06 2.524682779341379e-06 1.383854445708254e-06
1.824934614621667e-05 1.451178984569761e-05 -2.345062465150374e-09 7.004273096097063e-07
2.081416953622316e-05 1.762933342692944e-05 5.047984584851065e-06 -1.652118266787195e-06
2.319008666339885e-05 1.814075748285861e-05 2.997337573754566e-06 -1.560162410549576e-06
2.064738186221008e-05 1.244734610346396e-05 7.170321048739708e-07 -6.419984274283911e-07
2.083321069306251e-05 1.010441247355113e-05 3.300785278070717e-07 1.917002041249999e-06
2.564660482402281e-05 1.836489084521812e-05 -2.838992168946050e-06 2.926147257332232e-06
2.287356531424174e-05 1.468388331168618e-05 2.831361560697876e-06 7.927829458100556e-07
2.316734881947602e-05 1.059630779394920e-05 4.532642556537394e-07 -3.616759967951418e-07
2.618051260042811e-05 1.506867094963941e-05 1.002777214561338e-06 1.535848239686945e-06
2.843512520975560e-05 1.846019401425721e-05 6.910420667146419e-08 -4.038318126434980e-07
2.561986446641217e-05 1.073225340542103e-05 2.070355368505469e-06 -3.072974816753646e-07
3.236191082509511e-05 1.856560900870886e-05 -8.176604761669613e-07 -2.721605539421825e-06
2.921966820208005e-05 1.316830465460570e-05 -2.776967615781865e-07 -4.286784906694531e-07
2.843005612346601e-05 1.063408536191060e-05 -5.354077469774103e-07 -2.509788755549712e-07
3.796091395835439e-05 1.873007778830049e-05 2.683840643955675e-06 1.332025841412703e-06
3.514084364808988e-05 1.422657791629569e-05 1.366911528696862e-06 1.354276928568570e-07
3.235818396692263e-05 1.050559017702609e-05 2.009916740554298e-06 1.291826448893591e-06
4.566272589048218e-05 1.891371119540753e-05 1.630576609253121e-06 1.668471369854017e-06
4.176088804674938e-05 1.454658164019520e-05 2.729538698500045e-06 2.513846620569972e-07
3.796054452702993e-05 1.034947936123744e-05 1.578843207411979e-06 -7.052225297770264e-07
5.396122218702010e-05 1.905884764190614e-05 -1.372308417287828e-06 6.908746386344123e-07
4.976902517340418e-05 1.454952171619509e-05 -9.814214611574161e-07 -1.030416758457920e-07
4.566079317508962e-05 1.017753481731866e-05 1.493538680827898e-06 -7.366743160958434e-07
6.250814710310047e-05 1.919079754402511e-05 2.641960924819156e-06 -1.938255382571925e-06
5.819293265371005e-05 1.455433824665021e-05 1.366826598679366e-06 -3.531453379583742e-07
5.395923218346000e-05 1.004498059794984e-05 -1.156724950753305e-06 -1.279041295405050e-06
7.128062061490855e-05 1.929740044966976e-05 2.997544065993515e-06 1.932971297096102e-06
6.686199150778529e-05 1.455148117817216e-05 2.406660228863212e-06 -2.322424172089126e-07
6.251057841529659e-05 9.915403861892707e-06 2.859779784822617e-06 3.636487342113095e-07
8.023263146688254e-05 1.938850705623394e-05 3.722739359691457e-06 -2.532833772900590e-07
7.572715086341378e-05 1.455103817381992e-05 3.569230991878622e-06 1.036199717170696e-06
7.127961174055451e-05 9.805081533854804e-06 2.466896982074939e-06 -1.441146876012796e-07
8.933949639713129e-05 1.946520836622772e-05 4.621923071986802e-06 -1.035174458882894e-07
8.476245436089629e-05 1.455764910682680e-05 4.076477107493859e-06 -2.495473663745564e-08
8.023045007940178e-05 9.717665591634039e-06 3.788550450559483e-06 1.645068907926330e-06
9.857068539210597e-05 1.952999680375128e-05 4.617603015804935e-06 1.106129980420415e-06
9.393600475793571e-05 1.456278710367352e-05 4.844373565674692e-06 -2.423796816590092e-07
8.933751571460804e-05 9.656908856766624e-06 5.010142849970818e-06 -7.736038060057846e-07
1.078941561713431e-04 1.957125216159034e-05 8.143490213495893e-06 1.486149543660991e-06
1.032197573049758e-04 1.455723922273120e-05 5.603797429891376e-06 -1.755778445951087e-07
9.857353892263396e-05 9.590176943377925e-06 4.963156774434682e-06 -1.288307190431770e-06
1.172856976160093e-04 1.960025076818937e-05 7.125525904862502e-06 1.931187053611072e-07
1.125805722535588e-04 1.455959064941283e-05 8.868111500739284e-06 8.988419366677812e-07
1.078924618559687e-04 9.543773080005424e-06 6.995691542111292e-06 -1.236266739582069e-06
1.374855667958954e-04 1.905635117625758e-05 9.887703696218636e-06 -6.164839583562579e-07
1.361449642710526e-04 1.961138620577621e-05 1.050198888155630e-05 -5.441921110246687e-07
1.215027274804746e-04 1.456191362299650e-05 6.161140323336109e-06 4.123277987225005e-07
1.267033112575722e-04 1.960930753953093e-05 7.753025308458508e-06 2.539407192317548e-06
1.172849645078483e-04 9.522773473288871e-06 7.913181768552604e-06 1.409535084274080e-06
1.380409241714670e-04 1.771621421326915e-05 9.596397230726117e-06 -4.396835123730370e-07
1.348679579440183e-04 1.455768939479048e-05 1.117688179887714e-05 7.930225253761153e-07
1.267048228665692e-04 9.511253172277636e-06 7.448272005023107e-06 -1.888405620319267e-06
1.380414190392424e-04 1.139867088900329e-05 9.366585667649768e-06 2.272030541281219e-06
1.361458319399354e-04 9.503990959340460e-06 1.016615248013412e-05 2.269364953484126e-06
1.374861825865212e-04 1.005884637784478e-05 9.619701089730483e-06 2.381971182570234e-06
