6.971178260837475e-05 -1.135160496916687e-05 -8.921396298854535e-06 3.114130197938640e-06
6.994414406117336e-05 -1.079143364922827e-05 -9.295632429381410e-06 2.826963115793583e-06
6.994387166156615e-05 -8.149531998424568e-06 -9.233095747407079e-06 6.617677526212639e-07
6.971154237665056e-05 -7.589714780182964e-06 -8.865370159863501e-06 4.237969733900145e-07
6.915094828988091e-05 -1.158344758297762e-05 -8.139822534903669e-06 3.097660544621621e-06
6.809930083546906e-05 -9.470667854147718e-06 -7.008095381610308e-06 1.758663224527940e-06
6.915088201026378e-05 -7.358066696149611e-06 -8.115614228033828e-06 4.622457571003201e-07
6.521073938686625e-05 -1.157837396568772e-05 -8.077007421420936e-06 -2.799975523831507e-07
6.521219250773921e-05 -7.367261584203050e-06 -7.995538035392664e-06 3.588976081376138e-06
6.304451018369210e-05 -9.474496441249703e-06 -8.585291812145743e-06 1.256532048813479e-06
6.128332256536071e-05 -1.158230395672318e-05 -7.495853369342763e-06 2.917777088810963e-06
6.128412117913762e-05 -7.367655032817597e-06 -7.384265813367324e-06 -6.468916198048434e-07
5.931564481538068e-05 -9.476081455039059e-06 -6.900453433400444e-06 8.400271459006464e-07
5.734422845735795e-05 -1.158969457714715e-05 -8.248261498269012e-06 5.163259570801952e-07
5.734428975574388e-05 -7.363308101514059e-06 -7.966979995446145e-06 1.328986049128967e-06
5.537183871611840e-05 -9.477323433661715e-06 -9.698208894638784e-06 1.359591525341953e-06
5.339380718768414e-05 -1.160140378376187e-05 -9.460141430919237e-06 1.341049430740106e-06
5.339652514032328e-05 -7.354883537602726e-06 -8.717052668348847e-06 2.272329688132183e-06
5.142112444262500e-05 -9.477978885794899e-06 -7.655135247733062e-06 1.925701195772718e-06
4.944815749280285e-05 -1.159917765189789e-05 -6.313225304185694e-06 1.969776650949388e-06
4.944625223382043e-05 -7.353775736690616e-06 -5.930364908920232e-06 1.632431218545185e-06
4.746826190904506e-05 -9.477367084927091e-06 -7.128023293121177e-06 1.156549918273262e-06
4.548204715770311e-05 -1.160581853520418e-05 -7.566767230177491e-06 2.166303852689824e-06
4.548701348590194e-05 -7.356843531718852e-06 -7.206405645384369e-06 -9.029653067046784e-08
4.350137699078402e-05 -9.485388127582738e-06 -7.990278698787894e-06 1.080544657335443e-06
4.152046888709074e-05 -1.160768987369016e-05 -9.117520485312177e-06 2.642353030161578e-06
4.151661287583096e-05 -7.358856556792001e-06 -7.937246949079316e-06 1.129224477740877e-07
3.953495802045366e-05 -9.480696551760926e-06 -7.753914262197862e-06 1.555452659119393e-06
3.754913587266768e-05 -1.160425278450549e-05 -5.852044561455503e-06 7.297207663985998e-07
3.755201307879753e-05 -7.355857020075896e-06 -7.104397335102767e-06 2.412090519646388e-06
3.556369616014325e-05 -9.481922185723153e-06 -5.018547857107398e-06 1.928191233016869e-06
3.357363593878623e-05 -1.161208281745405e-05 -4.900679962379478e-06 2.656632952111121e-07
3.357342581935795e-05 -7.354214008360489e-06 -4.628024989510964e-06 3.443730197237474e-06
3.158571960843111e-05 -9.483357130344124e-06 -6.322420628934114e-06 1.478927343652354e-06
2.959768242961717e-05 -1.161688533592952e-05 -6.463893330222517e-06 2.299451280739766e-06
2.959901830491652e-05 -7.354184876120323e-06 -6.718432017850190e-06 -2.377164635580551e-06
2.769066384522375e-05 -9.489199865227292e-06 -3.916367866916647e-06 1.455575253380603e-06
2.578169564920493e-05 -1.162569598248314e-05 -1.148875355904972e-06 3.206221136013361e-06
2.578022133730788e-05 -7.347750474547786e-06 -5.661201718986145e-07 5.901532912783579e-07
2.434643361711434e-05 -9.649105527004017e-06 -1.818340193896607e-06 7.774538084587591e-07
2.287265803794861e-05 -1.163039045037300e-05 -5.462221594920534e-06 -1.101259385241604e-06
2.287716323027384e-05 -7.342370068933645e-06 -2.050483069202273e-06 2.859463728429773e-06
2.074864102514544e-05 -1.163410791592918e-05 -3.392154997691502e-06 1.140425541325754e-06
2.116504984705143e-05 -1.021897591086158e-05 -3.934811832474392e-06 2.462285051944604e-06
2.075599976507292e-05 -7.337039301592004e-06 -5.145017163267648e-06 1.329574931210542e-06
1.920847394392969e-05 -7.338469177430178e-06 -3.031697797833918e-06 6.976478331909900e-07
-3.421200625829961e-06 4.230869755735327e-07 -3.143579589623255e-05 2.377276639233836e-05
-3.497357315773294e-06 6.786645089010444e-07 -4.003102365085821e-05 -3.604209352590147e-05
-3.485486381066274e-06 1.111401748296622e-06 -1.940831102158522e-05 1.234755775246032e-05
-3.413096703039788e-06 1.334413890539735e-06 3.051741134874289e-06 -3.779354306882614e-06
1.920722336208362e-05 -1.163344013058910e-05 -2.237460895380871e-06 -1.040064110516394e-06
1.780343899703145e-05 -1.155551155357753e-05 -1.384956371176868e-06 1.253835971973987e-06
1.889375570593803e-05 -8.949434398243805e-06 -1.645061750971361e-06 1.446865238481843e-07
1.780454133638868e-05 -7.216978710088604e-06 -6.898789451372598e-07 3.413349310717421e-06
-3.229619126023179e-06 3.075084926307493e-07 -5.369380256492306e-05 6.463219206552321e-05
-2.975111900238414e-06 8.774460500690877e-07 3.655847197388537e-05 -8.493021648421438e-06
-3.235928602168113e-06 1.441737474525644e-06 1.511606695320881e-05 -6.167812691114903e-06
1.735895160161561e-05 -1.022925437135935e-05 -2.160323019523611e-06 -3.078261967166773e-07
1.641770167516070e-05 -1.131984144656784e-05 -3.433004352851583e-06 3.466322651799325e-06
1.506419892244170e-05 -1.092858890469346e-05 -3.041748417751795e-06 2.155433841595393e-06
1.693707861728959e-05 -8.391513908328632e-06 -6.890794476136616e-07 4.107186504510699e-06
1.644559121303900e-05 -6.836732085585248e-06 -5.269178563111260e-06 1.857788928701027e-06
-2.126771217272711e-06 3.284197964834950e-07 -1.325016564344458e-06 -1.063467973488476e-05
-2.118018605638544e-06 1.447382645663055e-06 -1.993685036431868e-05 1.097154735260440e-05
-1.566436544360839e-06 8.555984305400375e-07 1.230666940037466e-05 -8.325110747633711e-06
1.375513594411042e-05 -1.038657105220360e-05 -5.723762384762367e-07 6.784454680349185e-07
1.488939854739258e-05 -9.529456334824362e-06 -2.026574722186600e-06 -3.982438438622002e-07
1.536195874912791e-05 -7.748770639571084e-06 -1.108412779788029e-06 4.071762159757258e-06
1.518060436118926e-05 -6.234331432879043e-06 5.572643823748086e-07 -6.648949529314340e-06
-9.205989731512816e-07 2.355513189983382e-07 -1.467962341025800e-06 1.197234101770643e-05
-9.194533403241297e-07 1.560382231999261e-06 -2.127099936671432e-06 8.184700327257908e-08
-2.152824060613262e-07 8.280648966921618e-07 8.171306013892776e-06 -7.852589977073880e-06
1.251449855275986e-05 -9.697912293121428e-06 -4.428083579717562e-07 4.006610551552770e-06
1.135344505209620e-05 -8.867220470907137e-06 -2.334176067407537e-06 2.339257327574250e-06
1.370196130176836e-05 -7.470578358733994e-06 -7.229051629109534e-08 1.864203616619123e-06
1.400991940587574e-05 -5.410676411961341e-06 -4.384081343863602e-06 2.429841842077423e-06
5.941634527902035e-07 1.382739751961880e-08 -1.928678356875177e-07 -5.217231552165504e-07
5.951672702342233e-07 1.772541417435308e-06 -8.994102619109195e-06 2.364055994619883e-06
1.164550297102909e-05 -7.562477869993859e-06 -1.473218543666776e-06 1.227687798742204e-06
1.029362301373924e-05 -7.909852822576611e-06 3.549322936943727e-08 -1.628277424438086e-06
1.214139477723755e-05 -6.057553130038835e-06 -1.537595847045708e-06 3.650536298148522e-06
1.299668267129618e-05 -4.386007966710920e-06 5.951004393240025e-06 -1.047439891092630e-06
1.478108829610304e-06 8.513960210129153e-07 5.026922236949148e-06 3.145964205916198e-06
2.528983368827240e-06 -3.006725855515937e-07 -4.200937054460316e-06 -3.350861359434577e-06
2.526537889406720e-06 2.080594099207779e-06 3.576088704634011e-06 -4.477671927128252e-06
9.348981369622169e-06 -6.835492846653596e-06 1.432345072821668e-06 -3.994717663550199e-06
8.530406880327592e-06 -5.656713070876847e-06 -2.215186730692354e-06 6.541196997972548e-07
7.849717187693099e-06 -4.386730080496674e-06 -1.333474773882513e-06 1.907938689684291e-06
1.112786802450992e-05 -4.676828210652627e-06 -4.296969524447681e-06 -1.640589575858404e-06
1.218390099410402e-05 -3.209280597638331e-06 4.714948370953068e-06 -1.318997094979770e-06
3.373842316594512e-06 8.991529432030212e-07 4.207650850122758e-07 -3.824264153976342e-06
4.392036505254461e-06 -6.128321308177006e-07 -2.064220964635691e-06 4.487970217980690e-06
4.394116629346670e-06 2.397219324213852e-06 -8.479064801025060e-07 5.499061095329851e-07
9.211119630278992e-06 -4.397829319736675e-06 -1.483964113088426e-06 2.259994823396423e-06
7.316382659836635e-06 -3.036151923549408e-06 -2.185204384999197e-06 -6.206211930278244e-06
6.112892451489746e-06 -8.692930776608453e-07 1.257737806887046e-05 -8.656084883954911e-06
6.630370328612490e-06 -1.119534176755571e-06 -7.257793467883669e-06 2.258925570180054e-06
6.925036390949327e-06 -1.627463464497658e-06 -1.806231973248741e-05 8.884931078323100e-06
1.040865243418959e-05 -3.040301652522608e-06 -4.905469007367082e-06 -2.352087103883429e-06
1.158613198430962e-05 -1.918816467834409e-06 6.788819094487701e-07 -8.537939306855179e-07
5.332813397571928e-06 6.638723367553525e-07 -2.688784580204079e-06 6.774769503765936e-06
6.079774192585860e-06 2.607301566541822e-06 -4.100390453626943e-06 2.636507628112693e-06
8.246237227688099e-06 -2.087022114992632e-06 6.843146365915041e-06 1.815048054128304e-06
6.643787717799380e-06 -8.125828056954586e-08 2.277475168516721e-06 -1.266291242366967e-05
7.250992750448257e-06 -9.356329517489259e-07 -1.439166779054270e-05 5.393210325214312e-06
9.873718703103734e-06 -1.517950262727724e-06 -1.160771749424059e-06 5.796515211326471e-07
1.122758099365108e-05 -5.551473989732092e-07 -3.755539594930695e-06 1.487553980978567e-06
6.636537020342886e-06 1.602814470572042e-06 4.991764000290563e-06 2.967529438447164e-07
6.530229171408911e-06 2.873896179688960e-06 4.990825752963619e-06 1.149080990933369e-07
8.524298590207660e-06 2.345262267101081e-07 -3.474526137068144e-07 -1.430710850737913e-07
1.112882670659589e-05 8.409120420195935e-07 -2.362761993899610e-06 -3.449700197281134e-06
1.138041473336066e-05 2.277991503943691e-06 6.993458468139811e-07 4.073001659876738e-06
7.621525464623110e-06 2.525958137128213e-06 2.058726952277968e-08 3.125370978319682e-07
6.784275385160906e-06 3.453608288941790e-06 3.860343974711510e-06 -5.279892573728092e-06
7.078597780953847e-06 5.063920481041182e-06 -5.582309348648731e-07 -3.174872031235374e-06
9.909602575406952e-06 2.435962299892438e-06 -1.171269899601225e-07 3.862975534062606e-06
7.577750351828511e-06 6.696057461281278e-06 6.435958506170520e-07 4.884264848379436e-06
1.193410719156477e-05 3.744071136663942e-06 -1.315859065960465e-06 1.673844409487789e-06
8.520855563238087e-06 5.095119534093554e-06 -3.827618986087906e-06 -1.903489538056559e-06
1.067786478929454e-05 5.227440655263432e-06 1.533687688487114e-06 -6.147987300293855e-06
8.315191515297210e-06 8.283024939520262e-06 1.157995475853470e-05 9.172302002163743e-06
1.278650930011417e-05 5.235320277768598e-06 -1.192258471416513e-06 7.140457249764292e-06
1.212980384335771e-05 6.745448152209241e-06 2.374639808539535e-06 -1.416439347982982e-06
1.055186713287718e-05 7.702758800612427e-06 -2.147547494340074e-06 -3.873311958942992e-06
9.230348855300599e-06 9.850082741006484e-06 -3.033495968075202e-06 -1.087731925277539e-05
1.040370184525534e-05 1.133627725236890e-05 -3.640905583071337e-06 6.456267058365073e-06
1.396777144836976e-05 6.625546669427367e-06 -8.093418365737885e-06 4.710326651790831e-06
1.314128444022006e-05 8.492769486238126e-06 -7.498813757604813e-07 -4.170885808752367e-06
1.217898317524698e-05 1.074704736495410e-05 -1.634909663413514e-06 3.219726034531416e-06
1.176562847348193e-05 1.275787872080633e-05 -2.241028941977302e-06 6.122725206137861e-07
1.545226396709449e-05 7.882898340508092e-06 -7.819671831557146e-07 -1.056004566685058e-06
1.500046429013024e-05 1.075566745445668e-05 -1.216676837161066e-08 -2.091530104000307e-06
1.333342884465152e-05 1.403464999301425e-05 1.489886156120540e-06 -8.931698945366057e-06
1.513165938641214e-05 1.515802907439950e-05 1.178316056940618e-06 1.178762807830492e-06
1.708641375700826e-05 1.611113005474675e-05 -3.236726506610524e-06 1.677524284047473e-06
1.721563377319883e-05 1.138927203300758e-05 -2.483819326219657e-07 7.601854475469145e-08
1.719183133214079e-05 8.952654529279199e-06 3.115191907427678e-06 -1.546707897664190e-06
1.677890122496126e-05 1.388389570954062e-05 -2.057971596682844e-06 3.268565899227148e-06
1.919947234521810e-05 1.682733424023295e-05 -1.029782282617259e-06 -4.881647782676678e-06
2.145025940722752e-05 1.732048820832793e-05 -1.900782426415668e-06 -4.410682259870232e-06
1.904282406090684e-05 1.193786448391170e-05 -2.464317691545305e-06 2.801451099191883e-07
1.921750918558001e-05 9.730564416877368e-06 -2.117167901157507e-06 -8.210971663756272e-08
2.378510852208740e-05 1.754210906388360e-05 -5.545559619272873e-06 2.509229846273023e-06
2.114664326058926e-05 1.404387277782674e-05 -3.438249987176022e-06 -4.731466665837196e-06
2.142822346216081e-05 1.018308179390817e-05 -4.949379308727857e-06 1.869384769028586e-08
2.428563745273530e-05 1.441779475312257e-05 -3.959136702573796e-07 -2.978402548908114e-06
2.642860642510555e-05 1.764737371393331e-05 -9.581169403426949e-07 1.224958306852259e-07
2.374459472487988e-05 1.030273256486381e-05 -2.505589916619506e-06 -5.213210620394895e-07
3.015332788813191e-05 1.776311878777976e-05 -6.190543650890473e-06 -2.599661956827102e-06
2.717270225963210e-05 1.261276391348616e-05 -5.513829068352327e-06 -2.104623986238027e-06
2.642366707174667e-05 1.019883614813076e-05 -5.918477807297220e-06 -1.066277638171336e-06
3.550363284405455e-05 1.792749877335694e-05 -4.964300106963006e-06 -3.156584068098432e-06
3.280656759901459e-05 1.361389227975934e-05 -4.020885785849147e-06 -5.291174300349162e-07
3.016277350371431e-05 1.006664751382989e-05 -4.155450645184096e-06 -1.848998897444325e-06
4.286885668946547e-05 1.810897681208130e-05 -5.990309213065525e-06 -2.507021851289229e-06
3.913788535119054e-05 1.392671465650382e-05 -6.473460246184314e-06 -1.333321886303841e-06
3.549821537775704e-05 9.906214859194524e-06 -7.894852448459253e-06 1.805677712229174e-06
5.085086837334751e-05 1.826940007951307e-05 -6.777460984832708e-06 -1.962993053678917e-06
4.681211705215182e-05 1.392115261036715e-05 -5.935590347012430e-06 -1.876117797015629e-06
4.287827200511110e-05 9.737460120627051e-06 -4.827717036148320e-06 -3.740638043233155e-07
5.909137373181579e-05 1.840393562515480e-05 -9.030923454996422e-06 2.125182051045169e-07
5.492641589938397e-05 1.393007915387114e-05 -8.269125948419493e-06 -1.548712407874315e-06
5.084333317550117e-05 9.582850266446573e-06 -6.572666697999769e-06 -1.314342927361656e-06
6.757794099714965e-05 1.851125837746074e-05 -8.158151159039699e-06 -1.406156875503305e-06
6.330102032215041e-05 1.392865904051677e-05 -8.730413852818671e-06 -3.881171958289770e-07
5.909430445589969e-05 9.454374766484167e-06 -9.979413095524476e-06 -1.409373138647442e-06
7.623382186235191e-05 1.860960540080181e-05 -1.061301715613208e-05 -4.391563844064371e-06
7.187829281272107e-05 1.393317015552629e-05 -8.481458894331553e-06 -1.752792712977919e-06
6.757419718864088e-05 9.349769368500210e-06 -7.445328792231120e-06 -6.366193662961985e-07
8.503860164968002e-05 1.868409919335273e-05 -1.095658355320051e-05 -3.478042296778527e-07
8.061324754785085e-05 1.393097512706259e-05 -1.204376942186826e-05 -1.777977880188627e-06
7.623719544721879e-05 9.254136989929776e-06 -1.092237300948348e-05 1.604388774051927e-07
9.395997551426217e-05 1.872850518105292e-05 -1.172329570926042e-05 -1.471992242113741e-06
8.948363006126364e-05 1.393630629291615e-05 -1.027182039843440e-05 -9.507000667265762e-07
8.503547858914336e-05 9.183849497823980e-06 -1.078023054550913e-05 -2.446242255640503e-06
1.029484821038260e-04 1.875998391630681e-05 -1.366838973556467e-05 -2.170669460151955e-06
9.844537246438221e-05 1.393816712858598e-05 -1.352673893634121e-05 -1.007751757607724e-06
9.395840020398978e-05 9.146174722010060e-06 -1.213314039469200e-05 7.422217390755974e-07
1.119817894982960e-04 1.877561793832823e-05 -1.556936604790048e-05 -2.576938641605314e-06
1.074604043520097e-04 1.393413070503138e-05 -1.356572450741410e-05 -1.346551434426231e-06
1.029516192446169e-04 9.111771707363489e-06 -1.355980761611425e-05 -1.123814942036797e-06
1.313777428316224e-04 1.824602027596263e-05 -2.063584145472700e-05 -2.034562527732324e-06
1.300941141057190e-04 1.877818326158475e-05 -2.005605455819737e-05 -2.078623763523877e-06
1.160377362145549e-04 1.393287191137125e-05 -1.759911742895990e-05 -1.530534290241865e-06
1.210435657423529e-04 1.878264459312744e-05 -1.863179055098783e-05 -2.126765355793382e-07
1.119817070983944e-04 9.090978266889851e-06 -1.486116519459216e-05 -1.511228160631435e-07
1.319094194903710e-04 1.696178780949604e-05 -2.089139230940385e-05 -1.714187751341014e-06
1.288725296483983e-04 1.393568600001316e-05 -1.924364496214247e-05 -4.706363458649541e-07
1.210425863391600e-04 9.084307891392609e-06 -1.927266611727108e-05 -2.451447998350351e-06
1.319103038816832e-04 1.090946516366518e-05 -2.089940772408886e-05 8.995301381277144e-07
1.300945170574986e-04 9.092219732872604e-06 -2.029893232237866e-05 9.539850465979702e-07
1.313785344666141e-04 9.624657001385060e-06 -2.070875126139690e-05 1.012003647737468e-06
