-9.512717361221775e-05 1.315456252001058e-05 4.247777107953749e-05 -3.849574512636313e-06
-9.550003401440496e-05 1.225533026809759e-05 4.235769616620993e-05 -3.861499850956453e-06
-9.549937695595511e-05 8.016889271314114e-06 4.236622018641361e-05 -4.826323823194862e-06
-9.512643302771740e-05 7.117434937465436e-06 4.247210223354254e-05 -4.753366167245046e-06
-9.422727020369541e-05 1.352700086814092e-05 4.272654282046839e-05 -3.932694720433637e-06
-9.253494260823998e-05 1.013542435864807e-05 4.265813005451541e-05 -4.311032210376774e-06
-9.422636693103754e-05 6.744849572139771e-06 4.267242041384210e-05 -4.624569972223884e-06
-8.787128495296625e-05 1.352273816809013e-05 3.877606616973968e-05 -6.412237711534114e-06
-8.787038597569399e-05 6.744594661231399e-06 3.829249133251432e-05 -1.222465011784308e-06
-8.437784889053763e-05 1.013347575039343e-05 3.628008676368547e-05 -3.404743151120225e-06
-8.155297813498035e-05 1.350988921089784e-05 3.560940285051042e-05 -4.860936019749883e-06
-8.155467607728973e-05 6.759335637337331e-06 3.564958389402503e-05 -1.972950279970190e-06
-7.840444078867453e-05 1.013572759475483e-05 3.480018881288309e-05 -3.610301845895016e-06
-7.525524616698135e-05 1.350668635103129e-05 3.251128829770592e-05 -5.858055059454191e-06
-7.525206400487173e-05 6.761644108824684e-06 3.338460375625784e-05 -2.572300412277878e-06
-7.210339176937947e-05 1.013246670584248e-05 3.016452051342833e-05 -4.728198279382342e-06
-6.896673088605138e-05 1.348476698005125e-05 2.936625678974821e-05 -4.903013986190510e-06
-6.896518697475840e-05 6.778793222010156e-06 2.843677640495437e-05 -3.148862833675572e-06
-6.583966344291820e-05 1.013202664497765e-05 2.738087445166293e-05 -3.337992266602312e-06
-6.273675598972712e-05 1.345112984412534e-05 2.591016080482707e-05 -5.543029547187671e-06
-6.273629046338474e-05 6.815541112398645e-06 2.598674340781347e-05 -7.256802063857750e-07
-5.964243587051683e-05 1.013460993253469e-05 2.350283769773812e-05 -3.362303327291149e-06
-5.656775593765947e-05 1.341859280147254e-05 2.168664967445929e-05 -6.088504262896431e-06
-5.656731130146723e-05 6.853198562435987e-06 2.247091645548944e-05 -2.068849875448689e-06
-5.350393770952364e-05 1.013674627094869e-05 2.071877434878015e-05 -4.582099382036272e-06
-5.047148404210764e-05 1.337314419807214e-05 1.998501282247386e-05 -6.065763284304790e-06
-5.047235715431787e-05 6.902552694231265e-06 1.989626208129942e-05 -3.030252490801503e-06
-4.745966643211074e-05 1.013768007729279e-05 1.897495958931629e-05 -4.380259085443632e-06
-4.448695581532025e-05 1.331204998176555e-05 1.762178245044573e-05 -6.151295890407664e-06
-4.448421754193103e-05 6.958581153200383e-06 1.719346392113245e-05 -2.026022722925245e-06
-4.152856637178546e-05 1.013269050653848e-05 1.574438888686180e-05 -3.669249916967380e-06
-3.861031471953350e-05 1.324312245743455e-05 1.408268658409802e-05 -5.736064027878839e-06
-3.861225082348269e-05 7.023923342128562e-06 1.441726856127279e-05 -1.758124567836213e-06
-3.571805530226372e-05 1.013555749700588e-05 1.290649280615534e-05 -4.128571479047054e-06
-3.288218150323979e-05 1.315652075811816e-05 1.183847005952143e-05 -5.621487867640855e-06
-3.288124177487161e-05 7.116306712445695e-06 1.193740355925471e-05 -3.563833611297856e-06
-3.018457127505106e-05 1.013478295635305e-05 1.080027277118825e-05 -4.561507573924033e-06
-2.753788833410510e-05 1.306652084060172e-05 1.068599137496074e-05 -3.459415323314486e-06
-2.753825875794301e-05 7.207038002652365e-06 9.579967383375294e-06 -4.133475301753729e-06
-2.556946591242753e-05 1.035949585557285e-05 9.320722265193174e-06 -3.348397645211542e-06
-2.361773684556019e-05 1.297652485467212e-05 7.183012440797404e-06 -5.182126398270077e-06
-2.361428174658181e-05 7.297608449021260e-06 7.875871147291316e-06 -2.257733121422328e-06
-2.085411014712143e-05 1.289090659697522e-05 5.806215117727772e-06 -5.809300341362774e-06
-2.136789065275890e-05 1.108444979254030e-05 5.940311676935108e-06 -5.162099248214923e-06
-2.084587872062016e-05 7.356167121929230e-06 5.669727073364793e-06 -1.561655090712259e-06
-1.888150836639828e-05 7.424459771433465e-06 5.144524584236364e-06 -1.384449813437026e-06
2.821313689899135e-06 2.256313488797709e-07 -2.371427189037598e-05 4.626891621876676e-06
2.860360074563901e-06 3.458162879475797e-08 -3.925974745328638e-05 -6.046835586125671e-05
2.852125395212768e-06 -4.160456613605562e-07 -2.155632097139852e-05 3.677622819939150e-05
2.809802912552568e-06 -5.971597318189795e-07 -1.534247300687783e-05 1.357897370983798e-05
-1.887870161180089e-05 1.282865421649012e-05 5.713377362893394e-06 -5.788761678000688e-06
-1.714000746425341e-05 1.267589122922054e-05 5.090453417075082e-06 -5.165018475857791e-06
-1.846162780877159e-05 9.455940215397988e-06 5.041910446613744e-06 -3.330828233984290e-06
-1.711913577897405e-05 7.345351372926087e-06 4.993136026530380e-06 -1.577507485272221e-06
2.696020169055807e-06 3.255102479883053e-07 -5.433876446972191e-05 6.858214213929742e-05
2.472321724650064e-06 -1.154932235413092e-07 3.819305012680119e-05 -1.186769692410001e-05
2.695872737429395e-06 -6.883947486565125e-07 3.503971219038552e-06 -1.969570591850653e-05
-1.657332110217844e-05 1.102098786431765e-05 4.657212971037611e-06 -4.306928060096530e-06
-1.545758118276224e-05 1.231773613321989e-05 4.635805809680524e-06 -4.532178404827685e-06
-1.386375085036438e-05 1.179687100131895e-05 4.389081048452293e-06 -4.371592844353505e-06
-1.605194716269859e-05 8.792279544752408e-06 4.448212837776977e-06 -3.185904610380055e-06
-1.546732097101964e-05 6.986897005227081e-06 4.311912627339904e-06 -2.569880792065526e-06
1.737848054533093e-06 2.740529846702137e-07 -1.371388899751416e-06 -1.006154737626341e-05
1.771595918161920e-06 -6.437434425977382e-07 -2.251913535055417e-05 1.229337667605990e-05
1.269358117440730e-06 -1.233527802359551e-07 8.253844168819605e-06 -1.483775896603848e-05
-1.237557069430469e-05 1.109405671263159e-05 3.357669814328188e-06 -4.376724500794221e-06
-1.363947731725989e-05 1.012393820723162e-05 4.417429364795742e-06 -3.707123928555553e-06
-1.418133310962789e-05 8.062442492354351e-06 4.282800822318377e-06 -3.267867356436072e-06
-1.394960147279723e-05 6.375252025681578e-06 4.211285751390860e-06 -4.010560168822595e-06
7.451837271092887e-07 4.018312233311618e-07 -8.280874616920677e-06 1.617717616121460e-05
7.219758969715106e-07 -7.262080464825371e-07 4.195798859194966e-06 1.764257291816157e-06
1.588381402482861e-07 -1.565704105231277e-07 3.896427769413585e-06 -3.591183067051772e-05
-1.099513056107294e-05 1.024860540070338e-05 2.229252124050705e-06 -4.316721285422585e-06
-9.774769493881579e-06 9.285784360796499e-06 1.574496486730551e-06 -4.184180140083476e-06
-1.228309950870849e-05 7.743943929280664e-06 3.555208672053130e-06 -3.835854998251018e-06
-1.261211258929966e-05 5.539062221949266e-06 2.772797763673531e-06 -3.439987477309861e-06
-5.377342428526826e-07 5.700632489687477e-07 1.731898320414006e-06 1.025198488978937e-05
-5.216142116488464e-07 -8.844761795548216e-07 -2.839103347851537e-06 1.590977586970163e-05
-1.008634708249885e-05 7.837744674362928e-06 1.646627938558017e-06 -3.672840536198429e-06
-8.705989206598342e-06 8.202534830729750e-06 2.996034446640415e-06 -3.385878090804505e-06
-1.059990276488397e-05 6.247609853723907e-06 1.138765911272298e-06 -2.710303630287476e-06
-1.148921552156828e-05 4.539006112144485e-06 2.734080459749913e-06 -2.383187210571059e-06
-1.263473576377264e-06 -1.752385179732982e-07 -2.638886949002498e-06 -2.095767422800829e-05
-2.138691168360834e-06 8.403179919256687e-07 7.401435635565136e-06 1.273580213022169e-06
-2.154947976475857e-06 -1.138792825588322e-06 4.733329638208463e-06 1.412510458959361e-06
-7.772821058081741e-06 7.043248795976059e-06 4.406428179235067e-06 -1.091639971238205e-06
-7.015187169384365e-06 5.840212776582759e-06 3.650631113311160e-06 -3.134735905670299e-06
-6.430676737513986e-06 4.575611323689254e-06 9.684133415839989e-07 -4.231559522487744e-06
-9.560233900218636e-06 4.843844926771100e-06 2.640306334000529e-06 -3.792273805077516e-06
-1.058898046287766e-05 3.413422938413143e-06 4.434785849894523e-06 -1.376619000905409e-06
-2.857250510228072e-06 -1.471847354637925e-07 1.120141983076584e-06 5.151507933809356e-06
-3.722120087729519e-06 1.071109716197744e-06 -1.950688271938263e-06 -3.300935331852564e-06
-3.707759936823088e-06 -1.417222315248375e-06 -3.113415961619467e-06 4.643243552457122e-06
-7.695076334856413e-06 4.569115840089674e-06 3.211409282036323e-06 -3.957093700680776e-06
-5.994620514687758e-06 3.285969443889576e-06 4.457837753811543e-07 -2.748789991254315e-07
-5.128151033580190e-06 1.302208307217007e-06 -1.777581021827522e-06 -1.028566631663951e-05
-5.531619437262339e-06 1.527728718639673e-06 1.736535589082145e-06 -9.053751014351022e-06
-5.741468450778674e-06 1.982858902804285e-06 3.655320094593186e-06 -5.460596297916642e-06
-8.840142289502146e-06 3.251633876414726e-06 1.746711560087498e-06 -1.300448940194910e-06
-9.919983711793741e-06 2.228785660747138e-06 2.095954959723910e-06 -2.754693663725715e-06
-4.487549795894145e-06 3.542064237594368e-08 5.432773994255821e-07 1.995717539427590e-06
-5.150170607635137e-06 -1.603203050351696e-06 5.801503304491402e-06 -6.431071635222853e-06
-6.872059567950319e-06 2.379958272816555e-06 1.696052257034075e-06 2.119120560796169e-07
-5.563930387818346e-06 6.521822229877917e-07 6.468770278891435e-07 -1.657737621954243e-06
-6.044270475217166e-06 1.373689548184583e-06 4.347406002677526e-06 -5.273132439192296e-06
-8.337210639606131e-06 1.861043193898536e-06 2.231913949739732e-07 -3.647538988234879e-07
-9.506781312084046e-06 1.026901856387468e-06 4.913428785007847e-07 -2.195301118090654e-06
-5.610274733647593e-06 -7.635829457579913e-07 -2.020251739223077e-06 1.391989687364922e-06
-5.566134083227870e-06 -1.809619611728129e-06 2.851698632342257e-06 -3.754292638744950e-06
-7.151826013510571e-06 3.362584710687725e-07 3.312114642321553e-06 2.015769301036478e-06
-9.360035847606910e-06 -1.744307778287239e-07 2.034923991693588e-06 -4.680800311608032e-06
-9.453854290622693e-06 -1.341782059823548e-06 1.929165965333022e-06 -3.826474435533324e-06
-6.451522922585400e-06 -1.531728343808369e-06 1.335528990339075e-06 3.520040446239863e-06
-5.809343626357973e-06 -2.252606609270335e-06 4.534123716703122e-06 4.182704190182015e-07
-6.110601697060195e-06 -3.481561632676130e-06 1.736102715724410e-06 9.530353827517697e-08
-8.290593269268668e-06 -1.496795429182162e-06 2.770494232224672e-06 -1.352700435400444e-06
-6.549559993744168e-06 -4.665209220607056e-06 -8.314655466752769e-08 -4.645264445348192e-08
-9.791270939914772e-06 -2.513465656658340e-06 -2.740145147709299e-07 -1.778727747643719e-06
-7.217857248864813e-06 -3.530081888482135e-06 5.888670355086764e-07 -8.708224800104976e-07
-8.847712589689204e-06 -3.627190648861526e-06 2.149354789038060e-06 -1.412035463442728e-06
-7.124431124055701e-06 -5.789764409055758e-06 3.401183396245017e-06 1.477393355254763e-06
-1.034260012399598e-05 -3.631314777602045e-06 5.700845821984513e-07 1.004859320457042e-06
-9.865009811024764e-06 -4.726392949781807e-06 2.465899877554950e-06 6.080167500264962e-07
-8.754370225303454e-06 -5.405042636239968e-06 4.152113020003968e-06 1.025980464612382e-06
-7.832348365065109e-06 -6.856536501052047e-06 4.444582160257933e-06 1.076015988278832e-06
-8.665773248103389e-06 -7.840626013239605e-06 3.255264364906193e-06 8.425644120568294e-08
-1.109588554969103e-05 -4.661288813103423e-06 2.102777504438222e-06 4.582267969301577e-07
-1.054094797297357e-05 -5.947579693568585e-06 2.172841648721571e-06 3.978168984585336e-08
-9.887635411820166e-06 -7.448797459499750e-06 2.269514212454278e-06 2.297820539899410e-07
-9.608831811928070e-06 -8.728632100278532e-06 2.655064220740044e-06 6.501754228778213e-07
-1.202653941410851e-05 -5.560480894978959e-06 3.465925244424376e-06 -1.200618073316764e-06
-1.174166657485041e-05 -7.437940373670638e-06 2.443238700633913e-06 2.975175933609643e-07
-1.065809614202506e-05 -9.504314603216111e-06 3.747959951669919e-06 1.431042518336910e-06
-1.179945242743934e-05 -1.015961264862957e-05 3.412188213083947e-06 1.382960371147915e-06
-1.301382191793608e-05 -1.068835561522139e-05 2.794214218720999e-06 1.775495845948246e-06
-1.311455441059782e-05 -7.838287935076061e-06 3.728181297550891e-06 -5.063482125459923e-07
-1.310733834744530e-05 -6.298648875262288e-06 4.130721176837307e-06 -2.072414809359202e-06
-1.284377295673631e-05 -9.364534291863526e-06 2.827025445645975e-06 1.596375992895285e-06
-1.428674210660567e-05 -1.107539336132142e-05 2.750456942256989e-06 2.226366457551072e-06
-1.560258024659713e-05 -1.131920146462797e-05 4.148742354492827e-06 2.153998494320544e-06
-1.420791267613311e-05 -8.182119954481983e-06 5.033313443935144e-06 -5.872215973149520e-07
-1.431024201048962e-05 -6.840132880599749e-06 5.403084611400168e-06 -1.891270975897559e-06
-1.694518854888568e-05 -1.141053069034552e-05 4.596344468739905e-06 2.168732975069798e-06
-1.544811999660550e-05 -9.428605300753754e-06 4.844447426941590e-06 8.802780411821898e-07
-1.560420426797044e-05 -7.167292104508249e-06 4.951048004819411e-06 -3.586932941787024e-07
-1.724546586046547e-05 -9.629175282889627e-06 4.471744921996498e-06 2.056156815720233e-06
-1.844512659943473e-05 -1.142471181494387e-05 4.968502360949111e-06 2.923332767429097e-06
-1.694895875273565e-05 -7.271622386674415e-06 4.627361729074062e-06 1.300050114231575e-06
-2.051488391109582e-05 -1.144002718891852e-05 5.542998097171664e-06 2.652020245489087e-06
-1.887723348018936e-05 -8.612716430499786e-06 5.856158814641161e-06 1.924425345769487e-06
-1.844713798711210e-05 -7.256824454750733e-06 5.791881409932261e-06 1.333411342663304e-06
-2.338037149082007e-05 -1.147914299111846e-05 4.589142848362176e-06 1.424553099448794e-06
-2.194902145883239e-05 -9.179632213329786e-06 4.957255439762384e-06 1.218640358205181e-06
-2.050677360015900e-05 -7.238731818323494e-06 5.820159873823674e-06 9.024452075420334e-07
-2.724175701512102e-05 -1.151138646510228e-05 5.515509693401727e-06 6.602743193257475e-07
-2.530206711701533e-05 -9.344936190228910e-06 4.877107681915717e-06 1.695741417880749e-06
-2.338243830135387e-05 -7.207821605150753e-06 3.799246004967155e-06 1.090154668366732e-06
-3.131061476447826e-05 -1.154646634720417e-05 7.148601207086156e-06 1.285646782361791e-07
-2.926578448484262e-05 -9.351825858438974e-06 7.052151251418535e-06 1.018867519725491e-06
-2.723642411233527e-05 -7.183338870148178e-06 6.685790538494207e-06 2.741186042458457e-06
-3.545186715746364e-05 -1.158340410723492e-05 3.595128069234257e-06 1.501285267853161e-06
-3.337002755706216e-05 -9.349335549493496e-06 4.645483533036564e-06 1.867605370637668e-06
-3.131425205658052e-05 -7.155522774213461e-06 5.747255188155888e-06 2.466387966601883e-06
-3.964120201779192e-05 -1.160829233668466e-05 4.355894315727298e-06 -1.252546011421017e-06
-3.753833024707814e-05 -9.352384068654648e-06 4.511932418804527e-06 1.270568768279801e-06
-3.544830725788572e-05 -7.117438926787397e-06 4.287523792440507e-06 1.763666977687783e-06
-4.388253832990568e-05 -1.162740323829690e-05 4.584201593960927e-06 1.653795545944352e-06
-4.175541612933241e-05 -9.351128393811796e-06 3.866731609259363e-06 1.098774170070613e-06
-3.964372178758287e-05 -7.095076505588940e-06 4.203388745374969e-06 3.593810378982962e-06
-4.816411068015257e-05 -1.165911076589387e-05 4.134178436566378e-06 1.621618295161808e-06
-4.601400291971467e-05 -9.356585888381982e-06 4.807187300211048e-06 8.046291722210309e-07
-4.387910770940645e-05 -7.079779625047771e-06 4.716955534818459e-06 2.887134106956911e-07
-5.246667455698360e-05 -1.166474966751223e-05 3.190002093577808e-06 8.133385347333172e-07
-5.031615538709776e-05 -9.357072709630372e-06 3.423245554202657e-06 1.136691088620248e-06
-4.816420673846071e-05 -7.055797698437283e-06 4.276770076837190e-06 2.532775068597391e-08
-5.677342854470392e-05 -1.166949279564587e-05 3.369610468094203e-06 1.031920119016550e-06
-5.461770412588076e-05 -9.353495215887074e-06 3.035169952197814e-06 2.710417008673759e-06
-5.246883381509318e-05 -7.045465311823517e-06 1.922512868088910e-06 3.388529971653199e-06
-6.110329370738637e-05 -1.167686096980821e-05 4.474738894628054e-06 1.201799509508534e-06
-5.893441077818073e-05 -9.355070772119201e-06 4.385376660270481e-06 4.379361047075021e-07
-5.677179954462485e-05 -7.038839504184878e-06 5.059589135289389e-06 2.184096401722998e-06
-7.036689095571641e-05 -1.140460889486953e-05 3.887853558078036e-06 5.733435227583096e-07
-6.975372788713015e-05 -1.165880740427814e-05 4.155817215300274e-06 6.450565659887729e-07
-6.304700704966494e-05 -9.352886843942835e-06 4.023596899096119e-06 1.308154252019980e-06
-6.543491583486936e-05 -1.166600403965696e-05 5.265956310245989e-06 3.319067470392801e-06
-6.110436622221140e-05 -7.031785041460509e-06 3.613946890443794e-06 1.357802489967595e-07
-7.062085353614462e-05 -1.079117966884558e-05 3.762452508001910e-06 5.901642493670888e-07
-6.917106976796584e-05 -9.346878113986621e-06 5.031800648404607e-06 1.277364108455018e-06
-6.543674661228831e-05 -7.034325182818202e-06 5.391627789636402e-06 -3.842705021330484e-09
-7.062091522241666e-05 -7.902321450954720e-06 4.076356123992678e-06 1.621045136004816e-06
-6.975432287940259e-05 -7.035470844334640e-06 4.521750453315008e-06 1.599823935931175e-06
-7.036710030049969e-05 -7.289403481109140e-06 4.227751928390997e-06 1.651642726118012e-06
