2.500506645098214e-06 9.059247105369847e-07 4.621503286806805e-05 -6.756172746859154e-06
2.538147544626114e-06 9.956667671951707e-07 4.654083887919718e-05 -6.099891309241642e-06
2.537785901519424e-06 1.420968123250887e-06 4.676707211308809e-05 -2.924822315616251e-06
2.500074727712668e-06 1.510998077598244e-06 4.647925537272423e-05 -2.418135999836158e-06
2.409867567601369e-06 8.689821177673624e-07 4.545726756980653e-05 -7.002073171144370e-06
2.238829404694597e-06 1.208797918296664e-06 4.441121150945576e-05 -4.820458220497368e-06
2.409260267714606e-06 1.548115725283797e-06 4.581395299216334e-05 -2.264986560355207e-06
1.776232607119857e-06 8.785129660698249e-07 4.237951322979134e-05 -6.951221609870571e-06
1.774716750371724e-06 1.543647497593111e-06 4.299107433524811e-05 -4.926170184995537e-06
1.433980813969124e-06 1.212545577537384e-06 4.145827009980541e-05 -6.346501628961755e-06
1.155159725665711e-06 8.812365626782712e-07 4.024042782524831e-05 -7.282727467370397e-06
1.155816515513168e-06 1.542846068031477e-06 3.963261847197350e-05 -4.695059424107861e-06
8.404027618063779e-07 1.211328549628855e-06 3.803613780346029e-05 -5.345753216306925e-06
5.216087135121882e-07 8.782124086846322e-07 3.610543935889717e-05 -7.017742191260585e-06
5.240212240790255e-07 1.539975429361701e-06 3.657106952870993e-05 -3.846953314436454e-06
2.064939575266096e-07 1.207527119544098e-06 3.510519692721465e-05 -5.430882244991210e-06
-1.052096630773715e-07 8.835418580614503e-07 3.344345193344304e-05 -8.172226632941169e-06
-1.032586708922922e-07 1.529656027479818e-06 3.352442574047484e-05 -2.637314964400765e-06
-4.076200768313908e-07 1.206623230962633e-06 3.205581046962899e-05 -5.227004101594272e-06
-6.983789966135499e-07 9.009214576971109e-07 3.057637117795894e-05 -7.950261403865888e-06
-6.982612425560004e-07 1.515272448721306e-06 3.050226981749971e-05 -2.210811304815465e-06
-9.788136962985448e-07 1.209187581747892e-06 2.883437728511896e-05 -5.118401833330614e-06
-1.247194922477218e-06 9.224151699945813e-07 2.614787642909113e-05 -8.098875223683518e-06
-1.245981132535381e-06 1.496679303663985e-06 2.717628542815556e-05 -3.374724398074333e-06
-1.510131428473567e-06 1.208801667521921e-06 2.409800159349232e-05 -6.407114763896334e-06
-1.761553776338522e-06 9.465520079267034e-07 2.223909274528596e-05 -7.369954275394509e-06
-1.760774254443184e-06 1.469824500606186e-06 2.185206533973849e-05 -4.718635983828681e-06
-2.001228903265664e-06 1.207563887821936e-06 2.055946152463855e-05 -5.563608118105553e-06
-2.209257389092788e-06 9.924558929176748e-07 1.979534355303314e-05 -5.872568655414738e-06
-2.210074100359415e-06 1.423503953753781e-06 1.917965568708770e-05 -3.747292716513908e-06
-2.402461750970018e-06 1.208608573685313e-06 1.839849542235585e-05 -4.447751660387771e-06
-2.567718409991128e-06 1.038801060255713e-06 1.654851074456831e-05 -6.074667868344479e-06
-2.567427382477313e-06 1.378245383497612e-06 1.712852584767595e-05 -3.677901054183600e-06
-2.718273162305825e-06 1.208763655177733e-06 1.494819772736172e-05 -5.339086131907744e-06
-2.833708617697623e-06 1.096111100741391e-06 1.298246809701518e-05 -6.529231081618030e-06
-2.834767149129815e-06 1.323097936463691e-06 1.311662810483703e-05 -4.605860146636219e-06
-2.930915912408345e-06 1.211322434938070e-06 1.124964345213777e-05 -5.642521636322086e-06
-2.997151609560226e-06 1.153484812656818e-06 9.822994321746147e-06 -6.769302484148962e-06
-2.997200179299453e-06 1.266378652620462e-06 9.685827560181228e-06 -4.623505028424855e-06
-3.038794984299480e-06 1.209134178788302e-06 9.485269155625710e-06 -5.878295511334515e-06
-3.043374655509606e-06 1.208032223732973e-06 1.021100149918346e-05 -6.006897101485454e-06
-3.045156862574977e-06 1.205542292671395e-06 9.783318590919516e-06 -4.715121481257017e-06
-3.016710000101433e-06 1.256552940123457e-06 9.489297889767050e-06 -6.025987528052662e-06
-3.038046435786490e-06 1.218361874458304e-06 9.986141930552286e-06 -4.993954562705707e-06
-3.018587435418936e-06 1.167879554514384e-06 8.660945909822964e-06 -2.906353326530180e-06
-2.968898527221623e-06 1.132984865309500e-06 5.926187900499930e-06 -3.062680632939139e-06
7.260032033512723e-07 -3.258195306668878e-07 1.781675190032914e-05 -5.151736227562746e-06
7.095239095454334e-07 -2.357386260842705e-07 2.622957333233990e-05 3.706224302393683e-05
6.904657443669309e-07 -4.973821950136844e-07 -7.681885586450035e-06 -1.178016230480998e-04
6.888662792169149e-07 -5.169859424706411e-07 -2.517296659085493e-05 3.934934384904763e-06
-2.970942967694978e-06 1.289093463433687e-06 6.021126664831098e-06 -5.113077936137951e-06
-2.905723190358250e-06 1.314893489569131e-06 5.666709380622992e-06 -4.646547042030925e-06
-2.971146692377424e-06 1.189768574002452e-06 5.246566320050711e-06 -3.705782318267502e-06
-2.918856534690256e-06 1.092624857585556e-06 5.999046475248395e-06 -4.550719572076322e-06
7.864856259628315e-07 -3.774255310203327e-07 7.010408096976055e-08 -2.281550184914964e-05
6.214603877451305e-07 -4.309866776943965e-07 -1.687853959056635e-05 1.706533571569444e-05
6.776005231575113e-07 -5.228022255088181e-07 1.221607036196011e-05 5.300316650319596e-05
-2.894142820324923e-06 1.260403831679136e-06 5.514098957316974e-06 -4.383549339422392e-06
-2.824701998210414e-06 1.338311787309246e-06 6.162533051084200e-06 -4.384250056327068e-06
-2.720612687957972e-06 1.338188476966929e-06 7.549674034292434e-06 -5.088497063922616e-06
-2.874442358834595e-06 1.152655361002519e-06 6.490025859219578e-06 -4.982975773830297e-06
-2.838826567011786e-06 1.027218817301288e-06 7.464958390317609e-06 -5.399182214384190e-06
4.595863541040737e-07 -2.987649268693356e-07 1.085407637724510e-05 -3.451837352934802e-06
4.889136990706876e-07 -5.077572976331437e-07 -4.709751053042180e-06 -2.800786466864953e-05
3.301027033725851e-07 -4.116465715015955e-07 -3.190199395948220e-06 3.255382614310499e-05
-2.595486071186093e-06 1.328092688435765e-06 7.042349912910900e-06 -5.995715507579320e-06
-2.715336492101281e-06 1.244413455361883e-06 7.949646568771453e-06 -5.772598622417248e-06
-2.754312029920919e-06 1.094314368597149e-06 7.742923183184364e-06 -5.459593213570419e-06
-2.740441456896709e-06 9.339016083795595e-07 7.021303187797713e-06 -4.411754677714724e-06
2.423268616011802e-07 -2.723427758878330e-07 -5.374849632245834e-06 -1.931846877080878e-05
2.301327244131750e-07 -5.649169841808795e-07 5.188730686300897e-06 -1.500289997364029e-05
9.316809460825018e-08 -3.858998491212305e-07 9.327995980805657e-07 1.282870439335289e-05
-2.461055221708011e-06 1.287618936068627e-06 5.329061562982613e-06 -5.539140459500481e-06
-2.314138465935214e-06 1.217356926732899e-06 3.300373324141383e-06 -5.357405943501432e-06
-2.595446595305830e-06 1.061353886148068e-06 5.819237728722044e-06 -4.623901025110084e-06
-2.636399202254283e-06 8.173421981285759e-07 4.302790913858719e-06 -3.137684365162353e-06
-6.881287209920654e-08 -2.308509918267089e-07 -1.251893700134169e-06 1.653306091908960e-06
-5.608111700033417e-08 -6.091813771591081e-07 -2.767979620564579e-06 1.165471732246633e-06
-2.350172999646900e-06 1.078776815475362e-06 3.528711932199336e-06 -4.536920293401769e-06
-2.160041113590067e-06 1.125505248687719e-06 2.950335032834150e-06 -4.923513690452167e-06
-2.417746908362158e-06 8.920469869161063e-07 3.921940649867829e-06 -2.755068005015109e-06
-2.539147318014605e-06 6.647727214808908e-07 3.673271026673738e-06 -3.621805951830117e-06
-2.465654052325097e-07 -3.940066642419617e-07 4.268194397685716e-06 -9.430978548031425e-06
-4.645759727754149e-07 -1.541090830391822e-07 9.785976259029634e-07 5.794683635384710e-06
-4.701895623571255e-07 -6.655774612339970e-07 -1.810699358984591e-06 3.140885719092955e-06
-2.014145259638390e-06 1.003309171817016e-06 3.102752806080500e-06 -3.378082830498519e-06
-1.862381643419479e-06 8.407215417655268e-07 2.828876925309773e-06 -2.777825711189215e-06
-1.713691651392632e-06 6.509509979496013e-07 2.409260583754041e-06 -2.507919109698945e-06
-2.276738238878910e-06 7.041222255146710e-07 4.882749099593082e-06 -3.256888858375258e-06
-2.451916345906596e-06 4.634115540455132e-07 5.351782662093341e-06 -4.483919443177349e-06
-6.465729087245914e-07 -4.154741152936748e-07 1.581694870155968e-06 6.003850395499446e-06
-8.698547881695595e-07 -9.149473554402429e-08 1.746784954739423e-06 -4.881155346514109e-06
-8.716266778926136e-07 -7.402835560570948e-07 6.053397749721115e-06 -3.139437827049381e-06
-1.964024753268112e-06 6.594887618595574e-07 3.291419861231490e-06 -2.463481418001972e-06
-1.589575755905297e-06 4.178267237266502e-07 2.020956736810075e-06 -2.626602900544770e-06
-1.262378181568013e-06 -1.283335131739713e-08 8.985398523562287e-07 -4.777297346542279e-06
-1.392678088789527e-06 4.617331875773975e-08 3.520663092973875e-06 -2.832246621274001e-06
-1.475181994743014e-06 1.529634887183763e-07 3.320278731446168e-06 -1.834005221705304e-06
-2.166704334651673e-06 4.305875639328301e-07 3.812226173199506e-06 -3.377148471704017e-06
-2.388420831295195e-06 2.199145184385152e-07 5.462627901490875e-06 -2.849200563731182e-06
-1.073791913678713e-06 -3.658986276219173e-07 6.711993619639375e-07 8.712672721743858e-07
-1.230722197770994e-06 -7.839742587391652e-07 1.396975853023117e-06 8.434761726598973e-07
-1.757076507926819e-06 2.483482861169681e-07 2.789079425272208e-06 -2.001024822580160e-06
-1.381811698051724e-06 -1.879072436129280e-07 5.508931478696039e-06 1.535533944390706e-07
-1.533989532472089e-06 7.483656547468802e-09 4.479219403031468e-06 -9.451441606038074e-07
-2.070358286065847e-06 1.392039293620349e-07 2.797002397063396e-06 -3.561263229019298e-06
-2.362155491700052e-06 -6.701866544410752e-08 5.148714888859805e-06 -2.649714802914637e-06
-1.356436475770709e-06 -5.626832774097440e-07 4.731489460271116e-06 8.785191302332293e-07
-1.316875038425067e-06 -8.426127880191814e-07 2.545546387774841e-06 1.061868383862963e-06
-1.791095562759549e-06 -2.384546398655153e-07 1.557192831046694e-06 -2.693118756127626e-06
-2.371581844295792e-06 -3.778564385556841e-07 4.740264383868862e-06 -1.036659016070343e-06
-2.473810089258937e-06 -7.084163313716908e-07 3.687300268835153e-06 -4.828660101294634e-07
-1.561681995614215e-06 -7.586145712133544e-07 3.605722654884637e-06 -6.198233460976605e-07
-1.360346162137619e-06 -9.825690024942962e-07 1.585959837964539e-06 3.106359374355472e-07
-1.399938830076173e-06 -1.398452921113081e-06 7.533740574226330e-07 -5.540601905898700e-07
-2.113066124144713e-06 -7.310273467446076e-07 3.103037852881651e-06 -7.379351672899338e-07
-1.490253463482232e-06 -1.852950087938724e-06 9.115011081548783e-07 7.568330666056638e-07
-2.653978402591696e-06 -1.061988045142745e-06 3.302174212832257e-06 -7.175972559513536e-08
-1.756658601295103e-06 -1.398454650378516e-06 2.594942865053277e-06 -1.434623893044387e-06
-2.333984168145112e-06 -1.438676888824064e-06 3.510789177760946e-06 -6.287754132601471e-07
-1.662828694323933e-06 -2.307511601331198e-06 2.851154656341667e-06 2.960288500037419e-06
-2.929204536593085e-06 -1.442956108313222e-06 5.707837621019930e-06 3.995819012496814e-07
-2.758480824567903e-06 -1.859648840687006e-06 6.198313722264940e-06 1.695031889144443e-06
-2.293731765352736e-06 -2.138540537691609e-06 5.151656731415559e-06 2.285503323686136e-06
-1.901795718429293e-06 -2.784570722461756e-06 4.472589926137306e-06 3.254245881905369e-06
-2.238640398850468e-06 -3.262421971608279e-06 5.205937668213583e-06 2.548971004866099e-06
-3.318825612299296e-06 -1.819619463753992e-06 6.970172577378993e-06 2.275142814435312e-06
-3.073994915321357e-06 -2.377448324046596e-06 6.556884843190775e-06 2.224438386202990e-06
-2.773262341402678e-06 -3.080038921012577e-06 5.722968728765444e-06 2.282524463710612e-06
-2.641468769182305e-06 -3.734041615351549e-06 5.340408369628228e-06 1.900602877075450e-06
-3.805052979503744e-06 -2.175456960690583e-06 3.579902851190830e-06 1.477368769244390e-06
-3.669139977214550e-06 -3.083520153772839e-06 2.550542600299723e-06 1.076267760067085e-06
-3.130886136629289e-06 -4.163055733654872e-06 3.293173717694303e-06 1.606577125041183e-06
-3.714675842978366e-06 -4.560205792500364e-06 5.113147126154291e-06 4.245943044852382e-06
-4.365522289598219e-06 -4.915789245462714e-06 5.776487424839266e-06 4.571878089529542e-06
-4.404402679144459e-06 -3.293776790465929e-06 5.004385547889533e-06 2.963899165641250e-06
-4.391717099130693e-06 -2.492127373707057e-06 3.328036831230762e-06 5.983492601625264e-07
-4.253847197307004e-06 -4.137555219204771e-06 5.764789090124367e-06 4.340307893989163e-06
-5.095487040991464e-06 -5.185717933830042e-06 5.630386700761708e-06 4.581534164414153e-06
-5.884075095701786e-06 -5.380553757883033e-06 7.038434508196040e-06 4.705110383026765e-06
-5.028064477145570e-06 -3.479714020274959e-06 7.731013905582489e-06 4.040545751679532e-06
-5.089596158027962e-06 -2.725603960383125e-06 7.648477924532323e-06 2.639916252517479e-06
-6.706588310565179e-06 -5.481620015729038e-06 8.318883098426216e-06 4.799303678593460e-06
-5.764553344739021e-06 -4.216300194904341e-06 7.236913265068639e-06 2.944003545276585e-06
-5.869075032553259e-06 -2.854966327024952e-06 8.357443642852372e-06 3.764582268729027e-06
-6.885707683353063e-06 -4.348580788925146e-06 7.815710136045212e-06 3.333255059107464e-06
-7.680469938182629e-06 -5.548596500077540e-06 9.173258130407784e-06 5.815007475332170e-06
-6.695645421717186e-06 -2.874214547771330e-06 6.755479851325372e-06 2.677293990806316e-06
-9.081997741280622e-06 -5.616315785662380e-06 6.737277322660208e-06 6.725510433738156e-06
-7.947489236622640e-06 -3.683457285639334e-06 7.899913461570882e-06 3.040267259389250e-06
-7.680558853992162e-06 -2.803271542690524e-06 7.895058103196104e-06 1.684228379943714e-06
-1.112515599870180e-05 -5.721139913222269e-06 9.394103823191220e-06 4.119920664824580e-06
-1.008403850570656e-05 -4.055083376157123e-06 8.600568334679537e-06 1.877878190147773e-06
-9.077309269817473e-06 -2.710269672391354e-06 8.894803914394672e-06 2.830442819056687e-07
-1.402211288005723e-05 -5.814737437492001e-06 1.203933360433960e-05 1.162819638168236e-06
-1.254596303424789e-05 -4.164106399831266e-06 1.156694996015125e-05 1.496617553285294e-06
-1.113107838211857e-05 -2.607821838607937e-06 9.934036891429058e-06 7.181468537286742e-08
-1.719104605929171e-05 -5.884316636823347e-06 1.055321946760650e-05 4.902202153888393e-06
-1.558554471212841e-05 -4.159533815323959e-06 1.023531934448205e-05 3.974385525783009e-06
-1.402281415776035e-05 -2.506695879830146e-06 1.026916203647139e-05 4.603077683685493e-06
-2.048631451435954e-05 -5.951854163878101e-06 1.273225158894588e-05 4.086190718425497e-06
-1.881711805143087e-05 -4.158227635075359e-06 1.199830664749684e-05 2.988460630434843e-06
-1.719117911806509e-05 -2.433232422667057e-06 1.141170606461981e-05 2.566109804858133e-06
-2.388895963282465e-05 -5.998849072808075e-06 1.482624969338285e-05 4.218897019189735e-06
-2.217343016777085e-05 -4.157493865663356e-06 1.361190097539100e-05 2.538147176170016e-06
-2.048703394981911e-05 -2.363421370770960e-06 1.295088603139244e-05 1.086721960731827e-06
-2.736471205645114e-05 -6.031476328732382e-06 1.530334836718183e-05 4.196854812653362e-06
-2.561568935525812e-05 -4.158916143653255e-06 1.527212862726342e-05 3.669320534214376e-06
-2.388725497667894e-05 -2.318095225116790e-06 1.399520420408884e-05 2.132285032894755e-06
-3.088981216994544e-05 -6.048259312501120e-06 1.582436328156074e-05 3.928408421824506e-06
-2.912361955020637e-05 -4.153948114194040e-06 1.561142370873703e-05 2.582226063559980e-06
-2.736774733931958e-05 -2.281627598374701e-06 1.613944253460774e-05 2.174256989525332e-06
-3.445127219928662e-05 -6.077897362148342e-06 1.791746224398696e-05 4.311523067158814e-06
-3.266023362865122e-05 -4.154876619780852e-06 1.645586006266634e-05 2.918297921671096e-06
-3.088927796214129e-05 -2.259271547514567e-06 1.551878785884291e-05 1.315051479456061e-06
-3.806146668269002e-05 -6.090742301346168e-06 1.856830017598323e-05 2.248912933926943e-06
-3.625103553797031e-05 -4.158065101087354e-06 1.891764884745396e-05 3.449321465827819e-06
-3.444852705719617e-05 -2.236313099772228e-06 1.760519097595221e-05 2.239206230715932e-06
-4.168651336596796e-05 -6.083678209820561e-06 1.927136935232906e-05 2.228226089749158e-06
-3.987679691978448e-05 -4.149107331935367e-06 1.870006418823425e-05 2.531835587757466e-06
-3.806642260655250e-05 -2.217208828522527e-06 1.907545181812111e-05 3.829697720783919e-06
-4.946347764049702e-05 -5.879500415809102e-06 2.334866360356464e-05 4.799681439570168e-06
-4.894810309662426e-05 -6.093006144881617e-06 2.303295127266866e-05 4.853320359771321e-06
-4.330895828745338e-05 -4.145861067677420e-06 2.001088683001872e-05 2.303180375072706e-06
-4.531436883686319e-05 -6.090586185148149e-06 2.107209212016973e-05 3.169274407649861e-06
-4.168719529723126e-05 -2.209722328936550e-06 1.936479960400647e-05 2.390569491109216e-06
-4.967695516782935e-05 -5.364094152341966e-06 2.348665589098945e-05 4.586805320383856e-06
-4.845674428706007e-05 -4.148849959519067e-06 2.242402832598036e-05 3.678952398044484e-06
-4.531313521281565e-05 -2.203423329100814e-06 2.059159574914130e-05 2.462723297952865e-06
-4.967706824209126e-05 -2.933650184214809e-06 2.341137485935848e-05 2.903805790199279e-06
-4.894786801146941e-05 -2.204211092118144e-06 2.281573500955669e-05 2.438161053577022e-06
-4.946350052961532e-05 -2.417892724281092e-06 2.323193083970973e-05 2.561549026738911e-06
