-6.848390846107513e-05 1.146071255438874e-05 -4.138138601204845e-05 4.304351015726672e-06
-6.872026237443887e-05 1.088978359051883e-05 -4.137648650903867e-05 4.085693096388950e-06
-6.872058523532237e-05 8.195104141228880e-06 -4.029257474790791e-05 4.121236971239318e-06
-6.848418517320478e-05 7.623871856941044e-06 -4.021315422717755e-05 3.952674679720365e-06
-6.791320598574266e-05 1.169715598789699e-05 -4.131432425325401e-05 4.452780311862426e-06
-6.684370139288698e-05 9.542344097893462e-06 -3.976715004779486e-05 3.728077229060143e-06
-6.791328474487525e-05 7.387286524162977e-06 -4.009638592444047e-05 3.811423692847012e-06
-6.390295958689492e-05 1.169342883925591e-05 -3.459131043066978e-05 5.119361431010042e-06
-6.390275911108654e-05 7.391710229223313e-06 -3.355363718508200e-05 7.109547854419160e-07
-6.168321886660737e-05 9.544364072352961e-06 -3.408742235235471e-05 2.119590132988068e-06
-5.988810370762924e-05 1.168814962976245e-05 -3.355515953965679e-05 4.919060733369630e-06
-5.989057789601628e-05 7.403886745195903e-06 -3.481085831874493e-05 4.078098572405819e-07
-5.788921594906407e-05 9.546992852620502e-06 -3.359937697033955e-05 3.688384733240551e-06
-5.588365637673964e-05 1.169369015650542e-05 -3.084917205697425e-05 8.405621715399130e-06
-5.588531103347874e-05 7.399125112443088e-06 -3.050432353533156e-05 -1.015289284121432e-06
-5.387810480819670e-05 9.546895861363125e-06 -2.645618994250733e-05 3.131347103147387e-06
-5.187377228555224e-05 1.169487200874259e-05 -2.574118919902242e-05 2.561887590292656e-06
-5.187349415300843e-05 7.396415060427519e-06 -2.579146252361312e-05 4.611984697800796e-06
-4.987046058964998e-05 9.543776038505582e-06 -2.655392149491630e-05 3.585705511565788e-06
-4.786658673020918e-05 1.169142087745807e-05 -2.498961927392578e-05 3.746365321498091e-06
-4.786632456955692e-05 7.393281031823758e-06 -2.538215486777790e-05 3.779317925297644e-06
-4.585754919751446e-05 9.543015564293340e-06 -2.320731556761468e-05 3.231955602673187e-06
-4.385198811199867e-05 1.169183867968322e-05 -2.169734283245306e-05 5.540049875888930e-06
-4.385584800916220e-05 7.398929079172721e-06 -2.184912476884023e-05 5.995413457359554e-07
-4.185689945757740e-05 9.547166414140933e-06 -1.981435680598012e-05 2.298467508321991e-06
-3.985323711335400e-05 1.170134224197774e-05 -1.739881751885364e-05 4.326107614236275e-06
-3.985269225197211e-05 7.385704956374370e-06 -1.817184646667956e-05 9.877051320133967e-07
-3.784164216015219e-05 9.540327893918016e-06 -1.764403601360903e-05 4.061747985816914e-06
-3.582714171699125e-05 1.170024376595619e-05 -1.734326685094557e-05 7.449237499730005e-06
-3.582416387711491e-05 7.376974751429914e-06 -1.527896741702885e-05 1.147254056500716e-06
-3.380513978596006e-05 9.537839121560418e-06 -1.409050267918158e-05 2.569687620054564e-06
-3.178350828164875e-05 1.170002372191657e-05 -1.481445108325326e-05 3.905012606104287e-06
-3.178137788299582e-05 7.374991125604298e-06 -1.542229834209836e-05 -1.786126272684358e-07
-2.976251009953134e-05 9.536142643526517e-06 -1.424030594356627e-05 2.850823528899098e-06
-2.774434589765944e-05 1.169121623758062e-05 -1.070610860851434e-05 3.922590774097467e-06
-2.774881413490982e-05 7.386556991165537e-06 -1.247132650862926e-05 4.282542542857174e-06
-2.581540246484040e-05 9.541113426817490e-06 -1.164971890118335e-05 2.628540548953127e-06
-2.389377925831032e-05 1.168177257561026e-05 -1.233116250922781e-05 2.898851378756758e-06
-2.389024289758144e-05 7.390057754717245e-06 -8.400676530047914e-06 2.989141648210739e-06
-2.244559288980947e-05 9.697906241232997e-06 -7.704449134056770e-06 4.768731634958924e-06
-2.097547180696361e-05 1.167149669036359e-05 -4.885913733106633e-06 5.669587979020641e-06
-2.097377400684655e-05 7.397238087570053e-06 -1.092765932680318e-05 1.463231315396889e-06
-1.886521128533990e-05 1.164987292131344e-05 -8.320627681109835e-06 4.724687066170412e-06
-1.927183039619148e-05 1.025242821242095e-05 -8.530362515868981e-06 3.939913552009877e-06
-1.886293355980365e-05 7.394173147999414e-06 -1.564786403990959e-06 3.377889647246652e-06
-1.733418598329119e-05 7.400517611645844e-06 -5.271444178578921e-06 3.178294454200684e-06
2.899542897316749e-06 4.972261262704263e-07 -2.380767943421660e-05 6.972031197122347e-06
2.978489538658171e-06 2.793558236743654e-07 -4.809237894840366e-06 1.701242807796086e-05
2.931139746684364e-06 -1.075262399586191e-07 -2.789484183740029e-05 -4.739477441447288e-05
2.861064868656673e-06 -2.663521586130622e-07 -5.255027751273158e-05 -3.036383736478887e-05
-1.734142853136404e-05 1.164114932652343e-05 -5.060113668783807e-06 5.557613262656157e-06
-1.595912277307326e-05 1.155147435120582e-05 -2.736370743349180e-06 4.132261123999115e-06
-1.702496010954510e-05 9.002695479900271e-06 -7.722472427731267e-06 3.757731420387993e-06
-1.595438711292042e-05 7.292994219716915e-06 -5.112962121157769e-06 -9.119853664855638e-08
2.712041642367866e-06 5.854240089170774e-07 -3.413694182634703e-05 -7.481325974494488e-06
2.522482597997169e-06 4.372649567574328e-08 5.185435809184775e-05 2.526494182521439e-05
2.695152344465273e-06 -3.298405133277466e-07 -6.372850702636022e-05 -2.255120160388259e-05
-1.551805626135977e-05 1.024899157124653e-05 -3.221365123458390e-06 3.036998761344733e-06
-1.460159882292237e-05 1.130207426707380e-05 -4.646655571592366e-06 3.058512716941657e-06
-1.329458939811433e-05 1.091095236913571e-05 -2.984785624250250e-06 6.376368173312165e-06
-1.510326663547461e-05 8.453343486161845e-06 -5.126454015335571e-06 4.924971451670015e-07
-1.462232139777056e-05 6.965718903086090e-06 -1.352611575059418e-05 5.250232909757339e-06
1.812666073446508e-06 5.627921212439967e-07 -1.366521843930049e-05 -9.089498854340361e-06
1.799647621817147e-06 -3.518662793200365e-07 -4.183729866998161e-06 -1.000403832159372e-06
1.348996165516886e-06 6.905964024509057e-08 1.064789036312441e-05 5.910645396593336e-06
-1.204674072510264e-05 1.037565574061338e-05 -3.693504367157600e-06 8.804815775838324e-06
-1.312356973858701e-05 9.552725326704327e-06 -4.366236357795770e-06 4.320573527116310e-06
-1.357113505766053e-05 7.842658216616940e-06 -5.787974731446464e-06 6.433164370593617e-06
-1.338596400505440e-05 6.418713137841318e-06 -1.625215290598230e-06 -2.164183118508298e-06
7.918822451511334e-07 6.728937500585291e-07 -5.743493639325436e-06 3.735596662502555e-06
8.092717403699440e-07 -4.349796939997690e-07 -3.485502651934874e-06 -4.334890445631163e-06
1.981650736548590e-07 6.826963297465451e-08 8.507202278536465e-06 -2.442211751225105e-06
-1.086840600359037e-05 9.697411761980078e-06 -5.099588449475407e-06 6.681573883916177e-06
-9.798869881200727e-06 8.898982884405921e-06 -1.033746643014697e-05 1.596309256734008e-06
-1.198134533827893e-05 7.569662870569469e-06 -3.516954828652926e-06 1.048827397085838e-06
-1.227550130263403e-05 5.655533777363734e-06 -1.022974005208031e-05 3.445523526065150e-06
-4.811047762702422e-07 8.640973852529678e-07 -3.560174202291267e-06 2.617711536472199e-06
-4.917523131308236e-07 -6.200676599683592e-07 -1.133973460886899e-06 4.633338997214392e-06
-1.006448688878992e-05 7.663203076712453e-06 -4.907550031724889e-06 4.823521124601887e-07
-8.827742068432470e-06 7.986832268740744e-06 -4.911202367969669e-06 -2.184086700953594e-06
-1.051136126103033e-05 6.259907090869618e-06 3.852134799201758e-07 3.096259323127855e-06
-1.131764759495472e-05 4.718633764985179e-06 3.641017435026237e-06 -3.857663432506586e-06
-1.242467190760440e-06 9.414125286953058e-08 7.268298902703196e-07 -8.053097005654857e-06
-2.144386040033232e-06 1.108976411502671e-06 3.474115086875589e-06 7.722431161409210e-06
-2.155769768221955e-06 -9.087566452239595e-07 1.198536980061270e-06 6.692995220361277e-06
-7.965511231027439e-06 6.979048775437136e-06 2.046120452849037e-07 2.264647642089848e-06
-7.237789059273845e-06 5.892232686312963e-06 -7.782453135983305e-07 2.315630552424528e-06
-6.646455230820150e-06 4.735306826415895e-06 -4.483970623868356e-06 3.835380158822490e-06
-9.583444247422231e-06 4.995111017413486e-06 -3.973778588493193e-06 1.771827333975812e-06
-1.055475748119155e-05 3.673463162424585e-06 -2.698269398609324e-06 1.114459620808137e-05
-2.860065705505060e-06 1.054992636134582e-07 -7.636421908631790e-06 -1.137640974912831e-06
-3.741814892942194e-06 1.358410266931415e-06 7.390250421462300e-06 -5.094918750697690e-06
-3.742124558270731e-06 -1.197833042228394e-06 -1.580802698936437e-06 -4.291994967313058e-06
-7.858118827193544e-06 4.737008835589498e-06 -2.625597423813601e-06 1.755242974009176e-06
-6.190859217162440e-06 3.528091471502228e-06 -5.183818653419814e-06 8.560446922326684e-06
-5.225187425532900e-06 1.607363773757945e-06 -5.190298144577295e-06 -3.680447207033607e-06
-5.645571968518494e-06 1.833076661237237e-06 -4.226187058877070e-06 -4.080498854022220e-06
-5.883342541067670e-06 2.277903411712935e-06 -2.018845804541293e-06 5.778578133848184e-07
-8.929940682562896e-06 3.508906492030594e-06 1.396172000578136e-06 2.533223196113087e-06
-9.966630174182809e-06 2.532959108395410e-06 3.188311283029846e-06 -8.750448066684613e-06
-4.538396246737105e-06 2.802751358137524e-07 -3.798394713657760e-06 5.920208506626460e-06
-5.195170577217378e-06 -1.384122707526473e-06 5.031126298241946e-06 -6.500270366822990e-06
-7.027962217908610e-06 2.666420410959323e-06 -3.487193853197543e-06 5.794190103071599e-06
-5.652605334485267e-06 9.390692516952549e-07 -7.947188259323678e-06 1.280938697290968e-06
-6.170051539015555e-06 1.676363853320164e-06 -2.085696985947080e-06 -3.078259999662923e-06
-8.448626821790895e-06 2.162707513337481e-06 -3.913522920103566e-06 -1.889705890325249e-07
-9.613957054346312e-06 1.346452164423430e-06 -3.341549312031585e-06 3.681488571641492e-06
-5.659999691849308e-06 -5.288387591146187e-07 -7.280135578590034e-06 6.188038058240096e-06
-5.598344703081342e-06 -1.593041104963079e-06 8.450916251232198e-06 -6.813524060326061e-06
-7.276595416927789e-06 6.349808722828916e-07 2.611604660721651e-07 -1.105130753382364e-06
-9.519630341496035e-06 1.324443431108248e-07 -2.746890159135006e-06 3.623229228018728e-06
-9.697828787217180e-06 -1.093338253498808e-06 -3.165314817587264e-06 1.193776651667029e-06
-6.515998114411035e-06 -1.298372888734489e-06 -2.116366590054889e-06 1.500969190288022e-06
-5.833383231316859e-06 -2.062229193792855e-06 1.554786314744380e-05 -5.753129814994895e-06
-6.096116841642220e-06 -3.409834400760048e-06 1.109971301693351e-05 8.253170857183430e-07
-8.450148308126299e-06 -1.238753088078096e-06 -3.487514678641265e-06 -4.508408964283710e-07
-6.513081496280724e-06 -4.761381519370982e-06 -1.163679712493787e-06 6.135711813067278e-06
-1.012178673122885e-05 -2.328580026756463e-06 -2.532861366784756e-06 3.222146143887513e-07
-7.285243069291007e-06 -3.444982005666454e-06 -4.667171557197200e-06 2.155022301011772e-06
-9.074877146390928e-06 -3.549529564145961e-06 -4.562058969898741e-06 -1.103774790235939e-06
-7.127093638383876e-06 -6.062770269702864e-06 -7.030237995520588e-06 5.026604475656285e-06
-1.080348811451774e-05 -3.540686733890568e-06 9.448395329348679e-07 7.441140459033899e-06
-1.027474485523169e-05 -4.793652288032274e-06 -6.150732287048524e-07 -1.996600030559809e-06
-8.983120959163967e-06 -5.589064078255783e-06 -4.121567892592622e-06 -6.281521520134899e-06
-7.899548366892727e-06 -7.317510134732058e-06 3.476488403335822e-06 -3.385214928172364e-06
-8.851489798006201e-06 -8.530872127281058e-06 1.865570791285705e-06 -1.436385154896778e-06
-1.175675306993517e-05 -4.704615652985168e-06 -3.473350654383506e-06 1.571514958083454e-06
-1.109920988628852e-05 -6.224936774393182e-06 -4.472230599023687e-06 -2.564458643366510e-06
-1.029862432305519e-05 -8.056916732202997e-06 -4.604923838623727e-06 -1.923189755406236e-06
-9.951018986186563e-06 -9.665779987164437e-06 -3.281090522057900e-06 -7.012026691288251e-07
-1.292516688108692e-05 -5.723174774608946e-06 4.411662130594666e-06 5.279983034829058e-06
-1.259540713839197e-05 -8.054651201096456e-06 -5.964479352577061e-06 -2.488035397240843e-06
-1.123581505314639e-05 -1.067483777183353e-05 -1.792598666423546e-06 -1.100745019653580e-06
-1.267737473665539e-05 -1.157119638897324e-05 -2.139238181667803e-06 -4.814293094761727e-06
-1.424142065760460e-05 -1.233388955093131e-05 -1.248065105038826e-06 -3.724168036101363e-06
-1.436412467075901e-05 -8.553713584780681e-06 -7.987890902164319e-06 -3.070604190306979e-06
-1.434751007894410e-05 -6.587229505194121e-06 -5.388177016026410e-06 -1.548656398149575e-06
-1.400237940479468e-05 -1.055345258239111e-05 -4.053992080726336e-06 -2.384148231326293e-06
-1.592988562217756e-05 -1.290027681041481e-05 -2.109907713468041e-06 -2.308667090570404e-06
-1.772228534971617e-05 -1.328229914318245e-05 -1.262114338603195e-05 -4.457235963977263e-06
-1.580610695581893e-05 -8.996946853040470e-06 -1.218366311283487e-06 3.106799888941399e-07
-1.594349201824597e-05 -7.213535392282054e-06 -4.652902528231786e-07 -2.633608887139324e-06
-1.957278779594291e-05 -1.345090195358030e-05 -4.791519050408894e-06 -5.365261081239562e-06
-1.747976690329964e-05 -1.067723854652364e-05 -6.443177553814954e-06 -2.341471386336771e-06
-1.770515679523133e-05 -7.598670611059953e-06 -3.568246050188564e-06 2.169826851548138e-06
-1.997578598247437e-05 -1.096153741015752e-05 1.443202417502094e-06 -1.401135720871402e-06
-2.167014426529454e-05 -1.352621577126230e-05 -8.579868541240048e-06 -4.681616836946892e-06
-1.955338205382995e-05 -7.697084481468505e-06 -8.489009553517019e-06 -8.600401796566977e-07
-2.462269897054701e-05 -1.359626392475031e-05 -5.182024649963363e-06 1.634844411808619e-06
-2.226267229761821e-05 -9.532227059595589e-06 -1.437584683109777e-06 -1.303942269337128e-06
-2.166834702598933e-05 -7.623937642802508e-06 -3.667699300665893e-06 -2.269739848942794e-06
-2.884337291655493e-05 -1.371644301866365e-05 -6.800552677314227e-06 -6.392964771706182e-07
-2.672371551334533e-05 -1.032604129211343e-05 -5.606204485295905e-06 -3.561265331213092e-06
-2.462706705577935e-05 -7.521757909403198e-06 -8.878413105734364e-06 -1.140361898061619e-07
-3.462731032631845e-05 -1.383640704051060e-05 -4.316524988825052e-06 -2.786813442777259e-06
-3.170145657280914e-05 -1.056381767245901e-05 -2.910729783389540e-06 -7.843533604201063e-07
-2.884404428414484e-05 -7.405299550428399e-06 -4.543240232983261e-06 -3.608854529365810e-06
-4.085540387499457e-05 -1.392303941163579e-05 -2.801410192428553e-06 -1.118269781804584e-06
-3.771322471573746e-05 -1.055586590014500e-05 -3.921028883623780e-06 -3.191664648140325e-06
-3.463164062363306e-05 -7.281929900966328e-06 -3.318682691396487e-06 -2.909257809940363e-06
-4.724144557444082e-05 -1.401018237694110e-05 -5.955607615251986e-06 -2.102924256231723e-06
-4.402184694383038e-05 -1.055383642343800e-05 -5.055770160159202e-06 -1.066883314730919e-06
-4.085499697677366e-05 -7.188050940743062e-06 -4.445048267205996e-06 -2.477872128347337e-06
-5.378575463426586e-05 -1.408435469563613e-05 -3.029433263587053e-06 -4.186055936196546e-06
-5.049033085006471e-05 -1.054872749611049e-05 -4.229130580213590e-06 -2.242533737240987e-06
-4.724470338902682e-05 -7.091651973273363e-06 -4.129921367729329e-06 -1.174360197593135e-06
-6.044029699039619e-05 -1.412730746547850e-05 -3.049143971565395e-06 -2.023175656123451e-06
-5.709832902242185e-05 -1.054876589695066e-05 -2.569959808009188e-06 -2.337748714176835e-06
-5.378370996880035e-05 -7.013528777563673e-06 -4.701496130268242e-06 -1.300298203474129e-06
-6.717773164544052e-05 -1.417031595419074e-05 -2.324813333937976e-06 2.286081444078125e-07
-6.379576810184331e-05 -1.054616827438218e-05 -3.393146341681684e-06 -2.853951838701553e-06
-6.044205319615737e-05 -6.965436612276045e-06 -1.134074425038470e-06 -4.003244348304299e-06
-7.397406611358072e-05 -1.420310750708827e-05 -4.553227438874995e-06 -4.072201372100166e-06
-7.056782355632260e-05 -1.055103160431689e-05 -2.556514031625200e-06 -6.067451113978700e-07
-6.717526037399588e-05 -6.925871493765741e-06 -3.871421755044153e-06 -2.930436799075013e-06
-8.082493998214586e-05 -1.422860644761502e-05 -3.848958541167444e-06 -8.859479402473462e-07
-7.738977114279124e-05 -1.055050755338664e-05 -5.048386606175463e-06 -1.913975048751596e-06
-7.397478984912543e-05 -6.900783940508363e-06 -4.245277541140117e-06 7.079709296594683e-07
-8.770690024496922e-05 -1.423183267709721e-05 -4.601382829250913e-06 -3.189235272896423e-06
-8.426547866029577e-05 -1.054661709195029e-05 -3.545205815286073e-06 -2.754060928972444e-06
-8.082645828215478e-05 -6.867987318181815e-06 -3.414040605703258e-06 -3.766743745789104e-06
-1.024800160512924e-04 -1.383002405853416e-05 -4.436756060449593e-06 -1.099534182436954e-06
-1.015013661510652e-04 -1.423608857575514e-05 -4.846303891753883e-06 -9.955314029863540e-07
-9.079365412146252e-05 -1.054702813556869e-05 -5.228266837912901e-06 -2.313492727907627e-06
-9.461046147941747e-05 -1.424487210396394e-05 -6.502537578261608e-06 -2.539687024399910e-06
-8.770553653355177e-05 -6.861016235052839e-06 -4.578991970572530e-06 -2.076890716608740e-06
-1.028853113583704e-04 -1.285034854405113e-05 -4.307923773398626e-06 -1.455749907343348e-06
-1.005720379795734e-04 -1.054314360820198e-05 -6.036278310873363e-06 -2.342937603586553e-06
-9.461210075254835e-05 -6.846666624506960e-06 -6.541537118628815e-06 -7.902191975645292e-07
-1.028862866897741e-04 -8.235061250897695e-06 -5.885933649861008e-06 -2.648127784691170e-06
-1.015027508914229e-04 -6.849768009200431e-06 -6.094460540427682e-06 -2.397529832775474e-06
-1.024811422152761e-04 -7.255660192647983e-06 -5.991437433473975e-06 -2.503952007955702e-06
