4.400802366218467e-05 -5.458812034497539e-06 -2.570823624666226e-05 3.416253927786213e-06
4.420696914491495e-05 -4.977964137791499e-06 -2.588844277947592e-05 3.035487418996730e-06
4.420721588131458e-05 -2.711985087363244e-06 -2.611024148775638e-05 1.394005641941214e-06
4.400828061715983e-05 -2.231067498757816e-06 -2.597422609982498e-05 1.172005930753324e-06
4.352762447761588e-05 -5.658103885167151e-06 -2.528540662491266e-05 3.561899848673635e-06
4.262679019134129e-05 -3.845027691127430e-06 -2.502413550200092e-05 2.482248106229404e-06
4.352786168634847e-05 -2.031741335657089e-06 -2.565696346198604e-05 1.119886281597957e-06
4.014069523815517e-05 -5.662380374770414e-06 -2.471794682118970e-05 4.060539283260421e-06
4.014057879811191e-05 -2.027041079630492e-06 -2.545020744774814e-05 3.051926775571177e-06
3.826234844172915e-05 -3.844298868895916e-06 -2.544721210063804e-05 4.049143459241433e-06
3.673950450246572e-05 -5.660966931035148e-06 -2.484082745461980e-05 5.319083565124220e-06
3.673894704291830e-05 -2.026421423289884e-06 -2.431947648099997e-05 2.220421387238660e-06
3.504268640264960e-05 -3.843443986427722e-06 -2.267425959930009e-05 3.434644303808949e-06
3.335340612540133e-05 -5.650065530480917e-06 -2.114500973519195e-05 4.579406490542019e-06
3.335391671497534e-05 -2.037416263875303e-06 -2.082040709420069e-05 2.093245637364749e-06
3.166849334581377e-05 -3.844194176272826e-06 -2.053753104926441e-05 3.496532316228811e-06
2.999270804712257e-05 -5.632969263417673e-06 -2.086146514700064e-05 4.102967990349125e-06
2.999311036229445e-05 -2.056042174543197e-06 -2.032730191539609e-05 3.197739059080182e-06
2.832586031126060e-05 -3.844663560121428e-06 -2.103185940637429e-05 3.744893829244125e-06
2.668013527363313e-05 -5.599290205329629e-06 -2.017458754612733e-05 5.336775019275335e-06
2.668094489826006e-05 -2.090812656347622e-06 -1.892281360612876e-05 1.606596276732849e-06
2.504687872862461e-05 -3.845508800761381e-06 -1.866871917825350e-05 3.137311334636708e-06
2.343621572714191e-05 -5.558462442372381e-06 -1.790242392917392e-05 5.020792536775911e-06
2.343624976427996e-05 -2.132561910361322e-06 -1.799149762281123e-05 2.149855075529886e-06
2.183769236572485e-05 -3.845273726699497e-06 -1.748574835577903e-05 3.993976319133408e-06
2.027320216828716e-05 -5.502968952049169e-06 -1.627538688837584e-05 5.508253256341039e-06
2.027194842693258e-05 -2.185868263345698e-06 -1.640566523398986e-05 3.072492473630898e-06
1.872656830196045e-05 -3.843985364649560e-06 -1.479898921604139e-05 4.254127938652039e-06
1.721983743329544e-05 -5.441575406365079e-06 -1.435809909492510e-05 3.026955788876463e-06
1.722158204996642e-05 -2.249137257204216e-06 -1.362917715503613e-05 3.987679859116989e-06
1.573525931761704e-05 -3.847163731821514e-06 -1.299576903505999e-05 2.801609465574936e-06
1.429349727933695e-05 -5.375815075747841e-06 -1.152064116061621e-05 2.496794129534446e-06
1.429404605337891e-05 -2.319896309793554e-06 -1.171699541506140e-05 2.920611267833639e-06
1.287823047634203e-05 -3.847923441845766e-06 -1.038008973196204e-05 2.859766783870069e-06
1.151778160005289e-05 -5.289239813276580e-06 -9.336594738710457e-06 3.554106226088173e-06
1.151566710798219e-05 -2.403893389045558e-06 -9.580597979596188e-06 2.991888232494836e-06
1.023377981218260e-05 -3.844428423511588e-06 -8.974048877456977e-06 3.537535382985426e-06
9.004347935125996e-06 -5.193030912526493e-06 -8.251862614791991e-06 4.561511152204228e-06
9.004844620115447e-06 -2.501625554757399e-06 -8.209739826107290e-06 3.057290766118379e-06
8.099226131636109e-06 -3.944874873692565e-06 -7.431989237287480e-06 3.759721006689752e-06
7.237464308612515e-06 -5.097461898611590e-06 -6.802610538282467e-06 4.167321392855660e-06
7.234615768156983e-06 -2.599540627969483e-06 -7.034686614720847e-06 3.414172629617536e-06
6.044724609923671e-06 -5.016923499594692e-06 -6.418987249449859e-06 3.685282789356542e-06
6.252444649605923e-06 -4.254413902437949e-06 -6.435656485214581e-06 3.577129774778768e-06
6.039522010372064e-06 -2.658964883080707e-06 -6.519519251861129e-06 3.032364794744885e-06
5.219124250180079e-06 -2.722078328098538e-06 -6.071282645598093e-06 2.315281844920789e-06
-4.895475929472624e-07 -9.713561071408483e-07 1.850891569815261e-05 2.827963172276338e-05
-4.921203838128568e-07 -9.104125081294571e-07 6.322716940384140e-05 -1.461530867849157e-05
-4.654838547671413e-07 -8.993698999914099e-07 -4.212800152081677e-06 -1.083057970375415e-04
-4.535266697667078e-07 -8.160532992014849e-07 -1.255543307526944e-05 -5.003474924876605e-06
5.214724998568787e-06 -4.961424876057450e-06 -6.464337869434644e-06 3.581327143133726e-06
4.508823533368454e-06 -4.869825713427818e-06 -5.899750352150807e-06 3.621146310157903e-06
5.031546558089997e-06 -3.564167464796600e-06 -6.242765425141803e-06 2.873475097339764e-06
4.488952236916831e-06 -2.726047511503095e-06 -5.175821967910088e-06 1.781631782162952e-06
-4.804895594047768e-07 -1.005450730562104e-06 -2.818689865537607e-05 1.286844990002269e-05
-4.982698334825473e-07 -9.082775888419146e-07 -3.470549564238793e-06 1.236252137618333e-05
-4.256784288512133e-07 -7.665564824272179e-07 -5.872097467806150e-06 7.247889517885368e-05
4.269693617233337e-06 -4.190171632695585e-06 -5.611360881127819e-06 3.088466700795948e-06
3.842242196569057e-06 -4.688845750692362e-06 -5.025475861347451e-06 3.516471756575065e-06
3.237323051732347e-06 -4.457777888709069e-06 -4.130463362257589e-06 2.890075336825938e-06
4.059011895691798e-06 -3.307910981453723e-06 -4.812649968833573e-06 2.158326094645854e-06
3.834415331686108e-06 -2.631021814871512e-06 -4.838883274042427e-06 2.146658558336189e-06
-3.239594660108002e-07 -9.953877364941415e-07 7.953169385088485e-06 -6.924037426008328e-06
-3.214880833345009e-07 -8.617933871865596e-07 -6.271894400170673e-06 -2.609484504469103e-05
-2.516109632229105e-07 -8.805755586845847e-07 1.302581171260429e-05 2.771224966278397e-05
2.700999556077889e-06 -4.155956759109886e-06 -4.381698486994968e-06 2.154924920713432e-06
3.142932873296397e-06 -3.808674966790007e-06 -3.923182681534050e-06 2.301230204675368e-06
3.345401739196025e-06 -3.042139481668174e-06 -4.563498087228565e-06 2.615364318030027e-06
3.254837437266557e-06 -2.452450042686751e-06 -5.255586024548291e-06 2.654077306444439e-06
-1.513724091358207e-07 -1.008424139739307e-06 -9.104903272342868e-06 -8.727509679990142e-06
-1.635349972903694e-07 -8.249646144770913e-07 2.451599889636067e-06 7.446032408489437e-06
-6.495075215418116e-08 -8.929328179182557e-07 7.895968597432684e-07 -9.314063504768334e-06
2.221854514710808e-06 -3.822074404995543e-06 -5.249234671296644e-06 3.052268899849693e-06
1.824342460004390e-06 -3.462996372635017e-06 -3.093058974703095e-06 3.476655290433997e-06
2.657972147193919e-06 -2.933759540798473e-06 -5.054990052477211e-06 3.445719184078932e-06
2.759440655767076e-06 -2.197210873354825e-06 -4.557858501477586e-06 1.933229663247501e-06
5.053278919621088e-08 -1.028853591281901e-06 -3.186956923801473e-07 5.626749012678813e-06
7.620699374848552e-08 -7.869538135890250e-07 -1.144814435383442e-06 8.354454944884093e-06
1.926196252418010e-06 -2.956846483831964e-06 -2.939180627665550e-06 3.368974461571786e-06
1.508308844218819e-06 -3.071542137157096e-06 -1.652857884886434e-06 3.686629304954844e-06
2.084919325992974e-06 -2.436787022033880e-06 -2.796357399609465e-06 2.270110713491470e-06
2.357717266289785e-06 -1.910426223497910e-06 -2.986604303701184e-06 2.163230958313524e-06
1.846278571888973e-07 -8.992305484429993e-07 2.049790711593971e-06 -7.878661294871701e-06
3.453867176688846e-07 -1.083202502147808e-06 2.383725386482027e-07 -3.393667052369851e-06
3.227723636395901e-07 -7.208924676320352e-07 -3.985612582351242e-06 2.172114683918862e-06
1.245900894943377e-06 -2.677033992689745e-06 -7.468845371806318e-07 2.947298475425368e-06
1.067770273544284e-06 -2.310304144280292e-06 -2.585146993636083e-06 3.232970396427175e-06
9.592842242099520e-07 -1.943155980729875e-06 -3.588486915704931e-06 3.615165527953790e-06
1.769824437666781e-06 -2.007887771826588e-06 -2.318090300800934e-06 2.656591889058354e-06
2.048971877469991e-06 -1.616551705546516e-06 -2.960651912961995e-06 3.166903620912338e-06
4.611407597286282e-07 -9.111701284230358e-07 -1.030165333162809e-06 4.371189090119767e-07
6.059383781800262e-07 -1.139321082816414e-06 1.010308867517918e-06 -1.902134818376534e-06
6.100648983143914e-07 -6.916990488202432e-07 -1.691024860716738e-06 -2.768006649188183e-06
1.264415663078792e-06 -1.931715216842975e-06 -2.762032593217011e-06 3.532284446408406e-06
8.912142900365857e-07 -1.605598806309482e-06 -3.507537733034599e-06 4.831222111150223e-06
8.249398417057490e-07 -1.171280272431870e-06 -4.564779244153185e-06 -3.433840052045860e-06
8.810432834546024e-07 -1.209911832045305e-06 -2.284004350795232e-06 -1.699967053115775e-06
8.946596661081167e-07 -1.299686955009532e-06 -1.699819035669068e-06 1.001315573781278e-06
1.559426401420858e-06 -1.577935857190847e-06 -2.564306140335743e-06 3.176197256175996e-06
1.812718220890827e-06 -1.338545757613482e-06 -3.401981417849443e-06 -1.529667975655466e-07
7.331086244684083e-07 -9.498082136766471e-07 -3.343072997197656e-06 -2.242696583267185e-06
8.666407164859145e-07 -6.569427368696413e-07 -1.933569012274005e-07 8.771719493314604e-07
1.107319433747744e-06 -1.375379355905124e-06 -3.546938549324207e-06 3.354445998680317e-06
9.057453034871735e-07 -1.049495352879239e-06 -1.875266253652862e-06 -6.665126915909922e-07
9.690618912821747e-07 -1.177137885174451e-06 -1.574865261570617e-06 2.174809420022509e-08
1.429845085510773e-06 -1.259742145906617e-06 -3.022825625902936e-06 5.289578870201886e-07
1.652502918918212e-06 -1.101227060906702e-06 -3.266093070964482e-06 -2.191692148406619e-06
9.437764263654113e-07 -8.006750647614611e-07 -1.196963687484271e-06 2.533252047182718e-06
9.571488159960242e-07 -6.265058594303405e-07 -7.247433519496455e-07 2.444571442705491e-06
1.187481459731747e-06 -9.710389414947827e-07 -2.357265232507598e-06 1.443441648905659e-06
1.579380504392385e-06 -8.899347356737940e-07 -3.177998427807701e-06 -1.856339022082396e-06
1.526477611723054e-06 -7.078311489989709e-07 -2.569007950574698e-06 -1.270964331440314e-06
1.102150906771483e-06 -6.686333990701575e-07 -2.063645280899169e-06 3.448759537712040e-06
1.015404528359527e-06 -5.707463827991680e-07 -1.348295743756281e-06 2.961641558972124e-06
1.104198978614206e-06 -4.359549032884187e-07 -3.156213467017570e-06 6.022278800195144e-07
1.368320347612057e-06 -6.643789709157441e-07 -3.944890925830718e-06 -3.727664694973572e-07
1.207387819457668e-06 -3.520103783041935e-07 -4.305712255726184e-06 -8.506838000363783e-07
1.505255359020791e-06 -5.348595696354642e-07 -1.939772670287411e-06 -9.567082403065278e-07
1.245933839611629e-06 -4.166382418924254e-07 -4.973116041193123e-06 -1.059580162443294e-07
1.402291795926700e-06 -4.099453461238557e-07 -2.599820077593086e-06 -6.342871674405184e-07
1.295887707668608e-06 -2.912149170459073e-07 -2.572124797045534e-06 -1.088037844049862e-06
1.485056435299496e-06 -4.111001833715837e-07 -2.628580803716467e-06 -9.272093165175264e-07
1.440645505145356e-06 -3.319802214741041e-07 -2.978005360947866e-06 -1.186810658559792e-06
1.400629881961735e-06 -2.994786317825442e-07 -1.916728007249369e-06 -7.638115193155081e-07
1.372419428258172e-06 -2.814571080760480e-07 -6.677372660735640e-07 -2.353024815572046e-06
1.410304769148212e-06 -3.047019368439909e-07 -1.982303343282384e-06 -4.716340666009236e-06
1.448852536784256e-06 -3.266850622062344e-07 -5.110523100437631e-06 -1.837111683784558e-06
1.436548826914097e-06 -2.952365641774490e-07 -5.056645432319803e-06 -2.534135971364639e-06
1.434138015099877e-06 -3.041934091258762e-07 -4.363285218725547e-06 -3.970214210885753e-06
1.437024890265208e-06 -3.522557972023727e-07 -3.996177523673998e-06 -5.631811929623019e-06
1.409614666359218e-06 -2.790998056344654e-07 -7.151553636494246e-06 -2.626948034405330e-06
1.413399111655312e-06 -3.116364829021450e-07 -7.284053709815085e-06 -3.292039397806040e-06
1.439416372257090e-06 -4.066240990424535e-07 -6.793042652681012e-06 -5.855981697833968e-06
1.400157886244131e-06 -4.807959496493467e-07 -4.690027429221309e-06 -4.324550700360781e-06
1.335184129896894e-06 -5.670733547822899e-07 -4.042377930079561e-06 -5.996842592314200e-06
1.340282620382685e-06 -3.337133482198625e-07 -5.255209431860603e-06 -2.047622204048927e-06
1.347146696267769e-06 -2.620386219455598e-07 -6.379357298877456e-06 -2.324318304604603e-06
1.360154056628912e-06 -4.408497626452864e-07 -3.897333002540345e-06 -3.854841232467290e-06
1.228329803318229e-06 -6.368153034821367e-07 -5.730140050752849e-06 -7.513394997829021e-06
1.091142260873760e-06 -6.978300953657177e-07 -7.239573199217386e-06 -7.009076515168611e-06
1.249965952311378e-06 -3.560520138153304e-07 -5.702701972977935e-06 -2.441170624261525e-06
1.239102924028076e-06 -2.522963345091341e-07 -5.496784052829230e-06 -1.201884428727539e-06
9.389990296240795e-07 -7.410770968614921e-07 -8.051101129998610e-06 -5.887844897048988e-06
1.126805121516344e-06 -4.773427627086148e-07 -7.904391558880770e-06 -5.227710574877746e-06
1.101333708410194e-06 -2.374493569061772e-07 -7.586283885068197e-06 -2.457983212774017e-06
9.095624612757755e-07 -5.059767416526148e-07 -8.662826177836084e-06 -4.637503347999698e-06
7.311500082651958e-07 -7.876930618641565e-07 -8.780062920566085e-06 -4.770347119883166e-06
9.489597700797149e-07 -2.145313538531038e-07 -9.481422666961521e-06 -3.915722327011033e-06
3.998707377119258e-07 -8.390131304463502e-07 -1.144315739242143e-05 -4.587955941048681e-06
6.836705894869653e-07 -3.576048400748128e-07 -9.300262774780291e-06 -3.429211246343630e-06
7.335518182184288e-07 -1.659998315052239e-07 -9.456829422637565e-06 -3.399794473130778e-06
-1.602312249400045e-07 -9.184488685540199e-07 -1.429632549366348e-05 -5.688901711779338e-06
1.395286880206824e-07 -4.432931783798099e-07 -1.281350377646084e-05 -3.437263845807232e-06
3.986856674981910e-07 -9.910314752488767e-08 -1.106807174578592e-05 -1.825826279908471e-06
-1.038896737657132e-06 -1.002773867241256e-06 -1.580654624294359e-05 -6.077998372272850e-06
-5.752164002900536e-07 -4.793117978962051e-07 -1.505155059583717e-05 -4.432281162939723e-06
-1.575011249977259e-07 -2.995233164333889e-08 -1.398272450313627e-05 -1.837487123171549e-06
-2.088260936386472e-06 -1.064532209753926e-06 -1.857945945256616e-05 -6.063473053096262e-06
-1.544811720526549e-06 -4.782558615502009e-07 -1.686955313040782e-05 -5.097808750194613e-06
-1.039921578121575e-06 4.473552930053030e-08 -1.530066723283294e-05 -3.665467697125806e-06
-3.239185155072538e-06 -1.112702420602109e-06 -2.177214768463271e-05 -5.248382135189194e-06
-2.648638490025476e-06 -4.751242044111623e-07 -2.079884313419440e-05 -3.830370606458031e-06
-2.089447239106041e-06 1.113231871046391e-07 -1.949466468068852e-05 -2.838230195413622e-06
-4.468916155364441e-06 -1.148011351322771e-06 -2.407371916743494e-05 -7.321861353729354e-06
-3.842945625094123e-06 -4.748191142758311e-07 -2.211476405780148e-05 -4.514374337093276e-06
-3.239353368435906e-06 1.633760866763854e-07 -2.115720088264047e-05 -2.906299540705930e-06
-5.752416815157133e-06 -1.172357301843880e-06 -2.613935129379077e-05 -5.266093985528292e-06
-5.102913216345864e-06 -4.774737533192182e-07 -2.604422148821041e-05 -4.601397280885165e-06
-4.467633382397612e-06 1.957835236245019e-07 -2.417450704569339e-05 -1.947864908797765e-06
-7.066966224587194e-06 -1.182360958935562e-06 -2.689521270490070e-05 -5.630339720314916e-06
-6.406721917048165e-06 -4.770884283824880e-07 -2.596310294194049e-05 -4.303859822218251e-06
-5.752184905987650e-06 2.168482231141502e-07 -2.622242752946182e-05 -3.655491975740231e-06
-8.405153666464957e-06 -1.191105028241579e-06 -3.125358891046603e-05 -5.329826245022694e-06
-7.733090754945809e-06 -4.728294163855083e-07 -2.904197705917450e-05 -3.994414433319256e-06
-7.069814131663637e-06 2.329996906427243e-07 -2.702508015063123e-05 -2.643118945772607e-06
-9.743503017202694e-06 -1.191811589962597e-06 -3.395087749900232e-05 -4.585679587150833e-06
-9.075290315810443e-06 -4.768866802057085e-07 -3.295631378547543e-05 -4.018624760436560e-06
-8.402549713199711e-06 2.421413776509450e-07 -3.125572428720086e-05 -2.616801549547305e-06
-1.106802397840158e-05 -1.182953529532216e-06 -3.534536446370207e-05 -4.188419316377829e-06
-1.040793602830996e-05 -4.771661283386223e-07 -3.467620497823290e-05 -4.111625984607936e-06
-9.742970956070029e-06 2.361782980283650e-07 -3.377608004943593e-05 -3.660347541113435e-06
-1.388459378113825e-05 -1.094475822065476e-06 -4.318455514804883e-05 -6.026414372599722e-06
-1.370048204015764e-05 -1.171148129306657e-06 -4.280486394993719e-05 -6.136442742999657e-06
-1.166453633654747e-05 -4.702640221898322e-07 -3.651024275152698e-05 -3.463011699803467e-06
-1.239716360016592e-05 -1.174445616296067e-06 -3.827608329216492e-05 -4.705829675545968e-06
-1.107207437366614e-05 2.358758916912481e-07 -3.581815694288559e-05 -3.337196299738729e-06
-1.396078618751768e-05 -9.097404649658185e-07 -4.334662045278846e-05 -5.719695888548540e-06
-1.352532454510868e-05 -4.743848554660278e-07 -4.198664305803723e-05 -4.692039216006011e-06
-1.239500854898753e-05 2.332226846176442e-07 -3.778172066545492e-05 -2.851769657637032e-06
-1.395995234851013e-05 -4.019512976068655e-08 -4.317985720105780e-05 -3.897891903795166e-06
-1.369897540712624e-05 2.220790689008481e-07 -4.248580604154788e-05 -3.280758731580722e-06
-1.388354569493677e-05 1.450909184676955e-07 -4.297006196096701e-05 -3.463270499259193e-06
