2.610144874916426e-05 -2.250093261441152e-06 -2.161616469126720e-05 1.035457008613924e-06
2.621712190595176e-05 -1.970114060270218e-06 -2.155846708818643e-05 1.300469898190286e-06
2.621664971478404e-05 -6.478560272218768e-07 -2.116286063482394e-05 3.416867370195164e-06
2.610097735864204e-05 -3.680563130897366e-07 -2.122121453713665e-05 3.895632729126032e-06
2.582194729696650e-05 -2.366057370354365e-06 -2.177661355967743e-05 9.267032113229883e-07
2.529869465287707e-05 -1.308952108324587e-06 -2.143861096224765e-05 2.373680193797936e-06
2.582156793940089e-05 -2.521738904924352e-07 -2.147288065896009e-05 4.114845765846379e-06
2.386385496935909e-05 -2.361452197055959e-06 -1.933258669756044e-05 2.185387603501612e-06
2.386376261205271e-05 -2.559974973955618e-07 -1.974685616160049e-05 4.251173426482966e-06
2.277883334120661e-05 -1.307634147388148e-06 -1.882082575420916e-05 3.720107606939034e-06
2.190255296469888e-05 -2.350570944128651e-06 -1.864246391290146e-05 4.533038718957861e-06
2.190226136826745e-05 -2.637347094305080e-07 -1.878590151680468e-05 3.175561489674762e-06
2.092446123517096e-05 -1.308328975871988e-06 -1.891310206063672e-05 3.555064691419741e-06
1.994308125892560e-05 -2.360382119272360e-06 -1.844809167028602e-05 3.296112916879248e-06
1.994360446200612e-05 -2.614415423830928e-07 -1.727196348440027e-05 1.838612609166579e-06
1.896091432324352e-05 -1.313855166282670e-06 -1.604873762830997e-05 2.695618697816805e-06
1.797839613657700e-05 -2.368325804465891e-06 -1.578566441051406e-05 2.768645882925904e-06
1.797850384638535e-05 -2.609495102400291e-07 -1.576738314906391e-05 3.761846926217363e-06
1.699475535684313e-05 -1.314453529145198e-06 -1.625739028145379e-05 3.871136239812316e-06
1.600797380943198e-05 -2.371135516262223e-06 -1.682240133135258e-05 3.049281017784391e-06
1.600547137532181e-05 -2.541491309021770e-07 -1.603523141457501e-05 2.471766185089390e-06
1.501793617772504e-05 -1.312199442908495e-06 -1.433680608563047e-05 2.624498345672010e-06
1.403781516402631e-05 -2.363075315391109e-06 -1.276960594795291e-05 2.581743509372121e-06
1.403716459404521e-05 -2.626002758178960e-07 -1.413985279940372e-05 4.350010426977548e-06
1.305818013553102e-05 -1.312208074170400e-06 -1.453653785085848e-05 4.138397367520726e-06
1.208113543469518e-05 -2.352867841465395e-06 -1.455529539776314e-05 5.041001898415434e-06
1.208083502284654e-05 -2.748001573251301e-07 -1.302949089773359e-05 1.610362671135762e-06
1.110847564356447e-05 -1.315111081694877e-06 -1.163211561307120e-05 2.901079971856870e-06
1.015450468745860e-05 -2.326447999226690e-06 -1.113939055936629e-05 4.640463548525736e-06
1.015570670459285e-05 -3.068286260939850e-07 -1.060817957582353e-05 1.392310938152644e-07
9.210244969004911e-06 -1.315868998599085e-06 -1.131550722961025e-05 2.186254498439134e-06
8.285360703188475e-06 -2.289892474341323e-06 -1.088199915285975e-05 4.137018607174694e-06
8.289905376913782e-06 -3.446708144976715e-07 -1.197305215212976e-05 2.177914817021856e-06
7.379641530862004e-06 -1.317688257184819e-06 -1.149747179088663e-05 3.452827942295317e-06
6.514655979710685e-06 -2.226644487789295e-06 -9.829810678256023e-06 1.145011163338291e-06
6.508490227521293e-06 -4.061028696983910e-07 -1.121898172760177e-05 5.365048178340918e-06
5.700138451850365e-06 -1.314927568193349e-06 -8.183532066354291e-06 5.068367432990638e-06
4.921581790017192e-06 -2.168330341996612e-06 -1.002626993713895e-05 3.799443553295113e-06
4.925166101034784e-06 -4.709224696108399e-07 -7.009349453210732e-06 2.276125443422549e-06
4.348188217089679e-06 -1.384245095001626e-06 -9.161930519247451e-06 1.274985607850158e-06
3.810930690893516e-06 -2.102057264297831e-06 -8.747986207452358e-06 6.409575726037313e-06
3.807228016716214e-06 -5.424475744726407e-07 -7.391367938742842e-06 2.340444121261496e-06
3.071977315981989e-06 -2.041588179346157e-06 -7.361105581612011e-06 4.629877303128004e-06
3.198642851524723e-06 -1.568687025250254e-06 -6.279012538745452e-06 4.264100741600244e-06
3.061318093788461e-06 -5.877041152902341e-07 -8.882186357199966e-06 -4.162228490244324e-06
2.554828846523256e-06 -6.366365792286776e-07 -7.244742778367320e-06 1.729973450779968e-07
-1.290714394163487e-07 1.182170635304799e-07 1.365218227385883e-05 3.554815305220882e-06
-1.081395963444289e-07 9.989165009603239e-08 -1.519828186374100e-05 1.028221572355392e-04
-9.765806199132771e-08 8.629814925124063e-08 -1.794870999414153e-05 -1.055383259819822e-04
-1.069001111070376e-07 1.447004751575447e-07 -4.132688874522794e-06 7.711952484925726e-06
2.551676282600659e-06 -2.004021895744857e-06 -9.899979565823317e-06 4.420288520404280e-06
2.125947166209703e-06 -1.939167778836757e-06 -8.338539710218903e-06 3.872520137833537e-06
2.438853071363776e-06 -1.155031398023801e-06 -4.383393482703453e-06 3.841985547572943e-06
2.108946983256051e-06 -6.496174031725012e-07 -1.012158253620812e-05 4.628615221313644e-06
-1.636445863566088e-07 1.205721346846967e-07 3.152990856931878e-05 -2.116480181278019e-05
-8.995697922350373e-08 1.118267801030422e-07 -2.074720671613447e-05 -2.091573381458269e-05
-9.443433686628590e-08 1.723297375174451e-07 4.869781243010692e-05 6.032089377536308e-05
1.979246853495602e-06 -1.529788860600827e-06 -6.591326030495716e-06 4.043183313453622e-06
1.728873554166712e-06 -1.819103736886421e-06 -3.079655877186572e-06 2.818820072247762e-06
1.378013630092063e-06 -1.677000035298056e-06 -3.529144258743202e-06 3.278462810822129e-06
1.851567656053529e-06 -1.000431626667365e-06 -9.060622891880966e-06 5.937226016771600e-06
1.717204516902355e-06 -6.203141554279803e-07 3.409156861391060e-07 -1.170797549841050e-06
-6.726299074452514e-08 8.664084602325052e-08 1.540818355952012e-05 1.344388003436519e-05
-6.796978752613217e-08 1.053448808737385e-07 -1.529513297524117e-06 -2.115418064846106e-06
-3.776876395001486e-08 1.474955302482601e-07 -1.627799254782884e-05 1.528111555336222e-08
1.080478319253968e-06 -1.493481856898195e-06 -3.442579983993700e-06 4.215998987156766e-06
1.321932781807002e-06 -1.295659045673897e-06 -4.650167647777425e-06 4.978219037374947e-06
1.436412146440938e-06 -8.555834437636681e-07 -5.534028929891789e-06 -2.628416713347874e-06
1.385060763880362e-06 -5.423308404931195e-07 -8.882153876789932e-06 9.612246383593693e-06
-9.053491835210751e-09 7.863174365481778e-08 5.974450118122251e-06 -4.396234086775426e-06
-3.115454898614164e-08 1.258787240901006e-07 1.080587340358419e-05 -1.028386501459815e-06
1.629655378339896e-08 1.440887877290664e-07 -1.235129530643220e-05 1.166071591926876e-05
8.209695307559019e-07 -1.292889897097539e-06 -1.781499089068711e-06 2.089608954304349e-06
6.246133503591808e-07 -1.091271466099776e-06 -3.674552934224323e-06 3.533120004396008e-06
1.057441358050037e-06 -7.961568933852916e-07 -5.562196659606869e-06 2.861217860023124e-06
1.119867144019933e-06 -4.074519029704017e-07 1.829411195467870e-06 2.681813551069188e-06
4.590602013136985e-08 6.181142080322324e-08 7.387634246002436e-06 -5.646030959254978e-06
5.140620610449632e-08 1.198241730160789e-07 -2.862423887505525e-07 -7.694709416841924e-06
6.762179081135805e-07 -8.147907516099945e-07 -5.901607466345405e-06 3.874185771033605e-06
4.633296128906147e-07 -8.767798062622895e-07 -5.857028356312874e-06 5.809008666358271e-06
7.544333566297947e-07 -5.355069389447971e-07 -5.387190825082253e-06 1.000383032979086e-06
9.048453443975957e-07 -2.577394744864072e-07 -8.807417466470927e-06 8.767452231115627e-08
7.917904586378974e-08 1.379362685073693e-07 -5.522767123101823e-06 1.041966975161524e-05
1.276793460804099e-07 4.442146245242328e-08 -5.595181112112783e-06 -3.540185752291888e-06
1.289129614522280e-07 1.385446187613557e-07 1.994744659060906e-06 -7.480750658442076e-07
3.290585268059019e-07 -6.655840326431590e-07 -5.413307748368319e-06 4.866125760893626e-06
2.482474558166572e-07 -4.681328308469467e-07 -1.230976669879021e-06 2.618539330468179e-06
2.118226038209668e-07 -2.804926907941151e-07 -5.154133145919836e-06 1.515330353450664e-06
5.937425818874967e-07 -3.128635174488870e-07 -2.271435947869094e-06 2.670010559472978e-06
7.429214733740854e-07 -1.359249302453189e-07 -1.107749161797682e-05 -6.510769405332537e-06
1.554365994522054e-07 8.623439009941021e-08 2.760303760095024e-06 2.961856439335100e-06
1.951405019714547e-07 6.407650912868191e-08 -2.339865543774015e-06 4.299775021124576e-07
2.041908296927495e-07 1.563497811704620e-07 -6.569665259556731e-06 3.831956875871404e-06
3.495844013339530e-07 -2.706520983468799e-07 3.937877347661438e-07 3.174017583185712e-06
1.920464979316681e-07 -1.328533156844222e-07 -9.011095288437282e-06 4.787724792626638e-08
2.505877781774511e-07 5.561091548044305e-08 -8.155597859519255e-06 1.182977819041754e-05
2.305733945610583e-07 4.789261217868788e-08 -2.870376536068739e-06 6.641105553645586e-06
2.101414617312710e-07 1.427511911516862e-08 -1.576642527023168e-06 1.026376574276876e-06
4.903245457969863e-07 -1.095363696124341e-07 -5.092314259218397e-06 1.711175196439397e-06
6.034641866705944e-07 -9.072930141040019e-09 -9.410468343259712e-06 6.800185883877191e-06
2.250910286899452e-07 9.609076507803919e-08 -1.406736125470860e-06 -4.589565538721789e-06
2.677315404530802e-07 1.798601353294337e-07 -3.065275105671052e-06 1.093405024190662e-05
2.977357950565358e-07 -1.641190969413558e-08 -5.953096038199609e-06 1.880213182836304e-07
2.487926822173796e-07 7.396998859281019e-08 -3.998658562334396e-06 5.476061095145238e-06
2.424680270200891e-07 5.756235948209733e-08 -9.668659334199608e-07 2.144178927521576e-06
4.303607568706617e-07 3.508847045658415e-08 -2.893176238769426e-06 1.971381872184421e-07
5.038277859244237e-07 7.962096751442771e-08 1.008208832707945e-06 5.259124854685718e-06
2.856613869241159e-07 1.428980927140988e-07 -1.601046719826768e-07 -1.119993941523445e-06
3.101177140289060e-07 1.844123019082275e-07 -7.638678983727858e-06 9.607736224247754e-06
3.327586948052111e-07 1.402950285083638e-07 -4.476557482886118e-06 -6.662995445765381e-06
4.588210218683058e-07 1.473948318176957e-07 -3.997619619415613e-06 8.998213533691499e-06
4.023691310001139e-07 1.882405782263327e-07 -1.475170530731770e-05 -2.515990211245331e-06
3.451670138081308e-07 1.809640604351653e-07 -3.998702904768731e-07 -1.780457635036122e-06
3.419943296378856e-07 1.876430241639394e-07 -1.115619352459683e-05 8.719477493979788e-06
3.848843368223937e-07 1.875587484862861e-07 -6.828427989175610e-06 -6.361867967885741e-08
3.786373251851313e-07 2.103413227267399e-07 -5.283416563162825e-06 -5.094120682382852e-06
4.238257286835150e-07 1.350013351049494e-07 -3.000439232094457e-06 -1.175813804753953e-05
3.415723695780687e-07 2.115546489304036e-07 -1.284494738215768e-05 8.431451084894414e-07
3.856899414825348e-07 2.009440500389998e-07 -1.337048408838446e-06 -2.546012409970588e-06
3.468594826202598e-07 1.905963003366705e-07 1.221333546324860e-06 -1.174246144439800e-06
4.333769109350929e-07 6.218012895678607e-08 -6.772909249543242e-06 -1.444352062340461e-05
2.638939908860620e-07 1.805554854247464e-07 -6.605233487379959e-06 -1.012773847120165e-05
2.830244981415200e-07 1.369936920834261e-07 -2.223580099574962e-06 -3.218947131281971e-06
3.542643487367972e-07 9.355171095905812e-08 -4.154387207877401e-06 6.796218789651440e-06
4.187664519198544e-07 -5.183243236509704e-08 -4.485522316259956e-06 -7.109061663620241e-07
3.687146140239862e-07 -1.467291203728105e-07 -4.183808164715364e-06 -8.904429872882335e-06
1.632441697802528e-07 1.592297201489396e-07 -1.939328111291037e-06 -7.581973748811257e-06
2.224816982637862e-07 4.928085005180235e-08 -3.129994297303550e-06 1.359476190478661e-06
2.760876885202454e-07 -1.069378536525284e-07 -3.645778173170250e-06 -5.321413803380413e-06
2.971166341585343e-07 -2.810312671695909e-07 -2.651155191335619e-06 -5.815394720948455e-06
1.740218664729544e-08 1.008517654670222e-07 -1.795593927613845e-05 -8.206733996492361e-06
7.166502363930167e-08 -1.157614954764369e-07 -7.388129389731036e-06 -7.324155465807653e-06
1.989110523056581e-07 -4.160804993365916e-07 -4.720652645891465e-06 -1.631156424170132e-06
4.361016683262982e-08 -5.368645610572894e-07 -7.971468343494939e-06 -1.959287676316894e-06
-1.448989047227255e-07 -6.672411253181555e-07 -1.164400451490643e-05 -4.169399342236790e-06
-1.414465530636724e-07 -1.679257860438736e-07 -4.008438812861509e-06 -3.375819620522771e-06
-1.380208267577055e-07 4.034286691058201e-08 -1.065704367493679e-05 -5.711236011001954e-06
-1.009231405790881e-07 -4.138353126730620e-07 -8.231825434666969e-06 -2.991766770494246e-06
-3.627981023496575e-07 -7.809013098272105e-07 -1.180505181698760e-05 -6.361141647982924e-06
-6.222152459821156e-07 -8.700773519718872e-07 -4.875634998473007e-06 -7.791728774179832e-06
-3.377912558004626e-07 -2.129431405990706e-07 -8.577871727185910e-06 -3.857691289101639e-06
-3.640615461465013e-07 5.327748318241022e-09 -7.941920178339245e-06 1.324118735852875e-06
-9.238745025836155e-07 -9.150050596457078e-07 -8.404140410530052e-06 -9.469651664049596e-06
-5.753393776893014e-07 -4.612380770694456e-07 -8.403389469811528e-06 -5.633906743330365e-06
-6.163210346044546e-07 7.352283365559613e-09 -9.582431323550856e-06 -4.144904063863115e-06
-9.829276998404711e-07 -5.133572783646772e-07 -1.213166592990402e-05 -7.970785660026481e-06
-1.271517344350559e-06 -9.495642811736799e-07 -5.768404031845959e-06 -5.804574731678635e-06
-9.087223378647046e-07 1.698646007454334e-08 -5.383361476570257e-06 -6.020373103239917e-06
-1.799635300509776e-06 -9.965350753004260e-07 -1.261227391048570e-05 -6.748107212210601e-06
-1.368100711522470e-06 -2.651399220715378e-07 -1.187021578177728e-05 -3.253155800759607e-06
-1.272806001001750e-06 5.736231796649448e-08 -9.866233588282914e-06 -3.389692352126303e-06
-2.590154385479687e-06 -1.045335835549173e-06 -1.344918305341098e-05 -5.573875426627588e-06
-2.182269889487349e-06 -3.987123464510631e-07 -1.316725999389395e-05 -5.082859891935215e-06
-1.795349444533457e-06 1.046435347451961e-07 -9.902347369310531e-06 -6.033595462421535e-06
-3.733792237219737e-06 -1.108228312218192e-06 -1.504182603626690e-05 -7.706567064891802e-06
-3.144079350402326e-06 -4.477794005409863e-07 -1.519557832050968e-05 -6.230176237532144e-06
-2.591964111337413e-06 1.600952704423335e-07 -1.192792159362756e-05 -4.003181564910785e-06
-5.025873881296263e-06 -1.149374694366496e-06 -1.980402671158935e-05 -7.931627866037340e-06
-4.367363167760878e-06 -4.420895590956416e-07 -1.596248476641088e-05 -5.146405668160671e-06
-3.733811303882786e-06 2.223964443585450e-07 -1.571170422248662e-05 -3.541124664280430e-06
-6.393808858077810e-06 -1.196317605057226e-06 -2.122128288586323e-05 -6.106415912902254e-06
-5.695129237516444e-06 -4.444413694284929e-07 -2.099476649931124e-05 -6.908766700559197e-06
-5.024563309547248e-06 2.643253976015436e-07 -1.791068248536281e-05 -3.658353455432718e-06
-7.827739642278490e-06 -1.227303379737586e-06 -2.292171803642755e-05 -6.270238789718286e-06
-7.101942764542321e-06 -4.457685337126382e-07 -2.261759349962869e-05 -4.858587114519739e-06
-6.394758209581812e-06 3.057028069355283e-07 -2.288194622539076e-05 -4.720977111792727e-06
-9.329847237279985e-06 -1.262687410446233e-06 -2.789841201511893e-05 -6.064972701349846e-06
-8.565313427697799e-06 -4.458662446990117e-07 -2.508139437357683e-05 -5.013531113919717e-06
-7.825586024400885e-06 3.352645655744874e-07 -2.297217788164546e-05 -4.060116308194207e-06
-1.088416044382146e-05 -1.280998478452622e-06 -3.137889687559190e-05 -9.708902127135039e-06
-1.010317326668186e-05 -4.447775716083418e-07 -2.864974573834667e-05 -5.621177495190604e-06
-9.330835823448609e-06 3.735205509319844e-07 -2.743218599403785e-05 -4.024459039842274e-06
-1.246391218732332e-05 -1.299371625043650e-06 -3.369742407092577e-05 -7.741300722123394e-06
-1.166767439186464e-05 -4.436028405449050e-07 -3.372758657325592e-05 -6.369974692103279e-06
-1.088380209747332e-05 3.916306286021999e-07 -3.047097504573269e-05 -2.149714339120700e-06
-1.407910987058641e-05 -1.310138479965410e-06 -3.842276437372513e-05 -8.968646635579974e-06
-1.326922395268988e-05 -4.408022726227318e-07 -3.501464376002919e-05 -4.828202629294000e-06
-1.246681636968975e-05 4.158487840921222e-07 -3.530755369099878e-05 -2.885347979703872e-06
-1.570917477174141e-05 -1.330691605781986e-06 -4.313957046783480e-05 -8.078660083256269e-06
-1.488803200962181e-05 -4.461365336519311e-07 -4.157918760002411e-05 -5.941245182806738e-06
-1.407590323924882e-05 4.231718734205972e-07 -3.743268422335646e-05 -2.273992236311507e-06
-1.924561016731329e-05 -1.235680627043170e-06 -4.958155612265297e-05 -4.739115054719188e-06
-1.901058847469817e-05 -1.333086459821739e-06 -5.002129768730898e-05 -4.987141064572735e-06
-1.644366502836447e-05 -4.492712359129749e-07 -4.296192339647775e-05 -5.813125857073863e-06
-1.734828219083977e-05 -1.335048354132191e-06 -4.473854700300840e-05 -9.978781647692682e-06
-1.570764087924726e-05 4.369000342733508e-07 -4.281264197065840e-05 -3.919685171593826e-06
-1.934293119385379e-05 -1.000675132279325e-06 -4.937298934901988e-05 -4.626356213370637e-06
-1.878594708435297e-05 -4.483696830165781e-07 -5.111585809724636e-05 -5.705975149590033e-06
-1.734905507346037e-05 4.356198533159703e-07 -4.505620720058361e-05 -9.580935570939758e-07
-1.934102026813880e-05 1.031905752471978e-07 -4.983483853450151e-05 -6.717280681939833e-06
-1.900923902886546e-05 4.345275383509245e-07 -5.045291657477509e-05 -6.208123306570294e-06
-1.924377285867349e-05 3.374453231028583e-07 -5.005645967723778e-05 -6.503141783956494e-06
