-9.534414158250536e-05 1.293683768881945e-05 4.326866608209332e-05 -3.762157676567041e-06
-9.572426909408457e-05 1.202088891197071e-05 4.341165098960478e-05 -3.641276201755330e-06
-9.572432662155269e-05 7.698736515749108e-06 4.383600276124677e-05 -2.970668014335976e-06
-9.534423130298343e-05 6.782957518220818e-06 4.372315611329717e-05 -2.851957759105035e-06
-9.442677289539881e-05 1.331583037866088e-05 4.299512653473080e-05 -3.793919319955946e-06
-9.270615825362746e-05 9.859910861513264e-06 4.249135060076148e-05 -3.552248604699009e-06
-9.442695855260869e-05 6.404060676828790e-06 4.347067346262244e-05 -2.836344872195265e-06
-8.798255947560427e-05 1.330289928426882e-05 4.028193742743727e-05 -4.420486558338786e-06
-8.798381599782147e-05 6.419687044578505e-06 4.066987668415605e-05 -3.988281970136837e-06
-8.443538066745449e-05 9.862566478082278e-06 3.852054860231618e-05 -4.678955610922297e-06
-8.155632803346999e-05 1.330095866409852e-05 3.603671729970841e-05 -6.754833807549217e-06
-8.155583674766106e-05 6.423251847953266e-06 3.530946331375535e-05 -1.745906074662220e-06
-7.834520549362465e-05 9.860868263292356e-06 3.303749574151623e-05 -4.167028839917625e-06
-7.514609213226300e-05 1.328541150182804e-05 3.165023143772560e-05 -6.039183792971489e-06
-7.514281266828196e-05 6.430904346902372e-06 3.222340109775123e-05 -2.505023870335162e-06
-7.194828963907031e-05 9.856376847149005e-06 3.141612849265202e-05 -4.718644988819747e-06
-6.876080656896170e-05 1.326380476446842e-05 2.882374115318985e-05 -6.421159496604332e-06
-6.875992579286405e-05 6.449737156061835e-06 2.829062271819348e-05 -2.039756235824728e-06
-6.557465800177654e-05 9.856905996014322e-06 2.604299493670051e-05 -3.752727963323053e-06
-6.240747779587620e-05 1.323585614675432e-05 2.504139179902914e-05 -5.138349567619648e-06
-6.240430689414987e-05 6.476385518960604e-06 2.458797452613609e-05 -2.732432963446721e-06
-5.924969924656152e-05 9.854230251595425e-06 2.515989045457034e-05 -4.318624121189462e-06
-5.611872809089939e-05 1.319658030081339e-05 2.210417699003884e-05 -9.386914663145040e-06
-5.612143034983037e-05 6.514704898781243e-06 2.322536833321595e-05 -6.244534192825181e-07
-5.300595038528587e-05 9.857567254927002e-06 2.007144896509865e-05 -5.230352216358355e-06
-4.993231465088167e-05 1.313682440138268e-05 1.891549054455603e-05 -4.791080797925056e-06
-4.992781051204163e-05 6.575797645245774e-06 1.865037569285971e-05 -4.320283896500264e-06
-4.687299995479801e-05 9.852659114324593e-06 1.718497293339242e-05 -4.299567671890424e-06
-4.385047295044096e-05 1.307282533002910e-05 1.727342187068151e-05 -3.061599373769936e-06
-4.385043263914877e-05 6.631421117055839e-06 1.598934092908804e-05 -4.424105400093240e-06
-4.084447290855818e-05 9.849232766506656e-06 1.636606560402341e-05 -3.091811880943237e-06
-3.789041483530991e-05 1.298721090325537e-05 1.340804055701970e-05 -6.032150702213210e-06
-3.788751262474009e-05 6.702477364964868e-06 1.514673112395556e-05 -3.576394301132563e-06
-3.496682117736181e-05 9.842004738803762e-06 1.227940978706102e-05 -4.858009107610781e-06
-3.210647363569546e-05 1.288852282396300e-05 1.168385988072047e-05 -6.714134943091272e-06
-3.211042795227085e-05 6.799209648690501e-06 9.824167846393859e-06 -2.269355271938926e-06
-2.939421504807784e-05 9.844640249857176e-06 9.563592204727693e-06 -4.945749008978038e-06
-2.674428474275604e-05 1.278114550594727e-05 7.709696797302605e-06 -8.486352801453223e-06
-2.673722181766523e-05 6.906323044221469e-06 1.045576932919529e-05 -5.807339409723452e-07
-2.476566158924995e-05 1.006455145621159e-05 9.268952628261334e-06 -2.952386501450560e-06
-2.281185812747765e-05 1.268066033620855e-05 1.114128147894386e-05 -5.795019196309612e-06
-2.280495846723028e-05 7.008671127081670e-06 7.106068581886914e-06 -3.996489257992765e-06
-2.004571229129666e-05 1.258998614259616e-05 7.673333723108361e-06 -6.668849274865532e-06
-2.055701564771560e-05 1.078618079477545e-05 7.411596205502548e-06 -5.774064156094738e-06
-2.003673082515507e-05 7.071791136639712e-06 8.860771300675299e-06 -9.901054417270511e-07
-1.808277117275064e-05 7.148901594794914e-06 8.211330693482754e-06 -3.907335735110802e-06
2.605935348469810e-06 1.858855036981210e-07 -1.520146832456890e-05 -1.053221453414940e-05
2.654927785875344e-06 2.267608709985753e-08 -3.397165659885685e-05 4.312204956200168e-05
2.675035129349349e-06 -2.527052627415582e-07 -3.635290992346950e-06 -3.187742139485850e-05
2.619089265772522e-06 -4.812429302448598e-07 1.389194526502388e-05 -1.109673051289309e-05
-1.807674686739841e-05 1.252253915204156e-05 8.697053911077866e-06 -4.173963737478490e-06
-1.635548397385884e-05 1.236027036185941e-05 5.685829550029996e-06 -5.898068016254967e-06
-1.766137691588616e-05 9.164224549648922e-06 5.496656008837695e-06 -1.846804530365562e-06
-1.633323620693751e-05 7.077611256869715e-06 4.896423685185854e-06 -8.218546734158546e-06
2.466416796760914e-06 2.684278954803089e-07 4.263195167676094e-05 -4.099615048045059e-05
2.265604382749486e-06 -7.947958318142972e-08 -2.774815656393039e-05 1.535322596226356e-05
2.447808492508748e-06 -5.825824052468542e-07 5.052699856204810e-05 -5.996074327005665e-06
-1.579043525961041e-05 1.071707320263445e-05 5.202800589244834e-06 -2.507324731068011e-06
-1.468855293775438e-05 1.199490157331476e-05 5.703517048096967e-06 -6.874149987590382e-06
-1.311463958080681e-05 1.147651954645532e-05 5.801733196290665e-06 -5.551381034886515e-06
-1.527547599392877e-05 8.509482665958629e-06 4.360751094930581e-06 -7.395356865458266e-06
-1.469449766156195e-05 6.726539980892670e-06 5.417222152487076e-06 -1.119440798430355e-06
1.624877096242475e-06 3.003982875151636e-07 2.333288114741881e-06 -2.976653639809449e-06
1.631425484635709e-06 -5.251649784575065e-07 1.180009120621404e-05 -4.689329677853972e-06
1.202534737574359e-06 -7.576067270476937e-08 -2.364810068670566e-05 -4.871059242449497e-06
-1.165531713677984e-05 1.077817221472842e-05 3.823159074847795e-06 -3.291654396217289e-06
-1.289136312099896e-05 9.827574610968476e-06 4.776189089641892e-06 -3.202063558264583e-06
-1.342831663987111e-05 7.791465854759395e-06 4.267960066598832e-06 -3.575719696086805e-06
-1.320511082477411e-05 6.145314097415038e-06 4.755691078913342e-06 3.971001885540574e-06
7.177603257824094e-07 3.731888017150914e-07 1.358892875930296e-05 2.829600515442533e-06
7.175292176106297e-07 -6.210576782382301e-07 2.588376903241784e-06 -2.311018610790625e-07
1.844193056311390e-07 -5.074454927550314e-08 -4.980238763682152e-06 -1.613409141191840e-05
-1.030773405462751e-05 9.946855218975028e-06 3.537524279954738e-06 -3.663055895440617e-06
-9.114543312580821e-06 9.001658560021770e-06 6.732406032201723e-06 -1.993254670381259e-06
-1.156856201705951e-05 7.492543017029115e-06 2.984960781073651e-06 -5.308499146591718e-06
-1.188260053130655e-05 5.329708876598123e-06 4.255296940658746e-06 -3.810702975814108e-06
-4.423507314647642e-07 5.574784916317429e-07 -2.047760914645842e-06 3.976305866398727e-06
-4.386713280495308e-07 -7.929849561797082e-07 3.691011996392422e-06 1.151883375286584e-05
-9.420129418126531e-06 7.583314645426927e-06 5.413219226844948e-06 -3.192570007525029e-06
-8.075226510837618e-06 7.939291569594118e-06 3.267920576362513e-06 -3.462793755537463e-07
-9.920008302558234e-06 6.022028325911126e-06 5.481781934687956e-06 -5.574221034383347e-06
-1.078282542544364e-05 4.356557830600328e-06 -3.346563078230654e-06 5.302640965040807e-07
-1.114556686101963e-06 -8.794885376390843e-08 -2.227745223647672e-06 -1.102781526151107e-05
-1.928156046221169e-06 8.176991260875711e-07 9.300129750958008e-06 1.829519999764047e-06
-1.920563457740149e-06 -1.024947703607052e-06 4.656736826667128e-07 2.177894324698140e-06
-7.170447792033712e-06 6.795962878350867e-06 -1.745263338241868e-08 -3.473032901211259e-06
-6.450552642559216e-06 5.622435248608750e-06 2.331500942461223e-07 -5.639103741571321e-06
-5.903619207927517e-06 4.395044231938990e-06 2.242959292562725e-06 -4.152299518987680e-06
-8.905526056404103e-06 4.652259457873952e-06 9.404465635952391e-06 -2.261737092813501e-06
-9.902540615638970e-06 3.271396019101948e-06 2.456879492521059e-06 -2.212600157125776e-07
-2.583178075835746e-06 -1.079893989027320e-07 8.684819603467435e-08 9.182010723788110e-06
-3.370549262010838e-06 1.057104781537768e-06 -5.556763914414732e-06 -2.810694191163862e-06
-3.378063561202938e-06 -1.281812166124786e-06 2.421408922256172e-06 2.137611855747475e-06
-7.109811930343536e-06 4.386946364898976e-06 -4.040421974355858e-07 -5.760287431182533e-06
-5.494488785146330e-06 3.158834979104183e-06 5.201885282015696e-06 6.762746681656150e-06
-4.699615612027969e-06 1.263634372576634e-06 -6.490157169856829e-06 4.461289240006724e-06
-5.060328384528839e-06 1.462942039463281e-06 8.309858584477399e-06 -2.816072251694689e-06
-5.245206468638643e-06 1.891691572557497e-06 1.653824347123366e-05 -6.785751859583250e-06
-8.204352030955767e-06 3.120723157210537e-06 6.559712557243348e-06 1.452063637775113e-07
-9.245045072888535e-06 2.129705408115031e-06 3.463833917216738e-06 2.378035412219421e-06
-4.106956481375268e-06 6.303214794312601e-08 6.408060850499473e-06 -5.905571593418877e-06
-4.723962375479859e-06 -1.463609612938393e-06 6.259837126631175e-06 -6.589409759468282e-06
-6.337674708136879e-06 2.283352863612541e-06 -6.757376359997584e-06 -2.471868589549602e-06
-5.106972070983186e-06 6.460915813368458e-07 1.243876859390672e-06 7.712693854433058e-06
-5.539011985431360e-06 1.313173573432344e-06 1.261471945125073e-05 -5.262305216564166e-06
-7.724651912167851e-06 1.788199373255157e-06 3.948728234553648e-06 -4.830606458012967e-07
-8.826337029548174e-06 9.877701516715895e-07 3.665523099737744e-06 -4.899712364217330e-06
-5.155241067435356e-06 -6.841637409604748e-07 -3.288990966509424e-06 -2.887785791393894e-06
-5.107870320949147e-06 -1.666712038993205e-06 -7.014449882192750e-06 -1.641001596357998e-06
-6.596556050298970e-06 3.438754167530235e-07 3.391652456457986e-06 -5.591410869073692e-07
-8.662748784940447e-06 -1.321171230575768e-07 2.667800335235903e-06 -2.462889813323471e-06
-8.739573860276256e-06 -1.224801741944081e-06 8.177694209085558e-06 -2.683771216580034e-07
-5.946712169700976e-06 -1.411422276944593e-06 1.681520470973875e-06 1.802008786140429e-06
-5.331820878685175e-06 -2.086892424833640e-06 -9.055000963593726e-06 3.994625710748858e-06
-5.618985200598627e-06 -3.222865978031037e-06 -4.915986694407481e-06 3.715167808635481e-07
-7.657178635018642e-06 -1.373636844040465e-06 3.437743935619993e-06 8.813760687006673e-07
-6.054956686163728e-06 -4.309338068046014e-06 1.142607306729557e-06 -1.782051083830805e-06
-9.043994580955408e-06 -2.316203277634732e-06 1.162080570680654e-05 -2.559496361539341e-06
-6.670291990343597e-06 -3.265175071956201e-06 1.113099134426264e-05 -2.479831188525467e-06
-8.159651185608399e-06 -3.353502876962171e-06 -3.605824364636222e-06 6.339452851188287e-06
-6.612904361896069e-06 -5.337587552785818e-06 -2.071600724372768e-06 -2.178061149848356e-06
-9.536037956158793e-06 -3.365853303025520e-06 6.814145892259214e-06 -3.557811907550855e-06
-9.086376170319517e-06 -4.363182003989669e-06 -3.964155582990811e-06 3.771562022147252e-06
-8.076586886524374e-06 -4.970593697739468e-06 4.945942745286297e-06 -2.827253848049261e-06
-7.239859753754975e-06 -6.290698372128700e-06 1.153379693354170e-06 1.581844325677547e-05
-8.009078423279261e-06 -7.178177890604522e-06 2.459516691903931e-06 -5.818137748923110e-06
-1.020811377997419e-05 -4.306251541066288e-06 1.124457514799254e-05 -2.472010622223862e-06
-9.701734688408617e-06 -5.465797297204453e-06 -2.525667674342706e-07 -9.288816052742662e-07
-9.122128613431527e-06 -6.820267587600845e-06 2.341511147372748e-06 -5.988899580942070e-06
-8.875926519426646e-06 -7.961884373330353e-06 3.783514192479640e-06 -3.056568599684327e-06
-1.105017265452127e-05 -5.122784366130481e-06 9.947790000579958e-06 1.136420208770763e-06
-1.077890644093022e-05 -6.804650495066939e-06 1.474316721338008e-06 4.788197671094441e-06
-9.810465180533322e-06 -8.645525600518401e-06 -1.775695966021607e-07 7.067106725964394e-06
-1.083362440490940e-05 -9.232106695761949e-06 3.977590103580694e-06 5.499078090082445e-08
-1.191876638110078e-05 -9.696940967315578e-06 9.443027645704989e-06 -2.103773235459186e-06
-1.200610134906957e-05 -7.159335924508247e-06 2.456172902079060e-06 2.975521873712540e-06
-1.200494209210327e-05 -5.788177976592215e-06 1.854613849924830e-06 5.557549313958958e-06
-1.176715052638512e-05 -8.520578063652833e-06 7.438302100489748e-06 -1.462834483651327e-06
-1.305387342602131e-05 -1.003390204678154e-05 1.714630969252876e-06 4.503475692782332e-06
-1.421402434076586e-05 -1.024288822396420e-05 6.916848732654245e-07 6.641944011253952e-06
-1.298191171286274e-05 -7.464689300735866e-06 5.487652642714281e-06 1.293793460094791e-06
-1.307079393729458e-05 -6.273996103134895e-06 4.902169889643763e-06 2.306947704824533e-06
-1.539286080290570e-05 -1.031927386148443e-05 8.913404723903011e-06 -1.838338378823131e-07
-1.408364610006547e-05 -8.574952098791003e-06 3.594667965196565e-06 3.641937990530861e-06
-1.421380100226680e-05 -6.574362903228715e-06 7.421634328663881e-06 2.176596751587909e-06
-1.565784118704551e-05 -8.755385637739515e-06 4.815460703068593e-06 1.791568780597415e-06
-1.670435233769376e-05 -1.032068862388889e-05 4.487027546879226e-06 -1.877408139789151e-06
-1.539507599961230e-05 -6.680607979452387e-06 4.911110621953096e-06 3.276406936717455e-06
-1.851379969839460e-05 -1.032779223956424e-05 8.288503195314283e-06 4.136609087620252e-06
-1.708682968187189e-05 -7.862706997619373e-06 6.668369431211426e-06 -5.882251498033039e-07
-1.670771290178537e-05 -6.673636248405652e-06 7.506174218932232e-06 1.312033593784393e-06
-2.100951121342897e-05 -1.034870739455927e-05 4.709540030497910e-06 3.399035639063207e-06
-1.977042258874811e-05 -8.355638178704698e-06 4.529625652255733e-06 2.092613134628834e-06
-1.851505026967710e-05 -6.666899104788803e-06 3.040568171046648e-06 1.738769154369543e-06
-2.434469693049387e-05 -1.037110996894821e-05 8.135252136896366e-06 2.834879401812515e-06
-2.267211747405705e-05 -8.498954187811991e-06 6.750152386706597e-06 8.455783675042858e-07
-2.101182205560139e-05 -6.648238210709779e-06 7.051512199189685e-06 9.164379074503437e-07
-2.784791209411767e-05 -1.038115655410372e-05 3.976027630216929e-06 -8.497151292463087e-07
-2.609135348306049e-05 -8.501030306207756e-06 6.666273737619314e-06 1.896008434731688e-06
-2.434382440629048e-05 -6.629057338959590e-06 5.230786999143964e-06 -2.099608144702602e-06
-3.135734662909577e-05 -1.038827067509111e-05 6.764198485813353e-06 1.286648831197588e-06
-2.960151902252747e-05 -8.507212388222540e-06 4.142678947667820e-06 1.615198260243381e-06
-2.784274870818704e-05 -6.627279591858481e-06 5.168570659859739e-06 5.192408455561443e-06
-3.489938899272079e-05 -1.040485327922539e-05 6.624616321061787e-06 2.600448441739262e-06
-3.312262019380737e-05 -8.501442502568957e-06 7.764367108573870e-06 1.875919487551335e-06
-3.136276653469320e-05 -6.621603071932419e-06 6.563672126920547e-06 2.391488681172113e-06
-3.845469473308999e-05 -1.040674304630325e-05 6.113360957819097e-06 1.375955314429801e-06
-3.667754286135279e-05 -8.504749858702275e-06 5.715317184765304e-06 1.407026571349252e-06
-3.489757791758472e-05 -6.599854107685437e-06 7.165331527585441e-06 5.992278317607567e-07
-4.198908740973937e-05 -1.039694462884565e-05 5.893416379039165e-06 1.267381269168154e-06
-4.022604449689590e-05 -8.510323200260867e-06 6.237845996876498e-06 1.982065909073133e-06
-3.845314341574662e-05 -6.609288411864305e-06 4.796196447741731e-06 1.919709241325433e-06
-4.549439977952801e-05 -1.038974273477425e-05 6.929569090111902e-06 4.799509349363586e-06
-4.374376588535665e-05 -8.515215354010365e-06 5.937225701554382e-06 1.623609113339167e-06
-4.198537901664156e-05 -6.628302787346958e-06 6.970243874035403e-06 2.323129697042687e-06
-4.899174849440155e-05 -1.037522592331165e-05 5.670397508567653e-06 5.621749248284234e-07
-4.724761486299733e-05 -8.512174827272641e-06 7.196352607520519e-06 1.359229710844438e-06
-4.549780191590864e-05 -6.639059676338715e-06 6.737070892531673e-06 -8.814265128432845e-07
-5.246198874966486e-05 -1.036412935643283e-05 8.035855692434993e-06 2.223634142511009e-06
-5.073061334372437e-05 -8.510379672585322e-06 5.737056315538188e-06 9.824332936025080e-07
-4.899184734161151e-05 -6.647927201879152e-06 5.856423888775755e-06 7.978135179158215e-07
-5.982778949895475e-05 -1.015418652700357e-05 9.784617283251491e-06 3.803510387084533e-06
-5.933867198718368e-05 -1.035651510770373e-05 8.837276620950642e-06 3.949627448327050e-06
-5.400724878086306e-05 -8.511849914477999e-06 8.806965126844215e-06 2.301164762943674e-06
-5.590347404686327e-05 -1.035477495184129e-05 7.171356041318810e-06 1.895214902231786e-06
-5.246076585705431e-05 -6.657142777120480e-06 7.595153474363813e-06 1.022421954161362e-06
-6.003039554306671e-05 -9.665409483726522e-06 1.020894072311568e-05 3.205215166153468e-06
-5.887307883360709e-05 -8.512910825298421e-06 7.798142792123827e-06 1.369029668776263e-06
-5.590354159034627e-05 -6.670873164912692e-06 7.422273872866136e-06 2.515235560548336e-06
-6.002965493235673e-05 -7.360709563184877e-06 1.038610267212454e-05 -7.648847935327484e-07
-5.933810871734149e-05 -6.669937900845040e-06 9.098367360040779e-06 -1.380906492172815e-06
-5.982706694183040e-05 -6.872171624284947e-06 9.989960250446551e-06 -1.287288512058609e-06
