-2.837000415791120e-05 4.532457906367557e-06 5.302098812580050e-05 -9.607875769158354e-06
-2.845877435725041e-05 4.316906468249020e-06 5.372294516102648e-05 -7.938146599324657e-06
-2.845890251365859e-05 3.303562228791769e-06 5.397430019440090e-05 6.471509108736893e-07
-2.837008704620993e-05 3.087681869574395e-06 5.330966922838557e-05 2.198126339537198e-06
-2.815547040226498e-05 4.622048681718627e-06 5.131443891155240e-05 -1.025275255816572e-05
-2.775261081159815e-05 3.810117631143685e-06 4.926311474940488e-05 -3.944680781608923e-06
-2.815537593573090e-05 2.997914930542478e-06 5.168415138666013e-05 2.767947295907575e-06
-2.663128118385114e-05 4.631321819884907e-06 4.691050694874161e-05 -8.867947923575614e-06
-2.662963542831441e-05 2.984781243192449e-06 4.735761972856760e-05 -7.520391247033186e-07
-2.578114976270267e-05 3.805969828233845e-06 4.511427136661227e-05 -4.945603520304353e-06
-2.509353453279198e-05 4.628417199206202e-06 4.340353161100864e-05 -7.568319754905376e-06
-2.509267768361127e-05 2.981500260456814e-06 4.256471372800229e-05 -1.038956942530013e-06
-2.432594653614462e-05 3.804648173846635e-06 4.034605202828499e-05 -3.462849083017613e-06
-2.355955327379573e-05 4.625930941075862e-06 3.846196875431442e-05 -4.931242073810416e-06
-2.356168519758526e-05 2.986266891741029e-06 3.924721288586426e-05 -2.009731273435812e-06
-2.279561295049170e-05 3.807393595367796e-06 3.708736267982750e-05 -3.680910474117426e-06
-2.203190195876095e-05 4.627188694844970e-06 3.483556524010608e-05 -5.681952245077138e-06
-2.202863504617911e-05 2.983190675378481e-06 3.569061450787689e-05 -2.272645688961992e-06
-2.126115157984653e-05 3.802504800973208e-06 3.238663836431381e-05 -4.237263913242308e-06
-2.048303461411404e-05 4.636402537657522e-06 2.996590068856413e-05 -6.527455231743367e-06
-2.048130766195918e-05 2.964299490606921e-06 3.070292454347286e-05 -2.035567160589528e-06
-1.969990172465660e-05 3.798973770678858e-06 2.853219967914844e-05 -4.366580244596457e-06
-1.891710047720249e-05 4.639759060026543e-06 2.807735257274510e-05 -5.610430267158999e-06
-1.891758770203798e-05 2.958512054671949e-06 2.840393998977912e-05 -2.690196581129589e-06
-1.813442421575352e-05 3.799231344942013e-06 2.748130550152809e-05 -3.905471553650410e-06
-1.734496409044242e-05 4.650081134434569e-06 2.605649320035087e-05 -4.983254822679970e-06
-1.734497954330297e-05 2.948693961999077e-06 2.572769039759633e-05 -1.851321176956445e-06
-1.655015803229551e-05 3.799595259757695e-06 2.326602142037385e-05 -3.417651181117631e-06
-1.574591328111015e-05 4.664654353733926e-06 2.018499758671162e-05 -5.265625380145441e-06
-1.574620131350142e-05 2.935597963133693e-06 2.105226375199789e-05 -3.202330219178873e-06
-1.493846772104368e-05 3.800280765787597e-06 1.908451253725949e-05 -5.070539685645161e-06
-1.412242438773901e-05 4.678926839486080e-06 1.939620307470740e-05 -4.699638488209225e-06
-1.412349246790131e-05 2.923609462816868e-06 1.864742683377021e-05 -4.550041302397111e-06
-1.330153958972992e-05 3.802745951556417e-06 1.870321138664836e-05 -3.782911782728647e-06
-1.246894930019096e-05 4.693975851687455e-06 1.607243935935140e-05 -6.486510391665091e-06
-1.246821640469578e-05 2.911816928733979e-06 1.650754080283727e-05 -1.162370832959762e-06
-1.166380100446696e-05 3.801283152186657e-06 1.398154511432379e-05 -4.386363211937562e-06
-1.085685552103402e-05 4.694895008522117e-06 1.372788616785377e-05 -4.751387613144122e-06
-1.085400508885609e-05 2.902030109221499e-06 1.312906549357620e-05 -4.343179033105842e-06
-1.025007913138599e-05 3.868762390823715e-06 1.265057823135283e-05 -3.615566228046794e-06
-9.629197895090880e-06 4.702134503068825e-06 1.083804439909138e-05 -4.781009634517591e-06
-9.631921414040685e-06 2.894496456489410e-06 1.076801188217981e-05 -4.257860985992884e-06
-8.737520685964425e-06 4.709297098360669e-06 7.804963808406196e-06 -6.089369124836536e-06
-8.914187446146724e-06 4.110988382295221e-06 8.465844543817680e-06 -4.666186127913717e-06
-8.737087732985127e-06 2.888859892485759e-06 8.935881558440806e-06 -4.217070845279011e-06
-8.083252733327993e-06 2.884010788132258e-06 8.693500934605563e-06 -2.488880807385314e-06
1.429089830594136e-06 -4.443101943635260e-07 -1.666424461312726e-05 -7.529942349320104e-06
1.443107604438451e-06 -5.170212696287981e-07 -4.127092309690657e-05 -8.966258164358488e-05
1.396181108585330e-06 -7.082421869652810e-07 -3.949360086698722e-05 4.119013435226865e-05
1.368503158076076e-06 -8.067458022527944e-07 -2.903804509637435e-05 -3.523612283638598e-06
-8.085956375462038e-06 4.714491163407056e-06 8.040019776050713e-06 -7.135099457151801e-06
-7.485563139244703e-06 4.684924474102734e-06 7.114755897743837e-06 -6.611598878987174e-06
-7.953192700513427e-06 3.571066993445648e-06 9.045825778584541e-06 -4.024082439898145e-06
-7.487848668658739e-06 2.827215819950171e-06 7.479401294676038e-06 -7.523682119614589e-07
1.376054765087926e-06 -4.031917459549907e-07 -4.018119097833915e-05 7.260026469262470e-05
1.205413585956400e-06 -5.620249404287795e-07 4.337406492846046e-05 1.234101517373843e-05
1.300732332977636e-06 -8.563684266985990e-07 -4.050576336001582e-06 -5.274782265440193e-05
-7.296914310509871e-06 4.119102266138747e-06 6.495126441087510e-06 -5.447898050912116e-06
-6.892795339827590e-06 4.587101336085330e-06 5.100698647756925e-06 -5.811531577902967e-06
-6.312743700255801e-06 4.420057647697182e-06 3.326168510963564e-06 -4.679884377038358e-06
-7.116424335615752e-06 3.330914512927315e-06 5.674905785907070e-06 -2.765114896059697e-06
-6.906223513547500e-06 2.668137682530241e-06 5.144117942582511e-06 -9.961062957086957e-07
8.640956723566709e-07 -4.222395126925307e-07 -1.187740771493123e-05 -2.995691235394280e-05
9.003205859250281e-07 -8.421255551902492e-07 -9.617812113319365e-06 7.043525643652820e-06
6.504282167942521e-07 -5.826787883952865e-07 8.297272417300473e-06 8.231300315360416e-06
-5.752006409739151e-06 4.188402154232919e-06 3.966964503892256e-06 -3.420831087041607e-06
-6.237824114332869e-06 3.820479335239911e-06 3.074291866995475e-06 -3.637996409169687e-06
-6.439061376285822e-06 3.058297287124894e-06 4.317799074388323e-06 -2.656503029112659e-06
-6.358141158600832e-06 2.408963848133473e-06 5.753208946969966e-06 -3.457342708855308e-06
4.151735402558527e-07 -3.763413558641373e-07 -5.029521878978106e-06 1.690746587638270e-05
3.913578639481327e-07 -8.861357374618234e-07 -6.070005084029145e-06 8.127801017283958e-07
1.339624128759605e-07 -5.972042603316201e-07 1.006865224573838e-05 -2.409852913819680e-05
-5.220187318928570e-06 3.891941185977969e-06 5.817938990285489e-06 -5.018162371129248e-06
-4.729278142476300e-06 3.533453916070523e-06 2.909428916938530e-06 -6.143437536764154e-06
-5.725755235789144e-06 2.935022648371831e-06 6.276655695281500e-06 -4.830871009898648e-06
-5.859502967642254e-06 2.055998347394240e-06 5.316508281795527e-06 -2.713416761066033e-06
-2.147658234067941e-07 -2.671775322136133e-07 -3.481693341578673e-06 1.240394132948614e-05
-1.983764284478017e-07 -9.824696080676989e-07 6.725518613786411e-07 1.939458917747171e-05
-4.853482002315655e-06 2.973463333669730e-06 3.105753795807237e-06 -5.656743438632358e-06
-4.283495840517916e-06 3.120506869898964e-06 2.240614166709524e-06 -6.170392625340592e-06
-5.062829993922297e-06 2.332238533796303e-06 2.677149102899687e-06 -2.220090540306319e-06
-5.430888408002709e-06 1.623411048814366e-06 3.391225495366817e-06 -2.055054024653222e-08
-5.649727681004498e-07 -6.176688166624429e-07 -1.817837079033667e-07 -2.300835050553598e-05
-1.003250836292650e-06 -1.142829537163754e-07 1.085932795194912e-05 7.208765195382711e-06
-1.016469694680007e-06 -1.108697956593605e-06 -2.949128437765049e-06 6.166746596527700e-06
-3.886330973430178e-06 2.659715445597675e-06 2.261137417018970e-06 -1.950043077429900e-06
-3.537392574868038e-06 2.159870223743254e-06 3.775203473703546e-06 -2.626054591927800e-06
-3.246535940867301e-06 1.622326912252611e-06 1.837266341061090e-06 -2.657981959696806e-06
-4.633453433257806e-06 1.747084141664296e-06 3.277672047730264e-06 -1.028912161504796e-06
-5.080223905406616e-06 1.121172824189735e-06 6.023039495415755e-06 -1.220238221863316e-06
-1.358596433844804e-06 -6.156585606631961e-07 -1.306065664742199e-06 6.339029986057264e-06
-1.788427742041092e-06 7.620456695347487e-10 -3.150818546190858e-06 -1.301129058717424e-05
-1.776437638489852e-06 -1.264688424269200e-06 2.724738423547580e-06 -1.840985525442864e-06
-3.824490663456052e-06 1.625986895805395e-06 4.715151956381485e-06 -2.076459767992377e-06
-3.020982203404027e-06 1.048721518416491e-06 6.721988507076929e-07 -4.000880660899602e-07
-2.512962520677538e-06 1.328986288152632e-07 -1.292042063190880e-06 -9.786927905704905e-06
-2.734507796057334e-06 2.450709503047811e-07 1.401471261940947e-06 -5.583847060428451e-06
-2.861291285938593e-06 4.593539687945243e-07 2.399745765097625e-06 -1.766903887519261e-06
-4.326904627442196e-06 1.046091653751753e-06 3.188848218635542e-06 -1.598607817396460e-06
-4.818349072988887e-06 5.786116521296582e-07 5.580103930132410e-06 -9.354878385700155e-07
-2.172863299156829e-06 -5.233533713234843e-07 3.799512110275252e-06 1.648380476285187e-06
-2.494813137167681e-06 -1.346045044981808e-06 5.068613849311939e-06 -7.868640867381634e-06
-3.416125256023669e-06 6.452182751101838e-07 3.112904989077574e-06 1.386039762401288e-06
-2.733735067509786e-06 -1.972786639239330e-07 2.598546652580956e-06 1.297683462345467e-06
-2.997441821419438e-06 1.681294125415474e-07 4.217884032345343e-06 -1.063800091316315e-06
-4.099452789486742e-06 4.041164443800597e-07 5.134508562211007e-07 -2.913175129835495e-07
-4.666761223478300e-06 5.340866959579604e-09 2.243660978170441e-06 3.528286110097964e-07
-2.727755978044641e-06 -9.192654504764239e-07 -1.096023193421532e-06 6.302637997476880e-07
-2.686516565444173e-06 -1.450389280555524e-06 1.198392536729560e-06 -3.004060682100309e-06
-3.532366775175968e-06 -3.360941717234533e-07 1.351257164666254e-06 -2.832592892793731e-07
-4.628474282514777e-06 -5.830785834649761e-07 1.981633567023864e-06 -2.995314859391173e-06
-4.732300322444743e-06 -1.188968210601033e-06 1.703338689311195e-06 -2.653904740102506e-06
-3.137710946990359e-06 -1.301220785372241e-06 2.895443165703671e-06 2.973575894731721e-06
-2.793845711682372e-06 -1.689006511156928e-06 2.439020350151029e-06 3.569732142012311e-06
-2.913285777027022e-06 -2.372442135844937e-06 5.237964866326379e-07 4.071116155842605e-06
-4.108789063798579e-06 -1.257517346676280e-06 3.317980130157908e-06 -1.471016283044837e-06
-3.112725492528842e-06 -3.069834340375442e-06 1.206939902055299e-06 2.556295513615207e-06
-4.966707881140886e-06 -1.812128405688944e-06 2.798134975735711e-07 1.148181083791182e-07
-3.511007110589491e-06 -2.386816864238859e-06 2.734002454495748e-06 2.231353803981425e-06
-4.440561950485400e-06 -2.440416815782736e-06 2.528700429854802e-06 3.380421108311995e-07
-3.421159621060101e-06 -3.750519440840988e-06 4.724627043706345e-06 2.541070846530792e-06
-5.339418624924689e-06 -2.443745331719913e-06 1.285028025564292e-06 1.528109036885986e-06
-5.067109105201141e-06 -3.090875079573234e-06 2.455570331824808e-06 5.642989828934967e-07
-4.387307019637951e-06 -3.507681496436923e-06 2.387396536387362e-06 1.779537026188443e-06
-3.819442535820216e-06 -4.427077200451689e-06 3.414982056954335e-06 4.341376390397263e-07
-4.319066673217433e-06 -5.075963582994736e-06 3.514064241939048e-06 4.726339599708841e-07
-5.856299780590101e-06 -3.038604447283799e-06 3.400985708189493e-06 2.942529254863343e-07
-5.504172205028896e-06 -3.843565933105464e-06 2.913830027452209e-06 1.590372737218065e-06
-5.083023715477319e-06 -4.821555683541695e-06 3.271180903841587e-06 1.130360535747184e-06
-4.901254803502303e-06 -5.696632851346189e-06 4.156604483068422e-06 1.553202943090458e-06
-6.503019019360871e-06 -3.570857027153269e-06 4.223824498036217e-06 7.628418584573467e-07
-6.313743769189353e-06 -4.819371036333047e-06 3.242326338207479e-06 2.333822801861784e-06
-5.584588266629930e-06 -6.252873078729279e-06 5.329517843196208e-06 2.706169736621922e-06
-6.366292055094631e-06 -6.748555859868073e-06 4.580772161440905e-06 3.302443170531612e-06
-7.221024718602492e-06 -7.177439190794416e-06 3.476755939979878e-06 3.722510972747148e-06
-7.284287915712787e-06 -5.092725377306199e-06 4.614951532566929e-06 2.203081905763756e-06
-7.274675326930313e-06 -4.026279705832875e-06 4.675095471567395e-06 1.049062288381080e-06
-7.085542512326084e-06 -6.190616488220237e-06 3.563700214711315e-06 3.784008749986918e-06
-8.153968560882891e-06 -7.499791217519641e-06 3.883495169118662e-06 3.676258136877048e-06
-9.151216343290272e-06 -7.724683012468594e-06 6.488332734238607e-06 3.084900503338819e-06
-8.084028530823014e-06 -5.331992369396765e-06 6.067488517428375e-06 1.832537213177127e-06
-8.164212534906383e-06 -4.358764477104482e-06 6.323184629974217e-06 1.752302124208812e-06
-1.018220916247452e-05 -7.832138542887072e-06 7.919687359096619e-06 2.417707465713961e-06
-9.012619857059891e-06 -6.266031798664287e-06 6.496725354946252e-06 1.814322218095841e-06
-9.140162899206101e-06 -4.548955699116334e-06 5.597228714506223e-06 2.235220772362635e-06
-1.040693830708947e-05 -6.431994913206571e-06 6.268304701846271e-06 2.895663462221402e-06
-1.137309957315060e-05 -7.889941054960113e-06 5.857361594894182e-06 3.623978372193643e-06
-1.017007413898582e-05 -4.593506445359781e-06 4.554951874319896e-06 2.818690693647709e-06
-1.306523296915066e-05 -7.942552461942306e-06 5.080639693926645e-06 4.939067487648303e-06
-1.170858387226626e-05 -5.619103009269469e-06 4.793648024788532e-06 3.384873248893003e-06
-1.137447146107918e-05 -4.535622639258347e-06 4.726771719877066e-06 2.288819975521315e-06
-1.548860610497969e-05 -8.017152703198696e-06 9.539710459646707e-06 2.110933770562202e-06
-1.426827972289634e-05 -6.065653576282309e-06 8.858001433356635e-06 1.777734256892831e-06
-1.306743875662997e-05 -4.459604613668326e-06 8.058186364058776e-06 1.081913105846095e-06
-1.883756080755112e-05 -8.096445716323755e-06 6.974029455801600e-06 4.967824478692267e-06
-1.713899015509054e-05 -6.197909705210277e-06 7.592456779370420e-06 3.976866154727669e-06
-1.549069392951817e-05 -4.378661290310359e-06 7.625758423924859e-06 3.673755712259693e-06
-2.248175317378414e-05 -8.171824914178580e-06 1.087858380437755e-05 5.173989353844620e-06
-2.063627892650409e-05 -6.192344900789012e-06 8.872660626575060e-06 2.523791583136554e-06
-1.884090402186985e-05 -4.292689015257321e-06 8.935958139726588e-06 2.873962193570309e-06
-2.624558799968007e-05 -8.234076998478056e-06 9.785180250536384e-06 2.789565281704054e-06
-2.434412889273012e-05 -6.193854397920124e-06 1.071834034813825e-05 3.451252914764473e-06
-2.247920359593181e-05 -4.213596289258286e-06 9.229249687626599e-06 4.353941995696284e-07
-3.010083503187309e-05 -8.267910279823529e-06 1.199629548711345e-05 2.289531572781426e-06
-2.816234360610807e-05 -6.194405084949288e-06 1.124450090910779e-05 1.987370587119629e-06
-2.624570360003462e-05 -4.154073800589243e-06 1.151846245016428e-05 2.959998922427715e-06
-3.401417080908937e-05 -8.295155593632936e-06 1.076665540832725e-05 6.491693581404927e-06
-3.204934924764084e-05 -6.193159969408257e-06 1.044685550464600e-05 3.459244999916729e-06
-3.010095065426630e-05 -4.120226111625067e-06 1.060432316317184e-05 3.011420337861962e-06
-3.795796535246691e-05 -8.308637920301553e-06 1.143166725873153e-05 2.493956595369705e-06
-3.598339018640978e-05 -6.188729725596397e-06 1.198260351552913e-05 2.861053779990759e-06
-3.401595555307355e-05 -4.086871907028253e-06 1.141629302982981e-05 1.797721470302615e-07
-4.193141863399117e-05 -8.321880928574698e-06 1.184510071568358e-05 1.300091741249204e-06
-3.993821104245521e-05 -6.187554681250009e-06 1.144004097170776e-05 2.518190440596035e-06
-3.795907633605570e-05 -4.066424946707654e-06 1.157255715044565e-05 2.638859289364182e-06
-4.592917362836099e-05 -8.324387618694471e-06 1.267261937922823e-05 2.642962121228039e-06
-4.392908897669926e-05 -6.191586527973420e-06 1.216078385719968e-05 3.394715233248623e-06
-4.192767569331649e-05 -4.058234787418266e-06 1.130343470400600e-05 4.636305018704212e-06
-4.992458192058439e-05 -8.323437295156578e-06 1.241301567430793e-05 2.875255427762540e-06
-4.792978137718937e-05 -6.184027024312283e-06 1.262601850661652e-05 3.170537721730750e-06
-4.593460322471794e-05 -4.051388562075905e-06 1.296223800705391e-05 4.016213029704785e-06
-5.850525582600042e-05 -8.104465258837776e-06 1.126034803444536e-05 2.068002309303965e-06
-5.793558272471957e-05 -8.340678948482933e-06 1.154769879452356e-05 1.997133336764344e-06
-5.170972186571883e-05 -6.187215306583726e-06 1.278748537409038e-05 3.231641495676803e-06
-5.392156633159994e-05 -8.340804103495047e-06 1.383946768964109e-05 2.806383995860781e-06
-4.992194388710937e-05 -4.046250454436486e-06 1.228179182113452e-05 3.477724046148969e-06
-5.874121375574510e-05 -7.534465610853209e-06 1.113373389449731e-05 2.276951516686886e-06
-5.739353668140033e-05 -6.191476857691627e-06 1.203061805738647e-05 2.864591642206408e-06
-5.392049795224745e-05 -4.039133354649559e-06 1.398042668402708e-05 3.486023547085597e-06
-5.874192290792584e-05 -4.847858723245674e-06 1.120291257690050e-05 3.363690324033894e-06
-5.793601540078850e-05 -4.041142912193516e-06 1.166228252251047e-05 3.700192540679383e-06
-5.850591634970321e-05 -4.277508175859512e-06 1.134451449585608e-05 3.608256730032615e-06
