-5.062918210898035e-05 8.153314807414864e-06 4.891017619374676e-05 -5.823044917645797e-06
-5.081409485971536e-05 7.707775568209614e-06 4.904215078506612e-05 -5.358249354205338e-06
-5.081455456138674e-05 5.607516011293593e-06 4.928490906118394e-05 -3.204597191225621e-06
-5.062976999310654e-05 5.162622118855853e-06 4.917293674846478e-05 -2.751183591567927e-06
-5.018296186964394e-05 8.337731329370054e-06 4.856762540656456e-05 -6.048004279851634e-06
-4.934614682893703e-05 6.658568034157864e-06 4.804477140428886e-05 -4.454580791152338e-06
-5.018391921627803e-05 4.978588794884278e-06 4.885174870086872e-05 -2.540179523051020e-06
-4.704448960903361e-05 8.336995610791736e-06 4.559162914730372e-05 -6.834415207863132e-06
-4.704733881855144e-05 4.989716506505136e-06 4.565002986420531e-05 -2.464716442110430e-06
-4.532200869309157e-05 6.666419053298538e-06 4.371506234461327e-05 -4.507142202886162e-06
-4.392228983466615e-05 8.342850982131427e-06 4.330615220590314e-05 -5.280467951687420e-06
-4.392165809219948e-05 4.990239976208170e-06 4.302937601151627e-05 -3.296361299638408e-06
-4.235647344315520e-05 6.665201678598116e-06 4.230090565274527e-05 -4.103916158571808e-06
-4.078441987219254e-05 8.347603951374156e-06 3.909928248254675e-05 -7.911113994219603e-06
-4.078359468077636e-05 4.979176379068403e-06 4.003390839168007e-05 -1.352618821924345e-06
-3.920901021534148e-05 6.661572572310401e-06 3.617373745491297e-05 -5.020613002802156e-06
-3.763574005806640e-05 8.340228156347608e-06 3.458104943516680e-05 -7.835442712559036e-06
-3.763797810911762e-05 4.984533289297868e-06 3.472314620674946e-05 -2.111075339486084e-06
-3.606910806196547e-05 6.663957746001217e-06 3.354049095111640e-05 -4.715129121130289e-06
-3.450833956747965e-05 8.331848846278720e-06 3.285036308526891e-05 -7.486879916779922e-06
-3.451074787013241e-05 4.999804695335609e-06 3.352301245091967e-05 -1.992201700301725e-06
-3.295187480800500e-05 6.666573335917371e-06 3.141350600997838e-05 -4.980578653080768e-06
-3.139343199040001e-05 8.333531942461555e-06 2.994767178632632e-05 -6.208297815636086e-06
-3.139303890118365e-05 4.996018681392241e-06 2.991927823908095e-05 -3.049428649467578e-06
-2.983975535230129e-05 6.662150254218885e-06 2.748303062743390e-05 -4.442675139687970e-06
-2.829824701530722e-05 8.316064288569468e-06 2.491159224356699e-05 -6.348065342144784e-06
-2.829345510809456e-05 4.998353739958654e-06 2.550059242954248e-05 -2.966534269684367e-06
-2.675581902660891e-05 6.653248393681238e-06 2.380573626516255e-05 -5.264989179342121e-06
-2.522321056120634e-05 8.293973990598281e-06 2.337787629163250e-05 -5.753146850123255e-06
-2.522614726431336e-05 5.014486148740822e-06 2.255572647056894e-05 -4.711615172129241e-06
-2.369814511601380e-05 6.657033381793614e-06 2.092580946683865e-05 -4.477346990671929e-06
-2.218661307577127e-05 8.273058187767373e-06 1.758060123261252e-05 -6.405042625060293e-06
-2.218701311107385e-05 5.042407581906115e-06 1.868353834599082e-05 -3.683093883098453e-06
-2.068065571987395e-05 6.658517503054885e-06 1.638445239988076e-05 -5.099285969388909e-06
-1.918532835749241e-05 8.252718612446225e-06 1.599361477542809e-05 -6.200748963878054e-06
-1.918252792455588e-05 5.060900172598748e-06 1.414201806582069e-05 -1.545643362702125e-06
-1.775359972834282e-05 6.655730055238042e-06 1.356304647976089e-05 -3.877135956790866e-06
-1.634113758821355e-05 8.222388152865545e-06 1.020431515795305e-05 -8.072957842792517e-06
-1.634100700730371e-05 5.089663821265589e-06 1.308203870047923e-05 -2.462586278957649e-06
-1.528553591713387e-05 6.774287223841544e-06 1.045934317370573e-05 -6.082626359671390e-06
-1.422021583043969e-05 8.197724966015062e-06 1.238655987786455e-05 -5.974639473248275e-06
-1.422001896326233e-05 5.111074630581767e-06 8.306932413789994e-06 -3.599664815016529e-06
-1.270214385391118e-05 8.170070164144851e-06 8.426430008019591e-06 -5.997677441165718e-06
-1.299008510620264e-05 7.173939132568703e-06 9.733399939342614e-06 -3.003599408352890e-06
-1.270186504639037e-05 5.130017315970975e-06 1.176273896602454e-05 -2.636465992175468e-06
-1.161529164870012e-05 5.149908668896714e-06 6.845200796944191e-06 -2.536463353148851e-06
1.841363780917847e-06 5.295084395650840e-07 -1.797583037691679e-05 3.022309171506736e-05
1.910783941111808e-06 4.466468505774600e-07 9.200077366079692e-07 9.086327360018014e-05
1.929092925762115e-06 1.980880432505524e-07 2.079565064040466e-05 -2.483379350466382e-05
1.848254411381608e-06 5.852258553517360e-08 1.782418870857682e-05 1.162655320620570e-05
-1.161307321452034e-05 8.150020377054653e-06 3.366036082210509e-06 -5.094717233047954e-06
-1.063959540988596e-05 8.078996906347037e-06 4.692936363576841e-06 -3.555906140807610e-06
-1.138873363162346e-05 6.278433219627569e-06 5.169481687037789e-06 -4.529557181230591e-06
-1.063525854961834e-05 5.085711157055858e-06 5.458246677906486e-06 -4.769706291161425e-06
1.701374385479912e-06 5.619817626833325e-07 1.385900987717024e-05 -3.331400528521376e-05
1.626203485131919e-06 3.675311673585888e-07 -2.098249716706969e-05 -2.694361746942545e-05
1.683135599018727e-06 1.740615794833845e-09 1.286690202679739e-05 4.539146516115546e-05
-1.032749076880301e-05 7.156805136812685e-06 4.638526952888454e-06 -4.848517374494562e-06
-9.693568178211728e-06 7.893619109314273e-06 5.609767422903646e-06 -3.360648539849561e-06
-8.786991051875978e-06 7.609404085122505e-06 5.926731811452907e-06 -5.286571242983793e-06
-1.003624616921836e-05 5.897109018748875e-06 5.275996379762899e-06 -6.232779658218916e-06
-9.705464862701317e-06 4.862049575265027e-06 4.370000413848253e-06 -5.389986286033596e-06
1.115800139908556e-06 6.207207496250859e-07 4.312584529428501e-06 1.856757877032967e-05
1.163432531965343e-06 -2.057904586563990e-09 6.613943284078773e-06 -2.185397386482357e-07
8.467625043628165e-07 3.267152636199385e-07 -9.082381692836069e-06 -1.983083490928517e-05
-7.924411488518085e-06 7.224636298316222e-06 4.300988778048329e-06 -6.796760985371212e-06
-8.663828598259489e-06 6.659582892846841e-06 6.833794565227562e-06 -5.558400942650727e-06
-8.975332735199996e-06 5.475571528342814e-06 5.466358520737679e-06 -4.188858178004738e-06
-8.848634965853255e-06 4.487735684997415e-06 3.573010309053482e-06 -4.708566602344827e-06
4.975508751890111e-07 6.994355774893984e-07 1.918978628512087e-06 9.347618111768804e-06
4.705269561103920e-07 -1.899424910644269e-08 3.315761334956563e-06 1.504754031907908e-05
1.058407710411861e-07 3.089956950535221e-07 -5.722544339067685e-06 -3.077751545565842e-05
-7.116222771280743e-06 6.753355701291275e-06 6.450970721176038e-07 -3.235855456835031e-06
-6.379089134537405e-06 6.196362730467165e-06 2.299102451461426e-06 -4.429543408824349e-06
-7.878179512219393e-06 5.291396696484458e-06 3.248793439558834e-06 -1.738113740381836e-06
-8.075342361328333e-06 3.971722577620322e-06 2.499157198198005e-06 -4.197151817995822e-06
-3.610064780736381e-07 8.286779609859568e-07 1.063340329485657e-06 7.779149425787500e-06
-3.423873051290794e-07 -1.375233481608097e-07 5.375412286518749e-06 1.181575689340131e-05
-6.562910473483289e-06 5.345117017332472e-06 2.491792184886193e-06 -4.574475193947866e-06
-5.725925785422522e-06 5.562289715887046e-06 3.104584359909757e-06 -5.282038846321293e-06
-6.869792727401281e-06 4.389189977347686e-06 1.660310224339821e-06 -3.451019661161318e-06
-7.406152493793332e-06 3.345182661336630e-06 3.996564190902772e-06 -1.063620771980698e-06
-8.438801881317078e-07 3.048563599266903e-07 -6.809309789573928e-06 -1.692006326368687e-05
-1.392422370393691e-06 9.898652386745827e-07 7.840300831364808e-06 3.269923165464727e-06
-1.420744386686316e-06 -3.162089430381082e-07 8.239668135214197e-07 3.834571071773880e-06
-5.150961733100959e-06 4.869090866995997e-06 3.019069642184559e-06 -2.920149271240873e-06
-4.671833590990259e-06 4.134880612744034e-06 4.440299058261473e-07 -2.904348985825041e-06
-4.292573531515351e-06 3.357401688408439e-06 -1.404823983281446e-06 -2.676241964226389e-06
-6.237267114185783e-06 3.528422611400720e-06 2.388467718561123e-06 -2.031584564842254e-06
-6.868972393565649e-06 2.646073381503880e-06 6.010749453356773e-06 -4.369238926172335e-07
-1.870127547368297e-06 3.299137754168671e-07 2.128745415125098e-06 2.612104991251646e-07
-2.450453167632151e-06 1.132831197741567e-06 -3.250041820851369e-06 -6.096425374691254e-06
-2.435369895049722e-06 -5.302365551307957e-07 -8.299485790211971e-06 5.001528556913273e-06
-5.087008455804201e-06 3.358005092832007e-06 2.288467806446221e-06 -1.601370087667927e-06
-4.002891799006992e-06 2.556159086315729e-06 5.920294392636578e-08 7.712589892351311e-07
-3.386604904013131e-06 1.294678511988384e-06 -3.124890901353025e-08 -9.841449957235441e-06
-3.663510113050640e-06 1.445980144900616e-06 2.437262098451394e-06 -9.594355818921277e-06
-3.815352815314061e-06 1.740926180958311e-06 4.699632075528813e-06 -6.634090454150981e-06
-5.797970265193314e-06 2.544656483667312e-06 3.259372340652235e-06 -1.158806880162317e-06
-6.474064330369642e-06 1.901229308476189e-06 3.669840268828632e-06 -6.208239642461928e-06
-2.950801741865226e-06 4.526313683939597e-07 2.414458032811955e-06 2.467771053824887e-06
-3.375931942978826e-06 -6.466248197685181e-07 9.982953987962903e-06 -1.455826132169300e-05
-4.546593418906801e-06 1.995574873402570e-06 2.447709356373683e-06 4.708580210285058e-07
-3.672889068981481e-06 8.686747137282337e-07 -8.762044132015701e-07 -3.821102334899015e-07
-4.002700676321630e-06 1.347161701410237e-06 4.760856485360166e-06 -5.630970427926137e-06
-5.482236550741783e-06 1.662304544693656e-06 5.088605254065430e-07 -2.842129923576797e-07
-6.238263346574180e-06 1.127462286255556e-06 6.289655471458064e-07 -3.515099109710515e-06
-3.687743514451824e-06 -7.675802221171797e-08 -5.147567512342947e-06 7.009639449849697e-07
-3.644661172301486e-06 -7.779291341350287e-07 7.811177624250835e-06 -1.015125630139660e-05
-4.718783422848173e-06 6.684757844896510e-07 1.949162550474021e-06 5.565276200213197e-06
-6.167208092577611e-06 3.398800480471104e-07 3.966164798236865e-06 -7.657290883244744e-06
-6.267444610322466e-06 -4.474953371259769e-07 3.959348875206676e-06 -3.111601810750760e-06
-4.231025725994356e-06 -5.813169814907629e-07 -5.264030984141523e-07 5.991544786116384e-06
-3.795993715350616e-06 -1.073719086854815e-06 1.214514936483041e-05 -3.507649025059645e-06
-3.976814749053526e-06 -1.926245323186629e-06 5.444741024583374e-06 -7.722305425239225e-07
-5.471854817801290e-06 -5.447117777421582e-07 5.003945716865641e-06 1.848792820361363e-06
-4.250099186376429e-06 -2.773352297747877e-06 -2.499361251848878e-06 -4.081045259115713e-07
-6.531174640781320e-06 -1.237695124275583e-06 -6.164988542088454e-07 -2.220933300781116e-06
-4.727831345024733e-06 -1.953862923685147e-06 -3.202023839593945e-06 -4.722639785136201e-07
-5.872692568504858e-06 -2.018563630951839e-06 5.072198963923130e-06 -3.595946049460635e-06
-4.637426391882294e-06 -3.587151894775142e-06 -1.993014327903512e-07 1.440930324433104e-06
-6.952694869343127e-06 -2.017243607424138e-06 1.692035416123149e-06 1.254909211703768e-06
-6.616328371310165e-06 -2.805751852878522e-06 5.755324243377293e-06 6.404243354645560e-07
-5.812002707908704e-06 -3.301996534341396e-06 4.301094978490694e-06 2.427368994387344e-06
-5.139901773411303e-06 -4.375279466411899e-06 3.911052913386234e-06 -1.336706960885019e-07
-5.734627895940770e-06 -5.108608128618015e-06 2.170548997649485e-06 3.353041413542566e-08
-7.529193351971651e-06 -2.749440035718120e-06 2.948361731843493e-06 2.313662219765805e-06
-7.116608029306507e-06 -3.691762110431850e-06 3.667277181381414e-06 1.495058334728149e-06
-6.627456463896443e-06 -4.814799449477950e-06 7.872997383141328e-07 9.727474365561031e-07
-6.416684946990251e-06 -5.798607201527926e-06 8.639828550201996e-07 8.948308466777363e-07
-8.244863560754139e-06 -3.385683752203946e-06 3.193035040025272e-06 1.263670846457348e-06
-8.026046086887400e-06 -4.808200923176916e-06 1.713213033333696e-06 7.493862614686775e-07
-7.198286526045447e-06 -6.412351620899498e-06 2.293662300261516e-06 1.254171327716028e-06
-8.079682784560121e-06 -6.950402429739601e-06 3.873001566242096e-06 2.753357935583005e-06
-9.033192900781291e-06 -7.402780686257921e-06 4.706923709624967e-06 3.561949969348856e-06
-9.107556337893766e-06 -5.115657297644448e-06 3.053141115666450e-06 1.851771944199436e-06
-9.098848741873895e-06 -3.918628182777428e-06 2.019524791514464e-06 -1.016061171344737e-07
-8.888562491939625e-06 -6.328722345339342e-06 4.309875286672212e-06 2.595335732342173e-06
-1.006072531032831e-05 -7.737342472341312e-06 5.781513700838988e-06 3.657996373234087e-06
-1.114308110056530e-05 -7.957712360858404e-06 5.707827455677739e-06 2.538336197796626e-06
-9.989841001726710e-06 -5.383196244448646e-06 4.949163208097814e-06 2.299431643850073e-06
-1.007429607093636e-05 -4.310626945398512e-06 4.764746041686066e-06 1.657595932948444e-06
-1.225181428172871e-05 -8.051294791018527e-06 5.257221796402952e-06 1.899877657346866e-06
-1.100408396851420e-05 -6.394827320030947e-06 5.884060349265099e-06 2.098150019108262e-06
-1.113502990689129e-05 -4.545539564903045e-06 4.647514000592669e-06 2.015976750400936e-06
-1.249264824363372e-05 -6.567194298668658e-06 5.192111803293505e-06 1.478354233172656e-06
-1.350316303156162e-05 -8.089711744584156e-06 6.194836181122188e-06 2.128249412721738e-06
-1.224065779595901e-05 -4.612552857799177e-06 4.623190602515562e-06 1.634106245554448e-06
-1.526229693966385e-05 -8.127528708582935e-06 7.584473439043319e-06 2.633251433376024e-06
-1.385773215036733e-05 -5.714608736669851e-06 6.369713632362853e-06 1.026625841702419e-06
-1.350153895201053e-05 -4.575397849934873e-06 6.090619623036789e-06 9.881170148480922e-07
-1.774427390962550e-05 -8.178625841509322e-06 4.312499871714044e-06 4.102266055619435e-06
-1.650105783065952e-05 -6.188802786649350e-06 5.427177126340268e-06 3.412108339336652e-06
-1.525976793865129e-05 -4.526547091835565e-06 5.036877532667195e-06 1.717782710506235e-06
-2.112829308107393e-05 -8.235970539222008e-06 8.855255697507841e-06 3.472348083289795e-06
-1.941898341459439e-05 -6.325823479952870e-06 7.201497129763591e-06 2.100314285876258e-06
-1.774655652982900e-05 -4.473794927210698e-06 7.170186973543583e-06 7.787104382734021e-07
-2.476840268338540e-05 -8.290048954716014e-06 7.129858639048123e-06 3.034091295452618e-06
-2.293199098367709e-05 -6.321247792710228e-06 8.130856799607407e-06 2.786782259794863e-06
-2.113202645632979e-05 -4.409600608158347e-06 7.427445237454852e-06 1.610309673739500e-06
-2.850240712839804e-05 -8.344892255925987e-06 7.518657029075270e-06 1.803457438704538e-06
-2.661765308060544e-05 -6.319971490677289e-06 7.076081189413892e-06 1.882161018080800e-06
-2.476620221657823e-05 -4.351318855632760e-06 7.798358502965162e-06 1.360747346044090e-06
-3.233645047975906e-05 -8.388127629782873e-06 8.942483054457803e-06 1.009426801335795e-06
-3.040596612545189e-05 -6.313913038750444e-06 8.825812165926899e-06 2.257557815177448e-06
-2.850565230176943e-05 -4.287736179745122e-06 7.396436007754705e-06 2.414626435373751e-06
-3.626034132349923e-05 -8.437865385669170e-06 7.774597828649851e-06 2.305388503096403e-06
-3.428181811136994e-05 -6.313131329700518e-06 8.093744122777470e-06 1.858812066001828e-06
-3.233590422600460e-05 -4.238927394776808e-06 9.425927418381986e-06 3.428137527459836e-06
-4.027536865473532e-05 -8.475608147946611e-06 8.018174244521274e-06 1.971702514746052e-06
-3.825534742126966e-05 -6.309480630664048e-06 7.604065370300041e-06 2.344987050906938e-06
-3.626208397690251e-05 -4.184736195109887e-06 6.951111794602858e-06 1.821592290709082e-06
-4.436391004267859e-05 -8.511708929511182e-06 1.068944959296171e-05 2.389473975157108e-06
-4.230820102019219e-05 -6.310899083539603e-06 9.757651797801245e-06 1.067827012330147e-06
-4.027509486160148e-05 -4.143338730302461e-06 9.323136560141178e-06 1.482033388225029e-06
-4.849937608238298e-05 -8.542964114996345e-06 8.125993212216060e-06 3.651191566241580e-06
-4.642380180560286e-05 -6.316652948851129e-06 9.154478162716635e-06 2.589123566731673e-06
-4.436051721117048e-05 -4.116567083650862e-06 9.318835039713242e-06 1.165327002093089e-06
-5.268454212969077e-05 -8.563058849603390e-06 8.110176687221535e-06 5.089335412617408e-07
-5.058390629644769e-05 -6.313180139404280e-06 8.462035506765727e-06 1.811579175692679e-06
-4.850176447018416e-05 -4.087790139413331e-06 9.005481827390438e-06 9.668031086804470e-07
-6.172516689285763e-05 -8.331943044773330e-06 9.713900237650937e-06 2.536802300884453e-06
-6.112451489082253e-05 -8.580080232397358e-06 9.673277914150157e-06 2.528647098190034e-06
-5.457585276377094e-05 -6.311191416300570e-06 8.764390124441584e-06 2.185433441861627e-06
-5.691118994828473e-05 -8.568929261130721e-06 1.130325384456867e-05 1.923449894119490e-06
-5.268527426443645e-05 -4.060450944462633e-06 7.717887885462729e-06 3.266522672616867e-06
-6.197400195992730e-05 -7.732051091367622e-06 9.730139438696707e-06 2.503179050572346e-06
-6.055169628888038e-05 -6.314623329654720e-06 9.736466124161013e-06 2.127766653039942e-06
-5.690982084424531e-05 -4.055914727545216e-06 1.133927950232673e-05 2.832971363819971e-06
-6.197395470263940e-05 -4.897419227222180e-06 9.972274006593508e-06 1.499290947303535e-06
-6.112406510777196e-05 -4.048809816398273e-06 9.934233902743055e-06 1.472710536799767e-06
-6.172500838429757e-05 -4.297144841082308e-06 9.970232366401769e-06 1.457949502512834e-06
