-6.266466371699828e-05 8.343996020426199e-06 4.880094536096142e-05 -4.922780015893450e-06
-6.290392656922918e-05 7.766480931611994e-06 4.886661086799403e-05 -4.402514742848044e-06
-6.290599951138090e-05 5.043236468017096e-06 4.881670187163397e-05 -3.262829787735383e-06
-6.266687498618600e-05 4.465500822154011e-06 4.877859728753400e-05 -2.876093822587207e-06
-6.208713257916416e-05 8.583220500503848e-06 4.857513740324097e-05 -5.226178310940242e-06
-6.100564630826024e-05 6.405799993919352e-06 4.813874800696100e-05 -3.801103399063164e-06
-6.208937502823589e-05 4.226199373564505e-06 4.864118698573027e-05 -2.635641408016086e-06
-5.802375963050432e-05 8.585899345649777e-06 4.332588955083249e-05 -7.530606172650822e-06
-5.802358386545390e-05 4.225301661191647e-06 4.409527629266199e-05 -9.689717203321992e-07
-5.576832169775305e-05 6.404205354354345e-06 4.141154884946994e-05 -4.705767422941844e-06
-5.393404318324568e-05 8.589770121039251e-06 4.273230456798336e-05 -4.641383110080393e-06
-5.393103693987199e-05 4.215658212062599e-06 4.230960871210117e-05 -4.292821238232235e-06
-5.188168602229402e-05 6.400594500284136e-06 4.274361008890253e-05 -4.682508261297071e-06
-4.983229462002259e-05 8.588044303607906e-06 3.919882117248294e-05 -9.734202308142486e-06
-4.983870860241343e-05 4.219296443036162e-06 3.835794015909723e-05 1.083368566409248e-06
-4.779322152748711e-05 6.406812352103353e-06 3.667290971414546e-05 -2.992395553928900e-06
-4.575193445349865e-05 8.594584112557963e-06 3.691645653950217e-05 -4.999740280946891e-06
-4.575182939599491e-05 4.220166750550171e-06 3.784290181500686e-05 -1.986136656733555e-06
-4.370837551339620e-05 6.407809877756504e-06 3.566754477186340e-05 -4.014345807417753e-06
-4.166177799815155e-05 8.598205334122028e-06 3.296217648672428e-05 -6.306822933501736e-06
-4.166207235599329e-05 4.214514458732567e-06 3.248391759977286e-05 -3.070582126956451e-06
-3.961593409350328e-05 6.405449418852911e-06 3.047147053152838e-05 -4.410283101624970e-06
-3.758044850344286e-05 8.585886392882948e-06 2.980575444206979e-05 -4.157451297835251e-06
-3.758101251680205e-05 4.225556207635147e-06 2.923058146910898e-05 -4.924192709274402e-06
-3.555023229851463e-05 6.407372677765532e-06 2.901005328426983e-05 -4.772400592418426e-06
-3.352442687589401e-05 8.574436277789008e-06 2.668515565428498e-05 -8.209057461254468e-06
-3.352982757545870e-05 4.247944290160414e-06 2.626021412916311e-05 -1.064217598278861e-06
-3.150985483132710e-05 6.414581024886349e-06 2.362846824937549e-05 -3.523168649454938e-06
-2.951383229823801e-05 8.540459431704270e-06 2.209449586665009e-05 -7.451865126434727e-06
-2.951211448005920e-05 4.284395818280167e-06 2.290003948213659e-05 -2.379468056209900e-07
-2.752282897290519e-05 6.413358589314007e-06 2.149617706227007e-05 -3.852737485909896e-06
-2.555807538384362e-05 8.504987255884879e-06 1.826435055143410e-05 -5.463688430413484e-06
-2.555587555290343e-05 4.322145697760894e-06 1.921286824132846e-05 -2.641028935430197e-06
-2.360972004913801e-05 6.412946517208550e-06 1.713120443380544e-05 -5.462767858776100e-06
-2.169485798905034e-05 8.451754895083310e-06 1.743039281819080e-05 -5.695084156550369e-06
-2.169333756849793e-05 4.370478207694815e-06 1.536312915210305e-05 -3.968527537731835e-06
-1.987354936997092e-05 6.407770698793456e-06 1.354778157691055e-05 -4.727806769635602e-06
-1.809401411465466e-05 8.378048529295091e-06 1.060748275463580e-05 -7.089307826340293e-06
-1.809821975265485e-05 4.445182372182656e-06 1.403953198142598e-05 -2.376385892891393e-06
-1.676918598472407e-05 6.563192465639835e-06 1.223162273263652e-05 -2.884007521775809e-06
-1.546087273537621e-05 8.314657100027875e-06 1.278556939178342e-05 -4.903491239868750e-06
-1.546373406141756e-05 4.528920595713338e-06 6.970582513297202e-06 -4.761079901724471e-06
-1.362186028471245e-05 8.248882682799694e-06 6.585517923845401e-06 -5.715590499825012e-06
-1.396153434453477e-05 7.048628410665672e-06 6.568632027846595e-06 -5.290387012121581e-06
-1.361877994911807e-05 4.569989357372852e-06 1.219394696737119e-05 4.115442861545937e-07
-1.231688863172661e-05 4.613792355825968e-06 7.453412728159213e-06 -1.463901429622217e-06
1.793237679207086e-06 -5.178858006995437e-08 6.083012617337965e-06 -3.305102821210838e-05
1.800589747622965e-06 -1.457085901103356e-07 -6.517422071761546e-06 -5.712183253190447e-05
1.830662163943529e-06 -4.515176791155177e-07 -2.479342891773544e-05 5.837390360776771e-05
1.824916124850094e-06 -5.604484600302340e-07 -4.522291910662869e-05 -1.329516024275485e-05
-1.231496296892235e-05 8.208991746089123e-06 9.018324108903501e-06 -5.509634174425199e-06
-1.115988147013673e-05 8.102307815374880e-06 9.499446912772055e-06 -6.468449838432887e-06
-1.203981236121751e-05 5.972247088544102e-06 4.093380100507185e-06 -4.014676302425465e-06
-1.114774382336052e-05 4.557663315280938e-06 7.162192328119381e-06 -5.852876828018792e-06
1.761644366384617e-06 -6.111274266677170e-09 -9.944124870234167e-06 1.003466942890025e-05
1.585781988963822e-06 -3.314848502950506e-07 4.290561751754188e-05 1.741817450984393e-05
1.785642969623091e-06 -6.216490242244372e-07 -6.826627674499854e-05 -7.280523010481874e-05
-1.078236484769244e-05 7.005375560077363e-06 8.249944781357169e-06 -6.374376495356538e-06
-1.004020050330767e-05 7.858040866698599e-06 7.699712648252063e-06 -6.309966161575612e-06
-8.987170579274346e-06 7.512799982121565e-06 7.955247103750916e-06 -3.127057576813954e-06
-1.043783660802382e-05 5.521764324324868e-06 7.003208223742612e-06 -6.801985155335188e-06
-1.004363477422413e-05 4.330115463910718e-06 -2.410903181073619e-07 1.268845959575240e-06
1.132300826935977e-06 -5.210887961094760e-08 -1.881187379508954e-05 -1.265990000944335e-05
1.146187123736588e-06 -6.035477227162105e-07 -2.453829304114064e-06 1.414749051558262e-05
8.368014372485018e-07 -3.628574259075556e-07 9.572104059248158e-06 -5.251414035446273e-06
-8.008356626875836e-06 7.050253849201827e-06 5.439976578493754e-06 -6.459375748398043e-07
-8.841109772120759e-06 6.405971365332045e-06 6.903461627273487e-06 -3.134848223124656e-06
-9.198585942494042e-06 5.037650728871810e-06 6.444985797119522e-06 1.100032210696918e-06
-9.048120495656562e-06 3.945011725351763e-06 9.791135075509971e-06 -7.162696054885297e-06
5.379642569538882e-07 2.840108490006212e-08 -5.037309045640884e-06 5.808587185074077e-06
5.135913086349258e-07 -6.687460640015526e-07 -5.742097390037506e-06 3.282398604667417e-06
1.376981527054234e-07 -3.791763495256172e-07 1.412753206582690e-05 -1.841652806900834e-05
-7.100380715560597e-06 6.490224778247196e-06 2.847862835570983e-06 -1.701934239467464e-06
-6.301110463487912e-06 5.852173965580185e-06 -2.365053832706768e-06 -4.593708981445225e-06
-7.950879237747637e-06 4.830826909404835e-06 5.901471295209680e-06 -5.541073093679037e-06
-8.166422747258147e-06 3.387976959125714e-06 -4.267259876340323e-06 -3.062307466940903e-06
-2.895612216644496e-07 1.249473659851270e-07 -5.511028725316579e-06 6.765635364252712e-06
-2.793718678648518e-07 -7.814191334175775e-07 -4.185142546952732e-06 1.028058759559990e-05
-6.502075250076908e-06 4.895681736255708e-06 2.004104552776202e-06 -4.524170839367407e-06
-5.600252807344661e-06 5.136591274220098e-06 3.838866744886837e-07 -6.026530240098130e-06
-6.831231647945460e-06 3.847534232067930e-06 4.773044694362186e-06 -2.023937495435797e-06
-7.426533514607076e-06 2.720985304723030e-06 4.266249023023044e-06 -5.610733638934197e-06
-7.490241027820282e-07 -3.536225800723370e-07 3.841765176149823e-06 -2.065824203551628e-05
-1.317199578154253e-06 3.012566332148292e-07 4.933896800719674e-06 8.783348244864930e-06
-1.327135912044531e-06 -9.773274706427028e-07 -2.351627963033885e-06 7.977848857610952e-06
-4.987164696358725e-06 4.373494047713884e-06 2.721824113473882e-06 -1.898565494616224e-07
-4.491987624708671e-06 3.581624352229612e-06 2.094738004443263e-06 -5.828929851984324e-07
-4.106872455217829e-06 2.751750021751145e-06 3.532528762807270e-06 4.091573526384920e-07
-6.153828981158232e-06 2.930068297555586e-06 5.122680545935997e-07 -2.199963622803602e-06
-6.848645764173516e-06 1.995881082030018e-06 1.064961701529912e-06 8.026997588550494e-06
-1.768913860408567e-06 -3.337428438485144e-07 -1.157441624289346e-06 2.959671320272031e-06
-2.338254443096907e-06 4.529468746056875e-07 7.343180198621440e-06 -2.889023474072390e-06
-2.335724585292124e-06 -1.171365537775227e-06 3.544006969292516e-06 -3.600044469147910e-06
-4.936218557818598e-06 2.747806636586717e-06 3.988833395729940e-07 -2.381168318506661e-06
-3.815763109838182e-06 1.910588538569946e-06 6.103728141471828e-06 6.044012011800535e-06
-3.269123415733411e-06 6.159226442237715e-07 -4.912711855415699e-06 -7.940777612378220e-06
-3.513175451096826e-06 7.563253578396710e-07 -7.914363782365043e-07 -6.576953145428690e-06
-3.643068153157075e-06 1.048115107479843e-06 2.809727321606350e-06 -2.157768043276200e-06
-5.685589501707997e-06 1.883620533504145e-06 4.689006288447889e-06 -2.181941684201828e-06
-6.398861636254105e-06 1.211087715545082e-06 5.731269188398405e-06 -1.023840866085475e-05
-2.835043047933456e-06 -2.236355244197610e-07 -7.080280652041054e-07 4.931377517617867e-06
-3.260873300232819e-06 -1.298949260011036e-06 5.353395875666638e-06 -1.065596790915143e-05
-4.394752191088825e-06 1.304949887773163e-06 2.204773946419636e-06 3.325769791791769e-07
-3.532284406129147e-06 1.926407989970662e-07 -9.602295906875855e-07 1.026101217322226e-06
-3.840374316592362e-06 6.522337207853865e-07 2.648179195417033e-06 -3.374292266798066e-06
-5.350966476067913e-06 9.570620603770376e-07 8.919357060397663e-07 -4.426332052977577e-06
-6.112959156658218e-06 4.235322026885800e-07 -1.246233899856397e-06 -3.516497610509309e-06
-3.559229891578500e-06 -7.514306634724295e-07 -1.841459977285466e-06 3.085587499881052e-06
-3.533993230718971e-06 -1.433077189826588e-06 8.178636481321444e-06 -8.438059439414438e-06
-4.574493976619028e-06 -4.112087797044874e-08 5.047095504704131e-06 5.281996852639656e-07
-6.026949918783416e-06 -3.562740661166348e-07 6.419751567912873e-07 -4.672562850298228e-06
-6.102907120123178e-06 -1.132913264863879e-06 5.361561604694174e-06 -1.979737799815798e-06
-4.116321317659968e-06 -1.252805738138879e-06 -2.060354613307546e-08 2.319024438829552e-06
-3.695433564845973e-06 -1.724316067413841e-06 1.258926034254712e-05 -6.025276072355594e-06
-3.880114518038857e-06 -2.548201843887511e-06 9.618028722750071e-06 -1.566249457587087e-07
-5.324080820521150e-06 -1.235313513071135e-06 3.712575983593519e-06 -8.174212239570346e-07
-4.159437556455211e-06 -3.343457749733136e-06 3.005428887958891e-06 1.018706258382772e-05
-6.323963108948953e-06 -1.902977071385672e-06 5.660954532617563e-06 -6.415709460357635e-06
-4.608397269896744e-06 -2.577693398775643e-06 1.248105443066348e-06 1.624407706721518e-06
-5.684953325829951e-06 -2.637151977979871e-06 -1.968757213034563e-06 -1.064113410474963e-06
-4.545607369366929e-06 -4.095696738813805e-06 1.031119582124369e-06 1.309809403914429e-05
-6.686420514956823e-06 -2.632842867309703e-06 8.524279513516206e-06 1.089856507197547e-05
-6.373000773760540e-06 -3.369276490923311e-06 3.744881186514238e-06 2.681504067745651e-06
-5.634259205571855e-06 -3.822702250111978e-06 1.508553724177082e-06 -5.193591349626081e-06
-5.015895111196561e-06 -4.792216090984003e-06 3.713497464671696e-06 3.389526566713937e-06
-5.570088052608913e-06 -5.469695962849504e-06 6.184780265467336e-06 4.063891394839023e-06
-7.196892782405041e-06 -3.331773281958250e-06 4.801293080076847e-06 4.853695344876715e-06
-6.835191070304086e-06 -4.187871274827375e-06 2.085030303489415e-06 -2.538770141762744e-06
-6.393137432004699e-06 -5.205034868935575e-06 4.755490315148168e-06 6.597140069505990e-07
-6.198628568024620e-06 -6.070742291939137e-06 6.368003548669214e-06 3.954396873018138e-06
-7.820115636116954e-06 -3.922218749524747e-06 1.694022189854148e-05 6.233266864475668e-06
-7.649419114870404e-06 -5.200403191743521e-06 -1.149271375811467e-06 1.651621151651415e-06
-6.916182532913229e-06 -6.594404435064225e-06 3.111514505842832e-06 4.090331827444765e-06
-7.687303325781816e-06 -7.053088874977594e-06 5.680821729747501e-06 1.606729268315143e-06
-8.508842525140744e-06 -7.424522478425450e-06 8.221385753689559e-06 1.612165889727743e-06
-8.582135369929122e-06 -5.468689268867681e-06 -2.037499021255882e-06 5.091778989512499e-07
-8.576517186710441e-06 -4.413568784679587e-06 1.959838873945197e-06 1.991630451682902e-06
-8.392295130298596e-06 -6.518149381399063e-06 4.565463485177248e-06 2.346403648075918e-06
-9.381844084633570e-06 -7.691531498009840e-06 4.629822662477024e-06 4.209542612059486e-06
-1.029686770997493e-05 -7.865877111956613e-06 -3.660476443722872e-06 2.987846589688715e-06
-9.328734408648705e-06 -5.704687249972636e-06 7.710303137690406e-06 1.729999566489046e-06
-9.396858527200094e-06 -4.770950856601338e-06 8.259635481353715e-06 -8.891253745627841e-07
-1.123074944535203e-05 -7.936427170401131e-06 5.273329532127198e-06 7.371836057640838e-07
-1.018304619072776e-05 -6.554859782180026e-06 3.508319820960170e-06 1.777428148579621e-06
-1.029599435288413e-05 -5.000421985906940e-06 6.489263176046984e-06 2.866191045775715e-06
-1.143924787579919e-05 -6.693681668549429e-06 8.369942519673376e-06 3.999274340285316e-06
-1.227095663514169e-05 -7.951091961118959e-06 1.079078360188650e-06 -5.821791876308035e-08
-1.122785577685474e-05 -5.066373078402039e-06 5.627254337258310e-08 3.258033396104168e-06
-1.370756047748314e-05 -7.962783543667567e-06 6.216758558903444e-06 7.754456463324005e-06
-1.256346361566135e-05 -5.993943367331544e-06 8.044789722485998e-06 2.165680097820684e-07
-1.226492836038328e-05 -5.052312768771312e-06 6.266742149792492e-06 -3.263611673926397e-07
-1.571714778953787e-05 -7.988697340243245e-06 4.956841882742512e-06 2.472565651094506e-06
-1.472187459606338e-05 -6.387018348532986e-06 6.787186712480163e-06 6.018917169004302e-08
-1.371027895599898e-05 -5.027881587133477e-06 4.585334763030613e-06 2.466388947752519e-06
-1.840615339041919e-05 -8.022415183435861e-06 3.936917639589192e-06 1.569722534966909e-06
-1.705191559015305e-05 -6.499586567620277e-06 6.258856403114121e-06 4.979427604753620e-06
-1.571834166635910e-05 -5.008376884726755e-06 5.772709962733390e-06 2.164069263045590e-06
-2.126797275617156e-05 -8.047952989215586e-06 7.498469336980792e-06 4.136095496986834e-06
-1.982680251087540e-05 -6.507700984248284e-06 4.907908207078950e-06 1.106263436613914e-06
-1.840247772247121e-05 -4.986867302181009e-06 5.068251281606037e-06 3.626151544381610e-06
-2.418056154260756e-05 -8.076192725757339e-06 6.991861375179221e-06 9.610709248909706e-07
-2.271786148208578e-05 -6.507567809115793e-06 7.681861404948099e-06 1.604379142526159e-06
-2.127080160626471e-05 -4.964323938013916e-06 7.902245013826500e-06 -5.728216736980979e-07
-2.712281707664465e-05 -8.093928798407639e-06 6.962397620125778e-06 2.011123222741108e-06
-2.564601660251887e-05 -6.513395873129959e-06 6.473074759354558e-06 3.034770999484143e-06
-2.417651545883014e-05 -4.945488043607253e-06 5.750704494912329e-06 4.319947098421873e-06
-3.008962905015668e-05 -8.099238563585419e-06 7.052916026605307e-06 1.610630364412285e-06
-2.860361595376073e-05 -6.512670479529344e-06 7.769723117121362e-06 2.269403464509422e-06
-2.712305299816536e-05 -4.932743378941255e-06 7.373363447153166e-06 3.133674471533212e-06
-3.304924290674158e-05 -8.100063435783748e-06 9.463474494182837e-06 2.057211450714083e-06
-3.157169294733581e-05 -6.515149051577316e-06 7.550590348273733e-06 1.821500296750733e-06
-3.008815256623798e-05 -4.926626834250275e-06 7.979986088086566e-06 2.701753788219998e-06
-3.601203971233194e-05 -8.101503299955787e-06 7.964145365805751e-06 1.992826913215451e-06
-3.452961879111952e-05 -6.513146239288969e-06 9.628785952775108e-06 2.064042531762820e-06
-3.305165033321900e-05 -4.929499253801134e-06 8.994287965568861e-06 2.265504339067093e-06
-3.896077723647115e-05 -8.091120102141004e-06 1.066024448187395e-05 5.970388417364504e-06
-3.749016200062003e-05 -6.514943543842427e-06 7.543293946768404e-06 2.612593849751143e-06
-3.600997227077296e-05 -4.925391122835923e-06 7.551573788222270e-06 3.291643052620827e-06
-4.188613244156612e-05 -8.076472764155640e-06 8.538429356439669e-06 1.580236680749063e-06
-4.042810952452306e-05 -6.513712692538428e-06 1.156335352639173e-05 3.141054100287821e-06
-3.896205778000521e-05 -4.938124162950216e-06 1.059191075259095e-05 -7.291461556955558e-07
-4.813425456059039e-05 -7.925010354194283e-06 1.073977180586764e-05 1.753642453761900e-06
-4.771630036984690e-05 -8.097103521590472e-06 1.102551352244507e-05 1.702032782251325e-06
-4.318771039298827e-05 -6.517392321245046e-06 9.348780603348038e-06 1.969345993025559e-06
-4.479079966127066e-05 -8.080262750651193e-06 1.302722645629542e-05 1.455028747579175e-06
-4.188451346587354e-05 -4.952270699966832e-06 9.764523604217122e-06 3.275766387390938e-06
-4.830741498346930e-05 -7.508364547818483e-06 1.058553696397475e-05 1.889030801958663e-06
-4.731552084431968e-05 -6.522666526077218e-06 1.101887056509877e-05 1.818372484824138e-06
-4.478918625670064e-05 -4.961627351753755e-06 1.259750785726318e-05 1.888692447639629e-06
-4.830532628638632e-05 -5.537781732448228e-06 9.969187383713830e-06 2.116401301514283e-06
-4.771418361491029e-05 -4.949326121127754e-06 1.033399787778021e-05 2.327068417877599e-06
-4.813206864194503e-05 -5.121359261178087e-06 1.007640030786868e-05 2.274867279867157e-06
