4.819047186367389e-05 -6.457737771282956e-06 -1.936265594776029e-05 2.935505199238633e-06
4.840068731273487e-05 -5.949529538678133e-06 -1.930814036102725e-05 2.801017477026713e-06
4.840117777877610e-05 -3.555005110674563e-06 -1.953475921451007e-05 2.624258562654862e-06
4.819106505169376e-05 -3.047228144820875e-06 -1.960719921759651e-05 2.481609253148117e-06
4.768281224703476e-05 -6.668365127513143e-06 -1.944971414511257e-05 3.053583804428781e-06
4.673217836313369e-05 -4.752923304704908e-06 -1.971331544953770e-05 2.818474792042048e-06
4.768366716269363e-05 -2.836859288199447e-06 -1.970700388459206e-05 2.362725387844861e-06
4.410969584778590e-05 -6.675079715425709e-06 -1.831965505602593e-05 4.542049905793795e-06
4.411197637606418e-05 -2.837621278651772e-06 -1.835504217725666e-05 1.140871346404157e-06
4.212939251995866e-05 -4.758772552755441e-06 -1.756739945067506e-05 2.775857953848927e-06
4.052340300106293e-05 -6.675591395370175e-06 -1.844590776017600e-05 1.728408289050473e-06
4.052332702491602e-05 -2.842610380479833e-06 -1.836097925108228e-05 3.713815207132361e-06
3.873764282638179e-05 -4.758608380714660e-06 -1.883256727958784e-05 3.061413950350975e-06
3.696839663450793e-05 -6.652359271151271e-06 -1.814713688000268e-05 2.388957008690938e-06
3.696756270279528e-05 -2.862471410906718e-06 -1.820295546205135e-05 4.137367605962834e-06
3.520509511454093e-05 -4.756208746915198e-06 -1.686483808760842e-05 3.319466557091587e-06
3.345008652996151e-05 -6.629138806853921e-06 -1.710154167977032e-05 1.687726657341696e-06
3.345159650427541e-05 -2.882970386960824e-06 -1.518322908850082e-05 2.810688127793355e-06
3.169903636807960e-05 -4.755957989772792e-06 -1.566384713179362e-05 1.353061731615416e-06
2.996184370137930e-05 -6.599443760970297e-06 -1.490482431111721e-05 2.716585087825351e-06
2.996194801295826e-05 -2.910657650961019e-06 -1.546140507999201e-05 1.133272618041363e-06
2.823798432713992e-05 -4.754708853703366e-06 -1.468829513181288e-05 2.734710431891662e-06
2.654061635163901e-05 -6.560168119442382e-06 -1.491484337000355e-05 3.952854421190678e-06
2.654156268624960e-05 -2.949397518102315e-06 -1.469581821530769e-05 3.101816767360910e-06
2.485793419633908e-05 -4.755085405214095e-06 -1.442576330286521e-05 3.909825189591520e-06
2.319937291009597e-05 -6.520584910099669e-06 -1.356121652373457e-05 4.889853680624067e-06
2.319950179952115e-05 -2.988842763990046e-06 -1.329127477138929e-05 2.711824361033782e-06
2.155810747059207e-05 -4.754467102063065e-06 -1.260098539376911e-05 2.949826147758766e-06
1.996097222479274e-05 -6.452837307360457e-06 -1.269812813347883e-05 3.638555037185156e-06
1.995887350610967e-05 -3.054337124644522e-06 -1.180690752046132e-05 4.041401194388646e-07
1.838358289046729e-05 -4.752890046084007e-06 -1.185983436422249e-05 1.980654299953404e-06
1.685278322930360e-05 -6.374410309680588e-06 -9.890252146907004e-06 4.652747621555872e-06
1.685632777242453e-05 -3.135696084258824e-06 -1.108836621006692e-05 6.664900220029616e-07
1.534693511201513e-05 -4.756490550336391e-06 -8.755061105814072e-06 3.209064350366288e-06
1.388995370141508e-05 -6.294969296981796e-06 -9.103122071538132e-06 2.174960601097154e-06
1.388795932457642e-05 -3.218251702473328e-06 -8.734029312149582e-06 3.923090069576308e-06
1.251623330777207e-05 -4.755345464171550e-06 -9.308104646810165e-06 3.191255673277927e-06
1.119880593089950e-05 -6.205570936993825e-06 -7.226112837866071e-06 5.792741933503994e-06
1.120133177951858e-05 -3.315035017996695e-06 -8.498420270892603e-06 1.757258581926521e-06
1.022994546590086e-05 -4.867869784329930e-06 -6.768655635142413e-06 3.530633354654012e-06
9.293096223822837e-06 -6.122692293707616e-06 -7.320279673174203e-06 4.084314993420157e-06
9.286219959265539e-06 -3.398097398461703e-06 -6.231792079063481e-06 2.020791720732677e-06
7.975740276054421e-06 -6.052703019461604e-06 -7.081384747589164e-06 2.729583674473278e-06
8.211754585851818e-06 -5.204259623618349e-06 -6.666352390560587e-06 2.705645863447093e-06
7.973834462259326e-06 -3.449572546995976e-06 -4.059250947003341e-06 7.257894999024555e-07
7.062743972038325e-06 -3.508105598814529e-06 -3.867724682955428e-06 1.660401248587316e-06
-8.293725405385415e-07 -9.821362186595564e-07 1.195079387849146e-05 -2.354767116576326e-05
-8.534666201567227e-07 -9.323674830948447e-07 3.513065374015072e-05 -1.277889919558835e-04
-8.315505464391658e-07 -7.948935901235044e-07 8.796396456670496e-07 6.785616469966964e-05
-8.036425114260736e-07 -7.401013011109250e-07 2.512027702391092e-06 -3.968573826056448e-05
7.049049088765652e-06 -6.003882928560360e-06 -5.032183782318828e-06 1.662156408687465e-06
6.265146616345113e-06 -5.914328226137106e-06 -4.893085429058240e-06 2.926057417559029e-06
6.857669730037839e-06 -4.445730585884664e-06 -3.760026779686634e-06 1.651272233126259e-06
6.253696935425746e-06 -3.499211718077150e-06 -7.732335953701386e-06 2.691480488701187e-06
-7.787799130438597e-07 -1.002531455396816e-06 -1.489310740165094e-06 3.928997350662268e-06
-7.643456905947680e-07 -8.744831958398664e-07 1.086173147290742e-05 4.378099987574852e-05
-7.454531226135557e-07 -7.197106805234889e-07 -4.773510185035087e-05 -7.187342670498995e-05
6.004538044622085e-06 -5.157554085871071e-06 -5.617401261535020e-06 2.689876424346521e-06
5.517388599246205e-06 -5.728501064335477e-06 -4.394204633989681e-06 4.669144104987034e-06
4.822947310314266e-06 -5.475926481757277e-06 -4.656371106686296e-06 5.099369851572647e-06
5.770797028805164e-06 -4.154327500102528e-06 -7.890814385143061e-06 3.310040466356072e-06
5.515170548932276e-06 -3.371750092383702e-06 -6.615970506472471e-06 1.126038095031123e-06
-5.199313103340336e-07 -1.021721827916332e-06 -9.932704741674419e-06 -2.086783887399878e-05
-4.954714795655364e-07 -7.573523783158270e-07 6.775594700427661e-06 -3.436263144318411e-06
-3.715451542911432e-07 -8.649732024641470e-07 1.449058398321505e-05 2.188701682956507e-05
4.194088423529992e-06 -5.143787012218970e-06 -4.107864033073718e-06 5.103368200436397e-06
4.718007372438852e-06 -4.734638190685673e-06 -5.088694479857492e-06 4.244197137878608e-06
4.952998896910592e-06 -3.845459759594214e-06 -4.743487889772712e-06 1.835131005299384e-06
4.853607436326878e-06 -3.143864250721477e-06 -3.587639185874333e-06 9.030791848561298e-07
-1.860109834334686e-07 -1.053261441419760e-06 -7.816292447137010e-06 -1.066944616640569e-05
-2.180894774788709e-07 -7.121190691969842e-07 -7.388694806875351e-06 -5.199488525075970e-06
-2.776673857624968e-08 -8.550287957946262e-07 9.569281828618297e-06 1.721429981872522e-05
3.626439473914389e-06 -4.771145923141147e-06 -2.705642825034979e-06 3.450825250720238e-06
3.145611958419749e-06 -4.360963479434967e-06 -4.823360817065484e-06 3.362069611699965e-06
4.153612562871699e-06 -3.720428106693139e-06 -2.575059849343422e-06 1.648466495131557e-06
4.289865766045854e-06 -2.824251870687925e-06 -4.367071981092433e-06 1.577831993313190e-06
1.880451609077377e-07 -1.130787633539358e-06 -6.709019396661440e-06 1.752609514766925e-06
1.988688149305480e-07 -6.839117858547037e-07 4.854031101806394e-07 -6.064680831883109e-06
3.272612944569374e-06 -3.761408023124687e-06 -4.659015610192267e-06 3.187600596973201e-06
2.735480158827194e-06 -3.906698571549365e-06 -4.632856054890600e-06 3.143891723080630e-06
3.479050601360155e-06 -3.119305377380087e-06 -4.776199358841983e-06 3.162353667104920e-06
3.826729320024149e-06 -2.448727516562755e-06 -8.029699661168873e-06 1.639058267790991e-06
4.321085343230511e-07 -8.515668228749095e-07 2.217674882363254e-06 -6.847122666888035e-06
6.923339475452819e-07 -1.201629342203539e-06 -4.125317927676277e-07 6.511389849788492e-06
6.925504364926388e-07 -5.943992559392294e-07 -6.026591647558906e-06 2.998601170123684e-06
2.384225490721756e-06 -3.434267313228111e-06 -3.692005629004709e-06 3.282787697851030e-06
2.120111145749653e-06 -2.957367506243127e-06 -1.212548187178097e-06 3.169000365299042e-06
1.938277954169904e-06 -2.467593637793959e-06 -1.884215307880801e-06 2.571819932819359e-06
3.076120912657476e-06 -2.567970270524236e-06 -5.686446856947252e-06 3.433719903912877e-06
3.453703173493586e-06 -2.036179333477639e-06 -7.304175351523728e-06 -3.262092390871871e-07
9.141733161222153e-07 -9.035189497345790e-07 -2.970101454829065e-06 5.654965871886403e-06
1.179772360990591e-06 -1.256486702745657e-06 1.956086589393040e-06 -7.387919463886445e-06
1.181932451948364e-06 -5.012799016081663e-07 1.865915067060841e-06 -1.343930549635021e-05
2.381092305107139e-06 -2.460998258546854e-06 -1.790623161445808e-06 2.507964781551371e-06
1.809459063050328e-06 -1.994691639657910e-06 -4.841824754807321e-06 -1.785718762535317e-06
1.598950065603176e-06 -1.320362947570824e-06 -3.094977106897706e-06 4.654007749609884e-06
1.711017933610639e-06 -1.390975357234807e-06 -5.766695951437035e-06 8.626631447204580e-06
1.759187377682509e-06 -1.540397420457192e-06 -8.687504750654605e-06 7.713230235155751e-06
2.798381251759394e-06 -1.975634489377105e-06 -5.181987127375121e-06 -4.868421534725895e-07
3.170916784468499e-06 -1.619118915060274e-06 -2.776126694984049e-06 4.981496309093956e-06
1.408475477543537e-06 -9.509940316341003e-07 -7.628120296238291e-07 -8.394151326447196e-07
1.626756224430755e-06 -4.199191168102595e-07 -7.338670241761808e-06 4.006584260069586e-06
2.116018916641891e-06 -1.671399067421443e-06 -2.485482467378742e-06 1.016163483611671e-06
1.733493117183458e-06 -1.128171284670671e-06 -2.958924877075659e-07 4.215504043962855e-06
1.863499440812153e-06 -1.343934972938641e-06 -6.121770438442239e-06 8.161422202060871e-06
2.615300382044392e-06 -1.493194217334497e-06 -4.254860227983342e-06 -6.476154456994368e-07
2.986030092826138e-06 -1.224306497194809e-06 -2.219996547295473e-06 5.203093214460136e-06
1.774932914149634e-06 -6.885235290224904e-07 1.274084570124877e-06 9.173002052993688e-08
1.772803007426046e-06 -3.620773790946859e-07 -7.257745046374783e-06 5.897733189261108e-06
2.223481563522432e-06 -1.005793517919761e-06 -5.070001734333199e-06 -5.892690156747302e-06
2.907125161620629e-06 -8.398579727470556e-07 -5.963132974073046e-06 4.691782756765684e-06
2.886426321165610e-06 -4.953302791059942e-07 -6.124978730307965e-06 2.411488629749132e-07
2.038103388398726e-06 -4.487753393818132e-07 5.901842448741066e-07 -2.155399956886843e-06
1.857455636604311e-06 -2.468975405558953e-07 -1.033721873710681e-05 5.487769019385916e-06
1.977560576308572e-06 7.363133384713935e-08 -9.144400896671819e-06 8.199177483850950e-08
2.559376825178652e-06 -4.390388101617200e-07 -4.430613586979004e-06 -3.916406073789778e-06
2.128978216827159e-06 3.545801316318078e-07 -3.849258485533316e-06 -1.541928045363470e-06
2.936777434448391e-06 -1.682508016045735e-07 -2.622087952449369e-06 6.404806301460511e-07
2.280038989663748e-06 9.755476746604191e-08 -1.699180029783206e-06 -2.415543240890865e-06
2.686397332911170e-06 1.214744018933402e-07 -3.835559412094949e-06 -7.847668908978090e-07
2.288379997081265e-06 6.059276419571994e-07 2.453508936408925e-07 -7.507377116803485e-07
3.031725151709116e-06 1.184406012163983e-07 -3.249964950174186e-06 -1.756991369001363e-06
2.911041826956625e-06 3.808084577415049e-07 -5.562167141111262e-06 -2.157684822164246e-06
2.669981803651698e-06 5.273487069999744e-07 -5.834531228848317e-06 -6.192273241316900e-07
2.474067350937975e-06 8.146144046746349e-07 -3.238334450689670e-06 -3.585563501364454e-06
2.665645798095377e-06 9.858843391985030e-07 -3.113640727755771e-06 -5.316187479328922e-06
3.155742603431721e-06 3.753226621416024e-07 -5.966668403529348e-06 -4.070314607988426e-06
3.043991039652409e-06 6.380101091036796e-07 -6.636965737308743e-06 -2.857933782203032e-06
2.920358556582275e-06 9.111112729888515e-07 -4.076973934477299e-06 -4.903869668186579e-06
2.868663869694652e-06 1.117542776168396e-06 -2.705584753818239e-06 -4.639732637677076e-06
3.300949610401687e-06 5.793191814095393e-07 -6.285060776141657e-06 -2.672052309167282e-06
3.251747506944057e-06 9.044965795877161e-07 -4.225657235904478e-06 -3.977101480998777e-06
3.067101415730679e-06 1.223227227577186e-06 -2.751094784046072e-06 -3.659234566400358e-06
3.257707343441588e-06 1.297790862592646e-06 -5.744822675904801e-06 -5.080653355508566e-06
3.439797728221740e-06 1.331419906874153e-06 -7.837500699474918e-06 -5.512362035438786e-06
3.458094713905677e-06 9.704935028069477e-07 -5.851598279288430e-06 -4.375319489924773e-06
3.457051940332272e-06 7.307769330853203e-07 -5.663336402611627e-06 -1.474807499269161e-06
3.426724062608204e-06 1.178680730138536e-06 -7.235568056443063e-06 -4.944021992284749e-06
3.599280810796306e-06 1.348420354689661e-06 -7.773122512057065e-06 -5.913549245423230e-06
3.736732593408536e-06 1.340834154569970e-06 -6.987273541750791e-06 -5.676223487538412e-06
3.599677572925759e-06 1.023832806594801e-06 -6.953375531020682e-06 -4.673177867076284e-06
3.607218757452488e-06 8.477255912387709e-07 -7.065564443975205e-06 -2.376539776134713e-06
3.862973585082818e-06 1.320386168594123e-06 -7.364155563311696e-06 -5.449711045454421e-06
3.738162895975561e-06 1.162225142489328e-06 -7.001233803207719e-06 -4.934584974982009e-06
3.745287028856955e-06 9.301592250961658e-07 -7.129538756169642e-06 -3.249699283577592e-06
3.892216414333980e-06 1.175611699894515e-06 -7.918299696574884e-06 -4.175018408501922e-06
3.972494163867164e-06 1.288756776589995e-06 -9.560384329252503e-06 -5.352388204628541e-06
3.867195736166878e-06 9.692774562812822e-07 -7.720269338908692e-06 -2.970364950381047e-06
4.090109593878956e-06 1.259122981734704e-06 -1.177858556246510e-05 -5.505937395070540e-06
4.008093178877048e-06 1.105839649250905e-06 -1.096129723451875e-05 -3.267656654215746e-06
3.968668109982939e-06 1.005256218973867e-06 -1.038689167519623e-05 -2.856785100035081e-06
4.183068549350520e-06 1.208658355205295e-06 -1.047097712566722e-05 -5.970794539255340e-06
4.151792666621164e-06 1.149482920952179e-06 -1.080683706409518e-05 -6.306163531401629e-06
4.085810153148754e-06 1.053147692421903e-06 -9.976081460828835e-06 -5.261700795933625e-06
4.223818641958103e-06 1.150187060400659e-06 -1.547253863811468e-05 -6.412300054857450e-06
4.220653584390981e-06 1.152500073391752e-06 -1.264560458693968e-05 -3.892683873666835e-06
4.188232430676011e-06 1.105778545762602e-06 -1.215730546303597e-05 -5.792950772119484e-06
4.167127189060787e-06 1.112046820142909e-06 -1.688207765742512e-05 -5.697604004595985e-06
4.207143081703558e-06 1.155966026589048e-06 -1.651113441003951e-05 -5.012451846886922e-06
4.220068015551908e-06 1.159261437026560e-06 -1.415810994383595e-05 -1.717242021708483e-06
4.044132742440571e-06 1.077294433147702e-06 -2.014947231492703e-05 -6.671528475934706e-06
4.117549016815417e-06 1.157252471350081e-06 -1.841488838473680e-05 -5.166286057584175e-06
4.167920208250618e-06 1.201081911089919e-06 -1.756847631489316e-05 -4.709662190206810e-06
3.850196763238980e-06 1.050690789283189e-06 -2.290969607779919e-05 -7.310107410420599e-06
3.957166466301643e-06 1.159033256280391e-06 -2.141214771205385e-05 -4.443220980223382e-06
4.043653712795491e-06 1.240088764556668e-06 -2.021525272869953e-05 -3.308604830908560e-06
3.616849000896790e-06 1.032587096134110e-06 -2.753677392854433e-05 -6.693608826727224e-06
3.737180812583063e-06 1.156883179651639e-06 -2.505379094690350e-05 -4.103192390883333e-06
3.851017912084246e-06 1.265721994593784e-06 -2.319995933718021e-05 -7.378240808983412e-07
3.364609825368761e-06 1.013974055740998e-06 -3.220243540030345e-05 -7.058857332325068e-06
3.496093468652131e-06 1.156189851463212e-06 -2.997345436701838e-05 -5.158558001886137e-06
3.617530209907204e-06 1.279841118751161e-06 -2.676442191636969e-05 -2.837185009871882e-06
3.094361870633236e-06 1.019242781862752e-06 -3.499486537356800e-05 -7.104715116204454e-06
3.228190286818756e-06 1.159823837494703e-06 -3.394754491911647e-05 -4.219134740898884e-06
3.362829848372716e-06 1.301917102690931e-06 -3.319978234659207e-05 -2.139696901648145e-06
2.830539524725944e-06 1.019354148042207e-06 -3.671855492938137e-05 -5.787713653421812e-06
2.961520139845688e-06 1.160161127688384e-06 -3.546898835777848e-05 -5.771875906157870e-06
3.093820519501246e-06 1.301884818989238e-06 -3.367289695295847e-05 -2.909561722836483e-06
2.568962069396387e-06 1.007713432303298e-06 -4.273355061478629e-05 -6.323578711967706e-06
2.703006438050135e-06 1.154232419211226e-06 -3.986742536518326e-05 -4.679023373777013e-06
2.833734351978409e-06 1.295050699566022e-06 -3.781920380150425e-05 -4.739786938152429e-06
2.013570975210449e-06 1.043985322725050e-06 -4.695231344654197e-05 -6.009976423450468e-06
2.047052967288037e-06 1.029293059076091e-06 -4.668094324527403e-05 -6.337678144804530e-06
2.446677897463723e-06 1.153999060097335e-06 -4.354061862034306e-05 -5.627868916418929e-06
2.298743509740808e-06 1.015347999460664e-06 -4.556624640748108e-05 -9.520517013616500e-06
2.568493853252191e-06 1.299521119798042e-06 -4.194533666947973e-05 -3.760210354297556e-06
1.999779911546640e-06 1.078527057528705e-06 -4.704667573799352e-05 -5.436803827995756e-06
2.077413192543593e-06 1.156702979540166e-06 -4.729116796108833e-05 -4.906651846358632e-06
2.297844792735647e-06 1.295278257719111e-06 -4.590176438537398e-05 -1.867465126465050e-06
1.999944934205541e-06 1.234807545839021e-06 -4.740613643884727e-05 -3.967990183425036e-06
2.046966071708759e-06 1.283650660050232e-06 -4.715047438744603e-05 -3.183143820453102e-06
2.013673625938847e-06 1.269086454657111e-06 -4.735525603573760e-05 -3.461443602335398e-06
