3.607710734125097e-05 -4.183352341758667e-06 -1.600081260013378e-05 3.443877932539408e-06
3.622988304019487e-05 -3.815378615470555e-06 -1.605874139052816e-05 3.324861054708428e-06
3.623021449327789e-05 -2.084501310924301e-06 -1.654037895164620e-05 2.576167524078058e-06
3.607750238049521e-05 -1.716852417688604e-06 -1.648964391397818e-05 2.265727646206264e-06
3.570855360347871e-05 -4.335805067792039e-06 -1.588977994644009e-05 3.499248117975798e-06
3.501545108910533e-05 -2.950385970966163e-06 -1.606012619283171e-05 2.993254698886464e-06
3.570911951655361e-05 -1.564600940254889e-06 -1.629972035556868e-05 2.116463324836952e-06
3.309751340979799e-05 -4.343347808469851e-06 -1.601417758505375e-05 3.677820109292885e-06
3.309958687222760e-05 -1.564353241669657e-06 -1.585713208144430e-05 1.488685153344643e-06
3.166365760037979e-05 -2.957429279035592e-06 -1.630275982654577e-05 2.608994599124772e-06
3.049722416605688e-05 -4.355550625931127e-06 -1.533677900529752e-05 4.192100116088241e-06
3.049811763011103e-05 -1.562342207635734e-06 -1.533650467335615e-05 1.230436615672035e-06
2.919667616169893e-05 -2.958601914876329e-06 -1.380483115703878e-05 2.885155721429835e-06
2.789980942346860e-05 -4.343658010209048e-06 -1.328684607243286e-05 4.004402871711947e-06
2.789872939755971e-05 -1.568792882354522e-06 -1.430101762593426e-05 2.762534613025517e-06
2.660432057528178e-05 -2.954492172925806e-06 -1.466820892940582e-05 2.795385579845521e-06
2.531689621092800e-05 -4.326912111841650e-06 -1.400650202294812e-05 3.321583620620876e-06
2.531772369657814e-05 -1.583733814209277e-06 -1.412393292595587e-05 1.204790629050522e-06
2.403603893065360e-05 -2.956734830962870e-06 -1.292411550821161e-05 1.862212702150086e-06
2.276772573638838e-05 -4.307937798595102e-06 -1.200299281425770e-05 2.944217903734906e-06
2.276883573900578e-05 -1.607574667333052e-06 -1.320060137597430e-05 3.695459924413535e-06
2.150685314961682e-05 -2.957985266905646e-06 -1.446005329166346e-05 3.586554419709377e-06
2.025590357784224e-05 -4.285852167263366e-06 -1.424152259941315e-05 4.663891359142440e-06
2.025851194359648e-05 -1.631349428578548e-06 -1.323712610071819e-05 9.318441703168503e-07
1.901799305877536e-05 -2.960320056988322e-06 -1.111021029373031e-05 2.410991569811672e-06
1.780146276430023e-05 -4.255647165727109e-06 -1.003223006867683e-05 2.622620280550991e-06
1.779943180648251e-05 -1.659177651889562e-06 -1.139953645194344e-05 2.978560375164687e-06
1.659298215403778e-05 -2.954738787845135e-06 -1.162433694702359e-05 2.862796587108141e-06
1.541036187162987e-05 -4.213126549561666e-06 -1.048186868718299e-05 3.067898084846178e-06
1.540847163155218e-05 -1.692100168525983e-06 -1.073664932735176e-05 3.049462699690922e-06
1.424358318389473e-05 -2.953371714267595e-06 -8.995243489064810e-06 3.485487215829449e-06
1.311468154848831e-05 -4.158545720313144e-06 -9.516064098480887e-06 2.618462717502433e-06
1.311325672147845e-05 -1.750479935963736e-06 -7.891724625783002e-06 2.556092468074891e-06
1.199975785521578e-05 -2.956491854368296e-06 -8.426420998436086e-06 2.559406977222775e-06
1.091067628939557e-05 -4.111117021806336e-06 -8.037435330175592e-06 7.385737664656767e-06
1.091804108072578e-05 -1.807175851255339e-06 -8.096129614407486e-06 -8.218004730706298e-07
9.884351760200631e-06 -2.961068132586281e-06 -8.218375014746206e-06 1.903716916610989e-06
8.898575812427734e-06 -4.046328279288446e-06 -5.841801927222537e-06 3.353004725691283e-06
8.890359346994690e-06 -1.869291851287794e-06 -7.702424821660170e-06 3.175752972900265e-06
8.167098983729939e-06 -3.033328038388123e-06 -6.243961193770404e-06 4.237759249065367e-06
7.447043470822179e-06 -3.997316908817184e-06 -4.877082551109443e-06 1.253623842645489e-06
7.447040775937038e-06 -1.916129145225590e-06 -6.632815608244998e-06 2.211046705470133e-06
6.435212148592357e-06 -3.953068451578743e-06 -3.671594543016594e-06 3.300358144692873e-06
6.616647398540454e-06 -3.305399169971185e-06 -4.916097698809671e-06 3.409671713413402e-06
6.440739320826491e-06 -1.950058616213765e-06 -3.765916370742878e-06 8.796598088656974e-06
5.739658468076795e-06 -1.992180963504193e-06 -4.898613142724072e-06 5.107276026334030e-06
-7.309302118938083e-07 8.991806621796925e-08 -1.612537016847360e-05 6.994972387674527e-07
-7.624607977121785e-07 1.360507087767123e-07 1.679742651210665e-05 -1.021884167249347e-04
-7.680331480095843e-07 3.426855010846861e-07 2.119863920131439e-05 9.483443523524557e-05
-7.488182782493450e-07 3.028448846336520e-07 5.731048844497943e-06 -5.671067765747735e-06
5.734294590567689e-06 -3.916665892684943e-06 -1.821340029822494e-06 2.612043569348866e-06
5.120495345842268e-06 -3.853453488784309e-06 -2.674568814606684e-06 3.424458121525781e-06
5.580050336707107e-06 -2.713067132735136e-06 -6.751190589985626e-06 1.509039303207430e-06
5.112143620746153e-06 -1.984011065177083e-06 -1.367684792043064e-06 1.515007206844784e-06
-6.692980057222258e-07 7.688251719374458e-08 -4.081134638115993e-05 2.579179961589864e-05
-6.601197555140069e-07 2.246048729726032e-07 2.309939541019914e-05 1.927963406899562e-05
-7.387406301910120e-07 2.818740161752014e-07 -4.398690326673290e-05 -5.220375135879524e-05
4.916572981017522e-06 -3.264937720669198e-06 -4.140693220969883e-06 2.246998252498321e-06
4.532070586227048e-06 -3.714909112582440e-06 -7.238860893625205e-06 4.609931868529665e-06
3.985643029158150e-06 -3.521725163494981e-06 -6.047167028188662e-06 3.590441447010968e-06
4.734747156157775e-06 -2.492900444499034e-06 -1.737506865258420e-06 6.755238763116184e-07
4.534855989426770e-06 -1.867266161039930e-06 -1.132346148170294e-05 5.065697926307310e-06
-4.845041665709059e-07 9.408250136490105e-08 -1.395462575728071e-05 -1.406431949514799e-05
-4.776447101503199e-07 3.577092866605312e-07 2.361914227511830e-06 -3.557879602400738e-06
-3.556858034666827e-07 1.757287740560454e-07 1.794730479262064e-05 7.251276352777980e-06
3.486090598709650e-06 -3.264931143821613e-06 -4.847095574470316e-06 1.917487450218204e-06
3.904247076814924e-06 -2.944134112087329e-06 -4.566405597691858e-06 1.312971795372226e-06
4.092899782189229e-06 -2.242378056529038e-06 -4.458152533568708e-06 7.954394294300056e-06
4.016084670211001e-06 -1.676258785829410e-06 -1.095925361994089e-06 -6.959644899088700e-06
-2.222500142770868e-07 6.925092254091534e-08 -3.919122171476522e-06 4.121691218867425e-06
-2.063142507444523e-07 3.661563277242256e-07 -1.249961770198609e-05 -1.290513411552527e-06
-5.565310972977508e-08 1.698320252979136e-07 1.265690583640032e-05 -3.804395124313975e-06
3.032541759665660e-06 -2.976657731173097e-06 -5.543448260837699e-06 4.528731527498913e-06
2.632732231263435e-06 -2.650382033630647e-06 -1.344369231648992e-06 2.438366734449772e-06
3.455993627380553e-06 -2.144493561381262e-06 -2.658603710321342e-06 3.037593483840328e-06
3.555137079364207e-06 -1.418557199008841e-06 -8.836483186502697e-06 1.022547821356213e-06
1.279997310142544e-07 2.408043193557275e-08 -8.362535925686706e-06 4.624071046578706e-06
1.259994817846595e-07 4.245275393147202e-07 1.469517533140680e-07 3.089322745354581e-06
2.738012997402826e-06 -2.169705718979565e-06 -8.731299041559415e-09 1.132464638001067e-06
2.299970851288917e-06 -2.285556589180508e-06 8.638886704459420e-07 -8.899723566593858e-07
2.907450118364420e-06 -1.654183697474218e-06 -1.904945784527954e-06 3.707619675447742e-06
3.181207420422590e-06 -1.113160815388745e-06 2.781778794121209e-06 4.851278680975370e-06
3.327402763050025e-07 1.716843728813518e-07 3.075147537735520e-06 -3.109647984565028e-06
5.588565839780037e-07 -3.763180551477092e-08 3.968490065807333e-06 1.555011397755980e-06
5.521052272663214e-07 4.739291070550469e-07 -2.795037323300096e-06 -1.075814848536685e-06
2.016028045176099e-06 -1.901828039882285e-06 -1.431388097091112e-07 -7.595893462628388e-07
1.796056078860653e-06 -1.524425420214864e-06 -4.563229791307698e-06 2.455903328669543e-06
1.638388871128376e-06 -1.129297113298099e-06 -7.121168525446401e-07 3.477927178833279e-06
2.578154667373713e-06 -1.207175085934565e-06 -4.496338698135075e-06 1.771032662294511e-06
2.880608532966094e-06 -7.556699767947963e-07 6.406236832480180e-06 7.775976816319998e-06
7.443398928006920e-07 2.198256420861272e-07 -5.190342918610174e-06 -5.552339370683521e-06
9.648001346139298e-07 -1.271201241321918e-07 3.396660455130959e-08 3.311937819195926e-06
9.650430223861844e-07 5.406098974357947e-07 5.227789414861522e-06 -4.782445289032423e-06
2.007107926704775e-06 -1.125849626894497e-06 -6.112580568018596e-06 2.147774553334819e-06
1.530244671196347e-06 -7.244340778052211e-07 2.291613556190175e-06 1.773431145340807e-06
1.319199101454860e-06 -1.743959263996638e-07 6.447161627675641e-06 -8.616432300366344e-06
1.438559265744056e-06 -2.348674232350806e-07 -3.558309729891260e-06 -2.572178038279208e-06
1.491851440948510e-06 -3.582439029528514e-07 -6.847348422102104e-06 3.125629456222029e-06
2.351500515887863e-06 -7.172457676603576e-07 -1.160380484975380e-06 1.499761772356018e-06
2.664149177602939e-06 -4.173346818357881e-07 3.157319411225204e-06 -4.385932949376431e-06
1.172735650486577e-06 1.660142283880587e-07 -2.266542593645559e-06 4.751945900719270e-06
1.361258888192878e-06 5.898006082976260e-07 -2.128845731279745e-06 -1.036609780228779e-05
1.780792836753323e-06 -4.635159507056289e-07 6.549328279862595e-07 3.399137288255978e-06
1.455324976103167e-06 1.603252734644701e-08 -2.228425637634278e-06 -5.684670765711261e-06
1.581112372036332e-06 -1.890338996919603e-07 -7.595042703055790e-06 1.500266148989910e-06
2.197655624115549e-06 -3.190782333464562e-07 -3.058754763578892e-06 3.874128072325384e-06
2.517652954914744e-06 -7.957357560371752e-08 -7.998504335382706e-06 -3.830342301606756e-06
1.473838136668638e-06 3.829624227024694e-07 -4.570604481244730e-06 8.485309032496676e-07
1.471691794650845e-06 6.520010071672068e-07 3.578861798561055e-06 -1.025107171457241e-05
1.872437999034064e-06 9.394684819202239e-08 -2.181206129451063e-06 1.066131817199112e-05
2.452740426128669e-06 2.410912442515957e-07 -2.317033887387228e-06 -8.131895111689902e-06
2.444346233411284e-06 5.383103134393945e-07 8.318951902345424e-06 3.073387114478881e-06
1.697254358622849e-06 5.939351301871726e-07 -3.631199226150128e-06 2.479238545245180e-07
1.540399603750643e-06 7.672628508284795e-07 7.802527688563302e-06 -1.040446514222366e-05
1.635645185070931e-06 1.051066355264777e-06 3.194948464325359e-06 -1.176885651560739e-06
2.163334575089411e-06 5.861578021805916e-07 -1.478537975789120e-06 5.702794808714394e-06
1.763348046901899e-06 1.311057740812497e-06 -1.118844391263903e-06 8.667291978461022e-06
2.501187161252833e-06 8.292445345523717e-07 4.797701093757695e-06 -1.009839677436220e-06
1.908672325657713e-06 1.068290136708486e-06 -4.173282671902259e-06 1.448998770472691e-06
2.280350573100750e-06 1.095416268734764e-06 -8.818095433554877e-06 -1.423398517691382e-06
1.907115381814571e-06 1.551009909763159e-06 1.967976266064083e-06 8.775748594782007e-06
2.600347141126421e-06 1.104991527257940e-06 -3.249407903156747e-06 5.605830178146508e-06
2.484523693205092e-06 1.334868274796571e-06 -5.698550770191569e-06 -1.356497323402162e-06
2.260818853323883e-06 1.470241120046054e-06 -3.296573258847462e-06 -1.157720186873823e-05
2.075918871043977e-06 1.768643711844157e-06 -2.178656216976547e-06 -9.295892121479675e-06
2.256508925790751e-06 1.929312654499846e-06 -4.245050186855304e-06 1.316606178463408e-06
2.727467424397824e-06 1.319035508236158e-06 -8.583498528985499e-06 4.631147966550466e-06
2.608377668491454e-06 1.577374750890720e-06 -4.549166565115950e-06 -6.718598690335162e-06
2.495510517407796e-06 1.854781866837152e-06 -5.348693899790260e-06 -1.629644664802363e-06
2.452640435716283e-06 2.077174595682746e-06 -7.699150203087007e-06 -3.357216382546657e-06
2.904799441661744e-06 1.521039159193061e-06 2.684938307171939e-06 2.154216603429119e-06
2.830640805913518e-06 1.856788606362909e-06 -3.019896145717221e-06 -5.895054922001661e-07
2.645342996049748e-06 2.205076935780451e-06 -5.549101327398636e-06 -9.986484131729562e-06
2.845492774572559e-06 2.284282159452920e-06 -4.409947398097391e-06 -8.381438592620198e-06
3.047546929566770e-06 2.340286892622351e-06 -3.286308582967725e-06 -6.562477100088779e-06
3.056145390915394e-06 1.921995998504090e-06 -8.836107427408862e-06 -4.367249636550913e-06
3.060315477392342e-06 1.674537416620159e-06 -2.775345891379009e-06 -2.029888849371211e-06
3.024071156721481e-06 2.151207575578343e-06 -5.735094976667664e-06 -5.511661205753520e-06
3.225051697627547e-06 2.388055386367719e-06 -2.785422973204986e-06 -6.883642522154336e-06
3.392867026133005e-06 2.404851479303773e-06 -1.000504006571865e-05 -6.670497696119757e-06
3.222334028142617e-06 1.974989565684359e-06 -6.379274004820890e-06 -3.351859845277163e-06
3.237640430839941e-06 1.782774336279773e-06 -7.858999833315924e-06 -8.924697727061526e-06
3.575339367742035e-06 2.393550166865049e-06 -1.102004263563537e-05 -4.008790410441507e-06
3.389206718469704e-06 2.159295044156408e-06 -7.302529662935662e-06 -5.160352518290767e-06
3.403607671509989e-06 1.848788006861708e-06 -6.403173112405535e-06 -1.526168020883936e-06
3.613040604291748e-06 2.185985176052943e-06 -7.455499147483025e-06 -3.709851631344261e-06
3.735721903306062e-06 2.369491065177642e-06 -1.425431156905096e-05 -6.578044920396635e-06
3.574676598435245e-06 1.886799597009610e-06 -1.308965414605343e-05 -4.044037034015291e-07
3.961171877110974e-06 2.360166601148543e-06 -1.195548099016661e-05 -7.272959938713871e-06
3.794291013710546e-06 2.065135090317447e-06 -9.643354531757607e-06 -5.609498600215301e-06
3.739997689176107e-06 1.909419793940132e-06 -1.086437051037653e-05 -3.303017533777057e-06
4.218858095317657e-06 2.330172586558112e-06 -1.455529802559808e-05 -7.179326346053061e-06
4.096686247455953e-06 2.129521571796054e-06 -1.287356043655279e-05 -4.500563940461963e-06
3.952168393068978e-06 1.941861651974428e-06 -1.330528264478896e-05 -1.771046003687343e-06
4.513530712861263e-06 2.318535419843796e-06 -1.761138513449807e-05 -6.833891278502135e-06
4.369685352947459e-06 2.156303061241483e-06 -1.458266661375293e-05 -5.058344333036345e-06
4.216224407538089e-06 1.969974913602735e-06 -1.600950506132077e-05 -3.871741228897890e-06
4.802736915583274e-06 2.300342874564158e-06 -2.074014159629419e-05 -5.735459255633906e-06
4.662795274840849e-06 2.155580962918230e-06 -2.078941755715613e-05 -5.285456034100520e-06
4.512367036032438e-06 1.990385713777410e-06 -1.689792049586999e-05 -2.985861690125196e-06
5.051987018523367e-06 2.284653150533142e-06 -2.545863472203867e-05 -7.724667902199767e-06
4.932569305932548e-06 2.161850431154292e-06 -2.258980050996253e-05 -4.095848067626935e-06
4.798628309533486e-06 2.016116646903690e-06 -2.217826416467936e-05 -3.874333133838697e-06
5.261444085539029e-06 2.261821454732869e-06 -2.803201383828441e-05 -6.130319349645643e-06
5.164939409913957e-06 2.160070915639957e-06 -2.680153656698949e-05 -5.724608683941979e-06
5.055492092361338e-06 2.037168932748630e-06 -2.437384738943163e-05 -3.077301730115779e-06
5.447486058262784e-06 2.254949511601873e-06 -2.946082732146030e-05 -7.978351104960046e-06
5.355015698538639e-06 2.161914561168666e-06 -2.805812764129837e-05 -5.363020879936218e-06
5.258989324905819e-06 2.059922239276194e-06 -2.764772840775951e-05 -4.515134260912082e-06
5.604592942075009e-06 2.244600571296871e-06 -3.392041131519476e-05 -4.460333536412793e-06
5.532142260645696e-06 2.167543592855526e-06 -3.304976444476034e-05 -4.835557276896729e-06
5.445649371603807e-06 2.072489527402734e-06 -2.996278450663711e-05 -2.405980534620852e-06
5.717538067899536e-06 2.231802499530901e-06 -3.740332719705919e-05 -6.643847864065392e-06
5.665565485359687e-06 2.172335219960303e-06 -3.434037270701974e-05 -4.113727454079635e-06
5.601487115449329e-06 2.096694975221984e-06 -3.458805886206649e-05 -4.856540178220833e-06
5.818184339368369e-06 2.219493137846934e-06 -4.098066269794679e-05 -5.192851904523567e-06
5.771797332701327e-06 2.169363645137530e-06 -4.039097664015381e-05 -4.805371464789560e-06
5.721718238440589e-06 2.109166270375096e-06 -3.660345441636835e-05 -2.664123786785519e-06
5.889668605767614e-06 2.214367591641617e-06 -4.343678118625267e-05 -7.781423671310869e-06
5.856413444656714e-06 2.174962110964520e-06 -4.098771435377904e-05 -4.674746497943485e-06
5.814270115570132e-06 2.125420537279467e-06 -4.128199219555870e-05 -3.857134660785082e-06
5.991322879083786e-06 2.190154026154011e-06 -5.335634239435182e-05 -8.997437918644334e-06
5.985570198612398e-06 2.193142236011345e-06 -5.184251357663953e-05 -9.257479705925751e-06
5.912248753359715e-06 2.175559222866392e-06 -4.644910500576897e-05 -5.127085894832752e-06
5.931899985744268e-06 2.204534816875395e-06 -4.744616919770900e-05 -5.543871452927342e-06
5.888928279467517e-06 2.134933456451607e-06 -4.354786937279215e-05 -1.482755463589574e-06
5.993635725028250e-06 2.183688787769064e-06 -5.400047126324414e-05 -7.971706947523906e-06
5.980868245759319e-06 2.172080858483830e-06 -4.969583275244901e-05 -4.733028882009656e-06
5.933558315897105e-06 2.144226648070512e-06 -4.739123050835013e-05 -5.197186027062084e-06
5.992196922616121e-06 2.161086011103195e-06 -5.320091005560691e-05 -1.697098423669730e-06
5.984830037529588e-06 2.152809619880061e-06 -5.120576162520633e-05 -7.947147303280715e-07
5.990016715308377e-06 2.155434905780711e-06 -5.256602976815278e-05 -9.358220303534038e-07
