8.454565768164715e-05 -1.260455715532116e-05 -3.202577376597286e-06 1.094200321307443e-06
8.485418199271717e-05 -1.186043643014978e-05 -3.484540391388270e-06 6.829792839471948e-07
8.485446706134169e-05 -8.350319478958907e-06 -3.385620508725903e-06 -1.765981569995607e-06
8.454592676665052e-05 -7.605947829835581e-06 -3.096750657800660e-06 -2.154603649215368e-06
8.380098066123313e-05 -1.291264192748724e-05 -2.570920295724647e-06 1.202830434802296e-06
8.240351282683727e-05 -1.010541569207092e-05 -1.354558327544791e-06 -5.578583587676586e-07
8.380113494133460e-05 -7.297732190472657e-06 -2.465979192062065e-06 -2.250497465229612e-06
7.855903106723500e-05 -1.290649919424598e-05 -6.128134824474141e-07 -8.350646064881258e-07
7.855779128777752e-05 -7.300863148208832e-06 -6.652128190782718e-07 1.101262225052093e-07
7.566345157114366e-05 -1.010138837057287e-05 -1.696751979704950e-06 -1.410620290141298e-07
7.331790725175386e-05 -1.289698364702953e-05 -1.897024234283262e-06 -9.928912528704808e-07
7.331585795310099e-05 -7.301773715631957e-06 -2.120221869992746e-06 1.066702786771562e-06
7.070074673194952e-05 -1.009881828646027e-05 -1.467606559469893e-06 -1.576570007447751e-07
6.808999381067731e-05 -1.289152574242186e-05 -1.264799414792646e-06 -1.974784583610166e-06
6.809302961547155e-05 -7.311064143977836e-06 -1.051059060619135e-06 9.089603335106125e-07
6.548590807526873e-05 -1.010476922778183e-05 -6.774990529815884e-07 -1.192525879392579e-06
6.288474590553767e-05 -1.289069973432224e-05 1.269334986863603e-08 -1.365676126912427e-06
6.288297150006311e-05 -7.319123668398144e-06 -5.239716956087129e-07 -1.023017866383460e-06
6.028441674653876e-05 -1.010356209619021e-05 9.748814723049997e-07 -1.077620388830186e-06
5.769730336842442e-05 -1.287120012634009e-05 1.631139580447575e-06 1.548193143995415e-07
5.769216153017684e-05 -7.328311680831494e-06 7.799269428996880e-07 -1.314836366714052e-06
5.511137808764683e-05 -1.009586020171393e-05 1.298035372759484e-06 -1.048363627785184e-07
5.254326945956462e-05 -1.284450493009725e-05 6.225332129017734e-07 5.059076136260941e-07
5.254342512290104e-05 -7.346220733802713e-06 2.446265710035435e-07 -5.353099260124349e-07
4.998284821124909e-05 -1.009514863515643e-05 7.603383607203524e-07 9.276197770118276e-08
4.743470978219125e-05 -1.282519455423955e-05 1.884094310315401e-06 9.946326404966139e-07
4.743446728551180e-05 -7.365402287036604e-06 2.079869478630938e-06 -1.720360696301107e-06
4.488954665567690e-05 -1.009515198326140e-05 2.609405971556931e-06 -6.361193689785253e-07
4.235218333850447e-05 -1.280715206648698e-05 1.744519756132221e-06 -4.648645366244080e-07
4.235242640503661e-05 -7.383361166552081e-06 2.049468274161649e-06 -1.476045337605126e-06
3.982181817806107e-05 -1.009532891271299e-05 1.478584136241551e-06 -8.625873191234411e-07
3.731743977409813e-05 -1.276881195668887e-05 3.239412868993634e-06 1.472751759793964e-06
3.731696602187819e-05 -7.419571444450410e-06 2.547008245888161e-06 -2.079695035358038e-06
3.482777240191513e-05 -1.009241451771492e-05 4.156111232416750e-06 3.506443124849739e-08
3.236171225780827e-05 -1.273083545427709e-05 2.359213007546238e-06 -1.773240409891546e-06
3.235830266896778e-05 -7.448483490841976e-06 2.870598304642111e-06 8.688199882039021e-07
2.999653757283254e-05 -1.008808249928125e-05 8.218064990583239e-07 -9.973654779335847e-07
2.764133705650296e-05 -1.270896436320131e-05 1.250062568284989e-06 -1.152794348158655e-07
2.764463397370947e-05 -7.474245531020325e-06 1.334974221644581e-06 -1.580759012575154e-06
2.588200516764807e-05 -1.029457466786585e-05 2.590423049411636e-06 -4.137801733771925e-07
2.410575392043600e-05 -1.267727809920024e-05 3.347498685187887e-06 3.378594929110825e-07
2.410597782522067e-05 -7.510681264718417e-06 3.067118525636613e-06 -4.654348622158642e-07
2.156715810645665e-05 -1.264543889347059e-05 2.533045890395674e-06 -6.299096558272850e-07
2.205356531820293e-05 -1.096790646878505e-05 3.040873958377732e-06 3.744341498827979e-09
2.156456092274100e-05 -7.535258778273315e-06 2.703000113721741e-06 -1.225442206963111e-07
1.973757884618716e-05 -7.563321307758318e-06 1.609786849169946e-06 -2.191099103392491e-07
-3.260267575286691e-06 2.820832347996265e-07 -1.383279207722139e-05 -4.752659424261471e-06
-3.310475217609207e-06 3.887172185633668e-07 -2.659870517619927e-05 1.299203228534941e-04
-3.226046285230928e-06 1.094934484112224e-06 1.029047517783593e-05 -4.472658381197844e-05
-3.168918929262660e-06 1.153248351210872e-06 -1.622414355865450e-06 -1.233065038182793e-05
1.973581963592890e-05 -1.262129182789928e-05 9.864609679611522e-07 -7.319207304455997e-07
1.809650077478991e-05 -1.250448569896854e-05 8.861381337033615e-07 -3.897734475347633e-07
1.935948663946362e-05 -9.462041411291441e-06 1.260860095125890e-06 -3.890040618346591e-07
1.808860507751842e-05 -7.449910353730072e-06 1.203544631019069e-06 -5.488226400088115e-07
-3.129490561726389e-06 2.385083188902003e-07 4.907823090803316e-05 -7.343975359369378e-05
-2.798826205963720e-06 7.103722702188242e-07 -2.338294445585878e-05 -1.673667500288844e-06
-3.062097815770756e-06 1.169069172544192e-06 9.730911956207046e-06 -7.730795414622662e-06
1.757019180947142e-05 -1.094916176054402e-05 7.380280804701066e-07 -6.021037763076096e-07
1.649098786947745e-05 -1.219823927633619e-05 9.001506202657783e-07 -3.431229194962226e-07
1.494451616001741e-05 -1.172186892947101e-05 1.056947001500043e-06 -1.319698475095143e-06
1.707624627413097e-05 -8.820622624570354e-06 9.994306718763313e-07 -9.964039085485778e-07
1.651183023019413e-05 -7.063193960910211e-06 1.008885494403790e-06 -3.106239483264012e-07
-2.032290310242363e-06 2.310266372797013e-07 -1.506152784771710e-06 1.327461087038247e-05
-2.034562527038939e-06 1.243023371051341e-06 1.858160527287015e-05 3.457731347194796e-06
-1.494919594529425e-06 6.858143304939323e-07 -1.900297425154003e-05 -7.865509090230004e-06
1.348148981610561e-05 -1.107093023430963e-05 9.336092898179532e-07 -2.177384741220690e-06
1.473500608254085e-05 -1.011471702383748e-05 1.229581843292324e-06 -1.991446728265874e-06
1.526547464938524e-05 -8.103782337879743e-06 1.132363817573602e-06 -6.717531296035070e-07
1.504648764895833e-05 -6.424201764603337e-06 1.332360904255351e-06 3.693974832525349e-07
-9.301326802953972e-07 1.330837161899711e-07 1.278159062034071e-05 -1.430080515133589e-06
-9.316112074988365e-07 1.361928996254739e-06 3.336533154432383e-07 -3.229697139775544e-06
-2.762431459409204e-07 7.161785595384343e-07 -6.552352623736849e-06 2.343702412714742e-05
1.211154298797747e-05 -1.026954249814925e-05 2.882127593455918e-07 -1.375039597869338e-06
1.086755698489251e-05 -9.332035031109039e-06 3.910785278211118e-07 -2.034489007464527e-07
1.340321962458082e-05 -7.787703989095519e-06 9.767461487214607e-07 -1.254665744173799e-07
1.374145571707710e-05 -5.555330192290173e-06 2.187730268743650e-06 -9.354584552805772e-08
4.971829808813636e-07 -9.358576965995812e-08 -3.731370124714386e-06 -1.904431014491210e-05
4.811323889237681e-07 1.546696290440394e-06 4.070576104654211e-06 -8.136242092361543e-06
1.118407919396080e-05 -7.889658208200239e-06 4.243569295944145e-07 3.021956903822019e-07
9.753725083373143e-06 -8.264311236181558e-06 6.349785010816341e-07 3.921408038525113e-07
1.171328456134091e-05 -6.267565691755121e-06 7.266786455269336e-07 -6.339304059018144e-07
1.263126450188275e-05 -4.499561650261714e-06 5.231563302100165e-07 9.184823645062548e-10
1.317545122615209e-06 7.264987632830348e-07 6.703763766685020e-07 1.415063844817903e-05
2.304592800561008e-06 -4.011377413547078e-07 -2.102895331292297e-06 -3.522172381328109e-06
2.313619769620651e-06 1.826576519417927e-06 -2.961024463566116e-08 -1.329472059292906e-06
8.771184269006381e-06 -7.093779197710273e-06 9.382743566183601e-07 -6.124739025767303e-07
7.945091975620204e-06 -5.842963653585383e-06 2.081733152053239e-06 -3.595774711320342e-07
7.282201780372813e-06 -4.513758217515377e-06 3.005622022523216e-06 -6.529974728376436e-07
1.063871400638295e-05 -4.809972027737091e-06 -1.708897123535644e-07 1.035793857053363e-07
1.173307645217849e-05 -3.293204060979063e-06 -1.138718088811715e-06 -1.070760577858424e-06
3.101545147091599e-06 7.083699175970905e-07 -8.604292725056393e-07 -4.530305818614601e-06
4.080211841343493e-06 -6.873522818587115e-07 -7.297180446620647e-07 9.298302392885631e-07
4.078978180158744e-06 2.150237286724112e-06 -2.454807156267922e-06 -3.306866032553784e-07
8.658635205191812e-06 -4.515335003750049e-06 1.831584316814276e-06 -6.567856693127256e-07
6.775608029326038e-06 -3.131561271934650e-06 2.465494553485998e-06 -3.652447860099620e-06
5.713660211694242e-06 -9.517737735386211e-07 2.925672035792161e-06 7.530530670877717e-06
6.189483798429160e-06 -1.204525945541251e-06 -1.000387734787921e-07 5.778565511229395e-06
6.448343753410865e-06 -1.710230403368896e-06 -9.577419483578715e-07 1.956426107799361e-06
9.881867452987368e-06 -3.113968491379222e-06 7.278636083931994e-07 -1.557786377482139e-06
1.106294313133446e-05 -1.991661817954109e-06 -1.856701545358374e-07 1.195318520509620e-06
4.966532801088316e-06 5.060649325513058e-07 4.400201244011025e-07 2.634296705899372e-07
5.703684938968547e-06 2.366590679827182e-06 -3.322730202529982e-06 3.249965794042726e-06
7.724562970425153e-06 -2.155719866893243e-06 2.639055839103282e-06 -2.339202297089953e-06
6.212147308264998e-06 -2.077576552898417e-07 -1.615557692585146e-07 1.993379647304843e-06
6.777089418590020e-06 -1.030587479376612e-06 -1.125598212540395e-06 2.960704109007274e-06
9.334789121402429e-06 -1.586168549268650e-06 2.064328166664156e-06 3.398225301282553e-07
1.065259480236154e-05 -6.453855032486047e-07 2.445732480507400e-08 2.059644212405605e-06
6.232168555733024e-06 1.407676092272400e-06 6.956197637757052e-07 -8.519404156389729e-07
6.156796935934755e-06 2.608481743333390e-06 -7.648102043016772e-07 1.557004090600451e-06
8.010582662450428e-06 1.212691784887873e-07 1.660833306189508e-06 -4.603674230487394e-07
1.052165677426189e-05 7.121584788361103e-07 -9.039375853580039e-07 9.194110790531512e-07
1.069004335490696e-05 2.062996734913017e-06 1.103823592197021e-07 1.162754107905471e-06
7.177411360378599e-06 2.281881912711286e-06 7.533892919515107e-07 -1.670462953838641e-06
6.416134305108339e-06 3.135412321585737e-06 -5.476517989238937e-07 -6.401924761280702e-07
6.723683011556567e-06 4.609673681319223e-06 4.963515175465185e-07 -1.154957515859826e-06
9.323074963218633e-06 2.224447475621421e-06 2.456990482999296e-08 -1.375203025090472e-07
7.200890144135777e-06 6.072498350529362e-06 5.759776043619200e-07 -1.448962477494268e-07
1.114793182926121e-05 3.432265468450573e-06 1.964735914651133e-06 8.640086274942874e-07
8.037877327564227e-06 4.652287132738535e-06 2.945546097700469e-07 -5.444701185951960e-07
1.001371791833629e-05 4.768885888331221e-06 1.508019088565770e-06 9.770637176443582e-07
7.869438564147765e-06 7.481426154803319e-06 1.338638284612906e-07 9.450417075683860e-07
1.188483736282797e-05 4.772270213927940e-06 2.854210088614316e-06 1.241013978333803e-06
1.130260789377032e-05 6.124540311419644e-06 2.079854168644859e-06 2.379791809365753e-06
9.889280522785422e-06 6.984709248877005e-06 1.470081591993338e-06 2.133893635567766e-06
8.715002720113640e-06 8.858427112424066e-06 1.113723622802548e-06 2.744746682428568e-06
9.764284404888707e-06 1.016506094725458e-05 8.190108763020826e-07 3.066296092895104e-06
1.290801647585663e-05 6.027933410988164e-06 1.878712585468964e-06 2.293911507803898e-06
1.219079073742344e-05 7.679588022852150e-06 1.365268813805745e-06 2.479694537102182e-06
1.133737087152151e-05 9.650838861609908e-06 8.832094841429423e-07 2.928380015471981e-06
1.097090918480305e-05 1.138239740206840e-05 7.895149836831384e-07 3.449597773891651e-06
1.417861189385740e-05 7.148875606140048e-06 2.829461920389581e-06 2.662779491375561e-06
1.380132268734914e-05 9.642326320833113e-06 3.377588363862378e-06 2.868423162683009e-06
1.234909778594969e-05 1.246144577653896e-05 2.318944892396859e-06 3.677656886536271e-06
1.389313916672484e-05 1.340411194005232e-05 1.758568206957942e-06 2.844207471690134e-06
1.556319694688851e-05 1.419692358677149e-05 2.557441206168668e-06 4.008355470811572e-06
1.569278453007570e-05 1.018624526074132e-05 2.508319346670702e-06 2.045171422346619e-06
1.567588583742265e-05 8.090308360775300e-06 3.440499808278402e-06 2.881180339016861e-06
1.531128190994365e-05 1.231202899863303e-05 2.038337274216418e-06 2.314250442860114e-06
1.735901652280902e-05 1.478583490788623e-05 5.109606826300409e-06 4.832374558157235e-06
1.925439380836912e-05 1.518278958690431e-05 4.243497452890654e-06 4.040561671339874e-06
1.723244695796797e-05 1.065768548604636e-05 1.955617624860455e-06 2.331242245158428e-06
1.738115954809230e-05 8.780692738303287e-06 1.645119138634279e-06 1.736146886451361e-06
2.120553144933925e-05 1.535816211900994e-05 1.939855477891603e-06 3.618378062681212e-06
1.900533257734613e-05 1.243443523969847e-05 4.513581448224191e-06 5.295185764366645e-06
1.923933983301958e-05 9.184227944166416e-06 3.280926162867552e-06 2.247622854786216e-06
2.163287993193012e-05 1.273869047333052e-05 2.611848318515096e-06 3.832884235923665e-06
2.342712293140040e-05 1.543485548883049e-05 1.863644375737731e-06 3.370596525731850e-06
2.118890566099113e-05 9.292793505790028e-06 4.943311666992278e-06 3.397392815183262e-06
2.653814540440200e-05 1.551143284352815e-05 8.018044054895237e-06 3.044000258788398e-06
2.405137790538102e-05 1.123200083791410e-05 3.775564506615879e-06 1.607942817870421e-06
2.342306557434190e-05 9.218513997437917e-06 4.245968592674142e-06 2.306302527599311e-06
3.094446701043899e-05 1.562952701176739e-05 9.049717752501193e-06 5.220045383557378e-06
2.872946655227940e-05 1.207396032998057e-05 8.180374585817757e-06 3.001906696537951e-06
2.653212037231889e-05 9.123605978671312e-06 5.306319726339979e-06 5.925682896226027e-07
3.700762923733811e-05 1.574837165820397e-05 1.075340982944106e-05 6.574113382987738e-06
3.393978322423918e-05 1.232049512279319e-05 9.621791552801373e-06 3.000508108423857e-06
3.095132090702802e-05 9.010708070388829e-06 9.465217486260214e-06 -9.282877931928801e-08
4.352853785222284e-05 1.584883171664464e-05 1.213876778171876e-05 3.394342673385247e-06
4.023711080440667e-05 1.232165045442139e-05 1.201106500597930e-05 3.608184697518971e-06
3.700429116310335e-05 8.892026301058886e-06 1.040386442605419e-05 -4.129881712407070e-07
5.020700121849984e-05 1.592877956516121e-05 1.584906815675005e-05 4.383217502854417e-06
4.684515482087823e-05 1.231689334270722e-05 1.339448467874664e-05 2.976834165145145e-06
4.353132842886391e-05 8.790345819381898e-06 1.235277866751428e-05 3.364874193084762e-06
5.702861540338454e-05 1.600813459280636e-05 1.955455043678226e-05 5.086615358245819e-06
5.359195326483229e-05 1.231567389918468e-05 1.829706706268552e-05 2.123224174909068e-06
5.020759320152754e-05 8.702396099896708e-06 1.662819186549837e-05 2.384352468517736e-07
6.398135932429621e-05 1.606830843559048e-05 1.994197435236730e-05 6.529991191024676e-06
6.048627666340983e-05 1.232086844172859e-05 1.892452452518571e-05 4.685824411585279e-06
5.702549504589399e-05 8.628593217779386e-06 1.789387636265096e-05 1.689898584979219e-06
7.102236701464255e-05 1.610866122120104e-05 2.231165045206437e-05 3.364832862497391e-06
6.749028825062242e-05 1.231910683491187e-05 2.215766624702114e-05 3.720761532328994e-06
6.398287348440138e-05 8.572579235406611e-06 2.063819747555107e-05 2.444675475114349e-06
7.813643605278154e-05 1.614473226552233e-05 2.472516135556032e-05 4.655835663853535e-06
7.456703085161852e-05 1.231671073899218e-05 2.280908990051955e-05 2.190745243473492e-06
7.102304916521450e-05 8.526895100656353e-06 2.314039363929348e-05 2.175154130909731e-06
8.531694041447385e-05 1.617096975796356e-05 2.851735236587358e-05 4.272833656920202e-06
8.171798466433697e-05 1.231638250189023e-05 2.674076520744581e-05 3.378791879533771e-06
7.813676817497799e-05 8.487853367265126e-06 2.373595059247085e-05 8.664165946681171e-07
9.253336345763960e-05 1.618753126058008e-05 2.899152627429106e-05 2.150597535645983e-06
8.892085315711759e-05 1.231964413897448e-05 2.965218977395993e-05 2.727333935239370e-06
8.531561704585619e-05 8.464654661654323e-06 2.920605843845128e-05 1.955165540928118e-06
1.080160805655074e-04 1.576444358814533e-05 3.493252399227240e-05 3.718178896610531e-06
1.069874643492797e-04 1.619029717400843e-05 3.474621609761303e-05 3.883156983611338e-06
9.576820516317067e-05 1.232160628940750e-05 2.886307625911541e-05 3.138328832312084e-06
9.975515958450056e-05 1.619102523194011e-05 3.143843009953474e-05 4.734649840976154e-06
9.253200373464374e-05 8.454645753716391e-06 2.860585537359710e-05 3.557827987320674e-06
1.084421766650966e-04 1.473612139417018e-05 3.500336140614079e-05 3.415918791264352e-06
1.060090001342612e-04 1.231277640886904e-05 3.465862960806447e-05 2.959783938730407e-06
9.975838425186615e-05 8.446161310948909e-06 3.154424776294941e-05 1.749413509206901e-06
1.084428448935533e-04 9.888360234510134e-06 3.517332991131091e-05 2.315318575921194e-06
1.069891036456426e-04 8.435517759091531e-06 3.495431618636159e-05 1.881757542869345e-06
1.080170383426222e-04 8.860900736417648e-06 3.511928275643120e-05 2.030642694087008e-06
