-4.567435515121593e-05 7.537489656613869e-06 5.018636301550753e-05 -6.493458080531615e-06
-4.583953610427899e-05 7.137912276823305e-06 5.044902432093631e-05 -6.039016474519475e-06
-4.583899879695618e-05 5.254048714573146e-06 5.022620623175501e-05 -3.864748744345115e-06
-4.567367990169001e-05 4.853799098015507e-06 4.994886499852510e-05 -3.425276784859344e-06
-4.527539164994333e-05 7.703115782384870e-06 4.958377898599034e-05 -6.644306660619823e-06
-4.452678618237673e-05 6.194985093142874e-06 4.834244152701569e-05 -4.817078028452768e-06
-4.527432818109746e-05 4.687771925103616e-06 4.934007200415216e-05 -3.276157873757413e-06
-4.246270156820333e-05 7.702846838521368e-06 4.604413167002989e-05 -5.848560237333932e-06
-4.245970055073909e-05 4.676927396634753e-06 4.610273549182368e-05 -3.791065755524205e-06
-4.090013469629094e-05 6.186501833627352e-06 4.472241759140619e-05 -5.091202190730303e-06
-3.963590004295102e-05 7.693713643464478e-06 4.242164362716505e-05 -7.702278821833979e-06
-3.963621693752630e-05 4.678143703338717e-06 4.267944708101768e-05 -2.945564157404889e-06
-3.822931319994034e-05 6.186619990726921e-06 4.024229921265211e-05 -5.467717598822722e-06
-3.683324446322507e-05 7.681670450471242e-06 3.992422569774164e-05 -5.407556023355715e-06
-3.683315535298144e-05 4.693025956766095e-06 3.897487816487463e-05 -4.370389624490553e-06
-3.544113611315943e-05 6.188044437419395e-06 3.918374458673605e-05 -4.449949695101668e-06
-3.405056662222728e-05 7.680881645903277e-06 3.712241928293803e-05 -5.351487496758194e-06
-3.404768931845849e-05 4.691606978109801e-06 3.708262960713568e-05 -3.747450883720667e-06
-3.265426137156219e-05 6.183737730079306e-06 3.475644285717111e-05 -4.889271197426292e-06
-3.125910635127527e-05 7.676532423712395e-06 3.213430123831666e-05 -5.619448534202169e-06
-3.125596847376607e-05 4.685301947109030e-06 3.157257547673131e-05 -4.297853264571246e-06
-2.986364472917055e-05 6.179178364913732e-06 3.035109556641936e-05 -4.767320766911891e-06
-2.848292881139760e-05 7.654500175264848e-06 2.826239179393546e-05 -7.372337528328453e-06
-2.848267421771119e-05 4.705514205367662e-06 2.828801543087343e-05 -2.760660871094762e-06
-2.710401870714993e-05 6.181574993188866e-06 2.723170227517215e-05 -5.168830080889871e-06
-2.572950492464528e-05 7.644917223351394e-06 2.646324956980743e-05 -7.074875962381271e-06
-2.573335137422557e-05 4.725658177282584e-06 2.570148224809003e-05 -2.487376983646017e-06
-2.436334911689351e-05 6.187999203058499e-06 2.404366192953741e-05 -4.039994633133673e-06
-2.300696398340567e-05 7.634866106194915e-06 2.094705526385581e-05 -7.429010837749510e-06
-2.300366644689089e-05 4.737372456775776e-06 2.189388987714608e-05 -8.306586672712668e-07
-2.165302241609853e-05 6.182610475666122e-06 1.997664453163805e-05 -5.011111131871948e-06
-2.030834400737218e-05 7.618906094170248e-06 1.998478013531506e-05 -6.677999247089210e-06
-2.030732417089669e-05 4.743385551429327e-06 1.891024045752576e-05 -2.297346726301481e-06
-1.896850522027913e-05 6.179639941326650e-06 1.785855759210050e-05 -4.478265265231581e-06
-1.764245722417722e-05 7.598300854712006e-06 1.486380789067153e-05 -6.887606190678309e-06
-1.764497658572163e-05 4.763429052036687e-06 1.660900871078257e-05 -4.403779048516246e-06
-1.637786388872830e-05 6.180752088439442e-06 1.395167031263143e-05 -5.622423379196823e-06
-1.512100821965567e-05 7.581973187230731e-06 1.419827221332046e-05 -4.735341469884563e-06
-1.511957295683043e-05 4.778919472268842e-06 1.134664230905321e-05 -3.752300700971380e-06
-1.418122982410618e-05 6.289616714212690e-06 1.162677868675719e-05 -3.610783832947731e-06
-1.323606305765240e-05 7.563251479135800e-06 7.296495578084659e-06 -6.714830264125869e-06
-1.323508043063591e-05 4.799619079388564e-06 1.139183823861002e-05 -2.629446208839174e-06
-1.188097649872590e-05 7.551603753635594e-06 7.996917095493662e-06 -6.371650769222504e-06
-1.214262735984711e-05 6.649832435213376e-06 7.215754987692515e-06 -7.478534538833525e-06
-1.187796310121530e-05 4.808288228421937e-06 4.715299937790705e-06 -3.798115758910030e-06
-1.089934795908541e-05 4.818270397680674e-06 7.473672995902913e-06 -4.096302071239765e-06
1.757901673832650e-06 5.549088191687302e-07 1.630658823451204e-05 -2.971508412336465e-05
1.760820337576470e-06 4.650742884986730e-07 -3.919279807231442e-06 -9.049472484174650e-05
1.742195808187855e-06 5.772744256949483e-08 -2.453359299189243e-05 2.202658149103552e-05
1.750494942065948e-06 2.385290765445241e-08 -1.977937809556240e-05 -1.231994676394829e-05
-1.090054901447420e-05 7.543715404980602e-06 1.088444791860281e-05 -7.031382208446413e-06
-1.001674552071906e-05 7.483189461289300e-06 7.764061420065764e-06 -8.360242760960109e-06
-1.069899153179848e-05 5.838833481819010e-06 8.625360309159510e-06 -4.262437574851941e-06
-1.001293051439780e-05 4.751952582179870e-06 6.988314027227470e-06 -1.905465206574109e-06
1.724881186811337e-06 5.936021737592388e-07 -1.338887385058550e-05 3.394641350672775e-05
1.487680468116950e-06 2.135449908900082e-07 1.821203682678372e-05 2.386389394005750e-05
1.742148237883408e-06 9.143918898578275e-09 -1.168664924950131e-05 -4.524339909908652e-05
-9.732835872186790e-06 6.644180834885377e-06 7.254570979998290e-06 -5.403968663712066e-06
-9.144521751078439e-06 7.321819473652793e-06 5.371161119528221e-06 -8.075344173211488e-06
-8.301977193399704e-06 7.065930267076535e-06 3.773545359198088e-06 -5.582905117916746e-06
-9.465451020451426e-06 5.492734441758296e-06 6.139906594606188e-06 -1.854711881699889e-06
-9.158988741647983e-06 4.538708875937233e-06 6.559522007753757e-06 -1.076827700343997e-06
1.117896965356156e-06 5.596801056123303e-07 -4.270648020476960e-06 -1.978839165058665e-05
1.071191110146885e-06 -1.313322577555269e-08 -8.458771720465468e-06 -2.966685131433235e-09
7.678196364120872e-07 2.552018391238114e-07 7.503524333853300e-06 1.840056641935899e-05
-7.510931561711187e-06 6.712897435906732e-06 3.968609757510470e-06 -3.438016262979308e-06
-8.188555043560479e-06 6.196437258087627e-06 2.671676528735968e-06 -3.704511752858958e-06
-8.479618788413400e-06 5.103633210227207e-06 4.447920415203740e-06 -3.249908184083509e-06
-8.360730403932316e-06 4.190947628076930e-06 6.185080929605006e-06 -1.227194536122348e-06
4.477656528453832e-07 5.893058762705405e-07 -2.914683075400901e-06 -1.155021213614224e-05
4.742604163437867e-07 -1.043304393907727e-07 -3.241092130291456e-06 -1.675426412475597e-05
7.834556958828777e-08 2.713553024728054e-07 5.172640310016454e-06 3.002470760402905e-05
-6.770993396778511e-06 6.277870574361364e-06 6.259490418243075e-06 -6.273847081316149e-06
-6.095209095759114e-06 5.773087971401525e-06 3.378498324755647e-06 -4.035951773144101e-06
-7.470891738448514e-06 4.931470290932414e-06 4.896962035774454e-06 -5.460414370657247e-06
-7.654457633588912e-06 3.721142546578762e-06 5.918537356675597e-06 -8.144488025331210e-07
-3.256620754875566e-07 6.941072912894390e-07 -3.564522777765969e-07 -1.047056281970599e-05
-3.429227833340177e-07 -2.196436995224138e-07 -5.386121850618136e-06 -1.345816392063782e-05
-6.268962074347244e-06 4.990815997602396e-06 3.387175797505559e-06 -2.511545200644933e-06
-5.485843923820592e-06 5.197451537838382e-06 1.697052871876059e-06 -2.014724714263708e-06
-6.558601787689898e-06 4.108359362356126e-06 4.563508569934831e-06 -2.165592638921126e-06
-7.058634434626739e-06 3.148278953839169e-06 2.953796992159839e-06 -2.874453378129980e-06
-7.986549502280232e-07 2.781923408671934e-07 7.713814547668209e-06 1.638678288249774e-05
-1.383151180735865e-06 8.724646637366701e-07 -7.654877038189741e-06 -5.617934664252117e-06
-1.352706765590884e-06 -3.773691257348651e-07 5.367856083698532e-07 -5.057774725703146e-06
-4.947823212688216e-06 4.561573924378256e-06 1.043700766086798e-06 -3.230189581250868e-06
-4.495301563685897e-06 3.881064909550663e-06 3.086610640407294e-06 -2.171965076801171e-06
-4.123748142259884e-06 3.155229150417885e-06 4.781331767959996e-06 -1.367208796034888e-06
-5.972159411773581e-06 3.315604988373049e-06 2.913686329888434e-06 -2.224767895412554e-06
-6.576977734339862e-06 2.482873054891512e-06 -1.708562688568310e-07 -2.827082639640054e-06
-1.814863214367690e-06 2.603570178311684e-07 -1.023458755146139e-06 -1.652345650836599e-06
-2.347417371940666e-06 1.062707518658915e-06 5.310757734661349e-06 4.693951793095683e-06
-2.361895503051727e-06 -5.050729830723504e-07 9.768973630291462e-06 -4.498257115730238e-06
-4.887973079614709e-06 3.155615788099190e-06 1.692239717256343e-06 -2.446416007212106e-06
-3.838266833818341e-06 2.393989037971874e-06 3.233296360400549e-06 -4.014659956047726e-06
-3.248218620401140e-06 1.184133721109795e-06 2.798974581522321e-06 7.630554139606810e-06
-3.510286448805228e-06 1.314722711800536e-06 6.272111861123712e-07 6.969207157684381e-06
-3.651538236706920e-06 1.592352658998426e-06 -1.423340504564940e-06 3.662620014823484e-06
-5.558375932176519e-06 2.382720808192921e-06 1.532514319600369e-06 -2.079906629391517e-06
-6.216837975815138e-06 1.755424549467780e-06 1.474686822218205e-06 3.292144462364128e-06
-2.845892746377070e-06 3.752127154528435e-07 -3.162781231346508e-07 -4.016144112681347e-06
-3.248405354887964e-06 -6.349271071608188e-07 -7.432422226296963e-06 1.479221557382533e-05
-4.372232602135065e-06 1.845799617419056e-06 1.039506978746959e-06 -3.466363140565517e-06
-3.530119154917431e-06 7.622141817916935e-07 3.731602694271445e-06 -1.747100405267362e-06
-3.838694279872809e-06 1.214627671152518e-06 -1.480728555504863e-06 2.980289822739398e-06
-5.255911915791541e-06 1.537055087469701e-06 4.017632173723666e-06 -2.220776152225486e-06
-5.989001941564854e-06 1.008463806085298e-06 4.356262552999605e-06 1.135129506315807e-06
-3.538797385178099e-06 -1.175958291099088e-07 8.126490097997289e-06 -1.517720082900156e-06
-3.493959716747892e-06 -7.771764355803508e-07 -4.797148513554389e-06 1.016631027234720e-05
-4.519424684840217e-06 5.967599629026356e-07 2.038012209741350e-06 -6.999592632004970e-06
-5.908699555322546e-06 2.620272596721831e-07 1.204005946909097e-06 6.100235115879365e-06
-5.996338035246789e-06 -4.769307948688205e-07 1.462782626646356e-06 2.522892655980270e-06
-4.067275310188083e-06 -5.991645343692127e-07 3.801411414716870e-06 -6.348495843636923e-06
-3.637265950407261e-06 -1.077288051965155e-06 -8.970594066006024e-06 3.436269722775064e-06
-3.810848587240854e-06 -1.886841312591283e-06 -2.125417788140675e-06 1.560310754619508e-06
-5.249058704313353e-06 -5.635067924582805e-07 -5.480234473786398e-07 -2.224693114683843e-06
-4.086112272203310e-06 -2.682013647397550e-06 5.779099535109557e-06 2.234877533419306e-06
-6.247211573568971e-06 -1.237145699843868e-06 6.295760198806890e-06 2.231921789289641e-06
-4.547012643858300e-06 -1.907080691338581e-06 6.818397862937379e-06 1.407908625327884e-06
-5.627221457758881e-06 -1.969351780915672e-06 -1.627767491087592e-07 4.580183050220802e-06
-4.460141712857892e-06 -3.448934329744985e-06 3.744995013521067e-06 1.323420975944075e-06
-6.650378026514822e-06 -1.972603092907191e-06 4.354301440034230e-06 -3.620989212563202e-07
-6.330139745047853e-06 -2.706996482136963e-06 -3.155171780615002e-08 1.334683079399465e-06
-5.551253784956626e-06 -3.177869176920647e-06 9.138834806002323e-07 5.517815419075120e-08
-4.911006527893944e-06 -4.200641049314836e-06 6.668519965942523e-07 3.626439038074345e-06
-5.490737297524760e-06 -4.926473771143454e-06 2.707262971287483e-06 3.609156735238047e-06
-7.212863465886965e-06 -2.655041258780072e-06 3.378235989603810e-06 -4.256866810401012e-07
-6.820327312372078e-06 -3.566221573161578e-06 2.258337157416628e-06 1.015752410491113e-06
-6.355533827194073e-06 -4.647140156837664e-06 4.651152995594081e-06 2.380438416009376e-06
-6.157746869575923e-06 -5.594367941755996e-06 4.314778693649881e-06 3.189954349713059e-06
-7.911491346995416e-06 -3.280305313745583e-06 3.474409235255269e-06 8.438979225896967e-07
-7.707690282871977e-06 -4.647017300026243e-06 4.653903047126577e-06 2.474286202084407e-06
-6.916491110467035e-06 -6.183760077337226e-06 3.342246011079111e-06 3.317659543112337e-06
-7.757604206322114e-06 -6.695276407418446e-06 2.568569998271558e-06 2.349162510875243e-06
-8.665511586503303e-06 -7.124282610340710e-06 2.646702576460369e-06 2.008011549047822e-06
-8.736103920187589e-06 -4.945884416945912e-06 4.375907237026003e-06 1.543685669107055e-06
-8.727044587281874e-06 -3.804554034050929e-06 5.416558300690624e-06 2.383089091620233e-06
-8.529785579533673e-06 -6.100373968513368e-06 2.865662961810110e-06 1.971631804230212e-06
-9.637613366828354e-06 -7.443894457163774e-06 2.680725168552155e-06 2.210963930282205e-06
-1.066397516910300e-05 -7.661825519975600e-06 3.874291173925338e-06 3.379400620093278e-06
-9.567707609806031e-06 -5.202084323725334e-06 3.493504630360895e-06 1.322806770630736e-06
-9.649522986049534e-06 -4.184872050536489e-06 3.730715657172172e-06 8.575019644998911e-07
-1.172403486839512e-05 -7.759043187388424e-06 5.298366469910677e-06 3.945154414832389e-06
-1.052700916224591e-05 -6.168302349505747e-06 3.657435776336417e-06 2.432349391482358e-06
-1.065403922391946e-05 -4.399497790818413e-06 4.972299658127207e-06 9.048587316309333e-07
-1.195660845457465e-05 -6.333196683306931e-06 5.528683978288144e-06 3.201598074267708e-06
-1.293136303756410e-05 -7.800336014569460e-06 5.241163698846884e-06 3.659265187635906e-06
-1.171429279577697e-05 -4.454790488529291e-06 5.904109400909029e-06 1.521141139475529e-06
-1.462318032253624e-05 -7.842484047647871e-06 5.197858903424706e-06 3.067641785348316e-06
-1.327089884022138e-05 -5.510133450192242e-06 5.366952570084952e-06 3.062879887571024e-06
-1.292956084073602e-05 -4.411772202272192e-06 5.348942604363312e-06 2.284395939318372e-06
-1.704873527980756e-05 -7.915864122857501e-06 9.598272724568271e-06 1.152968317450056e-06
-1.582825616833505e-05 -5.962073304596786e-06 8.028856120601340e-06 1.122481301922773e-06
-1.462936824792225e-05 -4.354564560043575e-06 7.571116281987279e-06 1.721867925223085e-06
-2.037918633187046e-05 -7.998656553646086e-06 6.126879287215141e-06 1.273931628369297e-06
-1.869125209228652e-05 -6.103477191239980e-06 7.353129316202028e-06 2.346611488221952e-06
-1.704756678604595e-05 -4.284427866787213e-06 6.809607901477236e-06 3.008630770194898e-06
-2.397756128022105e-05 -8.071049974187699e-06 8.686969424817328e-06 1.345888314973654e-06
-2.215567583222444e-05 -6.105785270397853e-06 7.395446228575557e-06 1.522468186506969e-06
-2.037646498891886e-05 -4.210588148585274e-06 7.683784111531331e-06 2.369939517729173e-06
-2.770426512149984e-05 -8.130340325832318e-06 8.444183109721012e-06 2.487581163139163e-06
-2.582302825364988e-05 -6.106521320954296e-06 8.816415349294805e-06 2.386842376507642e-06
-2.397977892042804e-05 -4.141002283381533e-06 7.930107420715772e-06 2.845584098906019e-06
-3.153418624168317e-05 -8.190137741571930e-06 7.102801707016983e-06 2.950370963005247e-06
-2.960009437672109e-05 -6.111940537737654e-06 7.291622808523344e-06 1.781892204827889e-06
-2.770126042284990e-05 -4.089347248078003e-06 8.691401570161808e-06 1.553152198117338e-06
-3.545651254588436e-05 -8.230109564125854e-06 8.301977723871412e-06 1.849727927612402e-06
-3.348365388341511e-05 -6.112442624841901e-06 7.869540436013573e-06 2.154962031298747e-06
-3.153473879839999e-05 -4.034151711019804e-06 6.597381134706673e-06 6.673761476448977e-07
-3.944310237467035e-05 -8.268819956978715e-06 8.627151356240425e-06 2.164061304609273e-06
-3.743836840690765e-05 -6.115806004863922e-06 8.735514917396086e-06 1.528505465155611e-06
-3.545500176072271e-05 -3.998121881931618e-06 9.190532528325802e-06 1.910693972886826e-06
-4.348766513516267e-05 -8.295552037019193e-06 6.835448557668480e-06 1.933663874619312e-06
-4.145658809073963e-05 -6.114470227144378e-06 7.274606791120726e-06 2.860750115627539e-06
-3.944309717148439e-05 -3.962957832171935e-06 7.316817242362970e-06 2.125584574227597e-06
-4.759143463932746e-05 -8.309610185319093e-06 1.003283564960803e-05 1.015887027445992e-06
-4.553291033153189e-05 -6.107618225273467e-06 8.663351318459723e-06 1.591570904742195e-06
-4.349166639502560e-05 -3.925888666631927e-06 8.058181282981680e-06 2.648241338372027e-06
-5.171221255726712e-05 -8.316868402341250e-06 1.133641476289954e-05 4.414875404138045e-06
-4.965184358298271e-05 -6.110485982837323e-06 1.017921876115125e-05 2.242303955669346e-06
-4.758909403618275e-05 -3.907512195263346e-06 9.247926853645277e-06 2.638755774198849e-06
-6.054940025185045e-05 -8.071895683486485e-06 1.380143269779541e-05 2.664144859823021e-06
-5.996404663899793e-05 -8.314926033936465e-06 1.353608712081580e-05 2.774436872841779e-06
-5.355319096245599e-05 -6.111756681074189e-06 1.168884590037753e-05 1.803261262355032e-06
-5.582474944211611e-05 -8.323245795555956e-06 1.042555627842530e-05 2.990219417243056e-06
-5.171179802820398e-05 -3.906224592395155e-06 1.175163684108958e-05 -1.819956312039080e-07
-6.079183723536707e-05 -7.485926760786983e-06 1.391315504384041e-05 2.419307564433686e-06
-5.940702708426706e-05 -6.107920885058939e-06 1.315691796952928e-05 2.006282238213597e-06
-5.582620487224678e-05 -3.897257352287521e-06 1.033303993806415e-05 3.401761416983565e-07
-6.079182197224792e-05 -4.729748810491211e-06 1.367038060719373e-05 1.854117386900747e-06
-5.996445795348249e-05 -3.901372285410939e-06 1.325790918175776e-05 1.476040083844691e-06
-6.054950049762273e-05 -4.144192180484245e-06 1.353992531184714e-05 1.601103672898388e-06
