2.196239965260301e-05 -1.549273765123403e-06 -2.085903813828329e-05 4.970891765056135e-07
2.206977813767830e-05 -1.289320522227250e-06 -2.072511117671092e-05 1.002478486584229e-06
2.206927860837510e-05 -6.239656970599325e-08 -2.036818546722758e-05 4.410845727871538e-06
2.196192818100796e-05 1.971789135487575e-07 -2.050151942615801e-05 5.107155074667416e-06
2.170293357013734e-05 -1.656977739232397e-06 -2.122219408345787e-05 2.881610215070625e-07
2.121679847987160e-05 -6.760056086653207e-07 -2.120677327534514e-05 2.716547512329815e-06
2.170265888350212e-05 3.046890824431684e-07 -2.094404065868489e-05 5.415208463263809e-06
1.988150679428908e-05 -1.654803993277251e-06 -1.958942429372856e-05 1.828700016078680e-06
1.988220840436595e-05 3.007688294951001e-07 -1.997662614812542e-05 5.221367743502801e-06
1.887171048782131e-05 -6.766793662302515e-07 -1.982841430037788e-05 4.078383159072692e-06
1.805647020666098e-05 -1.644458407002739e-06 -1.991136084308931e-05 5.045706222550751e-06
1.805587116997426e-05 2.925548624231815e-07 -2.008517614703071e-05 3.462554239492100e-06
1.714684726354613e-05 -6.763825791445277e-07 -2.043387301300360e-05 3.881680568050339e-06
1.623808129998676e-05 -1.645771257128647e-06 -2.031907084010971e-05 3.325140702770283e-06
1.623724283488072e-05 2.908500082327966e-07 -1.914801718885489e-05 2.147710448834260e-06
1.533035311781512e-05 -6.792389125792982e-07 -1.825792163172250e-05 2.664064018707517e-06
1.443321464323550e-05 -1.637226059494708e-06 -1.801711730681715e-05 2.622560858986647e-06
1.443291374094840e-05 2.785790589424601e-07 -1.799904546562069e-05 3.751861274379732e-06
1.354036532791680e-05 -6.784769286226539e-07 -1.844756422758370e-05 3.822691758598795e-06
1.265574846600402e-05 -1.621647874186830e-06 -1.904705507455626e-05 2.915105103710078e-06
1.265229861092514e-05 2.706465971809335e-07 -1.849102541390810e-05 2.869219046099679e-06
1.177193218545619e-05 -6.740961357180630e-07 -1.687216308579128e-05 2.818174671486599e-06
1.090949942938927e-05 -1.595340005501855e-06 -1.493011647652936e-05 2.863764354085234e-06
1.090898866214932e-05 2.470277877207134e-07 -1.633827003906874e-05 4.373077283584539e-06
1.005319909403426e-05 -6.727991860289326e-07 -1.640078182663235e-05 4.356669395232525e-06
9.208802201040029e-06 -1.569640397585973e-06 -1.650472406436048e-05 5.174945473814088e-06
9.206556412253238e-06 2.248359483165256e-07 -1.507096308804524e-05 1.784231711842027e-06
8.370898560429915e-06 -6.716057921907755e-07 -1.378869896947869e-05 3.020071323302944e-06
7.561232036150503e-06 -1.528717075040711e-06 -1.307138517531057e-05 5.111982942427291e-06
7.561240892565532e-06 1.857723389445528e-07 -1.248064927710734e-05 -2.392078228141314e-07
6.763832053982805e-06 -6.695146699693760e-07 -1.295838337885421e-05 2.324746343480815e-06
5.989202630681251e-06 -1.486194896462953e-06 -1.257020324676363e-05 4.502565739693435e-06
5.994275623080780e-06 1.442282671121921e-07 -1.326470374049452e-05 1.825329995651000e-06
5.232955980679838e-06 -6.715451584374785e-07 -1.283862393787286e-05 3.399751958449085e-06
4.512006524401226e-06 -1.427853375390029e-06 -1.042970989375740e-05 2.060466166951617e-06
4.506384140937493e-06 8.775608259843144e-08 -1.226571325281819e-05 4.555850437298671e-06
3.832762572462219e-06 -6.686283914092063e-07 -8.253299370192875e-06 5.170468640222720e-06
3.183977433157995e-06 -1.378942010798863e-06 -1.007964541736873e-05 3.673905279555207e-06
3.185153416992441e-06 3.652543342788999e-08 -6.819536365494372e-06 2.295282002279020e-06
2.704034311801573e-06 -7.242267632675864e-07 -9.395416536072145e-06 9.126979962493937e-07
2.256710636472450e-06 -1.321411486100135e-06 -8.815214928178229e-06 6.056460381954309e-06
2.252827669951181e-06 -2.316250989456762e-08 -7.604102197768877e-06 2.421211938627076e-06
1.643555542194324e-06 -1.265806510730312e-06 -7.218099312774874e-06 4.268758361269530e-06
1.746905077075849e-06 -8.753017363827356e-07 -6.044685739063555e-06 4.377902881069475e-06
1.632698356589604e-06 -6.314439732607360e-08 -9.345500943848675e-06 -4.008685061698555e-06
1.214632021028250e-06 -1.100351029384876e-07 -8.052233736681072e-06 2.714496111616527e-07
9.922938149023603e-08 1.269229093861398e-07 1.312351025295334e-05 4.788419503800714e-06
1.277889548577512e-07 9.090993962776514e-08 -1.373584395175385e-05 1.018599229852368e-04
1.395284465813680e-07 4.480842673737075e-08 -1.559415373684496e-05 -1.089785404350379e-04
1.220974078874172e-07 8.044296341310660e-08 -2.855408814403138e-06 8.007904667461731e-06
1.212593927661721e-06 -1.230823050076752e-06 -1.057541680986552e-05 3.637088068791741e-06
8.649850543198653e-07 -1.172128061731089e-06 -9.205182317461352e-06 3.234767550037960e-06
1.117057796602804e-06 -5.358910608017472e-07 -5.015462249344977e-06 3.347674547224395e-06
8.478215717486657e-07 -1.289173193727521e-07 -1.108554838727750e-05 4.770184409295645e-06
4.695644566842097e-08 1.369377824920792e-07 2.750305580543320e-05 -1.942949285821561e-05
1.001722342792457e-07 8.765423972485930e-08 -1.974083865627794e-05 -2.158617349750476e-05
1.141321155679401e-07 9.809845301349603e-08 5.012867902344855e-05 6.241618543119998e-05
7.431998280634647e-07 -8.380472324818967e-07 -7.522828519850540e-06 3.416308304685627e-06
5.440801869514805e-07 -1.066561807106238e-06 -4.143871622845391e-06 2.369119828672285e-06
2.670040392537212e-07 -9.459902531432456e-07 -4.554433693445212e-06 2.732143369920332e-06
6.381265065242458e-07 -4.132220753106599e-07 -1.005610238192673e-05 5.851749758631584e-06
5.284783283006472e-07 -1.193346420290879e-07 -9.259854473105478e-07 -2.044239651308265e-06
5.368495744346949e-08 9.982061145378961e-08 1.534500764626288e-05 1.231061083643150e-05
5.412130595573645e-08 2.962223620732026e-08 -1.604606128881185e-06 -5.445765218666004e-06
3.978084770496018e-08 1.145034671778715e-07 -1.578340139171178e-05 1.836511304000571e-06
4.288841834273425e-08 -7.914430060855793e-07 -4.038103852991547e-06 3.541663656979651e-06
2.200615247447213e-07 -6.427313050547716e-07 -5.554172433704690e-06 4.465412456806429e-06
3.076318933583867e-07 -3.029427385793654e-07 -6.560777943364779e-06 -3.143169954424209e-06
2.652840387143300e-07 -7.851283664071095e-08 -9.789234710454481e-06 7.944659996996669e-06
1.767212225647054e-08 9.621141826264910e-08 6.682048374412611e-06 -6.022155498145807e-06
-6.331438660189718e-09 3.899111876222545e-08 9.669836258710866e-06 -3.126223899748773e-06
-1.184389451737633e-08 1.062800810980128e-07 -1.183721181954536e-05 1.302809143406417e-05
-1.465355241953927e-07 -6.272738225011873e-07 -1.972610421572030e-06 1.687763726577428e-06
-2.729315520088597e-07 -4.720410173631930e-07 -2.720656424311526e-06 2.807436556151026e-06
2.081681513078698e-08 -2.598056205172472e-07 -5.909683952263237e-06 2.377008119726510e-06
6.236884134108665e-08 6.052827667561009e-09 2.103057323003024e-06 1.465085190849128e-06
-4.695654010452186e-08 9.340385368753929e-08 7.668082482301959e-06 -8.077904803105804e-06
-4.037852744898014e-08 1.425513235939423e-08 4.874657355008210e-07 -1.095889245287353e-05
-2.389525159586160e-07 -2.717630275511118e-07 -5.212728592431911e-06 2.782153144557050e-06
-3.672885050356267e-07 -3.122772868636845e-07 -4.953512407249092e-06 4.578252224391633e-06
-1.918733152584606e-07 -8.314734514032418e-08 -5.104148237993621e-06 3.504291101949223e-08
-9.550999634754513e-08 9.061089351078554e-08 -7.802574835890445e-06 -4.306507840414348e-07
-8.194735959584208e-08 9.785443184593961e-08 -5.293658225176966e-06 1.123997953447011e-05
-1.153748162213947e-07 9.786503241876309e-08 -4.738759689811748e-06 -6.507879094004055e-06
-1.162691093213124e-07 4.446981153852293e-09 2.897830649316885e-06 -3.554082933594587e-06
-4.409565809208721e-07 -1.643778730842508e-07 -4.886494995473464e-06 3.298982959812239e-06
-4.650140901755409e-07 -4.086702637601980e-08 -1.113870581721340e-06 1.763063068906420e-06
-4.493224041117993e-07 6.479296939476416e-08 -5.183464351734800e-06 9.692244145647690e-07
-2.898746016510309e-07 5.300982110494050e-08 -1.853610227273342e-06 1.836401625994824e-06
-2.106793590085982e-07 1.329396646532059e-07 -9.431361275253571e-06 -8.096483518512174e-06
-1.555057363236937e-07 4.478256529424398e-08 3.178155405445685e-06 -3.319438917364736e-07
-1.953747621199622e-07 1.386373243228448e-07 -1.833928945079103e-06 -1.814706949804728e-07
-1.848060380399895e-07 -1.773884350232385e-09 -5.303573511099349e-06 1.578775818146063e-06
-4.079020643322762e-07 7.630203279707295e-08 7.082436554396736e-07 2.744057083098061e-06
-4.268812083864094e-07 1.207645336995363e-07 -9.447796097418132e-06 -1.380602479662571e-06
-2.709250981398249e-07 1.489828857333931e-07 -6.890510169583132e-06 1.111394217544039e-05
-3.314954836347452e-07 1.611229893546311e-07 -3.431118761900722e-06 6.382985282799895e-06
-3.759086482898448e-07 1.663204001046995e-07 -2.877832697870080e-06 8.330499632964804e-07
-3.473307609730784e-07 1.458715910876282e-07 -4.533483926275565e-06 8.572433922641871e-07
-3.170134683425957e-07 1.655157957117034e-07 -8.468960831961306e-06 5.838769725787421e-06
-2.358698886328330e-07 7.284434401125555e-08 -1.147395040784253e-06 -6.252857853657116e-06
-2.483040326731992e-07 5.371603846719730e-09 -3.118726217551287e-06 9.810359768089308e-06
-3.873490548514475e-07 1.703582343010734e-07 -5.619550113495879e-06 -2.869127320319120e-07
-3.130076864896581e-07 1.084217245327041e-07 -4.461736604223670e-06 3.673391024894065e-06
-3.669736076886482e-07 1.577357777640680e-07 -2.270599330241494e-06 1.865749135456362e-06
-3.711981890414773e-07 1.805752322466268e-07 -2.364089589348800e-06 8.116441009563811e-08
-3.994326682856491e-07 1.517305948846505e-07 1.495825753883995e-06 4.259936513751182e-06
-2.743030982234014e-07 4.832928941549428e-08 -4.768303445959138e-08 -2.491881283171308e-06
-2.396633424819816e-07 -9.361074739960054e-09 -7.123134708226491e-06 8.305807754882151e-06
-3.705617681441849e-07 1.545000244376711e-07 -4.636583293420645e-06 -6.285929437972834e-06
-4.414217903394084e-07 1.121410370232470e-07 -3.138627232388559e-06 8.196498546130889e-06
-5.206267288972548e-07 4.251728228704123e-08 -1.368438425194469e-05 -2.815891206360337e-06
-2.885491568807735e-07 1.707341058764109e-08 3.194596316021241e-07 -3.162920477371750e-06
-2.261558387510238e-07 -5.067873410161455e-08 -1.022461209806249e-05 7.384161675706694e-06
-2.057166059341277e-07 -1.781876151342363e-07 -6.014590176405163e-06 -4.233674961464341e-07
-4.312800072409271e-07 5.424217362913049e-08 -4.952339915728317e-06 -5.309570956816458e-06
-2.052188526850585e-07 -3.600761624093378e-07 -2.300369490070703e-06 -1.223492955013010e-05
-6.280726421301513e-07 -5.149691173653660e-08 -1.227453816935524e-05 5.938375734078482e-07
-3.171724084473667e-07 -1.673342454983334e-07 -8.900135344006198e-07 -2.788036242844775e-06
-5.279172909181559e-07 -1.898591827413329e-07 1.332950030913378e-06 -2.004149368230895e-06
-2.547555012945813e-07 -5.604651991484075e-07 -6.256553924944229e-06 -1.553265078088918e-05
-7.756011240028234e-07 -2.016564896919528e-07 -6.512798955084136e-06 -1.172769525804430e-05
-7.067955633558155e-07 -3.675885114496607e-07 -1.624842699867920e-06 -4.531446497409416e-06
-5.119401747926147e-07 -4.879028527673415e-07 -4.022640005063297e-06 5.539063191212283e-06
-3.448852248732449e-07 -7.985604267947319e-07 -4.600407207229706e-06 -3.007688347086557e-06
-4.880081109058806e-07 -1.008562077551702e-06 -4.393290593558615e-06 -9.183961021918863e-06
-9.671341570301929e-07 -3.382330185509180e-07 -1.329985527345517e-06 -8.233445154961677e-06
-8.455135844506055e-07 -5.959879021365733e-07 -1.686284206983928e-06 5.076716964770345e-07
-7.186421565525819e-07 -9.247712254294750e-07 -3.141724910005351e-06 -5.635718880354169e-06
-6.660070392647033e-07 -1.248709146965119e-06 -2.868967812707994e-06 -5.967559402925105e-06
-1.219938080517965e-06 -4.991935733828758e-07 -1.787443694985240e-05 -9.345872636560694e-06
-1.134679820680506e-06 -9.344115497003547e-07 -5.501102440437643e-06 -7.712685829464522e-06
-8.840921313950447e-07 -1.477032510874697e-06 -3.721890869440127e-06 -2.132413775342182e-06
-1.171897507299595e-06 -1.677175314291075e-06 -6.735856831344347e-06 -1.480885261042196e-06
-1.500899171415860e-06 -1.869951939607536e-06 -1.038493742159856e-05 -3.539901533777180e-06
-1.509308966847585e-06 -1.036243905688114e-06 -2.040529853485067e-06 -3.328482985060404e-06
-1.503013869249520e-06 -6.463540941319074e-07 -8.895821558324940e-06 -6.752800548374338e-06
-1.437332533705419e-06 -1.462100620196415e-06 -6.730854073708922e-06 -2.336482535666849e-06
-1.867720258105525e-06 -2.028584461798635e-06 -9.618504632934975e-06 -6.477117782373135e-06
-2.281526404905066e-06 -2.145379096060668e-06 -2.355223522494293e-06 -8.235825888983442e-06
-1.834368665452459e-06 -1.123116462784160e-06 -6.783812772266568e-06 -3.237148838600867e-06
-1.871895193034344e-06 -7.478925247193042e-07 -6.497991740596899e-06 8.715266260866231e-07
-2.738041018561995e-06 -2.200797552880120e-06 -7.220473524862747e-06 -9.398194496276912e-06
-2.216761841364613e-06 -1.516940847691454e-06 -6.234691479684413e-06 -5.530809994616834e-06
-2.274803444618242e-06 -7.865617003115004e-07 -7.580203107116778e-06 -3.234254021681073e-06
-2.830138042219005e-06 -1.593599068787003e-06 -1.089508500765933e-05 -7.963165547690468e-06
-3.256692296062141e-06 -2.239653833173384e-06 -4.333849268939738e-06 -5.283487325631490e-06
-2.721873637749461e-06 -7.909384789401260e-07 -3.910799551371324e-06 -5.082658677597426e-06
-4.019403136864088e-06 -2.293702286294624e-06 -1.197761549678543e-05 -6.838258042788156e-06
-3.399428092805197e-06 -1.230287687430741e-06 -1.074759845376681e-05 -2.589441961843496e-06
-3.255286885135158e-06 -7.506977682545288e-07 -8.657262327330653e-06 -2.458629693094246e-06
-5.147982194356310e-06 -2.357382197261010e-06 -1.293681007316987e-05 -4.880627559339614e-06
-4.568487708761180e-06 -1.431544006120392e-06 -1.259085560779968e-05 -4.297103037091487e-06
-4.014636754752679e-06 -6.996553572524623e-07 -8.858043952288016e-06 -5.400192746793158e-06
-6.770595476410419e-06 -2.442536829063505e-06 -1.434198972749953e-05 -7.167305365963000e-06
-5.934964811947964e-06 -1.502522386317266e-06 -1.451701080905537e-05 -5.828750948427385e-06
-5.149569427702841e-06 -6.345642524185660e-07 -1.155731235065908e-05 -3.403231585523759e-06
-8.601722879760785e-06 -2.511228191308598e-06 -1.923730730952440e-05 -6.819291839469921e-06
-7.665711701204191e-06 -1.500129751152171e-06 -1.551640842473192e-05 -4.318093335590558e-06
-6.769326880968594e-06 -5.560271574707226e-07 -1.499464584695091e-05 -2.584355166741468e-06
-1.056267471643936e-05 -2.589325087362583e-06 -2.075033591446557e-05 -5.732169223434332e-06
-9.557506412950038e-06 -1.504947738652683e-06 -2.021476833868449e-05 -6.243347133927572e-06
-8.600349951822102e-06 -4.923997448748236e-07 -1.727711910057058e-05 -3.160658923082056e-06
-1.263560162657293e-05 -2.643268799478359e-06 -2.252590439197141e-05 -5.655727903138060e-06
-1.158353270299313e-05 -1.511286670476147e-06 -2.232914432682870e-05 -4.388967593272544e-06
-1.056132435729452e-05 -4.275114775616853e-07 -2.243041121494698e-05 -3.998782936809933e-06
-1.480017851274451e-05 -2.690623030941368e-06 -2.793867555854177e-05 -5.717069763295189e-06
-1.370154543478834e-05 -1.514365757013062e-06 -2.464936508262629e-05 -4.571014755905112e-06
-1.263246021691551e-05 -3.830622601279320e-07 -2.239639453811960e-05 -3.804159780772481e-06
-1.703263728483539e-05 -2.716753206553638e-06 -3.168539643705276e-05 -8.675552834859921e-06
-1.591008058022559e-05 -1.513939257343754e-06 -2.917805563431097e-05 -5.028571353125558e-06
-1.480118795633563e-05 -3.365754802556458e-07 -2.758137813330217e-05 -3.231801839940365e-06
-1.930895742903735e-05 -2.744089425903672e-06 -3.313825900197846e-05 -6.670386361628094e-06
-1.816126206408749e-05 -1.512990705930560e-06 -3.353962981844907e-05 -5.616390436796890e-06
-1.703253812908494e-05 -3.111176748214740e-07 -3.078376934051353e-05 -1.911618666308001e-06
-2.162940791957446e-05 -2.757659270001376e-06 -3.738096775111189e-05 -7.595331850528854e-06
-2.046630717906027e-05 -1.511554562418684e-06 -3.439585348033352e-05 -3.845978793604183e-06
-1.931073735946774e-05 -2.798901605071010e-07 -3.495521473468580e-05 -2.159344317468869e-06
-2.396916418289418e-05 -2.778109953821110e-06 -4.123794375145804e-05 -7.602661998173811e-06
-2.279281661976754e-05 -1.515463031363064e-06 -3.982030495923315e-05 -5.289816595356068e-06
-2.162712630118438e-05 -2.694320981225390e-07 -3.618335280570380e-05 -2.014750488920958e-06
-2.901219671524371e-05 -2.638946193300116e-06 -4.675431389656057e-05 -3.951057749957986e-06
-2.867746821560478e-05 -2.777537099031626e-06 -4.722712034747888e-05 -4.186801798162857e-06
-2.502236437304433e-05 -1.517825860809831e-06 -4.074682371652251e-05 -5.358918033096614e-06
-2.631682767474731e-05 -2.778721632736980e-06 -4.178105297824763e-05 -9.370503086901024e-06
-2.396803041093226e-05 -2.533409578492168e-07 -4.081160347643006e-05 -3.148570795437223e-06
-2.915082040701029e-05 -2.304363148620426e-06 -4.652971124585863e-05 -3.875572446398901e-06
-2.835792075668058e-05 -1.516894721511267e-06 -4.829866097644551e-05 -5.162630534505425e-06
-2.631743963518140e-05 -2.578647670367005e-07 -4.215788192726316e-05 -7.144759427646331e-07
-2.914880237545337e-05 -7.301739003346898e-07 -4.683435114827818e-05 -6.440684452875010e-06
-2.867600053499859e-05 -2.580880015759423e-07 -4.754718545458645e-05 -6.069313871887362e-06
-2.901024408189080e-05 -3.963504258157105e-07 -4.707788983940912e-05 -6.325377444976443e-06
