3.927686547893241e-05 -3.770487015155734e-06 -2.978414000011477e-05 4.339359915907616e-06
3.946234115090517e-05 -3.322886800804342e-06 -2.986601153852531e-05 4.146550837916346e-06
3.946235482065056e-05 -1.212562983294699e-06 -2.990974344418360e-05 3.203290486102226e-06
3.927688566385796e-05 -7.649976894278525e-07 -2.982893750827487e-05 3.002219308239728e-06
3.882912979330154e-05 -3.955860938234324e-06 -2.958843191653509e-05 4.417987466804538e-06
3.798902068410743e-05 -2.267753325290436e-06 -2.926116338393614e-05 3.680498277076755e-06
3.882916968387910e-05 -5.796435683446368e-07 -2.962985939030789e-05 2.919938083664656e-06
3.567622890761505e-05 -3.954295196474285e-06 -2.838316017655451e-05 4.394089786067946e-06
3.567642517831275e-05 -5.818686614817393e-07 -2.839587091916853e-05 2.949732320144825e-06
3.393761224651637e-05 -2.268437598281749e-06 -2.766073026823135e-05 3.686164008559018e-06
3.253032590591485e-05 -3.947985617759559e-06 -2.705839540993106e-05 4.369965766896776e-06
3.253071639842738e-05 -5.901554833045787e-07 -2.701300497879698e-05 2.830349640284063e-06
3.096303911986502e-05 -2.269228634986261e-06 -2.630284086877846e-05 3.657600337647568e-06
2.940359686840541e-05 -3.934859840053919e-06 -2.554136296320085e-05 4.519667765101840e-06
2.940479371381638e-05 -6.056538215347048e-07 -2.548302294882563e-05 2.750878136585878e-06
2.785125439257375e-05 -2.270411781614000e-06 -2.465006136363342e-05 3.657949598972710e-06
2.631003678754575e-05 -3.914384956129309e-06 -2.375114827950126e-05 4.668494315908905e-06
2.631214849042651e-05 -6.283573506018327e-07 -2.368964049193603e-05 2.602543598332549e-06
2.477939890940564e-05 -2.271879449877253e-06 -2.272739630964888e-05 3.655630851897997e-06
2.326391221210366e-05 -3.885904168007582e-06 -2.175165125699727e-05 4.754128059493787e-06
2.326609243846979e-05 -6.589780095804786e-07 -2.169853824829183e-05 2.610006709957058e-06
2.176169180591619e-05 -2.273483051478618e-06 -2.067481633503295e-05 3.670915417179178e-06
2.028135978497563e-05 -3.848137051783554e-06 -1.967047240108219e-05 4.824912036684335e-06
2.028263417029603e-05 -6.994272713117045e-07 -1.961814026308136e-05 2.569840355666808e-06
1.881617267743448e-05 -2.274990953977224e-06 -1.859383554857435e-05 3.673670372502645e-06
1.738127312445749e-05 -3.799634107815526e-06 -1.754576371315377e-05 4.884634177719311e-06
1.738187659581756e-05 -7.513200922151386e-07 -1.751106612778072e-05 2.612566449002255e-06
1.596412752426186e-05 -2.276476544017918e-06 -1.644952684517885e-05 3.665795913451112e-06
1.458543454009812e-05 -3.739241963824614e-06 -1.537331797910485e-05 4.859799923274798e-06
1.458586326309272e-05 -8.151326065508983e-07 -1.539669885102494e-05 2.647968334269874e-06
1.322787204448675e-05 -2.277931997989964e-06 -1.430195285165249e-05 3.707224768750388e-06
1.191615885557362e-05 -3.666469316230246e-06 -1.324943126802705e-05 4.783807226921590e-06
1.191670812538707e-05 -8.909069367056350e-07 -1.326926845404338e-05 2.663235279321964e-06
1.062931316139499e-05 -2.279320015393691e-06 -1.222642484142038e-05 3.732189740389429e-06
9.396143625153210e-06 -3.579932133807820e-06 -1.127122227867916e-05 4.684021612685486e-06
9.396221615245187e-06 -9.802803520393100e-07 -1.125245258339595e-05 2.799229516702277e-06
8.239098328134614e-06 -2.279751184684225e-06 -1.041155908388501e-05 3.744045128912508e-06
7.141914993513360e-06 -3.480168394419782e-06 -9.642847608166138e-06 4.602439496585528e-06
7.141511331822353e-06 -1.085827766269893e-06 -9.676636697361383e-06 2.938825980361559e-06
6.336065827928725e-06 -2.368830914242899e-06 -9.122054754899799e-06 3.852191464183877e-06
5.572518658192657e-06 -3.387086957065355e-06 -8.651945178756475e-06 4.525603462705430e-06
5.570264861034936e-06 -1.183530875627358e-06 -8.657700138727258e-06 3.085009114638926e-06
4.520387201172734e-06 -3.305634045704619e-06 -8.037099943841768e-06 4.474818533189202e-06
4.699812364888078e-06 -2.640753306449669e-06 -8.142746000423804e-06 4.053490399898677e-06
4.516689573366403e-06 -1.246231589529774e-06 -8.044424108566748e-06 3.148290612885440e-06
3.801817579884555e-06 -1.312976234618505e-06 -7.623743435661723e-06 3.179474728115661e-06
-2.354842707977727e-07 -1.471049598449007e-07 1.359293370882204e-06 3.021181145711137e-07
-2.394912375480328e-07 -1.374386140991523e-07 1.393135979966358e-06 2.204218067293871e-07
-2.394273829666624e-07 -1.015850403596027e-07 1.393708946299937e-06 -8.242360832565584e-08
-2.354352390495445e-07 -9.211999103233204e-08 1.360432884302621e-06 -1.624909993405384e-07
3.795075980438235e-06 -3.248315179320123e-06 -7.620378998394766e-06 4.463647338868899e-06
3.189590433446334e-06 -3.161657545480750e-06 -7.224290962339324e-06 4.441299230902573e-06
3.634249285122875e-06 -2.042154862238094e-06 -7.530472938269651e-06 3.665944207253249e-06
3.168867216207596e-06 -1.329825170085094e-06 -7.227884177112164e-06 3.152235071799299e-06
-2.258720821642357e-07 -1.511250665277596e-07 1.278085815747340e-06 3.360492363412777e-07
-2.162854915194490e-07 -1.118069582964358e-07 1.196543471228081e-06 4.285272576063966e-09
-2.259475853454710e-07 -8.818704493270974e-08 1.280587458196329e-06 -1.953384422126252e-07
2.981834551425395e-06 -2.577337173744530e-06 -7.098512983662039e-06 4.051555277216598e-06
2.622842152242573e-06 -2.997237190587552e-06 -6.812582071479347e-06 4.383979233615369e-06
2.115839479032653e-06 -2.794349168787531e-06 -6.398733034457650e-06 4.280180634731865e-06
2.800519071598717e-06 -1.828346971472737e-06 -6.977023902465666e-06 3.504889843881973e-06
2.611167934590174e-06 -1.265406503185630e-06 -6.831884138154016e-06 3.041717066532826e-06
-1.611155800133365e-07 -1.522472476480570e-07 7.234262776462094e-07 3.523380724071332e-07
-1.609418161656801e-07 -8.666840654424928e-08 7.280709835560073e-07 -1.900234238210375e-07
-1.272626157323592e-07 -1.191254030751063e-07 4.433394511897541e-07 9.117558215800107e-08
1.676477002435565e-06 -2.531176941454006e-06 -5.987859425076133e-06 4.132202974138151e-06
2.033782442413790e-06 -2.246970726307605e-06 -6.348537523404192e-06 3.861786580570431e-06
2.201844656916876e-06 -1.610879212493387e-06 -6.495315541932003e-06 3.322466051860052e-06
2.126123218743163e-06 -1.135323460091758e-06 -6.438478316055432e-06 2.856577118029824e-06
-9.028080598287978e-08 -1.586005886544073e-07 1.464513769821608e-07 4.017982876984479e-07
-8.994508452613002e-08 -7.861030294610836e-08 1.540492470168357e-07 -1.947185430140480e-07
-4.701041773985913e-08 -1.179570181498347e-07 -1.574207271423344e-07 1.168493704481329e-07
1.290919771817911e-06 -2.248476438135923e-06 -5.592258765661157e-06 3.935914700580066e-06
9.820528835864383e-07 -1.952384753498606e-06 -5.210326477913315e-06 3.696837678332189e-06
1.639921199969278e-06 -1.525815466880113e-06 -5.971382047457507e-06 3.246072895071668e-06
1.720647909147477e-06 -9.439681800605846e-07 -6.074905176382435e-06 2.602430943301229e-06
3.380984228759228e-09 -1.731663439143846e-07 -5.082336484660309e-07 5.171938299054437e-07
3.887949879168095e-09 -6.113676873816729e-08 -4.999374057258240e-07 -2.547423442325647e-07
1.062857370010453e-06 -1.544059986425029e-06 -5.303855809914807e-06 3.293896553134583e-06
7.426940051745143e-07 -1.633444482456960e-06 -4.838601204996663e-06 3.413301112175876e-06
1.186455074680574e-06 -1.136219216953937e-06 -5.465565687893458e-06 2.817258959529047e-06
1.396582564762499e-06 -7.330103175810616e-07 -5.753704089049523e-06 2.271626310623095e-06
6.077298555248405e-08 -1.163721549193528e-07 -8.962791128853540e-07 1.454772971744447e-07
1.302214634707318e-07 -1.950633878803473e-07 -1.380559446409532e-06 7.032856587002535e-07
1.304547856428472e-07 -3.540679842228340e-08 -1.369918285305917e-06 -3.821604445816465e-07
5.476407016122289e-07 -1.319979508832004e-06 -4.497496110402666e-06 3.082309540127182e-06
4.280056925343814e-07 -1.040533090604110e-06 -4.177248378187006e-06 2.696264015130638e-06
3.669447100170280e-07 -7.656711696419372e-07 -3.890978781592352e-06 2.270283309448352e-06
9.456589547559922e-07 -8.094178453103665e-07 -5.105961188929912e-06 2.370929772765538e-06
1.149976196633768e-06 -5.263505874608062e-07 -5.482964123297424e-06 1.862121010047042e-06
1.867705387889066e-07 -1.154324774781204e-07 -1.768397335888318e-06 1.735738238025469e-07
2.571337423092660e-07 -2.169439913371850e-07 -2.257383191837589e-06 8.658947144247847e-07
2.585010812726753e-07 -8.125567669968707e-09 -2.247581906601153e-06 -5.052714373736558e-07
5.761420580452278e-07 -7.543820155752073e-07 -4.406655679888305e-06 2.278128869497426e-06
3.356395902627550e-07 -5.234726279142496e-07 -3.654788673086348e-06 1.801162973666248e-06
3.560908683032147e-07 -2.346772123186489e-07 -3.059768045344824e-06 9.729558622272374e-07
3.719417195147305e-07 -2.584748387555288e-07 -3.302083541829343e-06 1.073324696283914e-06
3.643450071734062e-07 -3.157886241930139e-07 -3.448742472305423e-06 1.275036201725711e-06
7.889244419977149e-07 -5.007619976300227e-07 -4.842255333301506e-06 1.802545716062164e-06
9.613422919019332e-07 -3.402670411775623e-07 -5.292215926353368e-06 1.382315215385952e-06
3.201552469360794e-07 -1.305817861307662e-07 -2.690601763650796e-06 2.899314557612823e-07
3.987868889191107e-07 1.515025834415636e-08 -3.022580214646477e-06 -5.775068299345606e-07
4.852161443350988e-07 -3.622922915568287e-07 -4.000959062923561e-06 1.457915089718541e-06
3.941398279061697e-07 -1.744529402212086e-07 -3.296497762647032e-06 6.267380548677250e-07
4.146960208560776e-07 -2.410460747387370e-07 -3.571912329933298e-06 9.926646534114522e-07
6.969676679662546e-07 -2.866739893911168e-07 -4.640080853225132e-06 1.230764148124591e-06
8.280181800967596e-07 -1.910637213167293e-07 -5.199091520630267e-06 8.329716756668007e-07
4.319448134980539e-07 -5.078174324609776e-08 -3.280286150346010e-06 -1.172959111599046e-07
4.549456714312346e-07 3.251632948034483e-08 -3.232434206514808e-06 -6.840096301643846e-07
5.457623545344168e-07 -1.145985174282621e-07 -4.092651615926715e-06 5.054933799604919e-07
7.611437229312330e-07 -7.147373210010414e-08 -5.192007064686025e-06 2.254300852118660e-07
6.918949966531289e-07 1.050878659713040e-08 -5.322404802486663e-06 -4.215669648789707e-07
5.240493856598183e-07 2.274758835194840e-08 -3.707679652621120e-06 -5.190932940126008e-07
4.958538064800212e-07 5.411190000717306e-08 -3.348745710708510e-06 -9.308440377754668e-07
5.595154719987337e-07 8.339363558850330e-08 -3.499403553276389e-06 -1.637733458884367e-06
6.336738260009042e-07 4.158798770713104e-08 -4.688933253110574e-06 -4.852238207632350e-07
6.236104647713972e-07 6.220512325966506e-08 -3.740521408517885e-06 -2.329181952110580e-06
6.362801104995418e-07 7.822721587059795e-08 -5.562649342011891e-06 -1.093061549439428e-06
6.039306023737350e-07 9.985597287597209e-08 -4.120234707956322e-06 -1.662949685380608e-06
6.163089521336291e-07 9.961315828941103e-08 -5.042606011930268e-06 -1.742249837455122e-06
6.574302714234661e-07 2.094885670708112e-08 -4.089583497800747e-06 -2.999103288450564e-06
5.669867143932791e-07 9.941180438385116e-08 -5.903584595090714e-06 -1.765754972949517e-06
5.659027275231365e-07 7.868376791245349e-08 -5.639225782553447e-06 -2.416257023305401e-06
6.218392698949837e-07 4.727914110294515e-08 -5.022800760278586e-06 -2.792737961894717e-06
6.726712248308285e-07 -6.388728116956610e-08 -4.513904297468749e-06 -3.607102156606607e-06
6.421074716368601e-07 -1.755510925568458e-07 -5.009990900008131e-06 -4.153523471619695e-06
4.627838391903778e-07 9.371789541695243e-08 -6.323156918034571e-06 -2.406895044694600e-06
5.032883765711851e-07 6.726311604687299e-09 -6.029113014916749e-06 -3.141713557347816e-06
5.606649208779331e-07 -1.400167099379408e-07 -5.696973185249684e-06 -3.950503153995467e-06
5.878581220799919e-07 -3.107670922746491e-07 -5.552986469829150e-06 -4.593049309154567e-06
3.274080756759594e-07 6.173368490353294e-08 -6.790704263943963e-06 -2.972192336398479e-06
3.562005248365009e-07 -1.490296424060618e-07 -6.652114042689089e-06 -3.962581325093135e-06
4.871118551873944e-07 -4.436991759755976e-07 -6.120185322061929e-06 -4.958450712877413e-06
3.342128685087556e-07 -5.838805402776640e-07 -6.664837196355422e-06 -5.223644431748729e-06
1.463178480421015e-07 -7.276413505425544e-07 -7.211449576298415e-06 -5.403429093649693e-06
1.423769746375341e-07 -2.055846457392172e-07 -7.274147527547739e-06 -4.168808834005150e-06
1.496771824547210e-07 1.264713262324805e-08 -7.280795238793912e-06 -3.420066167980557e-06
1.902681744720100e-07 -4.636582178621538e-07 -7.157380269464515e-06 -4.858166716622476e-06
-8.993059248580551e-08 -8.421496763039643e-07 -7.726006648513286e-06 -5.533545658971470e-06
-3.682242821622616e-07 -9.387493897348754e-07 -8.240578879353439e-06 -5.612114730796528e-06
-5.704484978354784e-08 -2.571473530122472e-07 -7.721646167892284e-06 -4.336359628029288e-06
-8.075582666554373e-08 -2.004209265989676e-08 -7.764600858953298e-06 -3.746719603760753e-06
-6.710739058165366e-07 -9.997379697811021e-07 -8.745352169527889e-06 -5.642844620140054e-06
-3.101835514598790e-07 -5.097974799958890e-07 -8.194506210561441e-06 -4.859041644079920e-06
-3.534324128034784e-07 -2.523398898588795e-08 -8.251890248256035e-06 -3.944291907646004e-06
-7.335727432019101e-07 -5.648923583175155e-07 -8.853302644420902e-06 -4.945422350645023e-06
-1.051345114172505e-06 -1.051772131489739e-06 -9.305429285691118e-06 -5.665602151033554e-06
-6.572889006266729e-07 -8.197897649732317e-09 -8.745473088406727e-06 -4.012366714493543e-06
-1.619009694243499e-06 -1.104457032613553e-06 -1.010288610223292e-05 -5.709232710715623e-06
-1.148652122170944e-06 -3.031531024320448e-07 -9.456675294795874e-06 -4.551127348851989e-06
-1.048796438563759e-06 4.385438561559671e-08 -9.296177535746448e-06 -4.018235901921854e-06
-2.507905504187942e-06 -1.187074241388260e-06 -1.130045152138976e-05 -5.805144269211977e-06
-2.044262961523880e-06 -4.502058787554209e-07 -1.067696686420872e-05 -4.790995621966698e-06
-1.620834936592763e-06 1.128100637973631e-07 -1.009653913217021e-05 -3.992584505184605e-06
-3.838896695273220e-06 -1.278160415768884e-06 -1.308894568574836e-05 -5.931802335772470e-06
-3.147421078773990e-06 -4.988687990865158e-07 -1.215666389411411e-05 -4.875964073751333e-06
-2.508829197559063e-06 1.934388690626069e-07 -1.129466365060118e-05 -3.926856093213907e-06
-5.378798104299939e-06 -1.356904382521246e-06 -1.515545638613407e-05 -6.037267361235628e-06
-4.584536184294948e-06 -4.975741808141907e-07 -1.409218070604338e-05 -4.887990872576808e-06
-3.839341541548083e-06 2.826285111706867e-07 -1.308613924762207e-05 -3.831080799220546e-06
-7.055065651934822e-06 -1.424560873580673e-06 -1.734628969085315e-05 -6.133816342790629e-06
-6.195654900926341e-06 -4.967316352251382e-07 -1.622997055617645e-05 -4.909994571504753e-06
-5.379047196250060e-06 3.626381380692473e-07 -1.514918776128375e-05 -3.757895963663621e-06
-8.849736542429553e-06 -1.482387619451990e-06 -1.965514252408895e-05 -6.276825480776803e-06
-7.934139917880852e-06 -4.957221613323387e-07 -1.846367691900147e-05 -4.951681250059343e-06
-7.055386713993813e-06 4.320731839179396e-07 -1.733204381716188e-05 -3.725148890495266e-06
-1.074601501078410e-05 -1.531065661205704e-06 -2.220638818015580e-05 -6.458814777681482e-06
-9.782380094031616e-06 -4.944681296266389e-07 -2.087321776786860e-05 -5.000783562240412e-06
-8.850146025405519e-06 4.921619390860764e-07 -1.963778862407795e-05 -3.676342083198892e-06
-1.272754832321682e-05 -1.570478448466164e-06 -2.502755085467910e-05 -6.579890923439412e-06
-1.172413565482447e-05 -4.930689730711757e-07 -2.357952585588620e-05 -5.034736102616223e-06
-1.074647727508894e-05 5.435202162246662e-07 -2.219496620249484e-05 -3.580351796830076e-06
-1.477635944051224e-05 -1.599908987916073e-06 -2.794929733273172e-05 -6.606942608610324e-06
-1.374249491985875e-05 -4.917163312116082e-07 -2.648658067002999e-05 -5.045413548020094e-06
-1.272799101803649e-05 5.857141327121390e-07 -2.502498252550688e-05 -3.503429414816764e-06
-1.687243151301026e-05 -1.619015181200634e-06 -3.087184753262495e-05 -6.627188392138273e-06
-1.581833368823506e-05 -4.905431878576089e-07 -2.940690133544363e-05 -5.044595777184100e-06
-1.477673698648880e-05 6.176829535986087e-07 -2.795061587299411e-05 -3.483537261356733e-06
-1.899593403462703e-05 -1.628984022060555e-06 -3.386692866338424e-05 -6.681806796531537e-06
-1.793118637785809e-05 -4.895783479684872e-07 -3.234980666661361e-05 -5.047921671691655e-06
-1.687274110770168e-05 6.389279643072825e-07 -3.087099451029728e-05 -3.463983870052039e-06
-2.357311984119278e-05 -1.507291666532664e-06 -4.048909077949166e-05 -6.546344835405605e-06
-2.326957038436551e-05 -1.633016317407609e-06 -4.005087203708305e-05 -6.727926326002143e-06
-1.995162006694409e-05 -4.888636799077423e-07 -3.523943360254547e-05 -5.058715864427667e-06
-2.113154810744332e-05 -1.632575200350493e-06 -3.695513749360920e-05 -6.719959663214203e-06
-1.899617946459229e-05 6.506147923113748e-07 -3.386266036305412e-05 -3.424579437617740e-06
-2.369885568913730e-05 -1.203759582351651e-06 -4.067059240642399e-05 -6.108007648097378e-06
-2.298043124812878e-05 -4.882960305843344e-07 -3.963187195355499e-05 -5.073254871931621e-06
-2.113168667439523e-05 6.554279472678219e-07 -3.695113437375865e-05 -3.411236122300652e-06
-2.369886369380975e-05 2.271874360868225e-07 -4.067027911721814e-05 -4.039203895791734e-06
-2.326961986734942e-05 6.563844421070541e-07 -4.004937499175567e-05 -3.417585136428907e-06
-2.357313950084098e-05 5.306803030541647e-07 -4.048844277991819e-05 -3.599753822991475e-06
