6.411026844955380e-05 -8.512568502199317e-06 2.594805527599403e-05 -4.978828413227785e-06
6.438991401203992e-05 -7.838835265197421e-06 2.621242115154079e-05 -4.330128965749668e-06
6.438997755457694e-05 -4.659342007486122e-06 2.642549004723702e-05 -1.342610842877516e-06
6.411029088343615e-05 -3.985328181433773e-06 2.619068428238475e-05 -7.789239690897740e-07
6.343544565166079e-05 -8.791359205806617e-06 2.531337639027757e-05 -5.255003288362182e-06
6.216848852023524e-05 -6.248992728081629e-06 2.431683191199781e-05 -3.055191896080207e-06
6.343531772583535e-05 -3.706385101545162e-06 2.561557209380377e-05 -5.582585889494802e-07
5.868955065200857e-05 -8.778696214734799e-06 2.129476914240879e-05 -5.733752088487935e-06
5.868794530402584e-05 -3.715047505156757e-06 2.178483415762146e-05 -1.876068505310736e-06
5.607750348699332e-05 -6.244228594853042e-06 2.054738979455176e-05 -4.155971872837561e-06
5.396571444520195e-05 -8.759773791440984e-06 2.101441203283836e-05 -4.659802114229195e-06
5.396385215512683e-05 -3.724848262870110e-06 2.050702417088262e-05 -2.840043949230351e-06
5.161056163719759e-05 -6.240976787288675e-06 2.137343216945998e-05 -3.543943127478982e-06
4.926724899619360e-05 -8.741616944084620e-06 2.105032661092868e-05 -5.728831333149018e-06
4.927060156576694e-05 -3.744892329828612e-06 2.073171230409615e-05 -6.992854620592382e-07
4.693485780886157e-05 -6.245598744887079e-06 1.931823768995991e-05 -3.323280402559419e-06
4.461680581552455e-05 -8.720950858435742e-06 1.849456508819815e-05 -5.616167831986147e-06
4.461669372843539e-05 -3.770651510269683e-06 1.764036463163637e-05 -6.722287437570628e-07
4.230858846276237e-05 -6.244439985957866e-06 1.670382698745496e-05 -3.096173249983969e-06
4.002870276821077e-05 -8.677080507670939e-06 1.755151054195664e-05 -3.509773434795669e-06
4.002550928857589e-05 -3.805076940493660e-06 1.692653417639712e-05 -3.068385901140940e-06
3.776069207692393e-05 -6.238057616641135e-06 1.661139296754448e-05 -3.418863804345480e-06
3.552746188046562e-05 -8.620333042820641e-06 1.559941852217412e-05 -4.211645316616001e-06
3.552947266704039e-05 -3.856455474261268e-06 1.558040553757047e-05 -3.651343318300210e-06
3.331251065449085e-05 -6.239853471747866e-06 1.425948722426789e-05 -4.034021402060638e-06
3.113500838300935e-05 -8.559580439046781e-06 1.385043284119587e-05 -3.892866566872170e-06
3.113585877306167e-05 -3.922155999590648e-06 1.346766790824291e-05 -3.862763728760243e-06
2.897972394372301e-05 -6.241852692943622e-06 1.301537524536589e-05 -3.426128511550429e-06
2.687119568921999e-05 -8.486150762891030e-06 1.173352235097551e-05 -3.642180997772254e-06
2.687077490898410e-05 -3.997413411769462e-06 1.156532525100128e-05 -2.594665079017167e-06
2.478586097492057e-05 -6.242046897888501e-06 1.049687225189700e-05 -2.929657916351632e-06
2.275213816285159e-05 -8.402164013283612e-06 1.082545204328416e-05 -1.881630217418629e-06
2.275292459618734e-05 -4.082788402211395e-06 1.089663062820176e-05 -3.815787489132208e-06
2.074640025639816e-05 -6.242264982952731e-06 1.114719783634054e-05 -3.037220372334968e-06
1.880184249938960e-05 -8.302058722082126e-06 9.236188317380450e-06 -4.839024941282170e-06
1.879983050845199e-05 -4.180053504714741e-06 9.555614225395266e-06 -2.189328044034817e-06
1.696123841235377e-05 -6.239324062018895e-06 7.388472391283648e-06 -4.233112640272874e-06
1.518288292271258e-05 -8.197377688396732e-06 6.878918777064912e-06 -4.823449742161974e-06
1.518413551965434e-05 -4.291233664195783e-06 7.073678182284692e-06 -4.311620274819542e-06
1.387028386257496e-05 -6.390218498952263e-06 7.834054626858685e-06 -4.108700542956220e-06
1.259632433471727e-05 -8.097087994627356e-06 8.452738361801563e-06 -3.575951142730079e-06
1.259502651293794e-05 -4.400905221690117e-06 8.340287427667919e-06 -3.026215614371648e-06
1.081189680158851e-05 -8.011543088101525e-06 6.999042874981802e-06 -3.670175307677334e-06
1.113396037893591e-05 -6.858624410774962e-06 7.566464175471523e-06 -2.693586090659909e-06
1.080656993213346e-05 -4.466185146269638e-06 6.367660726423571e-06 -1.911106191578274e-06
9.555798607065702e-06 -4.538458780348848e-06 4.722746213235389e-06 -2.909917976215599e-06
-1.172170964146694e-06 -1.051558030789948e-06 -1.897153778950316e-05 6.965848706868873e-06
-1.175260230204466e-06 -1.077810964351054e-06 -8.935716640567081e-06 -1.085023138706019e-04
-1.212705272189460e-06 -8.331411337406161e-07 2.137372831012067e-05 1.089041213319202e-04
-1.195344898242674e-06 -7.249920406751231e-07 3.242087245285316e-05 1.114183090765438e-06
9.549913202471155e-06 -7.949324333425732e-06 4.199923005523973e-06 -3.219780456060062e-06
8.463081441927229e-06 -7.829713153484506e-06 5.014784962684145e-06 -2.667518079828498e-06
9.278156602152932e-06 -5.821196607761209e-06 4.051463163904277e-06 -2.692402789631055e-06
8.440396688998902e-06 -4.522203240272728e-06 5.543289315577385e-06 -4.326440448394137e-06
-1.185040061148086e-06 -1.031255808524561e-06 -5.944877789515225e-05 6.316510223081833e-05
-1.030816755880087e-06 -8.814444041491732e-07 1.760164523181541e-05 -6.646374422623612e-06
-1.128714225719843e-06 -6.758299099161031e-07 -8.971087505122615e-06 -4.120435513365392e-05
8.101206408245589e-06 -6.790882246643686e-06 5.271415722130647e-06 -2.860861554471070e-06
7.427420138114412e-06 -7.575468469347360e-06 6.197214592592093e-06 -2.409185007749622e-06
6.470698373321151e-06 -7.232942387791742e-06 7.411463599420042e-06 -3.288449196336368e-06
7.776090684838722e-06 -5.420984158592484e-06 6.400522510612656e-06 -3.766053704621075e-06
7.423042311475663e-06 -4.346407556628249e-06 6.754569238252768e-06 -4.149134641019466e-06
-7.445670746541971e-07 -1.086191510403250e-06 -3.063933645504675e-06 8.031237640972961e-07
-7.763049788099903e-07 -7.375324244991686e-07 -1.041986391273907e-05 1.045693291786708e-05
-5.536580841558231e-07 -8.733630161275948e-07 1.621245802584761e-05 -2.576075851651517e-05
5.605576144339457e-06 -6.779413224940639e-06 6.707927467069689e-06 -4.808578340039795e-06
6.327708224830560e-06 -6.216878122268812e-06 7.758107426911943e-06 -4.141848648060356e-06
6.650725648155651e-06 -4.995242613169116e-06 7.085108131590878e-06 -3.738156804879481e-06
6.511201199590097e-06 -4.029928984552456e-06 6.360920782045882e-06 -2.633931992909004e-06
-3.754839460997298e-07 -1.132074579340583e-06 -5.534697013717991e-06 1.109520797069541e-05
-3.583284216049422e-07 -6.856679241509364e-07 -3.686030183330759e-06 2.075549618604012e-05
-1.137391303024918e-07 -9.141234776128756e-07 -5.574623810990922e-08 -2.494055260697815e-05
4.821346240637879e-06 -6.263456831684482e-06 5.326888312964994e-06 -5.465721618631057e-06
4.149889503308153e-06 -5.695110172765322e-06 4.137944585119818e-06 -3.989595310181048e-06
5.546410578659884e-06 -4.817870761005783e-06 5.786051431119458e-06 -2.911662876565004e-06
5.724562636584580e-06 -3.583068321381308e-06 5.490449518515536e-06 -1.047010465334169e-06
1.681918440266392e-07 -1.189654074856200e-06 4.894508397990134e-06 2.706515323952726e-06
1.520925646312121e-07 -6.057111925049742e-07 -3.448612565315563e-06 1.069718307522346e-05
4.323464258637499e-06 -4.866322863349852e-06 4.300600329470722e-06 -2.094780327080099e-06
3.586143106554922e-06 -5.065286042745888e-06 3.529411033359938e-06 -2.031059676058109e-06
4.602313282233680e-06 -3.982115187445712e-06 4.402415559118614e-06 -1.247306138573160e-06
5.080501463394896e-06 -3.062772558586351e-06 5.980774926888720e-06 -1.160118415256070e-06
4.659662454976504e-07 -9.336888968756199e-07 -1.323485314442784e-06 -2.870241495878484e-06
8.199678598933368e-07 -1.311119517867571e-06 8.243012021828151e-08 -3.134518244562595e-06
8.176387421524927e-07 -5.154523469373890e-07 6.028215521103079e-06 -1.624691894459173e-06
3.105112977028983e-06 -4.408104157520552e-06 3.122462090602476e-06 -6.971482686751521e-07
2.742518716424147e-06 -3.760962959527755e-06 3.746027797637028e-06 -1.574354896791095e-06
2.487095491930363e-06 -3.095423598198691e-06 4.502207208097217e-06 -1.844441235444877e-06
4.051294684827554e-06 -3.228840227576318e-06 4.028022064789057e-06 -2.061969926102075e-06
4.576759379015591e-06 -2.501092012472382e-06 5.192513013521364e-06 -5.017022487446623e-07
1.103799789368879e-06 -9.130343939940219e-07 9.368348911288277e-07 1.882236991830607e-07
1.455630647983325e-06 -1.431680606146642e-06 5.335410093192014e-07 8.076771665783181e-06
1.462752220750485e-06 -4.004307735014703e-07 -1.031054103039113e-06 4.590855356815151e-06
3.100511938745901e-06 -3.084723906948958e-06 3.326238312602320e-06 -2.073491774806744e-06
2.308875790526639e-06 -2.445103427408532e-06 5.856182156946959e-06 2.914151856465797e-07
2.023808372691656e-06 -1.531367155804259e-06 4.531602043915014e-06 -1.448467797298635e-06
2.181961266429589e-06 -1.625114612235769e-06 5.634791038748280e-06 -3.811398765920245e-06
2.248797858582090e-06 -1.825523375565358e-06 6.902090953104965e-06 -3.682078265092365e-06
3.672550834643666e-06 -2.420361620942675e-06 3.375431331371760e-06 -1.088066579198320e-06
4.192284222877945e-06 -1.932518172096491e-06 3.512904706834379e-06 -2.747604674080730e-06
1.773450186260147e-06 -9.944972373753961e-07 2.787585969429597e-06 1.648504192501625e-06
2.071972971866420e-06 -3.106108456685258e-07 6.158960810560796e-06 -3.494961247159033e-06
2.737075665791349e-06 -1.998325353550952e-06 3.703716073659449e-06 -1.434674448582189e-06
2.213695530563012e-06 -1.246178766876514e-06 3.343476167693547e-06 -1.994520814652774e-06
2.396784287200047e-06 -1.552907111000365e-06 5.547531797252007e-06 -4.023026349498808e-06
3.419426878275315e-06 -1.759684171224140e-06 2.926028454615720e-06 -1.328225328001732e-06
3.937769767041281e-06 -1.390216225463810e-06 3.260285536199139e-06 -1.150240488059190e-06
2.258100895871045e-06 -6.507030027911076e-07 2.151559694539233e-06 -9.101875361395148e-07
2.259877992710030e-06 -2.211753219642182e-07 4.190460933088171e-06 -4.120962457418429e-06
2.883164232555524e-06 -1.089156723936125e-06 3.647999280730751e-06 9.894872249365714e-07
3.832075967214762e-06 -8.740546893096708e-07 4.205144349182882e-06 6.693843213850137e-07
3.807550743903090e-06 -4.018847384881702e-07 5.331900556492664e-06 8.848664593981526e-07
2.624404440342055e-06 -3.236808706522268e-07 1.641593648334234e-06 -9.712398719635432e-07
2.375732693742527e-06 -4.675490752636847e-08 4.213481227084066e-06 -3.699565498058965e-06
2.526747225059557e-06 4.049077490177480e-07 3.660482664858767e-06 -1.312131970108279e-06
3.354376353400556e-06 -3.227388816268403e-07 3.965213048494949e-06 9.456414699240544e-07
2.727786743597443e-06 8.052660282357773e-07 2.787302410313027e-06 1.533070019626568e-06
3.881170994304891e-06 5.867319631149089e-08 6.056724650776958e-06 2.810438212749171e-06
2.951726280829759e-06 4.318470366603392e-07 3.722893432393961e-06 -3.891324123642444e-07
3.534506321174845e-06 4.630464629849085e-07 5.554912943978272e-06 2.835032274730714e-06
2.955283551229984e-06 1.170971528848910e-06 3.016584502895980e-06 4.098995486043849e-06
4.027658347876456e-06 4.635604649686481e-07 5.614105544461988e-06 4.622574168069257e-06
3.859891659185437e-06 8.328381748711164e-07 5.710161538759631e-06 4.648131705526688e-06
3.504959633403970e-06 1.051335703679989e-06 5.564475641202436e-06 3.997254260621473e-06
3.214964850514988e-06 1.484606242349699e-06 3.704727550855242e-06 4.602065498292800e-06
3.490563014309827e-06 1.752646490504636e-06 4.385760535766521e-06 4.249186970595513e-06
4.225319547079917e-06 8.200164373975597e-07 5.580571194944599e-06 4.993176548279196e-06
4.057988486706719e-06 1.212199373421649e-06 6.134057741991036e-06 3.709099156950405e-06
3.867217153218326e-06 1.638540290411236e-06 5.703741212023942e-06 3.423694746001269e-06
3.787987817491560e-06 1.970951829603449e-06 4.982657225639555e-06 4.243002988879988e-06
4.458826334831304e-06 1.112193851506770e-06 5.785636378662518e-06 3.505133002557288e-06
4.378093069967085e-06 1.626712027289249e-06 5.250476623452043e-06 1.865953742820665e-06
4.087612290782660e-06 2.151541699139457e-06 3.713155806175634e-06 4.323839481369276e-06
4.388985014627460e-06 2.287443953520254e-06 4.133288248944700e-06 5.432653752683816e-06
4.687144005055599e-06 2.368542958437748e-06 5.633902507601702e-06 6.872587450229477e-06
4.720201485055089e-06 1.731316276059668e-06 4.905702112662113e-06 2.670444794430770e-06
4.718980825931820e-06 1.337185570401722e-06 4.551526171302305e-06 1.773222767760109e-06
4.659503403287448e-06 2.090604994266523e-06 5.116088176440745e-06 4.521093329325773e-06
4.967705430858300e-06 2.419857610600893e-06 8.869739223540424e-06 7.512420808247157e-06
5.236945358477002e-06 2.434796738664783e-06 9.006554096092566e-06 6.295107337461047e-06
4.970504258967616e-06 1.817146618175536e-06 7.220074632579395e-06 4.574521017231945e-06
4.989750840526190e-06 1.510470554225832e-06 6.255095167144070e-06 2.327510707203295e-06
5.496409729029214e-06 2.422074329349573e-06 7.544402832410128e-06 5.579897078715238e-06
5.225195857582188e-06 2.071606887627121e-06 1.007783515669301e-05 6.677885652662407e-06
5.251226689080264e-06 1.624950441095061e-06 9.911453554472780e-06 5.342157934193300e-06
5.555310529494441e-06 2.104105287302113e-06 8.553160747117673e-06 5.233748763962420e-06
5.751328265500436e-06 2.391774929959490e-06 9.132722895761557e-06 5.625945885436630e-06
5.502250888430762e-06 1.672002678382076e-06 1.097651055513477e-05 6.623151890112292e-06
6.064533664523740e-06 2.361365257863772e-06 1.349156497386437e-05 5.948947997723097e-06
5.829554439878173e-06 1.934928368579662e-06 1.009266829377579e-05 3.672421701250763e-06
5.749618945010442e-06 1.703503403843533e-06 1.078480147101036e-05 4.842869316167618e-06
6.439526971839872e-06 2.305950751050095e-06 1.175152871618396e-05 8.185272733951527e-06
6.268981538036361e-06 2.025395270352497e-06 1.195003646934699e-05 5.023278759245444e-06
6.066617907913064e-06 1.744754424076334e-06 1.029792742166786e-05 2.017475575761682e-06
6.841563907276711e-06 2.241074312111612e-06 1.547316073749543e-05 6.131295329136709e-06
6.658352346607189e-06 2.046883703071135e-06 1.395361988934484e-05 3.994527173657537e-06
6.440695470827209e-06 1.793853313146972e-06 1.350511906997566e-05 4.925548722467489e-07
7.155576766162360e-06 2.192825532313356e-06 1.634381862271602e-05 5.708973127032465e-06
7.013199962211005e-06 2.050079974003967e-06 1.582478838629983e-05 5.773607667312408e-06
6.838034796042289e-06 1.857735608617062e-06 1.391421295913363e-05 3.299699829597868e-06
7.376819553204641e-06 2.137060688166807e-06 1.957419947534732e-05 6.792838075046271e-06
7.284651463198724e-06 2.042475187098311e-06 1.763118994185811e-05 5.100022623802714e-06
7.159835902168031e-06 1.900805781091548e-06 1.677667212788311e-05 5.610600674406054e-06
7.515419599104967e-06 2.101922152462948e-06 2.190498872798309e-05 5.750832467868846e-06
7.456126476646491e-06 2.039734466540150e-06 2.148121243054244e-05 3.846340168908183e-06
7.377716969713249e-06 1.943617070394073e-06 2.036033629544473e-05 1.777330624279222e-06
7.592356147415862e-06 2.074712981817225e-06 2.283310024312170e-05 7.181361104671316e-06
7.563456575196763e-06 2.044591349525607e-06 2.141412163259278e-05 5.374803188495193e-06
7.512839772335324e-06 1.982141301598310e-06 2.070700644721875e-05 3.481625515143832e-06
7.614706910724673e-06 2.051906995955793e-06 2.737683654755710e-05 5.888905299973682e-06
7.610824830249463e-06 2.046069544579118e-06 2.573699177810489e-05 4.292685325024781e-06
7.592221698425144e-06 2.016654183793273e-06 2.371506046136130e-05 2.724088187258934e-06
7.601824549259175e-06 2.031901201083570e-06 2.972991274046244e-05 7.163721851055518e-06
7.613971826514012e-06 2.044721966636525e-06 2.817348557723648e-05 4.642244596057651e-06
7.615050699002471e-06 2.039236089012655e-06 2.725501637273506e-05 2.609286874444889e-06
7.566651051911616e-06 2.022427657909850e-06 3.163369213127624e-05 6.312365661234231e-06
7.586687149427398e-06 2.042725037904417e-06 3.077029844594140e-05 6.233368170150387e-06
7.603142240051910e-06 2.055091551823346e-06 2.865264801969679e-05 4.018932465896523e-06
7.529061665899678e-06 2.022561165268927e-06 3.553963402612872e-05 5.098115390857049e-06
7.546668554662919e-06 2.045043059069207e-06 3.367192907800168e-05 4.378910467545645e-06
7.565062536370586e-06 2.065143439043162e-06 3.286297282368230e-05 4.516104053511578e-06
7.399918194626166e-06 2.005894198471133e-06 4.253633445763351e-05 4.979264140802976e-06
7.408683562096074e-06 2.002281410657975e-06 4.266833307879119e-05 5.021729585620860e-06
7.511139640448209e-06 2.043902657731459e-06 3.796961644774772e-05 4.153495225430775e-06
7.478178311708892e-06 2.008106925044762e-06 4.199976048576261e-05 5.934009800785555e-06
7.529443684582202e-06 2.067209702472365e-06 3.542597893187875e-05 3.055403935771872e-06
7.396281827418397e-06 2.014618086960079e-06 4.247064567126359e-05 4.970013131946691e-06
7.418548703651448e-06 2.036176314507869e-06 4.293168703332862e-05 5.069746632292633e-06
7.480724094701407e-06 2.073350091625731e-06 4.168645509810582e-05 3.267598240656509e-06
7.396534445538442e-06 2.057189720960797e-06 4.254585786777549e-05 5.129242804530995e-06
7.409690962501426e-06 2.070599182652368e-06 4.265699389698488e-05 4.940019175760435e-06
7.400385978574305e-06 2.066615345456882e-06 4.259086394892437e-05 5.027161329645048e-06
