8.177130905434437e-05 -1.322703305928112e-05 -7.703153827203941e-06 4.676975414289964e-07
8.205457243148197e-05 -1.254400884454819e-05 -7.750091984255199e-06 1.840523909583320e-07
8.205486644061703e-05 -9.322645230577035e-06 -7.907586727595691e-06 -1.281630709844771e-06
8.177163589289681e-05 -8.639730928307614e-06 -7.879001886972114e-06 -1.511554735332736e-06
8.108762956366143e-05 -1.350978643507863e-05 -7.550148370389233e-06 6.033902216718389e-07
7.980536284424407e-05 -1.093371458804480e-05 -7.711558024830206e-06 -3.651109629258894e-07
8.108802402437633e-05 -8.357056558270950e-06 -7.762173501025560e-06 -1.609514006756825e-06
7.628020225614332e-05 -1.350443944083352e-05 -8.118667336870059e-06 1.108378112931372e-06
7.628064951451808e-05 -8.365188334961937e-06 -8.353531116072774e-06 -7.163444737840538e-07
7.363616511297806e-05 -1.093500591899319e-05 -6.828729421104016e-06 3.913408423473536e-07
7.149306276840732e-05 -1.350208572929792e-05 -6.317775311485570e-06 -1.253937712715944e-07
7.149187552380577e-05 -8.366191125801857e-06 -6.166565502692642e-06 7.185032967170030e-07
6.910007108697402e-05 -1.093296134713776e-05 -5.630816692701741e-06 -9.521214333109496e-08
6.670296980194158e-05 -1.350607519985032e-05 -4.456147539131870e-06 -4.406377831594625e-08
6.670347492266307e-05 -8.359415959934985e-06 -4.909295330467296e-06 -4.117562287716563e-07
6.430308779448420e-05 -1.093302427313928e-05 -4.569261997621469e-06 -6.654106821458237e-07
6.190612648649210e-05 -1.349877805969942e-05 -4.300529607100577e-06 -6.333798083139217e-08
6.190654064694083e-05 -8.368635994518709e-06 -4.714233903774511e-06 -1.446938011720775e-06
5.951405815932797e-05 -1.093470076631919e-05 -4.962415672344350e-06 -5.175716139407111e-07
5.713661999352757e-05 -1.348026553486419e-05 -3.068318886649504e-06 1.356882538918077e-06
5.713802408815255e-05 -8.392488148411162e-06 -4.774614695293720e-06 -6.209620618215512e-07
5.476344376688223e-05 -1.093818891169655e-05 -2.799390027209321e-06 7.592176309768313e-07
5.238978390487804e-05 -1.348161850650186e-05 -2.346471483348470e-06 -3.074812507775666e-07
5.239177348165463e-05 -8.398957207764218e-06 -1.884974535318073e-06 5.820991973794794e-07
5.002034919766161e-05 -1.094178466143254e-05 -2.074912759810533e-06 -2.962427870180653e-07
4.765772245231551e-05 -1.347137419751243e-05 -1.381000379840132e-06 -5.594778171822600e-07
4.765544469714344e-05 -8.409291052257811e-06 -1.780764576584113e-06 -6.896703631949718e-08
4.529191227561874e-05 -1.093848418271295e-05 -1.045244055900744e-06 -2.435209242991672e-07
4.292472155045320e-05 -1.346700271906629e-05 -1.985794535863922e-06 -2.520130603988440e-06
4.292638516568476e-05 -8.408699141911456e-06 -1.149907036978386e-06 1.481734781917993e-06
4.055951233702650e-05 -1.093859631986723e-05 -2.030029376974284e-06 -1.255471209432895e-07
3.819675127732634e-05 -1.346546421188125e-05 1.345678812153605e-07 1.132805086590886e-06
3.819466822946096e-05 -8.410651983476596e-06 -1.782398467846300e-06 -4.806397646877297e-07
3.583362037170793e-05 -1.093862945123423e-05 2.172149775913371e-08 1.110372908202641e-06
3.347223542687802e-05 -1.346903942777734e-05 -1.519332153887298e-06 1.245373611695176e-06
3.347548312560581e-05 -8.414913098947970e-06 1.194404507338438e-06 -1.624766734589468e-06
3.121379274370192e-05 -1.094321561276352e-05 -8.327341354260286e-07 -9.031237250907764e-07
2.896195881416666e-05 -1.346164202181266e-05 8.637502670598523e-07 2.823678118983009e-06
2.895847842057997e-05 -8.421171423898772e-06 -1.509314425006391e-06 -1.408188663220101e-06
2.727174464304937e-05 -1.113581907067166e-05 8.550949153064989e-07 1.537711729553656e-06
2.554575778505264e-05 -1.345416785378852e-05 2.910284541976904e-07 6.001721549993070e-07
2.554878222679936e-05 -8.425123291394538e-06 1.568890545281423e-06 -1.964125907688358e-06
2.306394646153213e-05 -1.344559266003020e-05 -4.815002541845228e-08 -9.114795855568103e-07
2.354674927569081e-05 -1.179547112399859e-05 -2.490237477756615e-07 -1.315689248951446e-06
2.306241135927825e-05 -8.432457304555812e-06 -1.237620832525168e-06 8.058846889756834e-09
2.126566954887518e-05 -8.443424248186497e-06 -1.328556639458445e-06 1.375917105861931e-06
-3.687261778129499e-06 5.672880149707335e-08 1.526782884068679e-05 -9.432904024692561e-06
-3.730894328356680e-06 2.793386117851964e-07 -8.551280887156028e-06 5.228757986495311e-05
-3.706503475718547e-06 9.009590084357729e-07 4.817506186529454e-05 1.500478183264002e-05
-3.668312039546370e-06 1.038101931154192e-06 6.585761227674333e-05 1.757629234620333e-05
2.126598969478409e-05 -1.343944697267574e-05 2.176971918185244e-06 -1.211129574953235e-06
1.963971291271519e-05 -1.333923423503519e-05 1.764974588943866e-06 2.318044351450345e-07
2.090012060932148e-05 -1.031710095489323e-05 -5.979164581612157e-07 1.124557551848697e-06
1.964141472261786e-05 -8.313919490730751e-06 5.459018548464891e-07 9.897002953264977e-07
-3.538339564551460e-06 -5.319862839228522e-08 3.622544484230909e-05 -2.875493891987488e-05
-3.214623289515944e-06 6.118908966421555e-07 -5.789258161958806e-05 -2.092322384124355e-05
-3.571450298548311e-06 1.111276932582362e-06 7.064653169982092e-05 2.244944157242653e-05
1.912179552929829e-05 -1.180191586959839e-05 6.698730124998152e-07 1.747342025370503e-06
1.803769586807943e-05 -1.305475342782838e-05 -2.035220536997538e-06 7.143518688522778e-07
1.648629139070409e-05 -1.259929379779812e-05 -3.460733205061404e-06 -3.960485732612840e-07
1.863722507662394e-05 -9.679028792169464e-06 1.022815399210545e-06 7.782034064275682e-07
1.807808773938196e-05 -7.906061216153567e-06 -2.792209678081693e-07 -1.523228379151508e-07
-2.329296645700198e-06 -1.789307684284270e-08 1.296881725988798e-05 1.897755096545384e-05
-2.324011222749716e-06 1.174267308765500e-06 1.315226152352650e-05 -3.983186577703885e-06
-1.699533581355351e-06 5.462762770620675e-07 -1.148885997468509e-05 -1.422380870535099e-05
1.499931744709771e-05 -1.197008673412903e-05 -9.776897305984197e-07 -6.552616484936925e-07
1.628416477127243e-05 -1.099509739146739e-05 -2.327893445917071e-06 -2.491710102774068e-07
1.682648977014614e-05 -8.954600248512993e-06 -6.741071363425304e-07 8.506780908706231e-07
1.661084626521875e-05 -7.227800268633854e-06 -5.766781031169108e-07 -2.021618368360990e-06
-1.047696050173941e-06 -1.288489080813761e-07 8.952141153963665e-06 4.170892147296920e-06
-1.042642598132608e-06 1.297687710291151e-06 1.695718393794327e-06 1.147299024241613e-05
-2.832082187880584e-07 5.571358642115350e-07 -7.849508898286145e-06 -1.327000436209298e-05
1.359281775944216e-05 -1.117330969402960e-05 1.938531673229773e-06 -6.565017121686757e-07
1.228558670081176e-05 -1.022258536448477e-05 3.123597241649781e-06 -1.406151814024223e-06
1.492979170633315e-05 -8.628464997704629e-06 7.411358222059478e-07 3.027893176832271e-07
1.527947482039018e-05 -6.304212583782646e-06 -1.119629005895829e-07 -1.302464105472746e-06
5.856714316601004e-07 -3.314373082986528e-07 2.666384218034680e-06 4.853735986751288e-06
5.856394787632017e-07 1.556137740871781e-06 3.631280822360458e-06 5.884780632348264e-06
1.261565334638916e-05 -8.736870507781026e-06 2.197476548165217e-06 -1.048587024073956e-06
1.110770065370335e-05 -9.131489907744588e-06 1.648490750861235e-06 -8.941805566359750e-07
1.317031999388951e-05 -7.039733965315452e-06 -1.247950712789121e-06 -5.419016947046103e-07
1.413721607519239e-05 -5.175266516192706e-06 1.604651025743610e-06 6.115467850410978e-07
1.531937104698568e-06 5.612231437742833e-07 -4.045089951251577e-06 -6.695535569095181e-06
2.687100327714795e-06 -6.723509114456199e-07 2.544232044821415e-06 6.032214822011576e-07
2.677359243836307e-06 1.899015112313606e-06 -1.037371759096108e-06 2.269150535937658e-07
1.006341278877334e-05 -7.915274594267636e-06 -5.926605888224946e-07 3.386322012596209e-06
9.162530517776261e-06 -6.596574169144898e-06 -7.471024110512257e-07 -8.637687020391903e-07
8.413342617157382e-06 -5.185546038358242e-06 -1.721063193806399e-06 -4.036742616899072e-06
1.203869702234418e-05 -5.501258484391803e-06 -1.214841406929742e-06 -1.427730545302376e-06
1.321829081992541e-05 -3.875714209085832e-06 3.099481861182989e-06 8.631122106146666e-07
3.588792235068895e-06 6.059170023565175e-07 1.882963605426253e-06 -5.212765970372272e-06
4.691319437804501e-06 -1.042246225720529e-06 -5.642643032586440e-06 1.727077390759036e-06
4.696486296979552e-06 2.224837135368232e-06 -3.720841660239558e-06 7.265146960267979e-06
9.922728844827369e-06 -5.189819818930137e-06 -1.759935745714311e-07 -3.332269424616534e-06
7.829981537462137e-06 -3.705392057321162e-06 5.166693097054158e-07 7.846837615240605e-07
6.559340914133431e-06 -1.319399468638981e-06 4.857320206447948e-07 -6.147422586380378e-06
7.112012319979754e-06 -1.590174344288715e-06 4.741866519031857e-06 -9.147826316466436e-06
7.421107904385375e-06 -2.145082452252785e-06 7.742189281470680e-06 -7.628949048209796e-06
1.123938171718243e-05 -3.686111366674976e-06 1.728355974511322e-06 -6.170263895421631e-07
1.254187712591840e-05 -2.452506493914823e-06 1.778831209024870e-07 -5.154078183128079e-06
5.707030903774505e-06 3.647601125306213e-07 1.990076097448152e-07 5.082219878179555e-06
6.526388233548660e-06 2.471405699780712e-06 7.677115465139723e-06 -1.511771537165851e-05
8.873985656920979e-06 -2.643431094289305e-06 6.122629765330340e-07 1.138753332862472e-06
7.133002401185119e-06 -4.549882145852937e-07 -8.543994543796996e-07 8.818386263634188e-07
7.786420153948164e-06 -1.386644640055199e-06 6.456492948804335e-06 -6.463031287831590e-06
1.064897448516082e-05 -2.018356117570502e-06 -2.355732807885008e-06 3.191829837602927e-06
1.213776271511395e-05 -9.555650915958397e-07 -4.965014019904733e-06 -2.667018183186796e-06
7.128043539305108e-06 1.385024489186302e-06 -6.554619598180840e-06 -2.256193498398171e-07
7.020520366921828e-06 2.757973303981886e-06 7.142694249723243e-06 -1.450945918494662e-05
9.170332963043102e-06 -1.143092815208292e-07 -3.558887571102381e-07 6.953577493737441e-06
1.202075088089646e-05 5.693709537098817e-07 4.271532319616121e-07 -9.287839213019290e-06
1.226258626990879e-05 2.118725534828592e-06 9.871301576707913e-07 -3.826462743813130e-06
8.197510269065790e-06 2.379205387694103e-06 -5.188008207106474e-06 9.076619415101748e-07
7.300395053246767e-06 3.382915042038152e-06 1.244840939920599e-05 -9.724456171439849e-06
7.625321777418418e-06 5.119224545695331e-06 9.476537558501515e-06 4.428619093743183e-07
1.068122368062279e-05 2.288829214597913e-06 2.411682633954093e-06 1.576977208915242e-06
8.166884266924438e-06 6.864134014934245e-06 1.920663055037971e-06 9.321779996458263e-07
1.284248194761392e-05 3.717286093685528e-06 -5.429932430434782e-06 -1.324937953203847e-06
9.172879799213813e-06 5.155807809553919e-06 -2.447202658425033e-06 4.066939743627246e-06
1.151785972035775e-05 5.293978510329142e-06 1.639965085980724e-06 -6.162982693811110e-07
8.965395430338670e-06 8.562696158819300e-06 -2.219960468020273e-06 -1.872627978830467e-06
1.375945461255565e-05 5.306876610450749e-06 -5.010740902254378e-06 2.030227343652185e-06
1.307199957192158e-05 6.919086898440864e-06 1.211249473195363e-06 -1.235481228367369e-06
1.136855481839987e-05 7.961029259496881e-06 1.407742256069272e-06 -9.094866690084361e-07
9.958368026078469e-06 1.023057607970184e-05 1.588877316536059e-06 -2.764799825110792e-06
1.121455643526709e-05 1.183190430305714e-05 -3.741122181628109e-07 9.616268532950704e-07
1.501915924453911e-05 6.795977781947785e-06 -1.151117546021406e-06 7.909635114324125e-07
1.414853986726566e-05 8.800505211785186e-06 1.558221471758355e-06 -1.308501384279535e-06
1.311168955628771e-05 1.120857347652714e-05 -1.559943080336934e-06 1.531825654545326e-06
1.266850313291541e-05 1.333787964896648e-05 -2.247517729612758e-06 1.717001998865993e-06
1.658621440033683e-05 8.143940491736537e-06 1.707019376751685e-06 -2.271224384927390e-06
1.612556729711188e-05 1.120431247166342e-05 7.261031516542730e-07 -3.811743757481477e-07
1.434681306503299e-05 1.467952649891743e-05 -2.131692916318903e-08 7.461395012013322e-07
1.625753038045316e-05 1.587076111154925e-05 3.692947078159694e-07 -3.261406211191410e-07
1.832820070667196e-05 1.687393455272716e-05 6.997962890524592e-07 7.608377675947624e-07
1.848020712470143e-05 1.188401843016062e-05 7.892987910356156e-07 -7.796251295331883e-07
1.845097386107883e-05 9.290850424818554e-06 1.175455601182367e-06 -3.791923937298553e-06
1.800949708336415e-05 1.452141195481895e-05 5.714206275760051e-07 -3.723845940535684e-07
2.056804514415754e-05 1.761910033115027e-05 9.715233388691832e-07 1.782900135329473e-06
2.293649579173725e-05 1.812457366274738e-05 9.694979205354532e-07 1.330687659601222e-06
2.040280611044127e-05 1.247040017966007e-05 1.785625643814984e-06 -5.780267455336308e-07
2.058860429101956e-05 1.013816247831255e-05 2.393260579687163e-06 -2.105336481542570e-06
2.537861148481223e-05 1.835199873922063e-05 1.656149204565263e-07 9.735409520918503e-07
2.261956741672069e-05 1.468745462639805e-05 1.627017056060633e-06 -1.315856358535545e-07
2.291225394825190e-05 1.062675387849248e-05 1.278939204848437e-06 -8.267500433320882e-07
2.591188783197848e-05 1.507131890956928e-05 2.023361049524416e-07 3.214401140033394e-07
2.816151864295905e-05 1.845539922369783e-05 -1.422038699304734e-06 1.147216221574786e-06
2.535288879024657e-05 1.075433764163683e-05 4.060346165555511e-07 -4.432395965290559e-07
3.206652038832151e-05 1.855953092927946e-05 -4.153085037338136e-07 9.878669859345125e-07
2.894048828650415e-05 1.318250965957468e-05 -2.114851882523785e-07 4.030280596653496e-08
2.815358901704080e-05 1.065527027833599e-05 -9.899188256238749e-08 -2.953063449480639e-07
3.763256719763124e-05 1.872042687677911e-05 2.475357202190640e-06 -2.774034750730111e-07
3.483212613620519e-05 1.423427067980233e-05 2.031385291044951e-06 -6.372145000579787e-07
3.206649577545122e-05 1.052663892359699e-05 1.737716872141512e-06 -4.054317814147774e-07
4.528461975085567e-05 1.889484540976423e-05 1.485216687535281e-06 1.117494131234211e-06
4.140752917723522e-05 1.455190211278616e-05 9.400178652161681e-07 1.059849730028310e-06
3.763188509759093e-05 1.037438163443185e-05 8.254295707176697e-07 8.948804422425035e-07
5.354115218909716e-05 1.903941821314413e-05 3.541365539284547e-06 6.129526196254008e-07
4.937083640332904e-05 1.455018422819642e-05 2.767290293666335e-06 -2.532552217208552e-10
4.528679833458363e-05 1.020372371082177e-05 1.744382473521303e-06 7.333003730293555e-08
6.205285705912919e-05 1.917878951630918e-05 3.860125312113917e-06 6.553339936366321e-07
5.775163153744336e-05 1.455587248891714e-05 3.857086029403255e-06 9.083941745932192e-07
5.353808002809309e-05 1.006841491275603e-05 3.100303514470683e-06 7.355785341096092e-07
7.079657979115801e-05 1.928539997483907e-05 5.707218256721239e-06 9.829147912985458e-07
6.639216744183597e-05 1.455457385963730e-05 4.852608824216839e-06 -1.237225610192320e-06
6.205362391414411e-05 9.931240418389956e-06 5.483571941475262e-06 -3.503272472856577e-07
7.973367297477994e-05 1.938771391566803e-05 5.268263324874331e-06 1.207479479473119e-06
7.523231308201820e-05 1.455744217046310e-05 4.969804342944197e-06 5.852691845454015e-07
7.079544392549558e-05 9.825247176163429e-06 3.874230833870368e-06 -2.132601207787725e-06
8.883288926854294e-05 1.946573241331021e-05 9.022077862567037e-06 4.755697049565060e-07
8.426085415710858e-05 1.456104839809049e-05 7.552201361659627e-06 -1.341997496748270e-07
7.973264175224930e-05 9.731387388151489e-06 6.474412773094314e-06 -4.472670593391712e-07
9.804063811480530e-05 1.952309744568957e-05 9.209986878741124e-06 8.287525253962985e-07
9.341957418273365e-05 1.456420634057788e-05 9.039229546216375e-06 2.436978247839952e-07
8.883168543409746e-05 9.659081215547452e-06 8.376421535730125e-06 -3.796019791431767e-07
1.073369350931796e-04 1.956252594789877e-05 9.605709502089438e-06 -1.573124979928532e-06
1.026760324391751e-04 1.456615456468214e-05 9.806804122466343e-06 6.189697720424316e-08
9.803941055374672e-05 9.608180500138236e-06 9.585482095700851e-06 -5.919455965336860e-07
1.167061865821437e-04 1.958771821940949e-05 1.251885123317779e-05 2.303225550652587e-06
1.120119008504293e-04 1.456215179101825e-05 1.013968613079218e-05 6.695947913734479e-07
1.073395363179789e-04 9.565685819839339e-06 9.190609876429650e-06 2.322809638219699e-06
1.368330838722031e-04 1.903426690113776e-05 1.209323608491943e-05 -1.204475320561072e-06
1.354991946158670e-04 1.958655579923338e-05 1.246219809572284e-05 -1.145026843988165e-06
1.209181488144592e-04 1.456271301236811e-05 1.276165737078956e-05 4.766368854829898e-07
1.261103968672458e-04 1.958736242380078e-05 1.115603051416127e-05 2.175774322640709e-06
1.167048543128841e-04 9.536784991307288e-06 1.266119849801101e-05 -1.058875692010747e-06
1.373856310339567e-04 1.770069335238455e-05 1.192550330271703e-05 -1.088151808485971e-06
1.342295689119568e-04 1.455728822013562e-05 1.317776448689109e-05 2.245409819651703e-07
1.261123616207644e-04 9.534988752670624e-06 1.126112412493812e-05 -1.615813902633798e-06
1.373864423908092e-04 1.141281699596332e-05 1.179098950517952e-05 1.655221528374476e-06
1.355006147932660e-04 9.527741637717929e-06 1.235988679947755e-05 1.771853188007780e-06
1.368340915790356e-04 1.007974091709325e-05 1.196249255966526e-05 1.815201245511274e-06
