-1.385789027542161e-04 1.950904107844875e-05 -6.464462567133138e-06 3.559452381541854e-06
-1.391379321908846e-04 1.816142347130927e-05 -6.797250336274597e-06 2.989428779734802e-06
-1.391383998462225e-04 1.180496668678016e-05 -6.557894635844418e-06 -1.286010310651471e-06
-1.385793910013359e-04 1.045724666433333e-05 -6.182059318255292e-06 -2.010070393915884e-06
-1.372297181413679e-04 2.006683532291334e-05 -5.688530754168472e-06 3.707552766484273e-06
-1.346993754234057e-04 1.498332467017747e-05 -4.133786740002696e-06 5.267291651786458e-07
-1.372301785144367e-04 9.899406527614382e-06 -5.303503993804493e-06 -2.251085354853116e-06
-1.277439563574774e-04 2.005460250854653e-05 -4.102298901354896e-06 -2.008097039745839e-07
-1.277439457195280e-04 9.911619222504321e-06 -3.662426127880193e-06 -5.860234703996032e-07
-1.225152839598568e-04 1.498276944542749e-05 -3.848026497367915e-06 -5.683726328442308e-07
-1.182701588704460e-04 2.005341190056131e-05 -2.668724114550843e-06 3.502443743989376e-07
-1.182681117902923e-04 9.909157530003952e-06 -3.177858963060940e-06 -1.194029576438172e-06
-1.135306929633380e-04 1.498061898234763e-05 -2.150696262487064e-06 -2.749525610155536e-07
-1.088076697803452e-04 2.003042641480713e-05 -2.613911018005747e-06 4.923113999769791e-07
-1.088089844578378e-04 9.932360551951775e-06 -1.510938689388113e-06 -2.196212725106803e-06
-1.040971953926473e-04 1.498356022647742e-05 -2.633470057536158e-06 -1.053244700732390e-06
-9.940759711789443e-05 1.999339573987978e-05 -3.049762947369525e-06 -1.303180140914334e-06
-9.940805504444183e-05 9.975404945591069e-06 -3.079951514161022e-06 7.189404315780056e-07
-9.473124022102169e-05 1.498450213591339e-05 -2.552791860614504e-06 1.676003430738550e-07
-9.009159956660580e-05 1.993750829123690e-05 -1.653528766473934e-06 -3.449365264932592e-07
-9.008710719870931e-05 1.002721520928584e-05 -5.146507776630728e-07 4.159755172790653e-07
-8.546794335746709e-05 1.498011125715037e-05 -5.988146639080254e-07 -1.004903056491627e-06
-8.088211350220692e-05 1.987612147942875e-05 -4.678437139716713e-07 -1.086575821749482e-06
-8.088482054491930e-05 1.008612821449075e-05 -4.118629771713558e-07 -1.885918754503518e-06
-7.632296720203883e-05 1.498212761560995e-05 -3.602382527761558e-07 -1.327567916830816e-06
-7.182123897201664e-05 1.978226598428178e-05 -2.331880674143058e-07 -7.024703363069902e-07
-7.182163140430836e-05 1.018303715817883e-05 7.252132643259203e-07 -1.207225114937581e-06
-6.734677299188216e-05 1.498423985673744e-05 1.625771264946400e-07 -1.191609202972289e-06
-6.293346762695890e-05 1.968362932610598e-05 6.338086073615707e-07 1.648705100699146e-06
-6.293243425529419e-05 1.028551324691878e-05 -1.038681533936712e-06 -2.441942212666871e-07
-5.855210150597681e-05 1.498331777027806e-05 7.976933036562968e-08 1.251503415048318e-06
-5.424593073355421e-05 1.956446473186298e-05 -4.194915758072955e-07 1.410907715919894e-07
-5.424584492041162e-05 1.040293614201854e-05 6.947177664551478e-07 -1.021503881127853e-07
-4.998179778636415e-05 1.498145179360981e-05 -6.906289029086553e-07 -1.207482730581295e-06
-4.581026572815566e-05 1.941747982339257e-05 4.656136239295034e-07 -2.311926779495696e-07
-4.580876257421909e-05 1.054534148098979e-05 -9.226047298922662e-07 -8.929298906288075e-07
-4.185023992854550e-05 1.498100591591388e-05 1.509420092784281e-06 7.693281306243387e-07
-3.799177839837715e-05 1.924758340442302e-05 4.352223571600391e-07 -2.447280755128788e-06
-3.799396673452012e-05 1.072486387150238e-05 2.393754274994550e-06 2.490887937867836e-07
-3.513242451364535e-05 1.530315721925441e-05 1.090476980394091e-06 -1.724494969484120e-06
-3.232353016169895e-05 1.907419978118829e-05 -7.550704833809758e-07 -2.758449040425998e-06
-3.231176772380746e-05 1.090339768643657e-05 8.180091593240565e-07 3.441802272767182e-06
-2.835262519035973e-05 1.892882494929494e-05 -9.666422697459313e-08 1.846179484545905e-06
-2.908188521351171e-05 1.634599478299278e-05 -8.049738213353905e-07 5.419498859722647e-08
-2.834320155816881e-05 1.100965043483524e-05 -1.385881837483159e-06 -1.219635287022104e-06
-2.554382295952627e-05 1.112421031071975e-05 -5.590938246844539e-07 1.305150895609079e-06
3.671969106082263e-06 1.521691835165540e-06 4.823604053919658e-06 -3.184234570008960e-05
3.771207168449472e-06 1.330953497993153e-06 1.067374204572076e-05 -9.200174141230666e-05
3.722351481134856e-06 6.458712915914812e-07 1.763119190747638e-05 8.508611385342149e-05
3.628097102832049e-06 5.319907164897630e-07 7.750189741862572e-06 -9.847420680875259e-06
-2.553697104572729e-05 1.882512197182567e-05 2.936976346452508e-07 1.922054003319465e-06
-2.306485229317729e-05 1.859664152932207e-05 8.029008082131212e-07 1.187011711102909e-06
-2.493842091779326e-05 1.401780838018553e-05 1.831392518984894e-06 -1.955168489282166e-06
-2.302971012260418e-05 1.103066028425839e-05 1.370676586537255e-06 3.188771181734108e-06
3.458300090675122e-06 1.588263111634326e-06 -4.061797990718784e-05 1.317204936191877e-05
3.174397476641869e-06 9.577297401522582e-07 3.040814826742511e-05 1.886004851759934e-05
3.449211940627352e-06 4.912611722154421e-07 -4.789625952620144e-05 -5.159107703593929e-05
-2.225514893483923e-05 1.623845908156187e-05 1.491681688019336e-06 -5.675726688322496e-07
-2.067888727974576e-05 1.807286085551170e-05 4.736849256831563e-07 3.892501306692989e-07
-1.843202914131327e-05 1.731976788806977e-05 1.285507588714359e-06 3.399224417080677e-07
-2.151193241671056e-05 1.308589038501406e-05 1.275255759921066e-06 5.940985492218429e-07
-2.068927101150579e-05 1.054460657476228e-05 3.570007956473547e-06 -6.019177672051031e-06
2.302361371481594e-06 1.595587885973397e-06 -8.702922315605135e-06 -1.153611726309951e-05
2.277944875889328e-06 4.064572248013149e-07 -9.369376132531608e-06 2.178729122147473e-06
1.695803763431773e-06 9.642613441828388e-07 1.840002824734081e-05 2.238284228329746e-05
-1.635686958153877e-05 1.630761752444002e-05 2.846530748103957e-06 -4.721159234280147e-07
-1.811013075552256e-05 1.495531214298961e-05 2.205350743311563e-06 2.762936289241735e-08
-1.887361445414179e-05 1.206440691984020e-05 1.830145847062800e-06 -3.764516520976109e-06
-1.854928222199731e-05 9.708252133074685e-06 -5.614041064709401e-07 -2.840144869574677e-06
9.935695688514899e-07 1.691747037947982e-06 -4.867787508120503e-06 -2.432592240632044e-05
1.018438261180347e-06 2.895434279423619e-07 -7.846728524839355e-06 -1.787840120895274e-05
2.493335893290442e-07 9.631975880727534e-07 7.385310322239190e-06 4.159436406162056e-05
-1.444720332075490e-05 1.511657701564244e-05 2.762245468542163e-06 -3.333014902142759e-07
-1.276791756327544e-05 1.376693446790932e-05 -3.658779876110837e-07 -1.331152168915043e-06
-1.622588216519831e-05 1.162628948818460e-05 1.145404126538413e-06 2.959415048400450e-06
-1.668180199901052e-05 8.572166969693577e-06 4.248885787953824e-06 1.389100457175854e-06
-6.181954426740466e-07 1.939370601045154e-06 -5.254458267851281e-06 -1.627752357229952e-05
-6.277800933345289e-07 3.296448561397110e-08 -5.801637720523817e-07 -1.939864570976717e-05
-1.319568459304469e-05 1.175406658252713e-05 -6.461178954964396e-07 2.957951380969358e-07
-1.130713579046941e-05 1.225322168740741e-05 2.981786028112044e-07 -1.841903285079828e-06
-1.389802789435468e-05 9.557371642752981e-06 -1.444019376823347e-06 7.910101390923585e-07
-1.510729435185188e-05 7.205692949832639e-06 4.737748490329827e-06 -3.501114186783979e-07
-1.585774612615409e-06 9.840346619282387e-07 3.971949245127871e-06 2.023735849744242e-05
-2.734397354096565e-06 2.279241925477641e-06 -6.377333993804457e-06 1.710629108756015e-06
-2.723288040865604e-06 -3.080197104837133e-07 2.818966429314920e-06 3.618165661728288e-06
-1.003953781511190e-05 1.064496241016187e-05 1.244411157749915e-06 -1.806089159764724e-06
-9.035949226310902e-06 9.001265973903298e-06 -9.515048925471030e-07 -3.579178681846484e-07
-8.268930605864790e-06 7.277143828747753e-06 -5.302279965724624e-06 -1.070309950225668e-07
-1.248618654041994e-05 7.629602671097705e-06 -2.127476888790288e-06 9.038412223086079e-08
-1.387310003990811e-05 5.697390683428096e-06 1.086191953857970e-06 -1.069768057877970e-06
-3.638863493759127e-06 9.906111650449902e-07 -3.002676612671395e-06 -6.840586329001868e-06
-4.767996880471678e-06 2.617211426737949e-06 1.238035963376009e-05 3.518110945564063e-06
-4.778042076920195e-06 -6.581726642509468e-07 4.251590536699442e-06 2.284027649696218e-06
-9.963796359973514e-06 7.264606303957605e-06 1.135499467096055e-06 1.599243848988634e-06
-7.702297348878364e-06 5.526706934056413e-06 -7.006486965679094e-06 -1.985865130131367e-06
-6.592413556187891e-06 2.887571048763348e-06 2.264990233088515e-06 -5.803929675428633e-07
-7.134353257959906e-06 3.189588004904592e-06 3.180899887284934e-06 -3.846145365384807e-06
-7.409622143716714e-06 3.796190356691610e-06 2.417850136562748e-06 -3.796230370342425e-06
-1.151096130529828e-05 5.479677119137200e-06 2.121468212195328e-06 1.779167710103659e-06
-1.294965503090100e-05 4.109907483965807e-06 2.393852183973455e-07 -5.635998967810216e-06
-5.782213061509867e-06 1.237407166173862e-06 -4.711901078807201e-06 2.433183757657305e-06
-6.647646776814878e-06 -9.018227687703613e-07 -4.580723064317098e-06 5.629625528014531e-06
-8.870225967470755e-06 4.311961728333180e-06 8.226676350395499e-07 3.368376885079112e-06
-7.176180996759471e-06 2.019291178030787e-06 3.452367819547912e-07 -1.470322107788294e-06
-7.812886728278904e-06 2.985554870118616e-06 3.552905526004253e-06 -3.948922596756288e-06
-1.082253421466709e-05 3.619184421602670e-06 -1.735722096221381e-06 1.558312863973856e-06
-1.236053286609377e-05 2.525537502051724e-06 1.082305365132269e-06 -3.051234999582623e-06
-7.237137790900842e-06 1.855992612655613e-07 2.830912505838415e-07 1.415884365833116e-06
-7.185035046823492e-06 -1.175254159108642e-06 8.115758671423467e-06 -1.796252419016543e-06
-9.248483682251584e-06 1.615231095313748e-06 -1.888070832687886e-06 -2.756516127626615e-06
-1.214231835861607e-05 9.509546725194255e-07 8.487381985398684e-06 5.434222603746078e-07
-1.223098863029045e-05 -5.670252441101524e-07 -2.117516418939804e-07 4.048182209521346e-07
-8.346462963061933e-06 -8.175682352598078e-07 -9.703132204913430e-07 -5.861772466796611e-06
-7.510907341590720e-06 -1.755356599350424e-06 1.509684196295922e-05 -6.982292117579101e-06
-7.924523808965916e-06 -3.330015183131941e-06 1.661044124237139e-05 -5.722339046437144e-07
-1.072660743998682e-05 -7.774811672533630e-07 2.308725768091237e-06 1.962068053660877e-07
-8.509002968461500e-06 -4.821395024286829e-06 3.545099043492407e-06 -1.474949277648345e-06
-1.263634462814700e-05 -2.088110901136280e-06 -8.056354094274176e-06 6.665487210437495e-06
-9.357317425685899e-06 -3.395944444537122e-06 -5.812179499176658e-06 4.918226145724938e-06
-1.142209789221606e-05 -3.521657675649786e-06 9.017728310684563e-06 -1.808231579188180e-06
-9.243417723431171e-06 -6.231904447714067e-06 -8.833421975510984e-06 -4.640975185103988e-06
-1.331374369654353e-05 -3.510987807692101e-06 -5.064193727347530e-06 -3.273229148744002e-06
-1.270334666683499e-05 -4.907713637065509e-06 8.348322873283277e-06 -3.733903327228418e-06
-1.131641963301184e-05 -5.761296897217864e-06 2.452945598773285e-06 8.310843114466097e-06
-1.016644329412626e-05 -7.570295896403110e-06 6.601279764433454e-06 -1.156031554103784e-05
-1.121869238667701e-05 -8.758907995773103e-06 -1.341147694431545e-07 -1.883405658387582e-06
-1.424925680854217e-05 -4.825014489394101e-06 -5.573472039260522e-06 -6.461879208360058e-07
-1.355032313811247e-05 -6.436624252503603e-06 3.383953211689229e-06 3.638839561407575e-06
-1.274188495361748e-05 -8.278218917217097e-06 -4.492908709688430e-06 2.341891216309748e-06
-1.239907698642007e-05 -9.839530929003815e-06 -7.792063738010024e-06 1.514609756614143e-06
-1.537968418629610e-05 -5.963578278933978e-06 -1.098056977444612e-05 1.408631944297398e-07
-1.502889830310794e-05 -8.271824127847694e-06 4.271430243632297e-06 1.935811903765259e-07
-1.370050053060991e-05 -1.078256749806961e-05 3.708081104097033e-06 -1.075167751474140e-06
-1.509597102262211e-05 -1.155314510261010e-05 5.954984735698724e-07 -6.928146875672550e-07
-1.657289604862802e-05 -1.217131236476502e-05 -3.385752155847311e-06 1.346246664160171e-06
-1.669576889837774e-05 -8.756373600076765e-06 3.350382733793255e-06 3.565753166129766e-06
-1.668625527041222e-05 -6.885837790982570e-06 5.082221937355686e-07 -6.575544206277678e-07
-1.637187943827559e-05 -1.058892144050243e-05 -1.063316016615195e-06 2.222192842366154e-06
-1.809648331504144e-05 -1.262723719679410e-05 -9.650218388187807e-07 -7.550908941885979e-07
-1.966307007358069e-05 -1.289760632354865e-05 2.369150528107829e-06 -2.137814061950146e-06
-1.801147053872064e-05 -9.172428281340132e-06 -1.202398433895926e-06 5.740158722935487e-06
-1.813138547996905e-05 -7.560626942421571e-06 -1.823270216501737e-07 4.724844109180872e-06
-2.125713742618634e-05 -1.297941958060833e-05 1.071148475457257e-06 2.777344487825145e-07
-1.949123914094939e-05 -1.066047863656050e-05 -1.464835441752050e-06 -4.335953126698427e-08
-1.967120115547407e-05 -7.977641627572406e-06 -1.366431591301712e-06 4.109024714805801e-06
-2.160517117458060e-05 -1.089309660683060e-05 2.368360844560030e-06 -1.639195401094903e-06
-2.300031015369398e-05 -1.297712620332925e-05 4.950942570461801e-06 4.496639612807066e-06
-2.125491975665358e-05 -8.119145821758229e-06 2.382821497177795e-06 -1.602034603511194e-06
-2.541067405546766e-05 -1.297625830318326e-05 2.801848184179321e-06 1.208119477542483e-06
-2.351291866191050e-05 -9.706366979226419e-06 1.723867964311791e-06 1.241337238478242e-06
-2.300540937417096e-05 -8.120796414036116e-06 1.281522309798975e-06 -3.252747229464988e-07
-2.868449539966164e-05 -1.296597364023144e-05 9.279017462303224e-07 1.942418604009607e-06
-2.706748480754972e-05 -1.036408988894333e-05 1.656720600767278e-06 1.592658456875860e-06
-2.540103039564424e-05 -8.127997896714060e-06 1.000808585881146e-06 -9.660349433113513e-07
-3.299641799690825e-05 -1.295736117102201e-05 2.308024569625839e-06 1.118777994394699e-06
-3.084174745991602e-05 -1.054747823294742e-05 -2.626938407244069e-08 1.925415894042588e-07
-2.869037203346369e-05 -8.138485776979608e-06 7.363124105615137e-07 4.015021737164073e-07
-3.747686333705842e-05 -1.295119910719099e-05 2.311260458485471e-06 1.280722229660814e-06
-3.523694749779798e-05 -1.055165191547139e-05 3.542772227601441e-06 1.822089131711546e-06
-3.299043095880476e-05 -8.137537563841155e-06 1.376557839713180e-06 3.186124637272985e-07
-4.195817984173345e-05 -1.295333239301312e-05 4.197994509078765e-06 2.000458563122124e-06
-3.971766430025901e-05 -1.055759379666455e-05 2.596118264819685e-06 1.134088074916429e-06
-3.747549883943553e-05 -8.159449453291441e-06 3.638014919756425e-06 1.908033780660750e-06
-4.643875019142551e-05 -1.296877480170463e-05 3.845116958193121e-06 -4.202751425571641e-07
-4.419614101866197e-05 -1.055777338323024e-05 4.655926617229915e-06 1.294736661199652e-06
-4.195946694358858e-05 -8.162582794085868e-06 3.229709882731735e-06 1.229445271106435e-08
-5.094241023794976e-05 -1.297785061431560e-05 5.806937300389000e-06 1.254195451027718e-06
-4.868576963954179e-05 -1.055939746323940e-05 4.098788995535515e-06 -2.008489034590547e-07
-4.643817450554838e-05 -8.148282081472039e-06 4.684351347067695e-06 1.632248774521420e-06
-5.545982602953151e-05 -1.298446102444635e-05 6.004506194135785e-06 2.708087043579154e-06
-5.319982363215031e-05 -1.056153949633206e-05 6.116797688088726e-06 1.453372727074750e-06
-5.093995090975764e-05 -8.143214691532896e-06 4.627858497511586e-06 -7.577109974152538e-07
-6.000122522702567e-05 -1.300668350714849e-05 7.978766745936534e-06 3.074097117101281e-06
-5.772411045286364e-05 -1.056275681495216e-05 6.898871621759908e-06 1.614399710112070e-06
-5.546100865840506e-05 -8.139491572991654e-06 6.900163315986388e-06 1.110556048174512e-06
-6.456134143834223e-05 -1.300924376822909e-05 7.229089490509310e-06 1.859704553309950e-06
-6.228043649726305e-05 -1.056400321794783e-05 7.610169184989748e-06 1.200021530707094e-06
-6.000055961137777e-05 -8.121769246660171e-06 7.262057685815761e-06 -5.204267951157581e-07
-6.914574887006679e-05 -1.302521550535744e-05 1.004706268675516e-05 9.643169258605225e-07
-6.684737736854835e-05 -1.056485335653553e-05 8.855484864439250e-06 2.340927098114379e-07
-6.456102404394718e-05 -8.117892228742891e-06 8.077683223976978e-06 -1.247638735304492e-06
-7.900330155577031e-05 -1.276902320699701e-05 1.224449854920612e-05 2.937140642660010e-06
-7.834745155295604e-05 -1.304004173254684e-05 1.160592634543097e-05 3.117600643623098e-06
-7.120437784329373e-05 -1.056889132782088e-05 9.697669556052245e-06 1.377619717423453e-06
-7.374060430766521e-05 -1.303223253027545e-05 9.124285609499082e-06 2.150623613718274e-06
-6.914434254079910e-05 -8.108560419430193e-06 9.482110870083088e-06 9.773817237969545e-07
-7.927503794769039e-05 -1.211406595501803e-05 1.253145719577878e-05 2.422092227367287e-06
-7.772213873150212e-05 -1.056870768386870e-05 1.106690206687381e-05 9.672815226475644e-07
-7.374070484320183e-05 -8.106772285981896e-06 9.259147219995608e-06 5.406857228488779e-07
-7.927524499190601e-05 -9.022911812150873e-06 1.310566578789538e-05 -8.982385007501476e-07
-7.834771913176861e-05 -8.097047902061138e-06 1.215655781366855e-05 -1.693473620862597e-06
-7.900353006254785e-05 -8.368015175136088e-06 1.283485391602806e-05 -1.494015023337711e-06
