8.424141603701779e-05 -1.346705345902056e-05 -1.007277052792844e-05 -5.128200011628456e-07
8.453258267269694e-05 -1.276363017267040e-05 -1.000431216017474e-05 -6.296064872939729e-07
8.453309491942738e-05 -9.446603049793745e-06 -1.050704765034168e-05 -1.168982490652423e-06
8.424187266233747e-05 -8.742598506734518e-06 -1.063061685771791e-05 -1.210321431180805e-06
8.353839608046430e-05 -1.375849288026707e-05 -1.018998896018287e-05 -4.112246775242210e-07
8.222018062097035e-05 -1.110498279538849e-05 -1.090981522547975e-05 -5.575165498641506e-07
8.353855873964590e-05 -8.450851596661370e-06 -1.082852318482714e-05 -1.258970839016622e-06
7.859051218482250e-05 -1.375515832934124e-05 -1.088725406999018e-05 1.309491874510215e-06
7.858801161624162e-05 -8.448045120317092e-06 -1.137521174269589e-05 -1.063361139630789e-06
7.586099668629716e-05 -1.109838452581977e-05 -8.593668449246037e-06 2.163025181680755e-07
7.365467871303245e-05 -1.373587959626975e-05 -8.849225020360473e-06 -9.275581883630683e-07
7.365401937079502e-05 -8.457733671336507e-06 -7.738044635776039e-06 -9.785150525120620e-08
7.119022294845993e-05 -1.109644233869368e-05 -8.587705225736702e-06 -1.066656423948112e-06
6.872222257884482e-05 -1.373802753288749e-05 -6.717821699041412e-06 1.428072683271383e-06
6.872537556299049e-05 -8.458546835030109e-06 -6.889951013708741e-06 -3.498298415528865e-06
6.625740223105569e-05 -1.110073580125645e-05 -4.980802620594697e-06 -1.073780452297390e-07
6.379108647234010e-05 -1.374559363828279e-05 -6.726027110888708e-06 -3.835256483573768e-07
6.378870825457275e-05 -8.454748048809618e-06 -6.226226888412825e-06 6.970787239713796e-07
6.132020277401819e-05 -1.109845724546174e-05 -7.038565466119893e-06 4.889590808959719e-07
5.884656347390044e-05 -1.375060104150185e-05 -6.681867666257287e-06 8.132804401920378e-07
5.884889301710948e-05 -8.447898549323577e-06 -5.261773285072274e-06 -1.043365576086686e-06
5.637730881436967e-05 -1.109950582333567e-05 -4.066330313397595e-06 -8.383585910353873e-07
5.391333979653109e-05 -1.374176382559070e-05 -3.995244039770222e-06 -6.072241165717233e-07
5.391141670101853e-05 -8.454742263754237e-06 -4.271559410401672e-06 -7.878519957042358e-07
5.144461080532042e-05 -1.109767678778355e-05 -4.066720068378905e-06 -9.207173011141053e-07
4.897115135732060e-05 -1.374659347799324e-05 -3.927225289994104e-06 -1.963429192948800e-06
4.897188882628668e-05 -8.452108696703224e-06 -3.223685775979735e-06 -1.032726382778237e-07
4.649716671207547e-05 -1.110058322228480e-05 -2.241234128088203e-06 -3.375115691939740e-07
4.402580170809425e-05 -1.374443500404810e-05 -9.096428517344816e-07 -3.060352967644862e-07
4.402644490602293e-05 -8.457942763710429e-06 -1.549007959871266e-06 1.447292099993895e-06
4.155891378715583e-05 -1.109985204741944e-05 -2.222348798559619e-06 2.158243105017945e-07
3.909939151830877e-05 -1.373075918666086e-05 -3.591200051578447e-06 4.267758317745404e-07
3.910027977991118e-05 -8.468650403224562e-06 -3.314969554393737e-06 -8.949745307212808e-07
3.664452133562758e-05 -1.109853680239755e-05 -2.897633102326228e-06 -3.260107898292114e-07
3.419761077849070e-05 -1.372046890471054e-05 1.883300889414628e-07 1.445586122453358e-06
3.419307246101581e-05 -8.470935540262560e-06 -1.776698936789237e-06 -4.597438359161903e-07
3.184627779773434e-05 -1.109348006289717e-05 4.385356201979396e-07 -5.989565745052664e-07
2.949513187590196e-05 -1.371397810498664e-05 -1.250817245914407e-06 -8.222309750285837e-07
2.949838901510545e-05 -8.477171959133114e-06 2.794605631633308e-06 -1.281163594968107e-06
2.773602483093749e-05 -1.129966320030760e-05 4.507150487667070e-07 -2.567865929186736e-07
2.595183930865451e-05 -1.369815010882045e-05 7.390975851873214e-07 -5.176105822619260e-07
2.595226526762640e-05 -8.498118241775006e-06 -2.496857140298114e-06 -1.385419924967907e-06
2.339322401561040e-05 -1.368304455462454e-05 -3.046150408762742e-06 9.543677477038559e-07
2.389016315623984e-05 -1.198254083611461e-05 -3.089407182182214e-06 5.394127779575106e-07
2.339656317111633e-05 -8.516389903537401e-06 1.847208248063805e-06 8.213927188860293e-07
2.154074564445029e-05 -8.523759441228481e-06 3.203722428771598e-06 7.435253625031780e-07
-3.672785758881780e-06 1.199683686663454e-07 -2.864369273233034e-05 1.154302315257954e-05
-3.732588690793121e-06 3.184235305984141e-07 -2.271063686298636e-05 -4.856385146564825e-05
-3.724919173501260e-06 9.429829240865938e-07 -4.474184625974982e-05 3.563604658185392e-05
-3.676789183264599e-06 1.071930895959508e-06 -5.143382339731575e-05 -1.321672376890155e-05
2.153616565144351e-05 -1.367293750849464e-05 1.355676572633666e-07 1.929695337253031e-06
1.985965054499234e-05 -1.356768913354495e-05 1.350781249575218e-07 -6.018437938189701e-08
2.116395314555509e-05 -1.046047169341380e-05 1.838135758849439e-06 1.953097517475546e-07
1.986137917507009e-05 -8.387669214060418e-06 7.897236123610109e-07 -1.468874962943636e-06
-3.511733944521852e-06 3.504646715086539e-08 5.484480251533401e-06 2.820707175049934e-05
-3.140385727683557e-06 6.289301194321330e-07 3.112237276978808e-05 1.846876051493559e-05
-3.552120850585710e-06 1.127181489513234e-06 -3.338167763743861e-05 -6.202407671307540e-05
1.932599795174225e-05 -1.198408532749608e-05 9.683502235176189e-07 6.693018253407246e-07
1.820798765436810e-05 -1.327173963741628e-05 1.285292507517851e-06 -1.818939777785530e-06
1.660572029501435e-05 -1.279604038161987e-05 1.466146779990170e-06 -8.197437311511171e-07
1.882090980189899e-05 -9.796776006936975e-06 -5.421496654113572e-07 -2.612753921374990e-06
1.823982082581657e-05 -7.979005798640952e-06 4.263520095866866e-07 -3.279753356913015e-07
-2.346835621154129e-06 1.679175084201859e-08 -2.428084371076184e-06 -1.698524543674177e-05
-2.314355915503364e-06 1.204433545961494e-06 -7.709108085211249e-06 6.765582819912661e-06
-1.700532555601869e-06 6.421554381273321e-07 -4.952202784625850e-06 2.588070739384540e-05
1.507795456276654e-05 -1.214117955662707e-05 -1.015872307238709e-07 -1.663088783424873e-07
1.639459692036904e-05 -1.114046577776598e-05 1.248873593910461e-06 1.707941342866172e-06
1.694735556776051e-05 -9.054404676937065e-06 2.200094692721425e-07 -5.944874123232739e-07
1.672063485729409e-05 -7.290940448014630e-06 1.218020763645788e-06 4.679257324513376e-06
-1.043124791354282e-06 -8.172765043121407e-08 -5.721750647163066e-06 -1.272299072509344e-05
-1.066003551777918e-06 1.301900011472847e-06 7.597918487248919e-06 -3.074411348895521e-05
-2.868407358500719e-07 6.537855812397432e-07 7.132748956195695e-06 3.315258637624495e-05
1.363711266139816e-05 -1.131857613568631e-05 -3.794295696147107e-07 -2.227610497722894e-06
1.231125730101038e-05 -1.034486238821184e-05 2.729490311849995e-06 -9.339139522064879e-07
1.500119166790129e-05 -8.715805144934758e-06 7.307605044407188e-07 2.356821596299379e-07
1.536198744448075e-05 -6.351833357671311e-06 6.785325546509182e-06 -1.559812259405732e-06
5.591744850625395e-07 -3.282477333887867e-07 -4.834939995679422e-06 -1.412884342406565e-05
5.746654365475887e-07 1.544583217575200e-06 -3.169333421857088e-06 -4.832791011475026e-06
1.264704596151779e-05 -8.827231233286020e-06 1.211745250514153e-06 -7.353216897415307e-07
1.111812019967380e-05 -9.227586312549179e-06 5.675162335449987e-07 1.342779944840657e-06
1.321090305906138e-05 -7.101048215436398e-06 8.747238347326080e-07 -3.486619820560321e-06
1.420028119320838e-05 -5.210358758904934e-06 -3.180413316829389e-06 2.860801926841391e-06
1.533599087975240e-06 6.357791895742490e-07 6.264193080765927e-06 8.443814828150503e-06
2.666296947039263e-06 -6.607870211763635e-07 1.645188218373323e-06 -2.900909295431521e-06
2.655365718876465e-06 1.903552781999123e-06 3.442223287701881e-06 -2.373876117770799e-06
1.006080590727196e-05 -7.984099985738391e-06 -1.465014265254856e-06 3.148142846644918e-08
9.151612614007712e-06 -6.647766187907582e-06 7.028400686985727e-07 -1.445800950304236e-06
8.394006748358594e-06 -5.217744389400896e-06 1.074071242628949e-06 -1.486581672966577e-07
1.206368843332186e-05 -5.540589448209831e-06 4.914588471470454e-06 2.384707330686756e-07
1.325986267105852e-05 -3.894020396083644e-06 -8.883507662472363e-07 -9.817342589217411e-07
3.574574960397736e-06 6.005306231064580e-07 -7.990351854595166e-06 6.963247685293254e-07
4.702580097437147e-06 -1.008838232977452e-06 8.266584717041126e-06 6.277618009881097e-06
4.697584572359153e-06 2.252347391340894e-06 3.975638159915551e-06 7.614752313488918e-06
9.922799656357015e-06 -5.223137519186986e-06 3.301797943224227e-07 -1.725806038579868e-06
7.806166809871542e-06 -3.711573424266630e-06 1.803343368361204e-06 7.935870632657978e-06
6.547941283162954e-06 -1.288610687445310e-06 -7.179486449446447e-06 6.043288255109224e-06
7.100464464901672e-06 -1.569903963845102e-06 8.685063663583490e-06 -5.113909387252753e-06
7.408792573482956e-06 -2.135202287678672e-06 1.757605736359366e-05 -1.012397751987834e-05
1.125891833784226e-05 -3.697591056249447e-06 7.072979037917364e-06 2.539331025193768e-06
1.256670105192465e-05 -2.456759662055169e-06 -2.437949262598768e-06 -2.086803957845125e-06
5.695171700373318e-06 3.831115479684383e-07 2.740143434300761e-07 -8.270948100125104e-06
6.518507690441816e-06 2.503070507960770e-06 3.742668389511740e-06 6.234042994996178e-06
8.862336787271383e-06 -2.632035408170720e-06 -8.706059131110633e-06 9.863060124987614e-07
7.118215950703382e-06 -4.294734639447789e-07 -9.732341849317978e-07 6.035069853451841e-06
7.775656261818647e-06 -1.367976947105701e-06 1.294713222846576e-05 -7.937419931932266e-06
1.065343429478038e-05 -1.997177164826597e-06 -3.552280742264413e-08 5.386342971716500e-06
1.214464397082953e-05 -9.367279790852444e-07 -4.897494064773223e-06 -9.088928387265436e-06
7.124417069220528e-06 1.411703894601859e-06 -6.559609193166760e-07 2.433768943835441e-06
7.034913039211994e-06 2.777047488583852e-06 1.177477022770380e-06 2.511250128741058e-06
9.163992167868737e-06 -7.059256555867968e-08 1.629222561534828e-06 5.171550349526309e-06
1.202521153694196e-05 5.956079497976126e-07 2.781870777390012e-06 -3.625646619137141e-06
1.224687178265542e-05 2.139390689073315e-06 5.981785134284901e-06 5.825759390090339e-07
8.193222749120194e-06 2.397992141311246e-06 -7.215465756739607e-08 1.529709671300213e-07
7.328646511807035e-06 3.387936232655594e-06 3.728329984113399e-06 -3.579415990537177e-07
7.660675252890002e-06 5.116576267983921e-06 8.863768103364556e-06 -1.188795838089294e-06
1.067116117865674e-05 2.316386086641293e-06 1.012795919657258e-06 2.762611430628696e-06
8.182215006349244e-06 6.841162257861461e-06 1.297013044768283e-06 -1.999888315547557e-06
1.280601962619756e-05 3.726147630083333e-06 3.239533958004262e-06 -2.745975645289068e-06
9.160957009714006e-06 5.163557959313075e-06 2.860916374352827e-06 6.423021483452188e-07
1.150177386324317e-05 5.287821487457317e-06 -4.234284022164023e-06 2.703535714364676e-06
8.951521517377038e-06 8.511150884954869e-06 -1.557389713725135e-05 -4.388049266066578e-06
1.371273636102989e-05 5.294850691439095e-06 2.634334955849521e-06 -9.687309777232261e-06
1.304334051662007e-05 6.894992622848407e-06 1.464649674124694e-06 2.452823339375927e-06
1.135355216320982e-05 7.930325029685280e-06 6.106975396938219e-06 2.127309763950528e-06
9.961987149264351e-06 1.016098671710879e-05 3.856150959560052e-06 8.041638269033510e-06
1.120411896025080e-05 1.175948841899634e-05 8.194681993611887e-07 -6.824979697617997e-06
1.495817927110735e-05 6.782000875563430e-06 8.386600134717853e-06 3.146794573093070e-08
1.410810275583841e-05 8.768859513187801e-06 3.583067471475091e-06 -1.418463102824655e-07
1.307954429264665e-05 1.114774254141356e-05 -7.275853811701250e-07 -5.286127343328122e-06
1.263712709745826e-05 1.324744852156947e-05 -3.794260703253011e-06 -2.569547589932542e-06
1.649660406364045e-05 8.122040588245936e-06 -2.184823975271299e-06 -2.722320257707488e-06
1.605254822415101e-05 1.114136402312453e-05 9.438576456408931e-07 3.037468440221544e-06
1.430250274493283e-05 1.456443612434198e-05 9.189158317566398e-07 4.683809128324090e-06
1.617409650904921e-05 1.572967324519615e-05 1.584468409111075e-06 -2.214823049274404e-06
1.820518916217739e-05 1.671968979105603e-05 3.085796841632170e-06 -2.103831864836512e-06
1.836139205212547e-05 1.180602199943574e-05 1.550014449726714e-06 1.605251102149905e-06
1.833449568957284e-05 9.250839460796443e-06 -6.617443833724476e-08 -1.253261633813329e-06
1.789307752883544e-05 1.440356135681280e-05 2.234472221406118e-06 -3.678619951418231e-07
2.041014272658782e-05 1.745334800779261e-05 -2.653123694887583e-06 2.914098749287171e-06
2.274804990720970e-05 1.795265944279263e-05 -7.225850884010586e-07 3.142573713584056e-06
2.024867040833788e-05 1.238041614964565e-05 1.547659696987824e-06 5.978450281435823e-07
2.043359098906115e-05 1.008256152803165e-05 1.837016432309799e-06 -2.221694223263313e-06
2.515420569196172e-05 1.818230383499282e-05 5.702282587316836e-06 -1.791565112343314e-06
2.243044001500482e-05 1.455961280153726e-05 -2.242119841481923e-07 3.234140056750259e-07
2.271794715012406e-05 1.055834070055711e-05 2.298962708222487e-06 3.452560039640241e-07
2.567672468040290e-05 1.494074152151358e-05 2.011053390339515e-06 -5.917689446950996e-07
2.790101896226399e-05 1.829680441827733e-05 2.695827385366156e-06 4.504280415090451e-07
2.512116367005100e-05 1.067580587957296e-05 1.196758614327361e-06 1.112960354805545e-06
3.176172289347179e-05 1.840385036317802e-05 4.090086421815635e-06 2.757002205774373e-06
2.866875783796077e-05 1.307456930900545e-05 3.284281145327180e-06 1.005688097166084e-06
2.789202048612656e-05 1.057164274558449e-05 3.559082175134728e-06 1.294130902278518e-06
3.728677882606594e-05 1.856651637026582e-05 6.488068689175041e-07 -9.909627737740499e-07
3.450796984381171e-05 1.411311594888079e-05 1.579620420561380e-06 6.111368221996705e-07
3.176797776331632e-05 1.043488753103514e-05 6.951875695363091e-07 2.834606064556274e-08
4.488576019028311e-05 1.873774416398692e-05 2.647735920520198e-06 -4.561833281734113e-07
4.103610713121459e-05 1.443048313938798e-05 9.720011436639093e-07 3.327965272043940e-07
3.728868475812702e-05 1.028394836246005e-05 1.642624805779298e-06 1.403998672857879e-06
5.309262649526657e-05 1.888142017706345e-05 5.850061355813627e-06 3.796127163698799e-07
4.894619312675085e-05 1.443205269653325e-05 5.408148523712572e-06 7.074056033222702e-07
4.488629458008043e-05 1.012547647711615e-05 2.656564653448209e-06 3.754337966385421e-07
6.151117502470675e-05 1.898618998825996e-05 3.509904804946640e-06 3.827922716541002e-06
5.727085219732544e-05 1.443308968833081e-05 3.539308361237532e-06 1.135320834877459e-06
5.309241720299525e-05 9.984053996037448e-06 5.542776786252551e-06 1.571340132929554e-06
7.009711375453558e-05 1.906814841894703e-05 6.207702725263136e-06 -1.280489278283819e-07
6.577723717038146e-05 1.443755372531378e-05 5.437311022111647e-06 5.342009882357622e-07
6.150831327734181e-05 9.884947809450296e-06 3.624955280078985e-06 -1.178684701996319e-06
7.881768158531380e-05 1.912757392593846e-05 7.578614189636025e-06 1.749181369322044e-06
7.444043514120546e-05 1.443862591126648e-05 6.652475293629919e-06 -8.385095682963803e-07
7.009836659620866e-05 9.807241364875609e-06 6.606593737055021e-06 -1.121152839061278e-06
8.761486908392160e-05 1.916151038164198e-05 8.751763389460501e-06 1.626044605120831e-06
8.320637020394222e-05 1.443766872969992e-05 8.271011982046146e-06 6.959487891320542e-07
7.881774764707048e-05 9.750649010363701e-06 7.370291000692879e-06 -2.543651514064163e-06
9.644699519892563e-05 1.917025932431164e-05 1.117470861560355e-05 1.288759472059216e-06
9.202795296459851e-05 1.443701203006655e-05 9.588034554375707e-06 1.290722729071427e-06
8.761504646208660e-05 9.712360948395053e-06 8.223418161813745e-06 1.120405911678870e-06
1.052931239923922e-04 1.917737552900031e-05 1.020989902889342e-05 8.681183136800740e-07
1.008679527386490e-04 1.444240378421082e-05 1.151831448649744e-05 5.916837100138651e-07
9.644419782184167e-05 9.709495712996486e-06 1.116262132957987e-05 3.455628684728739e-07
1.141515748909822e-04 1.917887605103491e-05 1.368020278181354e-05 2.390366238157510e-06
1.097213297489886e-04 1.443745941203948e-05 1.066160785273728e-05 -5.866433271903844e-09
1.052962670590615e-04 9.704448803244606e-06 1.105289930951572e-05 -3.696144688806269e-08
1.331130439131427e-04 1.865526890302643e-05 1.699243004912676e-05 3.035764100859074e-06
1.318566957864190e-04 1.917573833766229e-05 1.586800954160955e-05 3.157893690196017e-06
1.181233114519171e-04 1.443429429029189e-05 1.542329597252078e-05 8.433518412902555e-07
1.230171518086649e-04 1.917614118514858e-05 1.462326553953451e-05 6.009130622511021e-08
1.141521348033889e-04 9.691111358443933e-06 1.280274164080922e-05 -1.642751166834784e-06
1.336334007072512e-04 1.739870775030894e-05 1.750071000063350e-05 2.384664741657322e-06
1.306612573235297e-04 1.443635268078477e-05 1.466133339476066e-05 1.004575667138922e-07
1.230163859515538e-04 9.694178327500237e-06 1.506226630132438e-05 1.518510555305731e-06
1.336331779457449e-04 1.147415657983036e-05 1.777389021359509e-05 -2.469387154834215e-06
1.318563287415932e-04 9.696925133395950e-06 1.627748811951344e-05 -3.095005477938509e-06
1.331127731840374e-04 1.021746902380641e-05 1.731373962904269e-05 -3.028054828129585e-06
