7.441559355808697e-05 -1.109397292826294e-05 -4.022517307049743e-06 1.642123354025930e-06
7.468433448061210e-05 -1.044466153527857e-05 -4.164516339696252e-06 1.348502342010947e-06
7.468434830905465e-05 -7.384322084473562e-06 -4.243966043679939e-06 -6.547480791316057e-08
7.441559063751326e-05 -6.734857565504326e-06 -4.119865056143331e-06 -2.834600029941510e-07
7.376669447233970e-05 -1.136303400289522e-05 -3.687051125840825e-06 1.750377039294224e-06
7.254942810786924e-05 -8.914337103786046e-06 -3.313932486078750e-06 7.870117612867245e-07
7.376662042577595e-05 -6.465705065627744e-06 -3.832224621228682e-06 -3.460784002188356e-07
6.919246096944569e-05 -1.136611014484590e-05 -3.057166673917965e-06 1.496021464130473e-06
6.919169339220317e-05 -6.459832326683850e-06 -3.300846906107949e-06 8.708573388085328e-07
6.665917801962797e-05 -8.911669613228227e-06 -3.745516188548812e-06 1.107325626000980e-06
6.460522702013947e-05 -1.136453028308481e-05 -4.077997100580326e-06 1.028340928572800e-06
6.460469721352634e-05 -6.457643502457120e-06 -3.446328263787740e-06 2.163872646939987e-07
6.231513356224174e-05 -8.911107563121740e-06 -3.378052391595256e-06 9.495504147162746e-08
6.002920295207738e-05 -1.136087588751067e-05 -3.363574093130715e-06 2.380192201828250e-07
6.002972226078820e-05 -6.463643034959420e-06 -3.422789596287266e-06 2.639662548381293e-08
5.774467861044448e-05 -8.913751376471586e-06 -3.456065622178748e-06 5.017142635331769e-07
5.546153453550432e-05 -1.135931572679089e-05 -4.220131071121849e-06 1.039830815660520e-06
5.546045547883790e-05 -6.469549273093059e-06 -4.213174371159292e-06 8.690012738972354e-07
5.318014685136857e-05 -8.914790798694524e-06 -3.751601210893978e-06 1.321080253848766e-06
5.090777983589730e-05 -1.134868936836063e-05 -3.928926100224985e-06 1.850486958411147e-06
5.090602462758240e-05 -6.480425940841196e-06 -2.834784262724915e-06 6.165289477732584e-08
4.863682984804250e-05 -8.914031642450949e-06 -2.683731049637808e-06 4.232250551310187e-07
4.637017159805900e-05 -1.133907998140905e-05 -3.942058476654922e-06 1.979374703442207e-07
4.636924211125009e-05 -6.488611274865602e-06 -3.859555801610416e-06 5.911620722520733e-07
4.410351337528539e-05 -8.913437645042304e-06 -5.013406268430223e-06 4.730089683570442e-07
4.184700235064594e-05 -1.132301568814106e-05 -5.135461564308542e-06 1.115793218244358e-06
4.184662960646103e-05 -6.504397105688894e-06 -5.605729859579523e-06 7.381322543262433e-07
3.959744691524072e-05 -8.914643858013578e-06 -4.921568849350276e-06 1.194000851924383e-06
3.735896772809584e-05 -1.130991267878253e-05 -4.891068673482704e-06 9.945224428519443e-08
3.736215756775279e-05 -6.525599687873291e-06 -4.540311543287316e-06 2.002057924094031e-06
3.512640514124715e-05 -8.921106229952672e-06 -4.627708744175623e-06 7.502638627854382e-07
3.289415187067000e-05 -1.130875864242925e-05 -4.702371741319486e-06 -8.809258600480731e-07
3.289503526000292e-05 -6.536230254214487e-06 -4.815521971021856e-06 2.607684877061717e-06
3.066686609825042e-05 -8.922200188369086e-06 -4.628381683991492e-06 9.384207783945338e-07
2.845470604390668e-05 -1.128540950565187e-05 -4.222399433275864e-06 2.565944264543876e-07
2.845052769085958e-05 -6.551869001957041e-06 -4.284839285234806e-06 1.886745388599990e-06
2.633559501830434e-05 -8.914378964674628e-06 -4.441345580363661e-06 1.054728495646598e-06
2.423787925001383e-05 -1.124664881745566e-05 -4.709430786118560e-06 1.090491446457900e-06
2.423740552536775e-05 -6.581844553787464e-06 -4.471637182154094e-06 8.065018064571285e-07
2.267131403856547e-05 -9.092837423174030e-06 -4.554548291238074e-06 9.346744274243798e-07
2.109857342029751e-05 -1.120669280407821e-05 -3.846198278997739e-06 1.819729150001631e-06
2.109948466224442e-05 -6.623634955338547e-06 -4.065820283690512e-06 5.285607421458138e-07
1.885401536496943e-05 -1.117673200275841e-05 -3.092656208487303e-06 1.574696382441429e-06
1.928422992407940e-05 -9.690724165016490e-06 -3.141772978928745e-06 1.398274155269886e-06
1.885359423450971e-05 -6.648319215750640e-06 -3.564059545685347e-06 9.753119825581664e-07
1.723612134010902e-05 -6.673744408950897e-06 -3.210826202323798e-06 7.681842675015332e-07
-2.870933810033571e-06 1.204585310969962e-07 2.332578003145917e-05 -1.875856950083947e-05
-2.947750469567699e-06 2.715550794668853e-07 -4.977033901747618e-06 2.899808106571289e-05
-2.874750766454461e-06 8.696441119449976e-07 3.809132309493418e-05 3.693547293275625e-05
-2.815926499558463e-06 8.719606064279374e-07 4.399646911213339e-05 2.784330865642664e-05
1.723436602028738e-05 -1.115634920961801e-05 -3.065974975025957e-06 1.389284864336807e-06
1.577907770011486e-05 -1.105302227161445e-05 -2.913468594668060e-06 1.313231130247827e-06
1.690092245794495e-05 -8.356605203553709e-06 -3.186204738552278e-06 1.296930666396952e-06
1.577202274060759e-05 -6.574849442868417e-06 -2.385486983002505e-06 5.041868957594537e-07
-2.681648726306271e-06 6.609599119798792e-08 2.978264802263190e-05 -1.392982224106096e-05
-2.409345737420751e-06 5.148547931266264e-07 -4.285400459653885e-05 -1.560107844305632e-05
-2.706275935089408e-06 8.471011807635183e-07 4.832803446999375e-05 9.720450377512287e-06
1.531167347715834e-05 -9.674520428308652e-06 -2.784186486038874e-06 1.280239933227733e-06
1.435699032506054e-05 -1.077891014349345e-05 -2.867123707054755e-06 1.233714049660699e-06
1.299212563049585e-05 -1.035303313216245e-05 -2.737146766540571e-06 1.100883443599262e-06
1.487344848463668e-05 -7.789638110023298e-06 -2.208636726472229e-06 7.712032112563033e-07
1.437630024358002e-05 -6.240704705431729e-06 -2.196402919442473e-06 9.015573157340231e-07
-1.809208468600364e-06 6.830758141649147e-08 7.033181951417452e-06 2.785063455871983e-06
-1.778472852080655e-06 1.004860652888800e-06 1.424248553317794e-05 -4.358196726913458e-06
-1.326652653697782e-06 4.868508707550893e-07 -7.581929145050802e-06 1.069380792838745e-05
1.170807971415187e-05 -9.772193123049705e-06 -3.292538060732907e-06 9.822408339175028e-07
1.280620600299239e-05 -8.932545315997048e-06 -2.675807346884135e-06 1.020475315996136e-06
1.327691470078694e-05 -7.160571316023107e-06 -2.720065776405625e-06 1.077899684522921e-06
1.308681429740336e-05 -5.686155066331623e-06 -3.570122180422383e-06 1.592262583548133e-06
-8.069199366675834e-07 2.347989781815650e-08 1.060373724297417e-05 -5.835110685902569e-06
-8.243603643752466e-07 1.046515279090314e-06 -2.888864613401891e-06 -2.216106904716951e-06
-2.462077481508745e-07 5.264317818360260e-07 -7.764569606562428e-06 1.504321991483055e-05
1.050962768174409e-05 -9.065266796915190e-06 -4.391392951406925e-06 1.823674677687581e-06
9.416946443622194e-06 -8.240393604878521e-06 -3.865543089343832e-06 1.938337492763977e-06
1.164171240418203e-05 -6.886299356100798e-06 -4.394357621984174e-06 1.855103332760513e-06
1.193701914079892e-05 -4.925093641339541e-06 -4.899204275590816e-06 1.118724238591777e-06
4.027398119745178e-07 -1.907166023394172e-07 -5.278790025192478e-06 -9.109393239760594e-06
3.988581748691024e-07 1.223969775065490e-06 1.041613136034313e-05 -6.155795051831878e-06
9.693524759186380e-06 -6.974129118454657e-06 -3.864939969681170e-06 1.631645148411547e-06
8.442627662764130e-06 -7.302109298204869e-06 -2.031225797643075e-06 1.636261740481501e-06
1.015455326756751e-05 -5.550339362980745e-06 -3.608471970378500e-06 9.906779984608976e-07
1.095615042770540e-05 -4.000390964276224e-06 -3.865949044295163e-06 -6.120215531037711e-07
1.118323369287522e-06 5.243943480884699e-07 -1.089879449004467e-06 5.239543709452352e-06
1.980105926794808e-06 -4.597629810499763e-07 3.782358512573518e-06 -2.839848347089578e-06
1.981552204031391e-06 1.489030270647776e-06 -6.373478729749097e-06 5.169216150192614e-06
7.584696151263918e-06 -6.273608598332793e-06 -1.121814140233214e-07 1.897416813410064e-07
6.867322294203986e-06 -5.179410273773005e-06 -7.637762754113762e-07 1.499844040683397e-07
6.290061180182815e-06 -4.017979667755837e-06 -1.754506109448505e-06 -1.460027339769887e-08
9.213825711183540e-06 -4.272995249064844e-06 -1.505184399229341e-06 -6.534699903455010e-07
1.016756479658970e-05 -2.949379336541930e-06 -2.332278755917547e-06 -4.181004877520939e-07
2.666992935936753e-06 5.086811266328092e-07 9.408142701538932e-07 -2.115359326538586e-06
3.506483333568367e-06 -7.131368508368495e-07 -3.682044286194339e-06 -6.134056022249861e-06
3.515942618153323e-06 1.766728408616634e-06 2.796947707844206e-07 1.146374327380961e-06
7.490712189164912e-06 -4.018120868063819e-06 -1.188882616158598e-06 -8.349850562991776e-08
5.846862221235706e-06 -2.815590334625155e-06 -2.902993564759826e-06 -4.717679526118549e-07
4.917879690118152e-06 -9.220917354630551e-07 -5.183278503785669e-06 -1.387583180222922e-06
5.330526396207891e-06 -1.137208942174724e-06 -3.693592640499802e-06 5.000850660510725e-08
5.556933450578597e-06 -1.574586125318726e-06 -3.625836816278907e-06 6.510484496659898e-07
8.553334788415470e-06 -2.794131602501450e-06 -2.115424376111428e-06 5.219444838107601e-07
9.580343675429044e-06 -1.812554094871363e-06 -2.683326937361647e-06 1.312694243833375e-06
4.275776022881696e-06 3.401046839967371e-07 -5.161534204207410e-06 3.066595665055530e-07
4.905046300212317e-06 1.959011106124405e-06 -3.136331076306799e-06 6.560837489925722e-06
6.675437508242116e-06 -1.962086443380943e-06 -2.314086372566597e-06 3.849555679392180e-07
5.350551245878650e-06 -2.736169613043080e-07 -2.339678832019641e-06 1.012140843298705e-06
5.843599802165211e-06 -9.851380151372835e-07 -2.923818542241726e-06 9.846153711001475e-07
8.075081051636587e-06 -1.463400526598377e-06 -2.255443339557031e-06 4.422277998024902e-07
9.218583515192939e-06 -6.467213539765205e-07 -2.672736701584195e-06 -6.603632381223751e-07
5.365573126935457e-06 1.124375976903582e-06 -9.177016918541534e-07 3.953451530611347e-06
5.296672281401468e-06 2.171428564258845e-06 -2.010371832518649e-06 4.977780912016033e-06
6.920563784695175e-06 8.856386306461590e-09 -2.298946829093853e-06 -1.631438372793943e-07
9.103396373156263e-06 5.232239506657827e-07 -2.686626446101911e-06 -2.372127435018339e-06
9.251926984444862e-06 1.695075120597556e-06 -2.384321865379828e-06 -2.549982618541938e-06
6.192244390059737e-06 1.884526899520934e-06 -2.458603556233473e-06 1.871168988213599e-06
5.523475040197553e-06 2.635696741386098e-06 -2.973268927338622e-06 1.897517156455376e-06
5.796516109317575e-06 3.929275462448647e-06 -3.065247002399324e-06 -2.232526023584804e-06
8.064198820156352e-06 1.833919754665439e-06 -2.692046689149466e-06 -2.179977197297059e-06
6.220018815097178e-06 5.205733285311084e-06 -2.994494663168107e-06 -3.400650475003869e-06
9.653199880545457e-06 2.892387741554372e-06 -2.082556288552357e-06 -3.629266724585728e-06
6.949047891233905e-06 3.966850777291690e-06 -3.877136469972631e-06 -2.952560204206873e-06
8.665369209985089e-06 4.064855342978089e-06 -1.739910119841423e-06 -3.800723309095011e-06
6.804501640764324e-06 6.433029033067043e-06 -3.319337315189387e-07 -3.076692942225886e-06
1.029636100635023e-05 4.065570030063735e-06 -2.426890890479578e-06 -4.018026182501495e-06
9.787968857061424e-06 5.246781523248344e-06 -2.472504382004160e-06 -2.952996532507764e-06
8.556829299914714e-06 5.998958881738905e-06 -3.372057928906534e-07 -2.268092325019609e-06
7.535567188133129e-06 7.632385131621745e-06 1.492228146085988e-06 -2.721088156605077e-06
8.447537552031239e-06 8.776000219521465e-06 -1.062878592561217e-06 -3.856236894461289e-06
1.119226329348463e-05 5.160195376175140e-06 -4.553612283529807e-06 -3.357886069327697e-06
1.056392896899631e-05 6.605223207010259e-06 -4.824123018984611e-06 -2.692596108209919e-06
9.818813779579137e-06 8.327833993608719e-06 -4.115895221589261e-06 -2.957432730228529e-06
9.500544441990296e-06 9.845724309259458e-06 -3.584303398244963e-06 -3.453859698032782e-06
1.231383958353277e-05 6.141286231669982e-06 -4.715745272714067e-06 -2.196914012722652e-06
1.198758698457075e-05 8.326429126321796e-06 -3.948089165086932e-06 -1.294858141459595e-06
1.071747701203503e-05 1.079458881418722e-05 -3.263955470831217e-06 -2.791669749495668e-06
1.207153679444668e-05 1.161977174262080e-05 -2.805800687509153e-06 -3.518862476325869e-06
1.353513576933705e-05 1.231570275244098e-05 -3.136728596899667e-06 -4.881021290286528e-06
1.364806293900203e-05 8.801316626889278e-06 -3.297229192443894e-06 -1.836544514555153e-06
1.363333678761307e-05 6.967470073411362e-06 -3.236765721323714e-06 -8.579039091690213e-07
1.331410539496143e-05 1.066291293004346e-05 -2.869814468662351e-06 -3.252054183445582e-06
1.510643622143734e-05 1.283449856868070e-05 -5.358590245580880e-06 -5.518048332899375e-06
1.676696640134763e-05 1.318584451189477e-05 -6.929667762810923e-06 -4.751025777369754e-06
1.499405869708639e-05 9.212561653708152e-06 -5.229147413740927e-06 -3.153201304691982e-06
1.512516169671394e-05 7.569759981768043e-06 -4.685207877699216e-06 -1.553209601198201e-06
1.847872253176701e-05 1.334164455256381e-05 -7.499950299619886e-06 -3.949319272270934e-06
1.654672075237324e-05 1.077347413893705e-05 -7.340694536063972e-06 -4.161338594495962e-06
1.674991394431564e-05 7.920092932968660e-06 -7.087867555054105e-06 -3.795964692418245e-06
1.885226748946522e-05 1.104337607742310e-05 -7.263604485961126e-06 -3.945541659088820e-06
2.042619332708307e-05 1.340869686824399e-05 -7.392208768716219e-06 -4.231211803114561e-06
1.845979902626432e-05 8.015914659635850e-06 -7.292234616040891e-06 -4.639882804798788e-06
2.316262388810650e-05 1.347305641696832e-05 -7.930360972140437e-06 -5.424521253767711e-06
2.097559651161543e-05 9.720639033400095e-06 -6.649899473323010e-06 -4.079442786543900e-06
2.042298341967912e-05 7.950298867920160e-06 -6.852705140366067e-06 -4.110431437894170e-06
2.704793244777651e-05 1.356400077429438e-05 -9.840423368235659e-06 -5.448104284812378e-06
2.510008367482302e-05 1.045182165557528e-05 -9.204380968030311e-06 -4.162945243664405e-06
2.316499625961400e-05 7.865033532787370e-06 -8.106676252427156e-06 -2.792943138112172e-06
3.234298232584649e-05 1.365326353217476e-05 -1.104692450025047e-05 -5.524918903695422e-06
2.967109885184653e-05 1.066411293551450e-05 -1.015980587388558e-05 -4.567247848907575e-06
2.705385665227423e-05 7.767594789519937e-06 -9.593662399174863e-06 -3.321527070097941e-06
3.802085407056300e-05 1.374278241358836e-05 -1.488793741794467e-05 -5.429640768352711e-06
3.515318135904099e-05 1.066208538986281e-05 -1.294902483180357e-05 -4.280803030730437e-06
3.234280549793549e-05 7.670169681452146e-06 -1.117568742139508e-05 -3.494968081669413e-06
4.385624578252670e-05 1.381747365744014e-05 -1.693412542572238e-05 -5.573470432250348e-06
4.091495653828846e-05 1.066500406731898e-05 -1.626200900698938e-05 -3.882123599650649e-06
3.801978761992873e-05 7.584080115546513e-06 -1.516571515720555e-05 -2.598382931758956e-06
4.980190843083785e-05 1.386661724194386e-05 -1.865587197595537e-05 -6.788116715746544e-06
4.681449538700567e-05 1.066584925161966e-05 -1.722172160452543e-05 -4.523625736856516e-06
4.385534272267531e-05 7.514316998186128e-06 -1.643134253205719e-05 -2.855080824834338e-06
5.582157269172077e-05 1.389910877474871e-05 -2.223097047428963e-05 -5.788060195718537e-06
5.280217201497562e-05 1.066030276011726e-05 -2.077337371892410e-05 -4.079972826840863e-06
4.980476392929955e-05 7.459820594704241e-06 -1.906324634586402e-05 -1.886078522173288e-06
6.190855702920623e-05 1.393436838795264e-05 -2.495151525546440e-05 -5.769093222517362e-06
5.885289012052482e-05 1.065919253794972e-05 -2.343937996093784e-05 -4.204614638103194e-06
5.582199008314400e-05 7.419198553515740e-06 -2.202883404932601e-05 -2.433570005266921e-06
6.804015821801344e-05 1.394961735223036e-05 -2.805613080996227e-05 -5.397640401451672e-06
6.497030501767992e-05 1.066218085092289e-05 -2.667361715639771e-05 -4.104671899785313e-06
6.190620195043396e-05 7.387563511748648e-06 -2.506772401269573e-05 -2.567807852690352e-06
7.419878902962627e-05 1.396033546635147e-05 -3.175925530439070e-05 -6.378146628737750e-06
7.111568814757480e-05 1.065779816314154e-05 -2.948053476806592e-05 -4.291341843166357e-06
6.804308354393323e-05 7.370737071599879e-06 -2.800890440169860e-05 -2.912717893772475e-06
8.037683386142334e-05 1.397252873143015e-05 -3.611291339512295e-05 -5.866390611250058e-06
7.728533802879709e-05 1.065963772269532e-05 -3.408822962441251e-05 -4.639303363511415e-06
7.419821651610787e-05 7.355425752850847e-06 -3.147778410539589e-05 -2.676425163246134e-06
9.363140711053057e-05 1.361981165403806e-05 -4.442737819885433e-05 -5.587757543803440e-06
9.274950413721776e-05 1.398464311417686e-05 -4.406468402001632e-05 -5.720950232231651e-06
8.314028449778562e-05 1.066704888810633e-05 -3.808129143754597e-05 -3.955612201911710e-06
8.654812868123083e-05 1.398110952354950e-05 -4.006170683288816e-05 -5.205856961986688e-06
8.037269663053708e-05 7.354889840982713e-06 -3.656924733616854e-05 -2.753444899756152e-06
9.399678014544235e-05 1.273861545058399e-05 -4.457934202336440e-05 -5.255612741075887e-06
9.190975983565032e-05 1.066158890575637e-05 -4.346756563642123e-05 -4.358389825824436e-06
8.655076447684663e-05 7.351245433797149e-06 -3.984561467976987e-05 -2.710931597823639e-06
9.399763948581942e-05 8.583313641624981e-06 -4.446507759086332e-05 -3.609534140565636e-06
9.275117538972032e-05 7.338354248605805e-06 -4.388131574258638e-05 -3.059092086856001e-06
9.363251947934005e-05 7.702800591579120e-06 -4.429001560151649e-05 -3.224174396191016e-06
