-1.044717178883285e-04 1.530007037577700e-05 -3.289649018360903e-05 3.928768660673704e-06
-1.048671271858876e-04 1.434488739541506e-05 -3.312489732321207e-05 3.318680127281493e-06
-1.048662076151865e-04 9.843256888126463e-06 -3.386534456129204e-05 2.586916980307670e-07
-1.044707752702193e-04 8.888339152180039e-06 -3.370476893845574e-05 -3.029673138458819e-07
-1.035169743625052e-04 1.569586252810066e-05 -3.235383183016204e-05 4.188794346438904e-06
-1.017239901434324e-04 1.209380714590402e-05 -3.237353151026819e-05 2.201668870328905e-06
-1.035161356529196e-04 8.492666451506994e-06 -3.323892389327807e-05 -5.171516470707857e-07
-9.678082669208954e-05 1.569799070031873e-05 -3.198226959755043e-05 4.603868046090639e-06
-9.678133572978443e-05 8.490095597875244e-06 -3.282876188617273e-05 1.768878203007715e-06
-9.306324778053092e-05 1.209358949312238e-05 -3.027002777000665e-05 3.689238905077341e-06
-9.005163648723563e-05 1.568930086773341e-05 -2.980700420860312e-05 1.952979127490382e-06
-9.005093142784670e-05 8.495617002729098e-06 -2.883693662678501e-05 4.282184348421732e-06
-8.668977664918875e-05 1.209292672589679e-05 -2.724038721853886e-05 2.934684493706394e-06
-8.332661877690821e-05 1.569334865849865e-05 -2.375650139420737e-05 3.920869164568639e-06
-8.332531205260872e-05 8.494875745140127e-06 -2.485205798880447e-05 3.109762427460674e-06
-7.996619133846787e-05 1.209600535873359e-05 -2.386714702415480e-05 3.056838259492105e-06
-7.662083230199739e-05 1.567706044197325e-05 -2.332147924401962e-05 3.636411156546528e-06
-7.662330681456781e-05 8.519451317097027e-06 -2.326733914499946e-05 1.752594319425202e-06
-7.328300857006933e-05 1.209886743650661e-05 -2.158330826365792e-05 2.253062013739583e-06
-6.995112318472397e-05 1.565930312302948e-05 -1.850697443204198e-05 5.669774620791900e-06
-6.994575943654654e-05 8.533376225472201e-06 -1.900764664630456e-05 7.977209008317258e-07
-6.661995596984603e-05 1.209393626721858e-05 -1.871308042346747e-05 3.338557892577500e-06
-6.331243326879826e-05 1.562769543303802e-05 -1.798930455712809e-05 5.464349339699137e-06
-6.331374352824061e-05 8.562600302546982e-06 -1.739254706341427e-05 1.120448578422145e-06
-6.001664515925663e-05 1.209624391810230e-05 -1.573003522548023e-05 3.575321830208888e-06
-5.674149552749933e-05 1.559715167946098e-05 -1.411626646939019e-05 5.189841870963473e-06
-5.674008439632349e-05 8.597462149647209e-06 -1.480471301499203e-05 2.143710281195520e-06
-5.348053090745717e-05 1.209693367443960e-05 -1.350631123914426e-05 2.774629501317077e-06
-5.025593995714105e-05 1.554549092018014e-05 -1.353619268616773e-05 1.509163976525328e-06
-5.025590334049891e-05 8.649379996160807e-06 -1.313295493550083e-05 3.075605096744226e-06
-4.704983640481385e-05 1.209504628010022e-05 -1.270432797527847e-05 2.040719520668408e-06
-4.387422582601015e-05 1.548463242458387e-05 -8.810370806573117e-06 3.040167903722635e-06
-4.387809704866986e-05 8.705110239546333e-06 -9.530730232520351e-06 1.819340903763355e-06
-4.071306644316413e-05 1.209515961087058e-05 -6.617635696424969e-06 4.112024581927121e-06
-3.759847001559778e-05 1.540706404931855e-05 -8.561855461149884e-06 5.895022189349915e-06
-3.759354228082366e-05 8.781109433886070e-06 -6.959661963283669e-06 2.117126050873423e-06
-3.463280545559358e-05 1.209174109945620e-05 -8.133195250356878e-06 3.130506737227453e-06
-3.172110372945318e-05 1.531980852147614e-05 -4.512051669070129e-06 6.472844839169076e-06
-3.172125764552153e-05 8.870568039825668e-06 -8.301882609023714e-06 2.661450864455968e-06
-2.955611082501976e-05 1.234256924727873e-05 -6.810422896289097e-06 3.135179330122485e-06
-2.739757164180029e-05 1.523764841532105e-05 -7.502260591623634e-06 6.217463386493684e-07
-2.739407291161608e-05 8.946593655168305e-06 -2.916318016336281e-06 2.275051297580293e-06
-2.432677065801869e-05 1.516822498405636e-05 -2.120765601699415e-06 4.094002142861916e-06
-2.490590845812702e-05 1.314865870362185e-05 -3.135312255578836e-06 4.044506577740710e-06
-2.431535119079394e-05 9.008040338388368e-06 -7.497897805322059e-06 3.113049264452340e-06
-2.212572402979117e-05 9.066469651875047e-06 -5.889253962864214e-06 3.025807600536484e-06
3.495345126779512e-06 4.462456480666014e-07 1.711880461924361e-05 -1.564918640091965e-05
3.579575861170296e-06 2.268736718672075e-07 3.087857503019656e-05 1.148462782997783e-05
3.559547228281766e-06 -2.368465014487393e-07 3.375352268117962e-05 -4.968729241166928e-05
3.463005868142112e-06 -5.004738820568815e-07 6.458795694775618e-06 1.607919442089581e-05
-2.212062037375910e-05 1.511684693600215e-05 -3.795555626834803e-06 2.871991659812345e-06
-2.017537399868455e-05 1.495551124448895e-05 -2.906984035473633e-06 6.142694868918924e-06
-2.166638204913045e-05 1.133588420866416e-05 -3.423350473533564e-06 -1.623541749378057e-06
-2.015070356128458e-05 8.955693022908998e-06 -1.522528190887411e-06 5.262926970269423e-06
3.298336214181881e-06 5.432170255334030e-07 -4.508598017788469e-05 -1.079735495569143e-05
3.041648495691159e-06 2.232945209974115e-08 2.467943045511274e-06 5.447171124157525e-06
3.236099303462064e-06 -6.210863036880818e-07 -5.552100276317821e-06 4.414319721209828e-05
-1.954466233764615e-05 1.309947431316220e-05 -2.784547601447158e-06 4.014840619033284e-06
-1.828508135636660e-05 1.456700720607274e-05 -5.695994881976923e-06 8.073479553017931e-06
-1.647385421548481e-05 1.398541256414587e-05 -5.257417326243170e-06 4.924654719070230e-06
-1.895295090678479e-05 1.058009307537943e-05 -6.210810379127013e-07 4.525772778692524e-06
-1.830164839701163e-05 8.539445282326606e-06 -4.981058701088308e-06 -1.176196317259020e-06
2.176226045219236e-06 5.634725246844782e-07 2.134414817957776e-06 -5.106069905394023e-06
2.180158455608139e-06 -5.547663632184266e-07 -1.742058725223095e-06 -1.526684220837971e-05
1.616662484033535e-06 -1.812827557538790e-09 7.785687534263158e-06 3.350759059422511e-05
-1.478029382197097e-05 1.319694297381927e-05 -3.193354150443362e-06 7.096636302261112e-07
-1.622084323717726e-05 1.209092956580192e-05 -3.054317674994180e-06 3.340769452742172e-06
-1.683827598824651e-05 9.759976921283373e-06 -4.556607790705101e-06 3.807745512418912e-06
-1.657896179192695e-05 7.816130542351029e-06 -5.903073596494058e-06 -6.305906961561939e-06
9.533578145721708e-07 6.624403115930324e-07 4.431685592836221e-07 -1.509722688691604e-05
9.716444210959240e-07 -6.680414424516643e-07 -5.029457512175330e-06 -7.825611332207774e-06
2.654870935783495e-07 -1.058825962262474e-08 -5.102903753673964e-07 3.654635622758094e-05
-1.320894683400092e-05 1.225161536131905e-05 -4.041575067037379e-06 5.481162224647924e-06
-1.179428098158322e-05 1.116468110011891e-05 5.017356382954787e-06 5.133020426047831e-06
-1.468447261676688e-05 9.394137532411888e-06 -4.672006107398281e-06 7.631175081434199e-06
-1.507715527626518e-05 6.845232322952828e-06 -1.148969436727818e-07 1.982404525948074e-07
-5.690120737223502e-07 8.804457203011053e-07 -2.841375875797822e-06 -1.693536089391146e-05
-5.786177849959806e-07 -8.870613594521744e-07 3.086658468831711e-07 -1.336753980000440e-05
-1.215211343815695e-05 9.509445489085010e-06 7.463451752621585e-07 3.447859191842511e-06
-1.053644392121661e-05 9.932990814661000e-06 3.972379950180785e-06 2.443432559428391e-06
-1.275035643486711e-05 7.663251185794118e-06 -6.706623096538408e-06 3.240380165449108e-06
-1.378111538374999e-05 5.660385416319576e-06 2.026993170921474e-06 7.334063581720666e-06
-1.464776804487119e-06 -3.548384733616174e-08 -2.386253790550192e-06 2.574839630648610e-05
-2.533902780455011e-06 1.191033481954756e-06 2.905096039440760e-07 -8.175434949288954e-06
-2.533433111997801e-06 -1.216928462696752e-06 8.418794485430323e-06 -5.630546592983578e-06
-9.434393337939895e-06 8.593289868451264e-06 -1.594449991868313e-07 -1.607846717330014e-06
-8.533335550721053e-06 7.180064121432502e-06 -2.035603737241973e-06 2.983562478778823e-06
-7.818279589961114e-06 5.687598722298699e-06 1.804931457462410e-07 2.635641062186122e-06
-1.153753493193563e-05 6.008732090789427e-06 -6.426592106354314e-06 1.664595804438434e-06
-1.274624081075016e-05 4.332706358504984e-06 6.748129168970837e-06 -5.307010830638235e-06
-3.400082745800044e-06 -1.252591429561260e-08 -6.352012669319610e-06 -8.010400281900951e-06
-4.445307679748116e-06 1.498672208400662e-06 -2.479981810720944e-06 1.467650990362931e-05
-4.450124559164443e-06 -1.550187885588359e-06 2.037094683500140e-06 6.227075358605136e-06
-9.339379990355635e-06 5.681477711574477e-06 -2.976101896358065e-06 4.411010811835877e-06
-7.276028796606394e-06 4.159280572341281e-06 3.474236430402568e-08 -8.465242612778471e-06
-6.177393579084297e-06 1.749745316121701e-06 1.890440288342038e-05 5.510115199904215e-08
-6.681824879916987e-06 2.022955779366108e-06 1.639508692083125e-06 1.448608342361787e-06
-6.947679144501861e-06 2.581252813512234e-06 -5.124828767057558e-06 1.742797585366864e-06
-1.069022320251878e-05 4.127831010392147e-06 -4.888607327665091e-06 2.268327845385743e-06
-1.198179644638563e-05 2.892593761311120e-06 -4.584144690703929e-06 -1.399439451045731e-06
-5.398639739897091e-06 2.117831794875430e-07 -2.167236664965726e-06 4.161308769565647e-06
-6.190205067526008e-06 -1.797421542244209e-06 -5.349713836830288e-06 6.986043966407016e-06
-8.332169585427709e-06 3.073885344801281e-06 4.483667722655456e-06 1.764718322448462e-06
-6.719386880532503e-06 9.544701352570981e-07 -1.239336466094061e-06 -9.499666081321728e-06
-7.313786951396319e-06 1.838110955344849e-06 -6.686264222207365e-06 6.814223051826975e-07
-1.009095184771593e-05 2.457472404631473e-06 -2.685187528539390e-06 6.419160802519032e-06
-1.151658941917848e-05 1.437158564733242e-06 -8.618325671226926e-06 -7.487458041967485e-06
-6.761992731287747e-06 -7.605005920567858e-07 -2.377900128100632e-06 1.959921156751136e-06
-6.681814322867314e-06 -2.055711232931616e-06 1.585254154572943e-07 -1.155196713504973e-06
-8.646230104231281e-06 6.088498407641376e-07 -2.229133949551765e-06 9.290686776648327e-06
-1.134340435779980e-05 -2.820109847748409e-08 -2.419917302563865e-08 -8.027540881164921e-06
-1.147708182073772e-05 -1.454953353019755e-06 7.560138411652261e-06 1.352195322516668e-06
-7.782789428982641e-06 -1.696052927633954e-06 1.723364060987405e-07 -5.578203775252823e-06
-6.965353478024558e-06 -2.613347958177158e-06 3.050409695003877e-06 -8.082323115826457e-06
-7.321365230858757e-06 -4.145667511316813e-06 4.453516692172448e-07 -7.043213034779007e-07
-1.004390739813657e-05 -1.634685286763783e-06 -3.019513751591166e-06 2.185836654946647e-06
-7.856491875758783e-06 -5.631671178594274e-06 -2.296263648276002e-06 2.271949425479519e-06
-1.192990921579154e-05 -2.912498264737089e-06 3.072338016953978e-06 4.704475937290513e-06
-8.710422320355186e-06 -4.194195538220951e-06 -3.371734399621844e-06 3.735453016017254e-07
-1.076062986042685e-05 -4.310712244148475e-06 -3.887223256168007e-06 -1.020380498707587e-06
-8.563504400274179e-06 -7.061879518532402e-06 1.334404975028139e-06 1.656512430021976e-06
-1.266828255102706e-05 -4.302784785221264e-06 -5.865978659599244e-06 -8.535954739899634e-06
-1.206877948238027e-05 -5.701745906718301e-06 -6.538843415926358e-07 -1.458304248695967e-06
-1.062838529112749e-05 -6.586332750114213e-06 1.599655408493596e-06 -4.299336060427448e-07
-9.441913300660795e-06 -8.455509970247315e-06 2.941518395915432e-07 -1.040590048292119e-05
-1.051423768221398e-05 -9.750250420999920e-06 -6.647857101859841e-06 4.361307915044304e-06
-1.368321160746158e-05 -5.607123932039124e-06 -6.978579353495416e-06 5.501234408100838e-06
-1.295906623688173e-05 -7.286375422635225e-06 2.821524983409389e-06 1.760167021188541e-06
-1.210229050043512e-05 -9.242646425527858e-06 -6.157774439199544e-06 5.544452420201909e-06
-1.173829604229953e-05 -1.094228972076431e-05 -1.381686298494380e-05 4.071174739362075e-07
-1.491221081390260e-05 -6.758628224157194e-06 -1.700887257735634e-05 -1.420156838357016e-06
-1.454626429758386e-05 -9.230341024724777e-06 4.870328103893105e-06 3.717624235390354e-06
-1.311158286279679e-05 -1.199157343265320e-05 -4.186028147430464e-06 -7.561671892108144e-06
-1.462708075306700e-05 -1.289522600906321e-05 -4.958700839812817e-06 -4.347939010765720e-07
-1.625486606852435e-05 -1.363802002800812e-05 -5.913980627976881e-06 3.905885129921430e-06
-1.639403923697089e-05 -9.769984879552235e-06 2.251704828506053e-06 1.195410127156635e-06
-1.637386669014814e-05 -7.714771377497714e-06 2.564049116713515e-06 -3.825992466597364e-06
-1.602017606199074e-05 -1.182823555325490e-05 -4.103772465558096e-06 2.817586450852762e-06
-1.799673886810318e-05 -1.418128467494374e-05 1.061185051269301e-06 2.650702544080662e-07
-1.981219173201375e-05 -1.453023912518642e-05 3.715815256095899e-06 3.809011014099104e-07
-1.787789688204490e-05 -1.023151260356306e-05 -5.296715002847175e-06 3.027116872242299e-06
-1.801722501611821e-05 -8.423854955286882e-06 -7.499934523898561e-06 -7.063409804675991e-06
-2.164715572196977e-05 -1.467099473583232e-05 -6.209997934600057e-06 6.129545619269691e-06
-1.958443801150888e-05 -1.193326416232129e-05 -1.648579805941092e-06 4.279771388281336e-07
-1.979280650026133e-05 -8.839673639956697e-06 -2.287071333764998e-06 1.211092152138028e-06
-2.204766864125262e-05 -1.221416075101582e-05 -3.622770272300888e-06 -2.197915473760142e-06
-2.371867458551983e-05 -1.471674615870905e-05 -1.989481888007673e-06 6.272536403665565e-06
-2.164080231781488e-05 -8.966938482547058e-06 -1.667900021881886e-06 -4.577247569284194e-07
-2.659009681694980e-05 -1.475329745814336e-05 -1.913921815238987e-06 -5.431996632721067e-06
-2.430465777740301e-05 -1.080906122517045e-05 -2.831397771889621e-06 -7.864421948449941e-07
-2.371533153454166e-05 -8.927084725145441e-06 -3.158955735788031e-06 9.760934772995723e-08
-3.063783473455709e-05 -1.482393927575286e-05 2.509468496352763e-07 1.233607830544535e-06
-2.861235184510800e-05 -1.158438752987304e-05 -5.607920090018482e-07 2.178162528116281e-06
-2.659649235476479e-05 -8.869869978321253e-06 -1.328368647943040e-06 -2.360719271652310e-06
-3.609157983710819e-05 -1.488215335005734e-05 -5.256626609544710e-07 1.692213150203054e-06
-3.334861629480809e-05 -1.181670364055346e-05 -6.047135233242163e-07 -2.307827998905053e-07
-3.063509432451803e-05 -8.808237064723991e-06 -3.785882000526006e-06 3.972272779408442e-07
-4.187710828357050e-05 -1.494832875834532e-05 1.428604768355961e-07 -5.140305113248174e-07
-3.896555413407662e-05 -1.181563062294290e-05 -8.081445172367734e-07 -1.666569390405964e-07
-3.609513689283072e-05 -8.750425819580596e-06 1.575281527176106e-06 5.417190195915420e-08
-4.777137023722935e-05 -1.499989468113158e-05 1.023335284316892e-06 7.084325646912431e-07
-4.480707791085774e-05 -1.181945836465201e-05 7.629298815265261e-07 6.831662248870526e-07
-4.187424134027898e-05 -8.688185096802855e-06 -1.735255169530468e-06 -6.548926922592459e-07
-5.376534161207144e-05 -1.504882404315523e-05 1.420073962043553e-06 -7.734609481129990e-08
-5.075219855075294e-05 -1.182113610924629e-05 1.932302923373976e-06 8.172434602562675e-08
-4.777044981044344e-05 -8.641499878426323e-06 1.961050885728370e-06 -5.419272752452943e-07
-5.983414735326237e-05 -1.509052544107724e-05 2.257805334563586e-06 -1.054277622983840e-06
-5.678972937407744e-05 -1.182021038167740e-05 1.257047234572146e-06 3.993507383272166e-07
-5.376764213804150e-05 -8.591950324937900e-06 1.444450667466419e-06 1.254083823756394e-06
-6.598918913384366e-05 -1.513922404303786e-05 2.952215086514356e-06 9.012432189940078e-08
-6.289430429423981e-05 -1.182021923924978e-05 2.742772925574514e-06 -7.599779163627490e-07
-5.983371891931258e-05 -8.551787503176083e-06 2.530116789535833e-06 3.286626633456322e-07
-7.221496679134171e-05 -1.516714878304099e-05 3.446697350465386e-06 1.039100326320118e-07
-6.909486235158494e-05 -1.181930977760051e-05 3.073321304423888e-06 6.370515562731109e-07
-6.598917443348794e-05 -8.500125642773935e-06 1.847099993573227e-06 -8.062247059308566e-07
-7.849568378391075e-05 -1.520122665535175e-05 3.960396096878270e-06 -4.903260089448668e-07
-7.534425229071474e-05 -1.181690020139840e-05 3.953768394015256e-06 -2.780343496445184e-07
-7.221627975622162e-05 -8.469208985776848e-06 4.635265996258142e-06 -1.484389084989667e-07
-8.482024380702179e-05 -1.522009249045566e-05 5.640143427062424e-06 1.208112887705551e-06
-8.165279600158580e-05 -1.182081916905450e-05 4.419319181494778e-06 -3.174001877828867e-07
-7.849367106639280e-05 -8.435078692267256e-06 3.426148267149284e-06 4.706518349284910e-07
-9.846001355369886e-05 -1.485358153509617e-05 5.431533273418645e-06 -3.373455827508221e-06
-9.755694494912394e-05 -1.522819678415572e-05 6.750007530737842e-06 -3.496793445927457e-06
-8.766706340323745e-05 -1.182181996722596e-05 5.734674081320129e-06 -8.312013071593113e-07
-9.119060252875441e-05 -1.523339888643163e-05 6.605187987145686e-06 1.587965597927117e-06
-8.482064010221943e-05 -8.425486268744239e-06 5.552479785823247e-06 -1.873467071293497e-06
-9.883404916377225e-05 -1.394973961345424e-05 4.866956984546654e-06 -2.584037064684831e-06
-9.669841053764816e-05 -1.182021932705984e-05 8.695411514938554e-06 5.899342238302903e-07
-9.119101844171745e-05 -8.407540698060121e-06 6.410686378487083e-06 -2.857568977623916e-06
-9.883564872573148e-05 -9.690056778657184e-06 5.396080512745569e-06 3.779858050537572e-06
-9.755833630876770e-05 -8.411080493135543e-06 7.080652423883622e-06 4.279471309610879e-06
-9.846162326285064e-05 -8.785839577064487e-06 5.931294267307668e-06 4.293292040056397e-06
