-1.407612186440389e-04 1.966227636846948e-05 4.315091484807081e-06 -5.571024612762082e-07
-1.413264417075617e-04 1.829778834264538e-05 4.341122207311834e-06 -4.842057893131060e-07
-1.413263619229715e-04 1.186522932449144e-05 4.335601901502191e-06 -1.363998783353020e-07
-1.407611292672254e-04 1.050073806685237e-05 4.311610490115950e-06 -7.143571545270818e-08
-1.393966649338908e-04 2.022745038837440e-05 4.248811332577700e-06 -5.878978607000133e-07
-1.368370213125720e-04 1.508148089680370e-05 4.141928083459660e-06 -3.178322030052908e-07
-1.393965637794270e-04 9.935562085171321e-06 4.252408720678980e-06 -4.428265747049976e-08
-1.297884442146354e-04 2.022627450808325e-05 3.873234263076267e-06 -5.625670948918542e-07
-1.297883414450148e-04 9.936635579311686e-06 3.872421525143514e-06 -6.352333905871444e-08
-1.244847148364957e-04 1.508148055528705e-05 3.635745466616360e-06 -2.630772553429254e-07
-1.201836345264203e-04 2.022090281908578e-05 3.379840081462464e-06 -6.384330201700988e-07
-1.201836834522212e-04 9.942045850679550e-06 3.396216071132956e-06 -1.260705529157524e-07
-1.153848504648271e-04 1.508153823874334e-05 3.122623489381243e-06 -1.899081346209903e-07
-1.105940548513902e-04 2.020688889731348e-05 2.779890344375102e-06 -6.466554145792994e-07
-1.105942705875287e-04 9.956091565559044e-06 3.155935822088536e-06 -1.095754046325757e-07
-1.058086038533060e-04 1.508172973310403e-05 2.548082703680574e-06 -1.960847679930197e-07
-1.010396130559907e-04 2.018040126846677e-05 2.128523802017902e-06 -6.441485737630980e-07
-1.010398123575148e-04 9.983194676381207e-06 2.881487128090990e-06 2.917377082533742e-09
-9.628036336702154e-05 1.508198191631523e-05 1.867802753036917e-06 -2.296730100940820e-07
-9.154851221447807e-05 2.013734762171374e-05 1.474931677286773e-06 -4.717154173521313e-07
-9.154867484663185e-05 1.002692758232117e-05 2.264935251393153e-06 1.540970953373773e-07
-8.683211219070303e-05 1.508217283328782e-05 1.326335726337657e-06 -2.935897804996765e-07
-8.215491178968348e-05 2.007532512068817e-05 1.064510666020528e-06 -3.516899147482878e-07
-8.215509347995596e-05 1.008943994119629e-05 1.410171864538869e-06 1.322584043890185e-07
-7.749939893505892e-05 1.508237716055678e-05 9.196540166082136e-07 -2.887937498268932e-07
-7.289505105171740e-05 1.999331944626827e-05 8.046682309731944e-07 -2.383419307880872e-07
-7.289520330962938e-05 1.017161993270609e-05 8.210268636554077e-07 1.000882118439746e-08
-6.831892773994175e-05 1.508260525405511e-05 7.521789976052719e-07 -2.604680267854293e-07
-6.380742565040599e-05 1.988973790883557e-05 6.978042726000390e-07 -2.270999673584570e-07
-6.380736170309644e-05 1.027540283222837e-05 6.770245314149239e-07 -9.802592523254006e-08
-5.933070626978029e-05 1.508271749872849e-05 6.382258489981709e-07 -2.044508700137473e-07
-5.493350817149219e-05 1.976238700810393e-05 5.127295871708452e-07 -2.859081552588243e-07
-5.493350443166828e-05 1.040315510038049e-05 5.569007769954573e-07 -1.231516602762267e-07
-5.057864476087444e-05 1.508275344273319e-05 4.167500748442411e-07 -2.120145189160809e-07
-4.631934825300815e-05 1.960755742896517e-05 3.160794429894657e-07 -2.953012950314136e-07
-4.631891211852345e-05 1.055858876282516e-05 3.236259525563106e-07 -1.271407287874539e-07
-4.227859796030507e-05 1.508145755101930e-05 2.302649411005488e-07 -2.172208555542672e-07
-3.834589442714732e-05 1.942664293940738e-05 1.731501889820610e-07 -2.620718564772777e-07
-3.834446783639859e-05 1.074587877012173e-05 1.744330074975085e-07 -2.011408120586858e-07
-3.542695272655251e-05 1.541075435051453e-05 1.745821770513243e-07 -2.345273463131789e-07
-3.255433998823865e-05 1.925668154474424e-05 2.362350813091926e-07 -2.075879118506583e-07
-3.254935443672974e-05 1.092060884533599e-05 2.404414948579880e-07 -2.588220314382467e-07
-2.850232387943367e-05 1.910777200317982e-05 3.604351499747077e-07 -1.664706958833110e-07
-2.924718958587886e-05 1.647263578381252e-05 3.262712786073937e-07 -2.235882379050568e-07
-2.849462085525058e-05 1.103242553077250e-05 3.611115071427141e-07 -2.898194511914830e-07
-2.563933180159539e-05 1.115183719474364e-05 4.717041217258214e-07 -3.191207794177880e-07
3.622727967619465e-06 1.446306494470364e-06 2.139265527841454e-08 -3.672632692657781e-07
3.694577589884065e-06 1.273128219475740e-06 1.913749427860448e-08 -3.619369804664800e-07
3.694016071660056e-06 6.295350736573842e-07 2.085727754659125e-08 -3.383251681822204e-07
3.622586289733372e-06 4.594293683115553e-07 2.391138025997254e-08 -3.320115323629923e-07
-2.562827096692827e-05 1.900286838398448e-05 4.712792342150956e-07 -1.614331612258573e-07
-2.311327836656115e-05 1.876405180611433e-05 5.368123281331531e-07 -1.663229288092589e-07
-2.502157305757415e-05 1.410264558949591e-05 4.845813749845909e-07 -2.600042272135626e-07
-2.307794361683725e-05 1.105717355094252e-05 5.446742231880882e-07 -3.350421809971735e-07
3.450419466761775e-06 1.518150936644751e-06 2.697528360086834e-08 -3.693670698694589e-07
3.277423219355347e-06 8.124795188066763e-07 3.537456401889459e-08 -3.434900396158319e-07
3.452278573231106e-06 3.887482918487364e-07 3.068176590471129e-08 -3.285441277455259e-07
-2.228770002037479e-05 1.636469935543495e-05 5.567509106169459e-07 -2.195343620346263e-07
-2.068692010869445e-05 1.822377707249696e-05 5.860674156781082e-07 -1.843923231415125e-07
-1.840514444073228e-05 1.745603236150515e-05 6.322111005408972e-07 -2.152904725494417e-07
-2.153291073416242e-05 1.314955142853188e-05 5.789964959796668e-07 -2.956452076428062e-07
-2.069548007979009e-05 1.057174434198691e-05 6.020680417628122e-07 -3.564158090829149e-07
2.284480296472328e-06 1.539679691955162e-06 6.380545864042401e-08 -3.541881659178914e-07
2.284258466153210e-06 3.701874040893217e-07 7.213743798377025e-08 -3.073774378308474e-07
1.679454519958861e-06 9.558347860498597e-07 9.049728188219880e-08 -3.175177101049808e-07
-1.630110674252623e-05 1.642652068620604e-05 6.658735146233319e-07 -2.548820447503037e-07
-1.807832734518011e-05 1.505459537531011e-05 6.425591942152811e-07 -2.740350395228409e-07
-1.885554131898417e-05 1.211498896407506e-05 6.344603964459661e-07 -3.333346272799478e-07
-1.852895717078184e-05 9.735838345023794e-06 6.461504293424045e-07 -3.719967946749373e-07
1.022803306734738e-06 1.651001605483568e-06 1.218559599878077e-07 -3.506222272781333e-07
1.023438513965586e-06 2.626685533185823e-07 1.272829419862583e-07 -2.615142737231734e-07
2.754079336266623e-07 9.577099374565104e-07 1.867542531643076e-07 -2.951934758099178e-07
-1.436579421011088e-05 1.521620870669960e-05 6.923591985431822e-07 -2.984588390851074e-07
-1.265803057848278e-05 1.384601005619271e-05 6.914791156013850e-07 -3.274725647646418e-07
-1.617294009301118e-05 1.167394815910544e-05 6.741597928523732e-07 -3.534077002981451e-07
-1.663005164954736e-05 8.575893221056192e-06 6.687856875943288e-07 -3.710354282139188e-07
-5.834072169343671e-07 1.888802623244519e-06 2.535348024554524e-07 -3.407588784311550e-07
-5.830996095883941e-07 2.806624212875918e-08 2.614120659367645e-07 -2.228412846176447e-07
-1.309400009731210e-05 1.180181284344279e-05 6.865690745075737e-07 -3.532476160952567e-07
-1.118139083407796e-05 1.230976092668844e-05 6.791101299062349e-07 -3.502580380548175e-07
-1.380621233277501e-05 9.570598222814621e-06 6.784139733083173e-07 -3.611610076943511e-07
-1.503723988591063e-05 7.193838366451913e-06 6.739742942838776e-07 -3.534675153921112e-07
-1.529367486095501e-06 9.593474724223390e-07 3.146099246235209e-07 -2.659240352245668e-07
-2.655204079447243e-06 2.230947307200762e-06 3.508820942095289e-07 -2.904740659841147e-07
-2.652752803547971e-06 -3.137802341322401e-07 3.663774195110435e-07 -1.978891493628128e-07
-9.901166968768256e-06 1.067148784470936e-05 6.619203739764843e-07 -3.527786451365252e-07
-8.888148086880120e-06 9.000422216027094e-06 6.304597250386106e-07 -3.428100013871812e-07
-8.119917685422999e-06 7.254670290673313e-06 5.963419931420357e-07 -3.284699721230912e-07
-1.236762925448464e-05 7.617134338965468e-06 6.615127056931061e-07 -3.464448934534268e-07
-1.377381286478816e-05 5.666815092739258e-06 6.695156743378500e-07 -3.293500027567827e-07
-3.559299562458104e-06 9.646820741114429e-07 3.846516045808016e-07 -2.269507008839446e-07
-4.669609671116779e-06 2.567096512160398e-06 4.023686992848567e-07 -2.593536913753070e-07
-4.670326070260179e-06 -6.636964621376056e-07 4.169189712212924e-07 -1.617872615970779e-07
-9.826872129690828e-06 7.240297328024185e-06 6.323818469999056e-07 -3.337388179970231e-07
-7.552694805624662e-06 5.498956617157890e-06 5.627976891830141e-07 -3.074684041625835e-07
-6.479894088979822e-06 2.850769710596576e-06 4.665937013423113e-07 -2.545530973730979e-07
-6.993461925838067e-06 3.140574206397898e-06 4.958276845086236e-07 -2.605740769916298e-07
-7.250661873019554e-06 3.741075234741132e-06 5.195722895053591e-07 -2.760329706634676e-07
-1.137683234387076e-05 5.447711494834240e-06 6.409575642800039e-07 -3.206786235913336e-07
-1.282924665576786e-05 4.069721733947801e-06 6.622668369079995e-07 -2.966730511957566e-07
-5.666313291637784e-06 1.202311276303927e-06 4.350833352023548e-07 -2.034422006852299e-07
-6.529215494148147e-06 -9.195051609372227e-07 4.636116222371266e-07 -1.297912287510837e-07
-8.739845011391816e-06 4.267745933371877e-06 5.771961272541764e-07 -2.936782659844580e-07
-7.050201794653088e-06 1.994816685388019e-06 4.900986629757454e-07 -2.221668511073771e-07
-7.661009516737008e-06 2.935252546628053e-06 5.232330343101031e-07 -2.522936500592994e-07
-1.068804364518300e-05 3.579026655229776e-06 6.165449788110778e-07 -2.800957298194919e-07
-1.222547969151268e-05 2.478545948705017e-06 6.502790202025952e-07 -2.484149125623730e-07
-7.123215003696529e-06 1.612875029924447e-07 4.817206788330294e-07 -1.595664933540779e-07
-7.075059088527870e-06 -1.192747038221795e-06 4.791645301312635e-07 -1.156767323380557e-07
-9.114355052541729e-06 1.579524526670009e-06 5.568406210829937e-07 -2.093101992596898e-07
-1.199721831817970e-05 9.165090283273279e-07 6.323688398806182e-07 -1.897394483820551e-07
-1.207573730065837e-05 -5.871911621796351e-07 6.119388067856220e-07 -1.372377435443992e-07
-8.227035679777210e-06 -8.382911787730941e-07 5.118246526956700e-07 -1.214112969606422e-07
-7.399838602433226e-06 -1.765634701384262e-06 4.874285610784788e-07 -9.559338145698311e-08
-7.809186890069017e-06 -3.321326470139936e-06 4.908160744016738e-07 -5.655831326741585e-08
-1.058817380760904e-05 -7.970510060771580e-07 5.741156105570645e-07 -1.241156679596254e-07
-8.395817197920092e-06 -4.792700882494026e-06 4.997608838765445e-07 -2.715546260160453e-08
-1.247148700673149e-05 -2.092578539503894e-06 5.959848388868569e-07 -9.331916020465523e-08
-9.226739926790531e-06 -3.386928076114320e-06 5.196388763951639e-07 -5.487819766661133e-08
-1.127737507567622e-05 -3.502077129595600e-06 5.610610669108314e-07 -5.633317771166623e-08
-9.137022301329106e-06 -6.181330633461505e-06 5.101528833703374e-07 -1.183190009440559e-09
-1.313331651246438e-05 -3.503695181065769e-06 5.879758507931740e-07 -5.782272328764544e-08
-1.253253604960678e-05 -4.866881842774799e-06 5.708090052158309e-07 -2.577566249374338e-08
-1.116038091135760e-05 -5.708472956362836e-06 5.465397610132905e-07 -9.083337962250520e-09
-1.002924468043895e-05 -7.474639871444295e-06 5.266841886258756e-07 1.773173537827545e-08
-1.106191402785593e-05 -8.658412525130382e-06 5.466603044753071e-07 2.822566245311266e-08
-1.403576709337245e-05 -4.788093037236358e-06 5.847728940959719e-07 -2.171120140592667e-08
-1.335444576911996e-05 -6.364988758909053e-06 5.761342025349391e-07 5.970196403523174e-09
-1.255938384004455e-05 -8.182225124726573e-06 5.673207608456667e-07 2.474591193068851e-08
-1.222251770119791e-05 -9.718283277619109e-06 5.646102579751020e-07 2.222901293293126e-08
-1.514789228860063e-05 -5.897737759404984e-06 5.790035038076549e-07 1.014750725799653e-08
-1.480069740613746e-05 -8.164180483780453e-06 5.762885053874541e-07 2.286576641369918e-08
-1.349625340385512e-05 -1.063974455220873e-05 5.736165376312131e-07 1.154291761977571e-08
-1.486708471532601e-05 -1.141116386394204e-05 5.693295998119169e-07 -7.464486273666617e-09
-1.631716366845937e-05 -1.202264416052062e-05 5.572517227554470e-07 -3.107044543267747e-08
-1.644375238231631e-05 -8.643067914992422e-06 5.599651044370262e-07 2.251508434314866e-08
-1.643651214992492e-05 -6.798290811190250e-06 5.628954440619784e-07 2.935373795572614e-08
-1.612000870216822e-05 -1.046034934842978e-05 5.647718928166163e-07 -3.998722584640430e-10
-1.782799939200021e-05 -1.246545928212304e-05 5.305218762821397e-07 -4.979476093557916e-08
-1.938028663015467e-05 -1.273429881015105e-05 4.905682030932147e-07 -6.557212074790062e-08
-1.774330000163573e-05 -9.052935481149912e-06 5.364442371646885e-07 2.190124048020358e-08
-1.786289353455799e-05 -7.461523513574889e-06 5.322431990083774e-07 4.511364235244543e-08
-2.095346918411084e-05 -1.282514211358354e-05 4.376087732043346e-07 -7.233076754044730e-08
-1.920702499300126e-05 -1.052011387760135e-05 5.011937557037565e-07 -5.564094034022458e-09
-1.938382831165390e-05 -7.867119187870058e-06 4.903475516693180e-07 6.137352497687375e-08
-2.130170200934137e-05 -1.075362715120311e-05 4.221326469072515e-07 -7.260534869333835e-09
-2.268584813057783e-05 -1.282677270295504e-05 3.679501222688170e-07 -6.818119276026272e-08
-2.095310667435449e-05 -8.003036139499236e-06 4.352356141986870e-07 7.389658220927516e-08
-2.507051167409956e-05 -1.282848529515243e-05 2.786251713377987e-07 -5.446972160632707e-08
-2.318826454002403e-05 -9.576653157756594e-06 3.427451565263767e-07 3.402367226481905e-08
-2.268576861276232e-05 -8.001365015085811e-06 3.620430413856508e-07 8.332657517861555e-08
-2.835102375005824e-05 -1.283081919877902e-05 1.971059616092912e-07 -2.719421542459692e-08
-2.672714201297108e-05 -1.022513873247367e-05 2.284372888617373e-07 1.519139054514050e-08
-2.507056307110078e-05 -7.999142635490046e-06 2.791698963395982e-07 7.594041140472748e-08
-3.268418113151162e-05 -1.283076478103512e-05 1.699052708570941e-07 1.697944647962985e-08
-3.051749179876411e-05 -1.041406269745829e-05 1.698726239505071e-07 4.154129507571057e-09
-2.835100690051870e-05 -7.997052057527209e-06 2.009377893371202e-07 4.265641904728739e-08
-3.719514118140352e-05 -1.282457178786639e-05 2.634942579148524e-07 8.350358763281347e-08
-3.494150793361192e-05 -1.041422231997016e-05 1.923806568958998e-07 -2.142623367467973e-09
-3.268414009967128e-05 -7.997471082598772e-06 1.716486818135867e-07 -1.567808902890793e-08
-4.168688524102082e-05 -1.281063809749577e-05 5.028610943761886e-07 1.313960236683408e-07
-3.944553910616275e-05 -1.041459631923891e-05 3.637256582821402e-07 -9.647379916383409e-09
-3.719502541755680e-05 -8.004203603622401e-06 2.648330009056923e-07 -9.395898419340672e-08
-4.614372029777925e-05 -1.278990006588479e-05 8.286208049679762e-07 1.331797915402350e-07
-4.392214167668334e-05 -1.041523906701079e-05 6.633734417102976e-07 -2.870418436657000e-08
-4.168667302912423e-05 -8.019156800783990e-06 5.101073112443315e-07 -1.685202656381235e-07
-5.055432102532522e-05 -1.276494518285955e-05 1.161693421029907e-06 1.187528027621953e-07
-4.835723052157336e-05 -1.041607692543986e-05 9.996418440870914e-07 -4.478829129836273e-08
-4.614344415131582e-05 -8.041393289204294e-06 8.353173109259978e-07 -2.091065280175483e-07
-5.491321649433560e-05 -1.273868046283246e-05 1.458458575721619e-06 1.031791896246883e-07
-5.274241604669085e-05 -1.041699899163568e-05 1.315770090885448e-06 -3.854928217859489e-08
-5.055402035838362e-05 -8.068124283606933e-06 1.159032724230393e-06 -2.057352598788787e-07
-5.922080296102128e-05 -1.271428966413772e-05 1.670246056571425e-06 5.435259259628600e-08
-5.707506011671083e-05 -1.041792758138971e-05 1.581240396781928e-06 -1.813761242523358e-08
-5.491291600088107e-05 -8.096248957143817e-06 1.450217160621043e-06 -1.602608510183803e-07
-6.348407683082555e-05 -1.269491026294515e-05 1.709864364392495e-06 -5.457774334757607e-08
-6.135879701474621e-05 -1.041882670287787e-05 1.726800523719297e-06 -6.405232052464251e-09
-5.922051436729662e-05 -8.122470062371536e-06 1.666100214923954e-06 -7.639110697880724e-08
-6.771545495481823e-05 -1.268223128802833e-05 1.495947768859476e-06 -1.972205947223642e-07
-6.560379056895340e-05 -1.041968931457737e-05 1.649812314734438e-06 -1.024734960499973e-08
-6.348379794193962e-05 -8.143613702142964e-06 1.711953745003546e-06 3.980832213940176e-08
-7.673217980484501e-05 -1.242725656831881e-05 3.243348401237926e-07 -3.095605049981303e-07
-7.613459756511099e-05 -1.267481992361590e-05 4.095880205095520e-07 -3.438169004039181e-07
-6.960432255567418e-05 -1.042043132785903e-05 1.319667264152541e-06 -1.860968425845014e-08
-7.192825161524363e-05 -1.267602044641349e-05 1.026053078099254e-06 -3.111697589692156e-07
-6.771519411920176e-05 -8.157949473540983e-06 1.499336131701973e-06 1.678799488674816e-07
-7.697970123082305e-05 -1.182961590019392e-05 2.888784652227287e-07 -2.258934564068968e-07
-7.556601003625690e-05 -1.042109129862040e-05 4.980441394280455e-07 -2.419361286427439e-08
-7.192808504938856e-05 -8.165503163683133e-06 1.027225344865676e-06 2.677047555387850e-07
-7.697969040927554e-05 -9.012592384587128e-06 2.888522111732953e-07 1.774573896562751e-07
-7.613453703132266e-05 -8.167316867616864e-06 4.099075776668736e-07 2.958937839795387e-07
-7.673215497768486e-05 -8.414904812368404e-06 3.244017112686562e-07 2.614636874944108e-07
