-6.041581369247621e-05 9.965352176888640e-06 -4.412972422842624e-05 4.176463708562535e-06
-6.063053699046564e-05 9.447053680363510e-06 -4.407202460284643e-05 4.122738442529369e-06
-6.063115276183965e-05 7.003968473944542e-06 -4.386907063988000e-05 4.138820344039647e-06
-6.041652485391444e-05 6.485995786481666e-06 -4.390728797794969e-05 4.068437653752736e-06
-5.989745243023005e-05 1.018002153049409e-05 -4.422375256672262e-05 4.238492068271937e-06
-5.892636169310249e-05 8.226192205493563e-06 -4.404802577369432e-05 4.008158903351158e-06
-5.989837545130182e-05 6.271530859383359e-06 -4.397722062020254e-05 3.992282745543545e-06
-5.625282817264850e-05 1.018102972705111e-05 -4.212815629085148e-05 5.359753298181295e-06
-5.625456851209627e-05 6.276898875564168e-06 -4.194860168736014e-05 2.323318719205168e-06
-5.424483560446103e-05 8.230645363505726e-06 -3.937961277045921e-05 3.985841991935519e-06
-5.261565583773499e-05 1.018106886886228e-05 -3.786002593325992e-05 5.663236008945863e-06
-5.261499089784017e-05 6.279833768929834e-06 -3.854831373594042e-05 3.584842877469121e-06
-5.079662743639743e-05 8.229828181656050e-06 -3.784324245848707e-05 4.971869862004491e-06
-4.897877529282117e-05 1.017842900486452e-05 -3.731644214765374e-05 6.238904704874721e-06
-4.897914896116797e-05 6.279910330786318e-06 -3.715102179898698e-05 3.358124900539096e-06
-4.716185527652230e-05 8.228252313290141e-06 -3.559273285094178e-05 4.216324045836015e-06
-4.534765929411560e-05 1.017358372284549e-05 -3.330958696779105e-05 5.712174211119591e-06
-4.534822310688163e-05 6.280936035317332e-06 -3.326914005034560e-05 1.879323286521385e-06
-4.353498648278522e-05 8.226178174429509e-06 -3.111740940314114e-05 3.647314799710633e-06
-4.172368359448574e-05 1.016926939553475e-05 -2.967093586254267e-05 4.652979390271427e-06
-4.172521776803642e-05 6.282488728730177e-06 -3.081573503859317e-05 3.816472883836649e-06
-3.991042903695121e-05 8.226401548155258e-06 -2.883491887061213e-05 4.931937257032602e-06
-3.809170954797734e-05 1.017101563585402e-05 -2.656501118047216e-05 6.010203142068546e-06
-3.809368507005589e-05 6.283663039867306e-06 -2.659316052984893e-05 3.685591775425605e-06
-3.627279415809457e-05 8.228415395938836e-06 -2.436218651884019e-05 4.633467603903379e-06
-3.445930698893196e-05 1.016173365375059e-05 -2.312729566985322e-05 5.544077790883520e-06
-3.445816292720604e-05 6.293366362605292e-06 -2.287132061899711e-05 2.859509091609503e-06
-3.264901572330852e-05 8.226234929949972e-06 -2.204570272437627e-05 3.994584454428132e-06
-3.084720759151694e-05 1.014889509072548e-05 -1.986129291081322e-05 7.612385398197437e-06
-3.084622295484276e-05 6.300944198252627e-06 -2.023457108868954e-05 8.640485832506629e-07
-2.904869977125393e-05 8.223755140886668e-06 -1.797058558202938e-05 4.437450680251374e-06
-2.725945622443921e-05 1.013628123583872e-05 -1.672192772666174e-05 7.041783357830704e-06
-2.725933825256977e-05 6.310608657263373e-06 -1.633786242586640e-05 1.686862394822746e-06
-2.547661875330733e-05 8.223817477309224e-06 -1.508066618199709e-05 4.074721732115032e-06
-2.370336590216384e-05 1.012304579718294e-05 -1.347818062008152e-05 6.243586755986636e-06
-2.370480963159268e-05 6.328246776550686e-06 -1.363726757770623e-05 1.885677026438104e-06
-2.200501949342670e-05 8.228026781884763e-06 -1.208331738654966e-05 4.121310762761160e-06
-2.031017915809991e-05 1.011383384829214e-05 -1.085162329175215e-05 6.072572711140314e-06
-2.031322273827037e-05 6.349214451331480e-06 -1.092572614127290e-05 2.146438535411237e-06
-1.904473326671415e-05 8.379051441931065e-06 -1.012679446099592e-05 4.462749721378451e-06
-1.776893761000168e-05 1.009184031844496e-05 -9.335675782482510e-06 6.187247253885277e-06
-1.776645960370761e-05 6.375102490038696e-06 -8.793293863721951e-06 2.136302419652563e-06
-1.594465922382671e-05 1.006884508124022e-05 -7.543225491828445e-06 5.521604269152012e-06
-1.629421906165747e-05 8.861687980224019e-06 -7.687420259392431e-06 4.546346034593821e-06
-1.594049890133779e-05 6.389442609225776e-06 -7.380072406628396e-06 2.304112113841670e-06
-1.462662603788012e-05 6.406401378034940e-06 -6.354848714002996e-06 2.585148295148976e-06
2.392916430907245e-06 5.930137714494677e-07 4.040698445966329e-06 9.867308420227775e-06
2.407654430407528e-06 5.570048707954205e-07 3.371275219692582e-05 3.762021348488313e-05
2.475852912605214e-06 1.012228739826389e-07 3.092692430335555e-05 -1.031905624712384e-04
2.446718002342325e-06 -7.235067013762622e-08 3.536156639194892e-05 8.595086690421865e-07
-1.462732516936958e-05 1.005127904844319e-05 -6.164808339051037e-06 4.733332200312012e-06
-1.344381282916090e-05 9.967132510355195e-06 -6.130698247346081e-06 4.364610286037191e-06
-1.435552462462525e-05 7.773160996689723e-06 -6.034825873475531e-06 3.549580349089685e-06
-1.344055006462275e-05 6.321805218142913e-06 -5.852787830332054e-06 2.839250474918837e-06
2.350478932785801e-06 6.108674581599832e-07 -6.619039468120829e-06 -3.834990780049176e-05
2.092102700881322e-06 2.770881646156052e-07 -3.713516322453900e-05 1.165080792525811e-05
2.333549672445675e-06 -1.514747181486335e-07 4.721739810237650e-05 8.248776211937001e-05
-1.306435640562736e-05 8.845014611246577e-06 -6.006333762782635e-06 4.025710524559247e-06
-1.228562064266202e-05 9.746557999870767e-06 -5.728709593853237e-06 4.553962960810665e-06
-1.117154987337976e-05 9.406532923297313e-06 -4.708527804414720e-06 4.873306266258482e-06
-1.271115828649131e-05 7.309981484043392e-06 -5.616254349251117e-06 3.528473944919837e-06
-1.230612971069372e-05 6.040747147900735e-06 -5.043165037910460e-06 2.668322364058699e-06
1.521491089394699e-06 7.027383702298912e-07 1.345023746335632e-05 -6.778290095847445e-07
1.529398004315038e-06 -8.298546074404357e-08 3.104952785644091e-06 -3.479764208552684e-05
1.090756853883391e-06 2.826409996095980e-07 -1.856324174245688e-06 3.550724773601277e-05
-1.011010493955319e-05 8.942128451828435e-06 -3.622303137674559e-06 4.782203873103716e-06
-1.102214298154984e-05 8.247769053027489e-06 -4.488682721057002e-06 4.267665940456498e-06
-1.140678005305747e-05 6.792830141446886e-06 -4.275138409332398e-06 3.223405370963838e-06
-1.124898615064899e-05 5.574352110377670e-06 -3.840974621378987e-06 2.583148559891411e-06
6.759924104719420e-07 7.643762168884199e-07 -1.052470056395328e-06 -9.560476005951574e-06
6.737060558249108e-07 -1.760087324952064e-07 -7.276266412732376e-08 -8.005724323885361e-06
1.543819196150042e-07 3.253850286961686e-07 -3.711036134675416e-06 1.378771153285658e-05
-9.112073697115893e-06 8.364803497319235e-06 -2.369823325272251e-06 3.327241281259206e-06
-8.201568829217763e-06 7.686140617845473e-06 -4.077465678383537e-06 3.307516269776236e-06
-1.005375770435401e-05 6.564325501034535e-06 -3.077287794375546e-06 2.914459468220190e-06
-1.029952006067265e-05 4.939442946308324e-06 -4.398976059187632e-06 3.474213378914979e-06
-4.266091002611103e-07 9.140554181682040e-07 -1.588652486680614e-06 7.739081735130400e-06
-4.394113407440852e-07 -3.387909564710469e-07 6.624443804875184e-06 -6.970667466899724e-06
-8.431471104857229e-06 6.638807351684465e-06 -4.272775756928630e-06 3.611081949238653e-06
-7.387056335718335e-06 6.912147118467950e-06 -3.902021974564641e-06 3.706697826834954e-06
-8.816756157821445e-06 5.457705334117422e-06 -4.931331160518260e-06 4.046532855859075e-06
-9.487303816791672e-06 4.163093608449473e-06 -5.029925320730611e-06 2.882718224645554e-06
-1.071131635149704e-06 2.955627242719637e-07 1.838273177726357e-07 -3.361605164754366e-06
-1.829092008495777e-06 1.148286070452774e-06 9.047072332231875e-07 2.307040102357675e-06
-1.816760769508083e-06 -5.656658699512312e-07 -8.549641764578529e-06 3.012557939594865e-06
-6.667576436126233e-06 6.062355369802678e-06 -3.176340798655044e-06 4.731574366587866e-06
-6.057640085432272e-06 5.149121150284514e-06 -6.029987238459632e-07 2.248901805989926e-06
-5.562247553672468e-06 4.175463554977708e-06 -2.201805162237039e-07 -1.560725498040992e-08
-8.030342339913451e-06 4.390873990240525e-06 -4.128941698872497e-06 2.204735390560341e-06
-8.833017532721844e-06 3.274257726084607e-06 -4.035904196770769e-06 2.429728793325263e-06
-2.426809860523872e-06 2.962062101740526e-07 1.199711561932593e-06 1.510943813076562e-06
-3.166341848722915e-06 1.364920489370745e-06 -6.010422216813404e-07 -2.967213975631565e-06
-3.160327123622403e-06 -7.858449910981672e-07 4.373865774300372e-06 -5.580483646774837e-06
-6.580537678156189e-06 4.177116023255603e-06 -1.542930780720363e-06 2.774692333982751e-07
-5.182838676219190e-06 3.156224864119742e-06 -4.319036535611180e-07 -7.680287847102026e-07
-4.377242083423118e-06 1.551647513976193e-06 -5.797444450735157e-06 -1.835082519390382e-06
-4.737699646925814e-06 1.734382664313154e-06 -2.462370320908724e-06 -5.615528854365153e-07
-4.934365128141728e-06 2.105593383701497e-06 -1.278677137582328e-06 1.998850522800813e-07
-7.479567538625526e-06 3.143550776917199e-06 -3.200978076952785e-06 1.494834949834771e-06
-8.349069950480715e-06 2.316496696261549e-06 -3.203682763643651e-06 2.064823023469938e-06
-3.823832114881909e-06 4.567446290692683e-07 -4.262224095820024e-06 1.134598358892090e-07
-4.375962356322113e-06 -9.453702984814340e-07 -3.860867225055079e-06 -1.251954693316638e-06
-5.886954832551796e-06 2.434599070442785e-06 -9.348434861019826e-07 3.713706920783671e-07
-4.755936847431940e-06 9.873810587771432e-07 -1.565249410575303e-06 1.720289884056246e-06
-5.179825916550824e-06 1.600702510711717e-06 -9.925114276712779e-07 9.173320381617831e-07
-7.078699553109497e-06 2.015977806189680e-06 -3.176159219357324e-06 3.805151130685001e-07
-8.054926971779512e-06 1.322348015759732e-06 -2.494902393888047e-06 7.978850009775057e-07
-4.772161289165816e-06 -2.254469474761372e-07 -1.828174455558899e-06 2.611969849632304e-07
-4.714575181588068e-06 -1.125033937057495e-06 -3.370360954810739e-06 -1.461131821814161e-06
-6.101501806849345e-06 7.451004725166069e-07 -3.510168870480875e-06 1.921982490791504e-07
-7.963414587589358e-06 3.165917170498734e-07 -2.283446230210581e-06 4.232259299274509e-07
-8.099382090207989e-06 -6.916826088318213e-07 -2.422086839169458e-06 -1.592311873113660e-06
-5.479151863827868e-06 -8.752954027533393e-07 -2.736467571580640e-06 -2.632217177633024e-06
-4.908175630577681e-06 -1.517306103389903e-06 -3.906112858665404e-06 -2.085744698168781e-06
-5.139156184949494e-06 -2.612132263015976e-06 -2.780977897247711e-06 -1.422681699335734e-06
-7.077971701387105e-06 -8.130447588883277e-07 -1.997937605738830e-06 -2.142905301123734e-06
-5.498564450914490e-06 -3.704013363511403e-06 -1.000718901972139e-06 -1.128682492360780e-06
-8.449661304308075e-06 -1.716869155214856e-06 -2.899557253251548e-06 -6.598330272573698e-07
-6.121060825291670e-06 -2.641471436439311e-06 -7.953281554745447e-07 -1.312508282305972e-06
-7.602151029466855e-06 -2.723945682185992e-06 -2.520534715951042e-06 -6.478581169013473e-07
-6.007742811030922e-06 -4.759882464044733e-06 -3.877629359009409e-07 -1.263292568318672e-06
-9.002283867345536e-06 -2.725008550943354e-06 -4.312349261825928e-06 -7.869827374506833e-07
-8.565256276111377e-06 -3.742475598883982e-06 -4.004772148614614e-06 -1.171374603191523e-06
-7.514188575065894e-06 -4.389865413844159e-06 -2.541840263495008e-06 -1.342583143472415e-06
-6.642949928997897e-06 -5.790275526759245e-06 -1.717561372477466e-06 -1.768141847381023e-06
-7.420977833913811e-06 -6.767029158426565e-06 -2.534837974904656e-06 -1.096825899846464e-06
-9.762583737728121e-06 -3.668198850438363e-06 -3.774497109741402e-06 -1.232366148607887e-06
-9.223755436845313e-06 -4.910357912245446e-06 -3.570743046245773e-06 -7.158908287698340e-07
-8.588498352136389e-06 -6.386099369621791e-06 -3.158603637000874e-06 -8.347769077575509e-07
-8.316748445972812e-06 -7.680880183958670e-06 -2.949268587474986e-06 -5.419050054695427e-07
-1.071499418298080e-05 -4.513898836785363e-06 -1.753546004656146e-06 -2.024919402464804e-07
-1.043403876415971e-05 -6.388111636194089e-06 -1.463188076870881e-06 -5.444187835607184e-07
-9.348824195493749e-06 -8.492333998417608e-06 -1.527710583860601e-06 -4.214522157866518e-07
-1.051068555768325e-05 -9.199893549189508e-06 -4.095096022251412e-06 -2.813571234114603e-06
-1.176293922170341e-05 -9.788484528855679e-06 -4.919935589649254e-06 -1.568336233637200e-06
-1.185835258975047e-05 -6.796397251386594e-06 -4.056360255113043e-06 -3.010443219320944e-06
-1.184452007161593e-05 -5.226249617989339e-06 -2.557446647193071e-06 -6.007906210761760e-07
-1.157462085012840e-05 -8.383225101010554e-06 -5.226301404919344e-06 -3.053807129860401e-06
-1.310349353610505e-05 -1.022492960227639e-05 -3.753113323573562e-06 -1.551536130748333e-07
-1.451856676777264e-05 -1.052012719674634e-05 -3.497801793749436e-06 -2.912974336820613e-07
-1.300841121067307e-05 -7.145495673479374e-06 -5.077313632502345e-06 -3.922296757661684e-06
-1.312110960403290e-05 -5.744999721678062e-06 -5.114602622391244e-06 -3.437744792669408e-06
-1.597752187991389e-05 -1.064852353417220e-05 -4.004568337895883e-06 -1.055715173234930e-06
-1.433160734060640e-05 -8.469590104065560e-06 -3.096206453689052e-06 -1.150057438055843e-06
-1.450470136383262e-05 -6.042296240432908e-06 -4.237690056945472e-06 -3.862960145210107e-06
-1.629566310462607e-05 -8.697691609248014e-06 -3.635354710433792e-06 -1.284701662745997e-06
-1.762528535672443e-05 -1.069749378192144e-05 -6.076333135961587e-06 -2.783311426964883e-06
-1.596088837188956e-05 -6.123808824937719e-06 -2.358773674344123e-06 -1.864418884246303e-06
-1.992375649063057e-05 -1.074438020209067e-05 -5.237790231240295e-06 -3.839905162804483e-06
-1.809120098300702e-05 -7.577932272386475e-06 -5.489072172142237e-06 -2.011871039540022e-06
-1.762159251809485e-05 -6.077978535225660e-06 -4.934531020941272e-06 -1.112669065659649e-06
-2.318921752560600e-05 -1.082337809158803e-05 -3.730410289401862e-06 -2.659508742291202e-06
-2.154952353959195e-05 -8.198267526515055e-06 -4.687321326980694e-06 -2.744666419625938e-06
-1.992719646651554e-05 -6.020351236069724e-06 -5.402093396076965e-06 -2.107019510414484e-06
-2.765899484267115e-05 -1.091865441992264e-05 -6.314380242242001e-06 -1.636684072649508e-06
-2.539733398553537e-05 -8.387314039719110e-06 -4.866705018546289e-06 -1.545426121700899e-06
-2.318857306268622e-05 -5.943775774848690e-06 -4.378694056314319e-06 -2.353308752186303e-06
-3.245839145600879e-05 -1.099599549021196e-05 -7.047654757290414e-06 -1.595031466451569e-06
-3.003578981613599e-05 -8.392385466954605e-06 -7.299832130883130e-06 -1.148448770997828e-06
-2.765654007425684e-05 -5.860441727866245e-06 -6.652787204952431e-06 -7.876328061259797e-07
-3.738239919684318e-05 -1.105618815488721e-05 -6.039988681986813e-06 -3.308443261148813e-06
-3.490172655722581e-05 -8.392214369081445e-06 -5.586081353298636e-06 -2.994864680355495e-06
-3.245910850658715e-05 -5.789315211053368e-06 -5.810655019822758e-06 -2.681464145630314e-06
-4.241751061687253e-05 -1.111564226303796e-05 -7.120439872396343e-06 2.207411974816026e-08
-3.988150524656424e-05 -8.391170356456585e-06 -7.700713418180682e-06 -1.813337717447504e-06
-3.738289257229529e-05 -5.726954266798522e-06 -6.881333620696655e-06 -1.852694543447592e-06
-4.755674843170173e-05 -1.117189347422142e-05 -7.401925515434124e-06 -1.518264206064473e-06
-4.496977996347020e-05 -8.391153036888026e-06 -6.525681507906651e-06 -1.046934228595804e-06
-4.241696246368719e-05 -5.666909725099918e-06 -7.399381111181432e-06 -2.585407567530530e-06
-5.280579168539209e-05 -1.122637599434322e-05 -8.564432866202934e-06 -2.186384710850320e-06
-5.016312845809087e-05 -8.389249104639977e-06 -8.236773805587053e-06 -2.047565853716084e-06
-4.755834520608010e-05 -5.608188693527439e-06 -6.923521867175625e-06 -1.425884217548777e-06
-5.814525214067729e-05 -1.126579616100140e-05 -6.304372757951691e-06 -2.247872761354810e-06
-5.546301992003353e-05 -8.391738221687396e-06 -7.523132253299042e-06 -2.715619947349305e-06
-5.280387068050241e-05 -5.554496032842218e-06 -8.240017778432134e-06 -2.804491566675882e-06
-6.354583781458603e-05 -1.129141491921354e-05 -6.426294722476268e-06 -2.149806901247257e-06
-6.083749422093893e-05 -8.390116861498942e-06 -6.143297662691510e-06 -1.718310867120740e-06
-5.814627080334842e-05 -5.516721325050298e-06 -6.769062088429635e-06 -2.353463581637488e-06
-6.900097443782795e-05 -1.131746585233296e-05 -7.485178987420659e-06 -2.466040010266600e-06
-6.626472250516316e-05 -8.388745224033506e-06 -7.062674721155992e-06 -1.134638050297695e-06
-6.354691840893079e-05 -5.486602143978054e-06 -6.834530517282218e-06 -3.710131246380394e-07
-8.075106866378035e-05 -1.100607507148005e-05 -6.442892309866611e-06 -1.799660256518446e-06
-7.997178547566508e-05 -1.132877094004378e-05 -6.203064705828002e-06 -1.931612791073233e-06
-7.145451823442386e-05 -8.392778125162794e-06 -6.857276227273700e-06 -2.481048160144667e-06
-7.448383652449729e-05 -1.132839989703827e-05 -6.489675909197745e-06 -3.164707939279015e-06
-6.899844764765222e-05 -5.464041505849613e-06 -6.581891659099603e-06 -1.167927880946938e-06
-8.107388328323409e-05 -1.022696082744680e-05 -6.541250954782674e-06 -1.511768876190242e-06
-7.922978281864393e-05 -8.390820693378732e-06 -6.420080215197897e-06 -1.157869616442257e-06
-7.448496439423484e-05 -5.457249706000759e-06 -7.095141226235480e-06 -1.366737571332932e-06
-8.107441738760426e-05 -6.553964155299020e-06 -6.786652298682866e-06 -4.704122420559906e-07
-7.997267874317783e-05 -5.452602870344412e-06 -6.637453033796932e-06 -2.933292861205090e-07
-8.075172051144056e-05 -5.775132572446299e-06 -6.748945849532590e-06 -3.363802830342503e-07
