-1.380286598458568e-04 1.842202280526944e-05 4.200525265094111e-06 -4.057550720135000e-07
-1.385818033393846e-04 1.708625057248612e-05 3.995074557970081e-06 -6.410325971900114e-07
-1.385828266442340e-04 1.078734320034013e-05 3.821723200589344e-06 -1.074973075322380e-06
-1.380298025931711e-04 9.451837299660805e-06 4.011693342076660e-06 -1.294790376743603e-06
-1.366931677441326e-04 1.897531734641244e-05 4.619233814911893e-06 -3.245106563603607e-07
-1.341899751390156e-04 1.393763360017494e-05 5.395256525274161e-06 -7.643010987408280e-07
-1.366945171804610e-04 8.898724117708658e-06 4.413052766563285e-06 -1.362479874621996e-06
-1.272992389910140e-04 1.897307170431422e-05 7.752668854577846e-06 -2.699534282224303e-07
-1.273010554150992e-04 8.907735293950572e-06 7.487879661751715e-06 -6.279362454284195e-07
-1.221147506854057e-04 1.394197200094622e-05 4.743674304107930e-06 -2.003735890121085e-07
-1.179156231041003e-04 1.895887844742513e-05 4.055739473734935e-06 7.895232353655160e-07
-1.179144486534871e-04 8.923745636299838e-06 4.011247090928074e-06 -1.141539345544442e-06
-1.132276539779563e-04 1.394014171253944e-05 5.268663713899329e-06 -3.975201664268974e-07
-1.085426497556758e-04 1.894612014881956e-05 6.437545213200355e-06 8.798583254401973e-08
-1.085393889594414e-04 8.928558270059607e-06 6.666704057870913e-06 -1.653392309202405e-06
-1.038598010110668e-04 1.393428031241441e-05 6.394074768954822e-06 -7.187885225590906e-07
-9.920734278780889e-05 1.890367637782019e-05 6.456926362429303e-06 -3.552974896066524e-07
-9.920399856465514e-05 8.960425417089237e-06 6.379774008775052e-06 -8.331712677682956e-07
-9.456759571071999e-05 1.393186248804979e-05 6.183652710851044e-06 -2.157788387275162e-07
-8.995235970446260e-05 1.886782895570375e-05 6.885726838908165e-06 -1.283070552835215e-06
-8.995441885018021e-05 9.001760887612095e-06 6.761770398659933e-06 4.174153860957356e-07
-8.535190762795644e-05 1.393756988658089e-05 6.562893066063712e-06 -5.881098364950942e-07
-8.078801691068382e-05 1.881155117433026e-05 6.269254479310184e-06 -1.868267132041775e-06
-8.078532677992034e-05 9.061877237523906e-06 6.266718861664504e-06 5.492681595486448e-07
-7.624297198645472e-05 1.393518304991141e-05 5.499190955078560e-06 -5.435230718243420e-07
-7.174840159869357e-05 1.872839928195205e-05 5.448649240805985e-06 -1.049449479231410e-06
-7.174891428094799e-05 9.141095958542686e-06 5.351314407545552e-06 7.893499944446206e-07
-6.728210694434289e-05 1.393509803654922e-05 5.174393133429827e-06 1.206930091090711e-07
-6.288254493076033e-05 1.862760244647466e-05 4.501537972678622e-06 4.179131845859032e-07
-6.288116342201316e-05 9.243400546752082e-06 5.550661516606564e-06 -1.016201374200471e-06
-5.851165160099202e-05 1.393555665698514e-05 4.745719080448002e-06 -1.627209302684665e-06
-5.419830793627650e-05 1.852769059012036e-05 4.925679800241820e-06 -2.443278968582285e-06
-5.419963153393814e-05 9.343365042807755e-06 3.215382371058304e-06 -4.509271532620454e-07
-4.992079384942677e-05 1.393509224406746e-05 3.933747357735048e-06 -4.869879008041647e-07
-4.573460036329541e-05 1.838034921899711e-05 3.866282313271961e-06 -1.717477165528496e-06
-4.573626161019063e-05 9.490862637363004e-06 4.307105861912978e-06 2.162296932791654e-06
-4.176317210900485e-05 1.393669897679175e-05 3.844209202816944e-06 -4.084500796329514e-07
-3.788764175883733e-05 1.822050497883486e-05 2.861016442077034e-06 -1.605232139045902e-07
-3.788343632173376e-05 9.658532461682948e-06 2.877597450384322e-06 -1.196157643835231e-07
-3.500761816276936e-05 1.426005069976082e-05 2.009262403652570e-06 -1.183914370442498e-06
-3.216873885322938e-05 1.806575787093300e-05 6.794615446041726e-07 -1.728052808535872e-06
-3.216545117747434e-05 9.826500703118792e-06 2.065681681391914e-06 9.117246132954326e-07
-2.816194148725119e-05 1.792294948130713e-05 3.216814322579591e-06 -8.347807503422988e-07
-2.889879137524254e-05 1.531705689903427e-05 2.408315876365266e-06 -1.694759726865830e-06
-2.814800344173058e-05 9.929723180854686e-06 3.043831493967860e-07 -2.696442048243435e-06
-2.531919319945916e-05 1.004424392917155e-05 1.074499340000703e-06 -3.145361763877722e-07
3.635261827116112e-06 5.130560920444568e-07 -2.043099645203788e-05 1.099108125274568e-05
3.698916887668938e-06 3.153501041269996e-07 -1.416051738750621e-05 6.842585572304597e-05
3.697707129699469e-06 -2.744783743090616e-07 -1.128894810579800e-05 -2.805562806729964e-05
3.641213367788424e-06 -4.074231377634994e-07 -1.533530531459632e-05 -8.638529832219303e-06
-2.531727597363499e-05 1.781938945607700e-05 3.723793036262264e-06 -1.014696848124640e-06
-2.282293765647800e-05 1.758425114500908e-05 4.276621772825085e-06 8.833067110294082e-08
-2.470930283479623e-05 1.296627741792488e-05 3.496873065556556e-06 -2.044379197274006e-06
-2.278683810062802e-05 9.952199607728947e-06 2.900673049292400e-06 2.481018730375196e-06
3.462793177862355e-06 5.990968027365015e-07 4.918356105947944e-05 -4.597261236580153e-05
3.073911978749546e-06 1.744842816722765e-08 -1.199636555548361e-05 -5.512428749636963e-06
3.506457917744309e-06 -4.687817066259556e-07 5.334872555209679e-06 -4.999560407962299e-06
-2.200403173949487e-05 1.520537872025651e-05 3.473816361882910e-06 -1.827733286318342e-06
-2.041350325643034e-05 1.705101798518777e-05 1.811227940249744e-06 3.609410738688789e-07
-1.815268775317517e-05 1.629214949705269e-05 -1.340099573428318e-06 -9.685704061280469e-08
-2.125760906227576e-05 1.202559360893228e-05 2.073954792404212e-06 4.034352446561744e-07
-2.042873304475611e-05 9.474081448594813e-06 1.162765542121978e-07 -2.146102552311764e-06
2.277376572033893e-06 6.439650428973855e-07 8.364485608775224e-07 1.735878828320391e-05
2.260540165354057e-06 -5.505654977125389e-07 3.179927986317855e-06 9.890857120812978e-06
1.650559361223302e-06 6.767387835477530e-09 -6.656093437302384e-06 -1.925997403734036e-05
-1.607264784727054e-05 1.527222068855539e-05 3.070180494754596e-07 5.123323519154072e-07
-1.783055564256170e-05 1.391338110616849e-05 -1.153216145963259e-06 -6.662841110809819e-07
-1.860304715049242e-05 1.100125955200301e-05 -1.156835815970777e-06 -9.402948062094299e-07
-1.827774425678467e-05 8.642535767215819e-06 -3.177903586451512e-06 -5.116490864054890e-06
9.898971823889503e-07 7.450638844944790e-07 -4.003253046008687e-06 5.574433898623458e-06
1.009235561640535e-06 -6.066047613271424e-07 7.035413075442204e-06 4.382060167007550e-06
2.363181959426198e-07 1.437203302436105e-08 4.669500629907409e-07 -4.542473309721229e-06
-1.415894131299185e-05 1.407059516598505e-05 1.487709167942748e-06 2.838188854522727e-06
-1.247347347760975e-05 1.271168995667988e-05 -1.355251309576030e-06 -4.087930477830317e-07
-1.594246278175920e-05 1.056063904303046e-05 5.683561576034689e-07 2.014241346612160e-06
-1.639703425413442e-05 7.499245179060613e-06 -2.646852239819361e-06 -3.813654083480875e-07
-5.933003552084632e-07 9.955870574248105e-07 2.233275295346941e-06 5.242922802829695e-06
-6.084814575743502e-07 -8.502603978289025e-07 -1.120529820856500e-06 5.378874150274127e-06
-1.290145579866590e-05 1.068777904234587e-05 -2.037956691002170e-07 -8.033826924600084e-07
-1.101296304404170e-05 1.118827893883392e-05 4.605380242613946e-07 -3.735607644192303e-06
-1.359873759137660e-05 8.486017916621469e-06 -6.727052282401994e-07 1.002125665276207e-06
-1.481463604241435e-05 6.138318490344690e-06 5.684712640005361e-06 -2.764740697235261e-06
-1.550788691015641e-06 3.741543989350757e-08 -3.236280000391343e-06 -8.025815896845642e-06
-2.646827309947428e-06 1.302284752257202e-06 -3.455796026517397e-06 9.240092774974162e-06
-2.650228173369547e-06 -1.215158934138122e-06 -1.227021350705017e-06 4.263006102645166e-06
-9.746197225904765e-06 9.566753999623689e-06 2.041048059139555e-06 -1.750090548011820e-06
-8.747507106555984e-06 7.922285345289775e-06 -1.322240558068310e-08 -6.185791105229681e-07
-7.993122802633652e-06 6.205361233657290e-06 -3.251327115329854e-06 -1.205879964208073e-06
-1.217799155263653e-05 6.559345732291986e-06 -4.647666975731555e-06 -2.870542387904994e-07
-1.356299355172464e-05 4.637472754499379e-06 1.988189317597306e-06 3.451963300206632e-06
-3.538209167706095e-06 5.203718094879936e-08 6.120601382264223e-06 7.594066939519496e-07
-4.643392232837243e-06 1.614310293272807e-06 2.228048324866337e-06 -6.663909819923213e-06
-4.644780401890311e-06 -1.571677560281385e-06 -6.588027209617616e-06 -4.322688087811612e-06
-9.671826597065280e-06 6.190346100965392e-06 1.897632268324520e-06 1.025598916987651e-06
-7.439595629255647e-06 4.475723255753913e-06 -4.484079159750264e-06 -5.191325564166842e-06
-6.397060752208795e-06 1.886127624893651e-06 4.815226268666724e-06 -5.942456537817589e-06
-6.909182157829265e-06 2.177713781835650e-06 -4.996864305551886e-06 3.397389060127477e-07
-7.165142660631703e-06 2.767963800736587e-06 -1.018501524457029e-05 4.603931814209169e-06
-1.120557720633586e-05 4.421599295628804e-06 -2.884214296215392e-06 2.964242358812440e-07
-1.262590175086733e-05 3.074238929627457e-06 2.755056472956723e-06 -8.213280773381341e-07
-5.610241810575324e-06 2.730515940367341e-07 1.059440027572154e-06 9.854097131956115e-06
-6.458939226014248e-06 -1.809849945760119e-06 -3.566606235623608e-07 -1.190470254739682e-05
-8.602743599609271e-06 3.267465501203589e-06 7.372977138619197e-06 2.362744747296110e-06
-6.957717454433056e-06 1.040231070502050e-06 -8.728769243696186e-07 -1.591697306834122e-06
-7.566157371316124e-06 1.974661412687809e-06 -6.209785655377373e-06 3.691039327628130e-06
-1.052147927875277e-05 2.581536271820330e-06 -1.300242379669719e-06 -1.798048427729200e-06
-1.202412839881180e-05 1.516319004439619e-06 3.682844846172951e-06 6.318536019603143e-06
-7.030126692601317e-06 -7.563909040615501e-07 -3.034317731768632e-06 -1.305646562845848e-06
-6.995880149477181e-06 -2.068276278783054e-06 7.948061648282417e-06 -9.005332825177525e-06
-8.980849211937731e-06 6.224613675310956e-07 -2.137965634615950e-06 -2.404301047172806e-06
-1.180847156369582e-05 -1.171490778611555e-08 2.840606398486958e-06 2.238818107601323e-06
-1.187577866381780e-05 -1.483505524711332e-06 -5.767798214745756e-06 1.545036105994902e-06
-8.105593451423390e-06 -1.727127380485967e-06 4.874657235506627e-07 1.058797100104356e-06
-7.320790829462324e-06 -2.621237468556007e-06 1.305438665322307e-05 -5.107166119458891e-06
-7.729474784453226e-06 -4.143974442663660e-06 6.071353029381176e-06 -6.377062892929660e-07
-1.042459500199675e-05 -1.694771019027062e-06 2.480652264554958e-06 2.197574438308674e-06
-8.293277450882874e-06 -5.571812204520628e-06 -5.392521718734265e-07 4.634597143706709e-08
-1.224526827138976e-05 -2.950848582643189e-06 -1.125878864847292e-05 5.544534085536878e-06
-9.089619385700563e-06 -4.216695867524484e-06 -6.117810926178347e-06 1.123608392872609e-06
-1.109186966384452e-05 -4.322379304073256e-06 7.760583080136090e-06 -4.564287701921047e-06
-9.001138757509906e-06 -6.911759677698949e-06 4.885492426002133e-06 1.500443132512717e-06
-1.288447369946620e-05 -4.318465090654146e-06 -5.026749104639035e-06 7.421284653283704e-06
-1.231117584356611e-05 -5.644919488945203e-06 5.015655025226072e-06 -3.895064077763071e-06
-1.098717230474437e-05 -6.463820920328023e-06 -3.224597310134283e-06 3.175130709529598e-06
-9.895256872367252e-06 -8.167471118544285e-06 7.252678697379216e-08 -1.008502250057365e-05
-1.088604058090800e-05 -9.307684983059690e-06 -6.194180678526908e-07 4.148543166853923e-06
-1.375637021902113e-05 -5.570427371073714e-06 -6.172662158571868e-06 -8.106586763336280e-07
-1.310078345204477e-05 -7.094038785407449e-06 5.890833026904483e-07 1.690159394900290e-06
-1.232560029234969e-05 -8.851337418220873e-06 -1.757150119061007e-06 5.704223417084516e-06
-1.199643826408849e-05 -1.033129128185325e-05 1.898698510196516e-07 3.403809543045868e-06
-1.481766423441029e-05 -6.639325745294856e-06 1.555423886271196e-06 1.653350664956815e-06
-1.448702317542882e-05 -8.834650011041474e-06 3.427864887328950e-06 -9.239920404065362e-07
-1.322929444708484e-05 -1.121882217189820e-05 5.201897589877925e-06 -2.359998877396086e-06
-1.454931907813988e-05 -1.195392377705744e-05 1.502235154367097e-06 1.534620714762691e-06
-1.594661313781449e-05 -1.254195294434380e-05 -3.022259591903710e-06 4.659319582099982e-06
-1.606958560743859e-05 -9.292956760596830e-06 1.428462139686671e-06 -1.954407304057753e-07
-1.606332224899673e-05 -7.509601271499728e-06 2.694321416245995e-06 1.281120238262586e-07
-1.575634258038588e-05 -1.104049851919725e-05 -1.602360840428675e-06 1.689564018434568e-06
-1.740222054324697e-05 -1.296716471483792e-05 5.557433901377962e-07 3.049010636386581e-06
-1.889182373138152e-05 -1.321604545016518e-05 6.625302090994078e-07 1.274086137702140e-06
-1.731964726097921e-05 -9.685681178569844e-06 -8.126481076819534e-07 6.563367307242430e-07
-1.743595031665409e-05 -8.150565984396926e-06 9.422954110063210e-08 2.385959736661527e-06
-2.039796306384165e-05 -1.329459662147757e-05 -1.874985737507996e-06 3.461889898277251e-06
-1.872865563505041e-05 -1.109521103466303e-05 4.413274411400414e-07 1.937592723859454e-06
-1.889660073189077e-05 -8.544721391758590e-06 -1.919566991761016e-06 2.061214817585611e-07
-2.073297854295574e-05 -1.131358370860649e-05 1.968037935324210e-06 2.121880581532358e-06
-2.205439132316501e-05 -1.329225296301670e-05 8.980625763142694e-07 2.232542671378944e-06
-2.040299527548050e-05 -8.677546164132600e-06 3.830813254879611e-06 1.392567995611835e-07
-2.433817761236479e-05 -1.328429016189152e-05 3.135196516083166e-06 -1.061737734397018e-06
-2.254505649062141e-05 -1.018544734031074e-05 5.878057563382347e-07 1.418039000715939e-06
-2.206385199825305e-05 -8.679446544954840e-06 5.556854537912309e-07 1.354085522461911e-06
-2.745992269853214e-05 -1.327948692414715e-05 3.498450239131766e-06 1.239469005669532e-06
-2.591606025129417e-05 -1.080424460559268e-05 2.996999080765367e-06 1.969505734160926e-06
-2.433723523945305e-05 -8.684623840335879e-06 9.825385367358594e-07 1.467732646558284e-06
-3.157168454250809e-05 -1.326720887336422e-05 3.209703029638464e-06 2.192575836764839e-06
-2.952044460354516e-05 -1.098116927851402e-05 2.552656693445733e-06 7.164454890584385e-07
-2.746348830468787e-05 -8.688638631032023e-06 3.198887439259525e-06 8.394084804108698e-07
-3.583082229075932e-05 -1.326031357515038e-05 4.710781265684136e-06 5.230812086549955e-07
-3.370254355407918e-05 -1.098159842236437e-05 4.255860924227317e-06 8.527199276770625e-07
-3.156989596615219e-05 -8.693675703153674e-06 3.148351623143557e-06 -1.424980993291617e-06
-4.009108578402334e-05 -1.326296070272818e-05 3.356592589085722e-06 1.223885251641581e-07
-3.796006917829191e-05 -1.098247051924243e-05 4.179967383632062e-06 2.077083575323870e-06
-3.582985447653906e-05 -8.703230877414464e-06 3.766488935905883e-06 1.787661467276375e-06
-4.434411202793157e-05 -1.325969073260849e-05 6.724038631727340e-06 1.854994551504330e-06
-4.222018854945254e-05 -1.098426202604903e-05 4.644722045541041e-06 1.022125029822462e-06
-4.009117182714470e-05 -8.703551148487029e-06 4.633404899448804e-06 3.814780459033983e-06
-4.856670033566688e-05 -1.323805979567431e-05 4.031682613077500e-06 2.026254644676578e-06
-4.646268775081223e-05 -1.098239958940022e-05 5.842998236477541e-06 9.943071728677708e-07
-4.434546993943456e-05 -8.708649968678614e-06 5.799184832686650e-06 -4.896655802975377e-07
-5.277488138300114e-05 -1.323970177453060e-05 4.894149504256637e-06 2.823778064300819e-06
-5.066812661474755e-05 -1.098215953102192e-05 3.633290874347336e-06 1.187559583473195e-06
-4.856533064885424e-05 -8.725026414064279e-06 4.375554843206339e-06 -7.826631351465006e-07
-5.698598782429744e-05 -1.323302068591205e-05 5.950873049752059e-06 5.521182194195273e-07
-5.488414285754011e-05 -1.098314702063195e-05 6.306882852977310e-06 1.786334261970874e-06
-5.277630881576047e-05 -8.724239221996333e-06 4.500209860929680e-06 1.046612500787462e-06
-6.116758815151144e-05 -1.321866859329903e-05 5.466392744296548e-06 1.020200144657783e-06
-5.907954354915649e-05 -1.098623627577511e-05 5.107522498354719e-06 2.692270750467680e-07
-5.698286284748098e-05 -8.737925627466772e-06 6.467970778028036e-06 1.400321563817065e-06
-6.535255358425840e-05 -1.321323006748660e-05 8.478055242554103e-06 4.193414697841782e-07
-6.326109474568638e-05 -1.097950213067882e-05 7.367956526410936e-06 5.475194616446451e-07
-6.117132568731312e-05 -8.747010616052562e-06 5.531801399419770e-06 -4.497208358174414e-07
-7.429446095021389e-05 -1.296888131527279e-05 9.186213499123550e-06 1.763337409733129e-06
-7.370381502249617e-05 -1.321434672510750e-05 8.846560834182261e-06 2.045043648326455e-06
-6.722578211635576e-05 -1.097818171288853e-05 7.408482457091639e-06 1.468402265237396e-06
-6.953821030166234e-05 -1.322181642978370e-05 7.089318916763685e-06 3.711286103328625e-06
-6.535312616989924e-05 -8.743369345770620e-06 7.893632266033344e-06 1.797971414490125e-06
-7.453902568364286e-05 -1.237707482358794e-05 9.314166766580865e-06 1.225755368425802e-06
-7.314300851186352e-05 -1.098374999008545e-05 9.021798150630669e-06 5.030209373281808e-07
-6.953604741072661e-05 -8.738973969084540e-06 7.521057050124717e-06 -1.296145173661714e-06
-7.453918999209626e-05 -9.590571182874134e-06 9.494057859171160e-06 -4.130680796710567e-07
-7.370331600844644e-05 -8.752328122337334e-06 9.146662150801674e-06 -1.084930193582067e-06
-7.429445073445721e-05 -8.998116629499702e-06 9.405987877930521e-06 -8.571056760128958e-07
