3.874544199945812e-05 -3.870696398737470e-06 4.112446395635498e-05 -4.971945619514907e-06
3.892130705797857e-05 -3.446561627724835e-06 4.126034369927256e-05 -4.679608945797318e-06
3.892166858443214e-05 -1.446744923535364e-06 4.114004864830024e-05 -3.895530610438146e-06
3.874591095860130e-05 -1.023036566177639e-06 4.098821058367762e-05 -3.547497551967056e-06
3.832093393695493e-05 -4.046246860679328e-06 4.081251763281009e-05 -5.103601471114230e-06
3.752679121301441e-05 -2.447162210132021e-06 4.002210660359946e-05 -4.135666524126036e-06
3.832168386151203e-05 -8.477249235251316e-07 4.064180887018310e-05 -3.377788903388949e-06
3.534365874767824e-05 -4.046243819538611e-06 3.708882696080859e-05 -5.186747397179782e-06
3.534567845820151e-05 -8.528185562552615e-07 3.677419458466614e-05 -1.962750802413164e-06
3.369396105880361e-05 -2.450529528617711e-06 3.634851716553768e-05 -3.267194683230701e-06
3.234825080294902e-05 -4.054824457996048e-06 3.545560664726756e-05 -4.516782788212534e-06
3.234632965417112e-05 -8.435168449911963e-07 3.572480390266016e-05 -2.326716133561807e-06
3.084513828944271e-05 -2.447826616648679e-06 3.382349137928401e-05 -3.561373524761131e-06
2.935492018388771e-05 -4.038966069284920e-06 3.174580541370965e-05 -4.191406523089328e-06
2.935318220598845e-05 -8.539403183243045e-07 3.252649103716171e-05 -3.775353785530339e-06
2.786505025745849e-05 -2.445719453059018e-06 3.109196551971994e-05 -4.242571037723423e-06
2.637242336512470e-05 -4.039846199160849e-06 2.893280034693879e-05 -6.461926659105132e-06
2.637291708862920e-05 -8.532973464780731e-07 2.900940101515043e-05 -1.799065877076315e-06
2.488284691005235e-05 -2.447598151101349e-06 2.823711647234335e-05 -3.783489237305953e-06
2.340613001120398e-05 -4.026108915359106e-06 2.719367045148617e-05 -5.355120339842522e-06
2.340349567541240e-05 -8.683741065156383e-07 2.747514898698884e-05 -1.935783387754119e-06
2.193437612795104e-05 -2.445585567461918e-06 2.636434873982011e-05 -3.676451201310697e-06
2.047551699488437e-05 -4.002341783301862e-06 2.327325543807384e-05 -6.486784949939312e-06
2.047501330816352e-05 -8.879676252075978e-07 2.426844705982674e-05 -1.063375976215771e-06
1.902362522739426e-05 -2.444139200476483e-06 2.216878949320161e-05 -4.506805887262177e-06
1.760121707586475e-05 -3.953829191430553e-06 2.242750268359194e-05 -5.123147820205607e-06
1.759933778319167e-05 -9.322446808985850e-07 2.168292851315768e-05 -3.275236531581530e-06
1.619572621686760e-05 -2.442851842691728e-06 2.142659801033931e-05 -4.295836242738950e-06
1.483350070462729e-05 -3.887232962992578e-06 1.859668134630668e-05 -7.430564303698557e-06
1.483498090506461e-05 -1.000123384923254e-06 1.919435051703083e-05 -1.699812676817101e-06
1.349314587431667e-05 -2.444365943117890e-06 1.672098010750928e-05 -4.386408601484187e-06
1.219742019826481e-05 -3.813343682472225e-06 1.582135242253792e-05 -5.826436734653589e-06
1.219468332270565e-05 -1.071294904587263e-06 1.565434208218529e-05 -2.187476085076759e-06
1.092022557449217e-05 -2.439898190092467e-06 1.398507596082069e-05 -3.682387175408314e-06
9.691028859839886e-06 -3.727864477807312e-06 1.186962947276234e-05 -4.893176546029007e-06
9.695628856262294e-06 -1.152876244839884e-06 1.132950383405050e-05 -1.430876369444027e-06
8.543313788060610e-06 -2.442487744646607e-06 1.094476869780412e-05 -3.705498248931416e-06
7.465514345351807e-06 -3.621493418621833e-06 1.137478935379624e-05 -6.423719578198432e-06
7.458479408773028e-06 -1.262507857456999e-06 1.238941213060215e-05 -3.807601859600855e-06
6.674293864391784e-06 -2.524522594207375e-06 1.121391093020941e-05 -4.829658324387385e-06
5.926718146336314e-06 -3.527677982957842e-06 8.817629292359728e-06 -5.718522357403375e-06
5.926124809108883e-06 -1.357626812823339e-06 8.374152915096150e-06 -1.549050900169438e-06
4.891872104225518e-06 -3.449031094090185e-06 5.882251911509565e-06 -3.462706870049279e-06
5.069268449419315e-06 -2.793807624249098e-06 5.888670243951718e-06 -3.390059679227481e-06
4.887088062047086e-06 -1.412117100844410e-06 7.570021386468501e-06 -3.837217910230119e-06
4.178167044614691e-06 -1.474582153962213e-06 8.765119288985343e-06 -6.689936585392918e-06
-2.886927299012422e-07 -1.714664130670274e-07 -9.391235507039602e-06 1.744954378155821e-05
-2.709147898016434e-07 -1.946881364441868e-07 1.680460287272948e-05 -3.106052671314304e-05
-3.207139076075710e-07 -5.457732511730754e-08 -1.658509617082881e-05 -3.783036941270267e-05
-3.399927011516493e-07 -4.302932033325872e-08 -4.988727339525279e-05 1.540431668385243e-05
4.176232261317048e-06 -3.394058575421158e-06 5.725689977778890e-06 -2.741964926189055e-06
3.569742469171731e-06 -3.312661523127683e-06 5.582067507124771e-06 -5.123703325859152e-06
4.013037932501882e-06 -2.198641962094276e-06 7.538007289708346e-06 -5.140162115257000e-06
3.550872359150451e-06 -1.487770330494192e-06 6.139361734406841e-06 -6.375793381612521e-06
-3.358071328092863e-07 -1.622242759504006e-07 -8.664400301886504e-05 5.147580949141717e-05
-2.725616097807041e-07 -1.490583301264573e-07 5.163201096681452e-05 3.374035165717582e-06
-3.698022617057799e-07 -3.152223663488693e-08 -5.370672296817030e-05 2.776515203122211e-05
3.363109738004447e-06 -2.728868330944346e-06 7.009027559354335e-06 -4.478092173024117e-06
2.995814236832979e-06 -3.155088468943182e-06 8.124350887441252e-06 -6.397903446220062e-06
2.481494841959294e-06 -2.955841087534651e-06 8.423728849627697e-06 -3.433294763720412e-06
3.182743650873663e-06 -1.984128961031281e-06 5.649767519770291e-06 -3.865461028282385e-06
2.988435885825061e-06 -1.412081134945832e-06 4.867653900056979e-06 -2.335658767831058e-06
-1.701938909751848e-07 -1.920094219141256e-07 -5.485564468893491e-06 -1.034200416295138e-05
-1.876262915928289e-07 -7.783567348394460e-08 -1.891153447774126e-05 -9.252578213327409e-06
-1.075344520065144e-07 -1.075488088848350e-07 1.390358855387953e-05 1.461703256022343e-05
2.037401550639215e-06 -2.694868538616282e-06 5.845594150797276e-06 -1.102544670123823e-06
2.401105417726555e-06 -2.404127134555164e-06 6.822421660324373e-06 -7.093297714400702e-07
2.573310620242911e-06 -1.758699900580425e-06 4.870346787529757e-06 -3.062282000240343e-06
2.498819241103219e-06 -1.271506020530429e-06 5.809645006325070e-06 -1.673463457688163e-06
-6.847256492797183e-08 -2.278789768226462e-07 -3.061289378106838e-06 -8.460505498931158e-06
-5.383531642904938e-08 -9.190263206182805e-08 -3.081899510424059e-06 -4.688980798764858e-06
2.342063042871030e-08 -1.038020150369902e-07 2.633526999845613e-06 4.493425784142571e-06
1.647429650246959e-06 -2.412418920892936e-06 4.578789955920751e-06 -2.747203536150445e-06
1.336640878328207e-06 -2.111643431181826e-06 2.952073779603859e-06 -1.493566534878770e-06
2.005163645380450e-06 -1.671491596853941e-06 5.265767332634947e-06 -5.292646768008343e-06
2.096280708708422e-06 -1.075535606240648e-06 6.427403509772508e-06 -2.903145276784731e-06
9.848177870843547e-08 -2.263545049023424e-07 -9.025972336196639e-07 -8.948340620120567e-06
1.074166384942971e-07 -7.203322478366684e-08 -2.995654916443813e-06 -4.551050005174400e-06
1.418870814010438e-06 -1.694059968260817e-06 2.912859279199027e-06 -2.040535794608652e-06
1.081298633502928e-06 -1.785415746735653e-06 1.183180212309051e-06 -9.447861728929938e-07
1.546509102593495e-06 -1.275127515916336e-06 5.436625679210917e-06 -2.488322132264956e-06
1.765779392056764e-06 -8.498576911801914e-07 3.854109896763810e-07 -1.999420956236753e-07
1.994585559659987e-07 -1.093796860450899e-07 3.131894006443030e-06 1.391814791471567e-05
2.872035417529979e-07 -2.597294735762354e-07 -2.526942029473773e-06 -1.130122521815064e-05
2.842469259011823e-07 -3.509110414930019e-08 1.298832604514830e-06 -1.571502180317352e-06
8.682965582458380e-07 -1.463970911042757e-06 3.032092179873424e-07 -4.552962928785697e-06
7.323185797156352e-07 -1.174164278843666e-06 2.894732156816624e-06 -1.854455826255688e-06
6.588257396184855e-07 -8.851121233589801e-07 6.787327624116579e-06 1.346745426994958e-06
1.294511163138658e-06 -9.316455560506108e-07 5.382263152336821e-06 -1.460201601097972e-07
1.511923572966402e-06 -6.275717985373511e-07 3.528975958168334e-07 -4.593687044028037e-06
3.720412811631169e-07 -1.556200817984788e-07 -3.108232109669085e-06 1.235761015741771e-06
4.923771884862747e-07 -2.680828394875263e-07 3.268859783934583e-06 5.760371954327524e-06
4.828355283835369e-07 5.670126770846755e-09 9.197769461081631e-06 -9.186602111051089e-07
8.889123816279708e-07 -8.757199132980434e-07 1.944765315074775e-06 -5.001978157991463e-07
6.191191620942566e-07 -6.163022654533513e-07 6.644209753034525e-06 6.698029158678469e-07
6.158970205688142e-07 -2.957637528043504e-07 1.887435037190135e-07 1.000398825766584e-05
6.506126100993705e-07 -3.316338863291783e-07 2.271878501422937e-07 8.487048296475651e-06
6.531913392050538e-07 -4.004259162971850e-07 7.646908619649568e-07 4.231514909697895e-06
1.131836743058906e-06 -5.979605158342788e-07 3.206376185175986e-06 -3.196917428247015e-06
1.314336977834609e-06 -4.265942464059358e-07 3.594940947125747e-06 1.171805987240524e-06
5.660614113496619e-07 -1.772087966271988e-07 1.314555083203498e-06 -7.865229823702375e-06
6.661660569429132e-07 2.230608966059841e-08 -5.464041949034279e-06 1.453370782053640e-05
7.761075275221295e-07 -4.443013859947731e-07 -3.233182445166322e-07 -3.359515873635074e-06
6.662523220863463e-07 -2.236134067893200e-07 1.738735939786459e-06 -1.355755654327768e-07
7.048888902667655e-07 -3.116506646503916e-07 -1.237327708872130e-06 4.007586778770441e-06
1.025128610825961e-06 -3.528779481749439e-07 6.315112062696244e-06 -3.106142779649845e-06
1.172639099667409e-06 -2.575992335494662e-07 7.990486739516857e-06 -1.272871026180131e-06
7.080674779096124e-07 -6.728083343987732e-08 7.365117436572516e-06 -2.296251882619888e-06
7.365735671139211e-07 3.639637673158742e-08 -6.896301795902869e-06 1.278657160151774e-05
8.511344634729590e-07 -1.436853612614389e-07 2.936580465666024e-06 -2.018849835524390e-06
1.114227141606706e-06 -1.102940418156687e-07 3.481749965007565e-06 5.149713080948239e-06
1.051213638853767e-06 5.962545236196835e-09 7.654874103427008e-06 2.049455111911194e-06
8.120614781585621e-07 2.135679576555507e-08 6.830904963385954e-06 -2.785012896543581e-06
7.869551885901721e-07 6.101141348340045e-08 -1.156101893241330e-05 8.800667685083062e-06
8.635319492412795e-07 1.218463795297004e-07 -5.562411974302321e-06 2.307504867469330e-06
9.631623202925419e-07 4.616897115629625e-08 -8.153965465386067e-07 -1.736216956770915e-06
9.291240590886521e-07 1.186668695867532e-07 3.319886067200974e-06 2.615544384426506e-06
9.942064447764673e-07 9.422800571111089e-08 1.621416172175903e-05 -1.806365051155047e-07
9.121211263673332e-07 1.465013952914449e-07 8.645618815849898e-06 -4.873129755812346e-07
9.511885546649496e-07 1.430184379207563e-07 -1.150358241437230e-06 5.557305595398104e-06
9.559960862224220e-07 8.545503654977943e-08 2.776818906825897e-06 3.750257705713871e-06
9.247465425885136e-07 1.323036663360559e-07 1.136811058068005e-05 -3.470750825654149e-06
9.171367812315105e-07 1.350569786851392e-07 3.631939646198742e-07 4.395177719913199e-06
9.630832552897722e-07 1.099759593924101e-07 2.950737404668160e-06 1.100589933027022e-06
1.000610398077097e-06 2.171651356688587e-08 5.355184930063766e-07 9.672614316257807e-06
9.795955142604573e-07 -7.892281697627185e-08 2.761596012742887e-06 2.120507325359760e-06
8.310580453868990e-07 1.516385092044322e-07 8.946580996173432e-06 1.058915730006998e-06
8.658084515930314e-07 8.042066346483556e-08 3.298823835902978e-06 2.720126718788409e-06
9.128004612198631e-07 -4.669174919202867e-08 5.591349558694530e-06 2.087387539879321e-08
9.333142723406358e-07 -2.049654445525161e-07 4.458533384179990e-06 2.572787373194347e-06
7.022309048616246e-07 1.340611394205549e-07 6.112226993600572e-06 3.876416235095569e-06
7.308704979060052e-07 -5.050007556200243e-08 4.733197671562030e-06 3.600577406132766e-06
8.498424798012703e-07 -3.324024264732101e-07 1.427454445875509e-06 6.408446012219921e-06
7.031570646853783e-07 -4.836015876909894e-07 2.699539458586009e-06 5.729833796292185e-06
5.236757085318538e-07 -6.312500385478809e-07 5.028347745479264e-06 4.036419496145644e-06
5.200641055072582e-07 -1.092723267644135e-07 3.823220822603935e-06 3.543336826132190e-06
5.307216193879311e-07 9.780194267236166e-08 4.070600984296514e-06 5.438499069336262e-06
5.666099748302371e-07 -3.665054848397344e-07 4.634330480683493e-06 4.430170967740190e-06
2.933349729031497e-07 -7.478948187676236e-07 4.632280472290935e-06 4.228213077716057e-06
1.421903405243117e-08 -8.503081274409850e-07 6.251848208106709e-06 5.933925370466006e-06
3.235612592065836e-07 -1.617051409598135e-07 4.332588791308884e-06 3.742423949532780e-06
2.998876285243405e-07 6.914020978779877e-08 3.030350229433038e-06 2.694520973030280e-06
-2.970662989147252e-07 -9.166234348228570e-07 8.997939934122489e-06 5.332341954165481e-06
7.461674768263091e-08 -4.148629485811037e-07 5.509904365279850e-06 4.148296003766666e-06
2.881942547665393e-08 7.155973904709577e-08 6.892332176309478e-06 3.355778338864257e-06
-3.629431026683450e-07 -4.719909276703022e-07 7.563694855875827e-06 3.920076776908744e-06
-6.923795568739703e-07 -9.698851152931443e-07 8.949499649588922e-06 4.197299246219783e-06
-2.834238143070331e-07 9.272079305144230e-08 6.027909265562318e-06 3.046922940839820e-06
-1.268640447836981e-06 -1.026781416224463e-06 9.460638001799060e-06 4.789041602700304e-06
-7.861245491252342e-07 -2.071432496295318e-07 8.947975270208734e-06 3.306877816228031e-06
-6.835575484134287e-07 1.464235842892752e-07 8.377314177142684e-06 2.639770301156280e-06
-2.176862043465470e-06 -1.116376268290148e-06 9.791133967166653e-06 5.672862158443651e-06
-1.700903749051730e-06 -3.615626583385463e-07 9.315946934373593e-06 4.382653591941148e-06
-1.266621582976294e-06 2.150388460381069e-07 9.716252233061440e-06 3.340179357699952e-06
-3.547615288028288e-06 -1.214776343457662e-06 1.141404604826758e-05 7.361837607285626e-06
-2.833159991184498e-06 -4.115501234918069e-07 1.053153168608468e-05 4.990631198511438e-06
-2.176908410610345e-06 2.970956544898089e-07 8.979152890690507e-06 2.720843405081657e-06
-5.127781590407473e-06 -1.281929851898205e-06 1.463733263535237e-05 5.571490630596133e-06
-4.317246865713471e-06 -4.110931776890333e-07 1.396420689553515e-05 3.164066153820671e-06
-3.546881968094973e-06 3.936423325982523e-07 1.386426990547563e-05 1.116158547080328e-06
-6.819171333381862e-06 -1.326049651245760e-06 1.430030894462750e-05 4.410298223338430e-06
-5.959754584675816e-06 -4.018370674306957e-07 1.364792778190052e-05 4.956159690718523e-06
-5.133822840335886e-06 4.681241790280350e-07 1.247592360324405e-05 3.314773454195805e-06
-8.602671558287514e-06 -1.377860234970127e-06 1.807710196894201e-05 2.718439841809646e-06
-7.692615686738292e-06 -4.026722273367054e-07 1.702373334373919e-05 3.336221004620107e-06
-6.815996733123708e-06 5.216353324564224e-07 1.577243070654531e-05 3.394600120398621e-06
-1.046837947930284e-05 -1.410836497302396e-06 2.067712767975091e-05 5.880630056067629e-06
-9.526493207828023e-06 -4.043940721537049e-07 1.866290651593814e-05 4.633820421620555e-06
-8.602719199768672e-06 5.711365707955864e-07 1.757680686967877e-05 5.244393019367134e-06
-1.237316758718405e-05 -1.424679818104831e-06 2.232877514306384e-05 5.322896653163244e-06
-1.141698659097818e-05 -4.031029959585358e-07 2.203581851923998e-05 3.669209721930800e-06
-1.046956140940456e-05 6.019703257501210e-07 2.101886473134136e-05 2.477594253051020e-06
-1.429251583727345e-05 -1.433245715513328e-06 2.250420757257976e-05 3.892885735807367e-06
-1.333031694321692e-05 -4.019400142398042e-07 2.231889724727944e-05 4.251345015988286e-06
-1.237312469547151e-05 6.204736482822840e-07 2.195283287391409e-05 2.026185348032194e-06
-1.623391656821262e-05 -1.448236062316084e-06 2.530623910906233e-05 5.998292714235628e-06
-1.525933198658023e-05 -4.034502696010564e-07 2.368680058527230e-05 4.615626638493541e-06
-1.429183213656416e-05 6.280694232095421e-07 2.244055996184722e-05 5.383410531021150e-06
-1.817041879559084e-05 -1.441529259247158e-06 2.402902520307293e-05 5.892989205850802e-06
-1.720462221032356e-05 -4.028186356299889e-07 2.511883791396768e-05 3.944109614249134e-06
-1.623426470731613e-05 6.413186420337495e-07 2.561001880225458e-05 2.416342691015234e-06
-2.232862906882802e-05 -1.311787229154732e-06 2.635820367144056e-05 5.124222276908127e-06
-2.205530617331882e-05 -1.425457814847268e-06 2.636999886731174e-05 5.154368755660224e-06
-1.904263812810057e-05 -4.000659150286792e-07 2.456453342798038e-05 4.249984383201311e-06
-2.012208169539092e-05 -1.434084276946879e-06 2.670843572281289e-05 5.400895413408757e-06
-1.817115004220895e-05 6.386211521077137e-07 2.387780925892807e-05 2.183156377721798e-06
-2.244178752030282e-05 -1.037829120995742e-06 2.634425507916132e-05 5.066462076020119e-06
-2.179604917051884e-05 -3.936621943140635e-07 2.647941299110629e-05 4.805423664254532e-06
-2.012403069606124e-05 6.391995010404310e-07 2.654863291234647e-05 3.645245182399357e-06
-2.244208788692679e-05 2.510691478625228e-07 2.635510232266896e-05 4.551272767072613e-06
-2.205621005814790e-05 6.378502738412828e-07 2.633100727097622e-05 4.390433672499268e-06
-2.232910502420442e-05 5.244764860715695e-07 2.635581923551098e-05 4.444865825992182e-06
