-1.240973324439927e-04 1.725728855653124e-05 -2.592965931353564e-05 3.051351490548096e-06
-1.245813081581807e-04 1.608911610692451e-05 -2.609890259489678e-05 2.677388997209108e-06
-1.245804013950843e-04 1.058216020380007e-05 -2.582981724860448e-05 1.496291178287630e-06
-1.240963043559723e-04 9.413725150230222e-06 -2.564914132246839e-05 1.127575078863003e-06
-1.229289479505564e-04 1.774112639421198e-05 -2.552362716556659e-05 3.195382868598043e-06
-1.207360729492882e-04 1.333490220708506e-05 -2.499622279683300e-05 1.867514411949054e-06
-1.229276978519864e-04 8.929723953931636e-06 -2.524439173075876e-05 9.705889400132213e-07
-1.146971638639963e-04 1.774065327998576e-05 -2.379363648864034e-05 2.731371580578787e-06
-1.146959679587822e-04 8.925795873390647e-06 -2.364727640741343e-05 -8.611547149246026e-08
-1.101507987886557e-04 1.333344141088152e-05 -2.160048461312605e-05 1.031680552765629e-06
-1.064603982192943e-04 1.774457622034128e-05 -1.985403921659806e-05 1.668230270165807e-06
-1.064640638951703e-04 8.926642771769533e-06 -1.989465324315238e-05 8.226597568084987e-07
-1.023520164199340e-04 1.333942842499321e-05 -1.783458963498709e-05 1.261920387711356e-06
-9.825856207174083e-05 1.772554111182667e-05 -1.770090516482566e-05 -4.992093624919784e-07
-9.825718451156391e-05 8.953876391042523e-06 -1.789132113780358e-05 3.304072853513000e-06
-9.416553662807099e-05 1.333942817851636e-05 -1.904721833077973e-05 9.671659452014467e-07
-9.008133106188269e-05 1.770352337999445e-05 -1.604408194791712e-05 3.418128656239391e-06
-9.008001091776767e-05 8.971960556509602e-06 -1.776189803657002e-05 -1.012179227320603e-06
-8.600173387568530e-05 1.333593660140359e-05 -1.362344642171244e-05 1.864310710332378e-06
-8.194594262350595e-05 1.766553666313298e-05 -1.184298922148119e-05 1.247240815199570e-06
-8.194671759602679e-05 9.005522697458486e-06 -1.121573782506043e-05 7.772710480682178e-07
-7.790211515143815e-05 1.333729792911626e-05 -1.203489564538356e-05 9.769540300675829e-07
-7.388155600568003e-05 1.763564362392073e-05 -1.114189273954559e-05 2.154922929299938e-06
-7.388066475398900e-05 9.040202537199356e-06 -1.244380099140306e-05 1.422021773984199e-06
-6.987594069877222e-05 1.333919708406502e-05 -1.129962962806122e-05 1.498354881836614e-06
-6.590525215752786e-05 1.758427061100004e-05 -1.154884616629727e-05 1.099021014416343e-06
-6.590530857663689e-05 9.093409977134738e-06 -1.071254916048499e-05 -1.174739257147772e-07
-6.195206327722228e-05 1.333777694034972e-05 -1.002774546484940e-05 -3.150158520260025e-08
-5.804218117709261e-05 1.750705828679140e-05 -6.467052707475761e-06 3.826207180318248e-06
-5.804232409972741e-05 9.169201513941989e-06 -8.627963988268713e-06 -4.079756433693369e-07
-5.415579991426989e-05 1.333788620779985e-05 -6.348473404732008e-06 2.371236189241605e-06
-5.032708607983703e-05 1.741440087260987e-05 -7.612876874328302e-06 1.012273296029577e-06
-5.032862887572947e-05 9.259266837563249e-06 -4.795123828481773e-06 1.324837343748154e-06
-4.653024351597696e-05 1.333755377984506e-05 -5.038792397652724e-06 7.951839936299672e-07
-4.280063122416675e-05 1.730846378549452e-05 -4.646281456148102e-06 2.778294992677435e-06
-4.280010082820681e-05 9.369927819094809e-06 -6.043512043773627e-06 1.117226639415350e-06
-3.925667117145444e-05 1.333788702137910e-05 -6.469080091578999e-06 6.713810441761565e-07
-3.578852659316458e-05 1.718147780284545e-05 -4.505141427640918e-06 5.250966262781076e-06
-3.578535307355760e-05 9.505024563253908e-06 -4.950173033848771e-06 -1.056606420025822e-06
-3.320487976593819e-05 1.363421351284767e-05 -4.118830070864196e-06 7.098402147530711e-07
-3.064219111335565e-05 1.706233855168701e-05 -2.630621295378279e-06 1.270691624280282e-06
-3.064429647065066e-05 9.627096730286673e-06 -4.279585225207616e-06 -2.355867773140204e-06
-2.701907419862356e-05 1.695243788715672e-05 -1.425068413511856e-06 1.381849056181315e-06
-2.769439350830772e-05 1.458299532024061e-05 -1.788777632156591e-06 2.648871694368433e-06
-2.700967254677205e-05 9.713115128631385e-06 -3.560313526416427e-06 9.644703922842240e-07
-2.443942931037528e-05 9.796593390216389e-06 -3.712635342357048e-06 -5.709609478594047e-07
3.623276889762068e-06 4.464330698274042e-07 -2.149003391740645e-05 2.982793624353836e-05
3.708444647299597e-06 3.517029375153129e-07 -1.328613946530487e-05 -7.095876636244095e-05
3.711125695543384e-06 -3.670996195152312e-07 -4.183556553304938e-05 5.309891815971799e-05
3.614443814575546e-06 -5.402777989117529e-07 -4.435384989468416e-05 2.074923515881643e-05
-2.443220234800829e-05 1.687910872941563e-05 -3.122558916912900e-06 1.055949155797744e-06
-2.215981749148332e-05 1.667781635906561e-05 -4.463429826845063e-07 3.639268515769639e-06
-2.389500443993268e-05 1.245945717569224e-05 -4.008878380406531e-06 4.775136048980501e-08
-2.212987710357003e-05 9.685648677403253e-06 3.815893472744748e-07 -2.467848128412442e-07
3.454068862339111e-06 4.668183257419080e-07 -1.077604419553780e-05 6.907156236444209e-05
3.077725821588589e-06 -2.126979474072777e-08 3.219318279883946e-05 -1.538462082351363e-05
3.395818592816263e-06 -5.999169148764111e-07 -1.421717634786489e-05 -2.362049139182721e-05
-2.141859095348368e-05 1.451172882196941e-05 -8.826113656016627e-07 9.310224898490263e-07
-1.995599600281266e-05 1.620670247927391e-05 -1.589121686686678e-06 4.497410817326391e-06
-1.786986500905370e-05 1.551900753616159e-05 -1.027916903201115e-06 1.591310854307142e-06
-2.073233552645388e-05 1.158117275637489e-05 1.315224176187177e-06 1.411135367914673e-06
-1.997182386614388e-05 9.237398140397756e-06 -6.947836587973100e-06 3.937196411999194e-06
2.243548178581178e-06 5.901310333728447e-07 -5.751006021833840e-06 -8.640984680216327e-06
2.249539843081859e-06 -6.165928097772871e-07 -1.324266779697649e-05 1.718045096046887e-05
1.621185008200141e-06 -5.414370286588172e-08 8.884604251877450e-06 -3.667177310340901e-06
-1.594230445351377e-05 1.459297504393046e-05 -6.820662375725229e-08 -8.967516673427114e-07
-1.757605814660749e-05 1.333039116011960e-05 1.196566211758909e-07 -1.248412094227084e-06
-1.829138487237054e-05 1.064307151759993e-05 -1.105479003941200e-06 6.400689090272226e-06
-1.799788506307206e-05 8.456431210337946e-06 3.513395507245206e-07 -6.042499719594577e-06
9.634987714885361e-07 6.791424770889471e-07 -9.080338416443685e-06 1.226773578170348e-05
9.765560600524343e-07 -7.024505031193532e-07 2.615778586862434e-06 -1.107534580788142e-06
2.074710361610314e-07 -5.738362839163599e-08 1.096134631393467e-05 -1.504345604610257e-05
-1.416468305699047e-05 1.349805380964870e-05 -2.066418086322410e-06 4.317733920783818e-06
-1.257804210584112e-05 1.225048647424224e-05 2.961899536932610e-07 2.717910292212976e-06
-1.583622766741810e-05 1.023656581121003e-05 -5.412055405205881e-07 2.515317616034769e-06
-1.627255015336912e-05 7.364895054723107e-06 -5.757822035542501e-06 2.091427185570126e-08
-6.488253132645750e-07 9.277363250774081e-07 -3.076247463944010e-06 1.323197707548587e-06
-6.522350933064501e-07 -9.156491939839531e-07 -6.707553715878195e-06 8.345921442890343e-06
-1.298287297055901e-05 1.036627617516785e-05 1.273743983433133e-06 1.035066510577762e-06
-1.118513155479321e-05 1.084387958530316e-05 1.328376523396168e-06 -1.022786477229444e-06
-1.364691732581249e-05 8.286949432477002e-06 -6.380954362145793e-08 1.870660584781533e-06
-1.480816043577082e-05 6.055995957122936e-06 4.481218074732322e-06 5.915023068237791e-07
-1.596110637843093e-06 -4.699804907776386e-08 5.075018265377402e-06 -1.462231695096267e-06
-2.716142254112317e-06 1.254615196438984e-06 -3.998662046260288e-07 -7.690817180871175e-07
-2.729285831800434e-06 -1.277801330459167e-06 -1.359923900487138e-06 -2.375413555574827e-06
-9.968894305910684e-06 9.322426574003546e-06 -6.164069313338421e-08 -1.980465177841717e-06
-8.986297691382658e-06 7.741964168091874e-06 -3.617528586771956e-06 2.445661110458581e-06
-8.226819241752518e-06 6.089259286355617e-06 2.135601335317091e-06 2.765508144900344e-06
-1.228672986958044e-05 6.445633274559409e-06 -5.701647709607336e-06 -2.502320364195532e-07
-1.362860735276000e-05 4.597999817346800e-06 3.167577225206861e-06 2.250645239382854e-06
-3.623793550077421e-06 -1.537010036994322e-09 -1.554302023155487e-06 -5.187858107226102e-07
-4.741794658338794e-06 1.567891236869499e-06 -2.270887851691731e-06 5.479549477816983e-06
-4.737932292689599e-06 -1.633465677256268e-06 2.052169735786234e-06 9.467516561601892e-07
-9.874777528966527e-06 6.077713139712307e-06 -4.705277928650093e-06 2.423011824064413e-06
-7.656453535139351e-06 4.428814628897741e-06 5.122218220474603e-06 -5.746682379963628e-06
-6.553166104699079e-06 1.852634261691480e-06 1.002787122772806e-05 -6.839044620183676e-06
-7.060699266250040e-06 2.135339079996916e-06 -6.064324215125255e-06 1.651189433787551e-06
-7.323746354921626e-06 2.721937813407807e-06 -1.275938567009692e-05 5.793136114515090e-06
-1.134885944594919e-05 4.376497208138324e-06 -6.279926850710495e-06 -1.773385326516447e-06
-1.275001752880057e-05 3.047776617454875e-06 -1.758642466311142e-06 -1.043456358997502e-06
-5.721766889806503e-06 2.190584547568584e-07 -2.863718710939040e-07 7.893846789659196e-06
-6.571824157556946e-06 -1.907152050641927e-06 -3.498370071065387e-06 -2.661073183270594e-06
-8.809754122563717e-06 3.239407220558524e-06 7.379055069196912e-06 -1.142983293364239e-06
-7.109373363696067e-06 1.014961619804979e-06 8.900478517937119e-07 -7.660861068242791e-06
-7.720998901172246e-06 1.934300677836891e-06 -1.098766885318555e-05 4.895939569565266e-06
-1.069406997820899e-05 2.568651216733467e-06 -1.576751675383775e-06 8.814760440370514e-07
-1.220599702630339e-05 1.488045629612895e-06 -8.771524726245022e-06 -1.641347642475023e-06
-7.173966291946005e-06 -8.174229852740284e-07 1.393042316221486e-06 1.084366696034123e-06
-7.115504515512100e-06 -2.173379301734854e-06 3.019698951069278e-06 -2.250422388317268e-06
-9.157956863295857e-06 6.061705394504665e-07 2.334943038082459e-06 5.699730954798230e-06
-1.201254741158690e-05 -6.334353802172481e-08 -6.214795579155430e-06 -1.039477428045462e-05
-1.211798240266910e-05 -1.564264213750426e-06 4.410537609056501e-06 3.350675041446598e-07
-8.263152077709560e-06 -1.804369966233368e-06 -3.895251549462354e-08 2.736109293028212e-06
-7.432731752465337e-06 -2.746495347872917e-06 3.424800934991106e-06 -3.458123252407707e-06
-7.824701016014763e-06 -4.335562236067363e-06 -2.079610391343800e-06 -1.563315010920601e-07
-1.062748790845206e-05 -1.762290228284002e-06 -8.229181893113988e-07 1.991126830060369e-06
-8.393274025707062e-06 -5.846907337590506e-06 -1.060640759707963e-06 7.555835183257253e-06
-1.254127602608830e-05 -3.078776208258857e-06 4.377476885179627e-06 -2.928707033674666e-06
-9.244575809790655e-06 -4.397831068614782e-06 -4.910139854017528e-06 6.613922263896329e-07
-1.134273021973151e-05 -4.503666344365852e-06 -3.776963001982313e-06 -2.983630170506152e-06
-9.129986123324767e-06 -7.279257681985245e-06 1.017478308511228e-05 1.013104264870645e-05
-1.325260145313076e-05 -4.500796388173638e-06 6.842938730272889e-07 8.328140382843197e-06
-1.265137575158532e-05 -5.905370281273544e-06 -1.300067456314069e-06 1.880922700860002e-06
-1.121260489831736e-05 -6.791803971774551e-06 -1.595796532425726e-06 -6.917385224965301e-06
-1.003447923829902e-05 -8.625526282420483e-06 -1.390473253975652e-06 -7.199632606245483e-06
-1.110098177954778e-05 -9.907373142912262e-06 -1.920454520433320e-06 6.837953888553081e-06
-1.422358520846026e-05 -5.823350278714814e-06 -5.983920244162146e-06 7.911887880935426e-06
-1.352043781398927e-05 -7.476402112739662e-06 -1.926533749746787e-06 -2.877635019595709e-06
-1.267237793160867e-05 -9.405693555797007e-06 -1.225408506283125e-06 3.115511494616698e-06
-1.230991810510610e-05 -1.105549100049905e-05 -2.048983855695992e-06 6.730555678564172e-07
-1.540866299297030e-05 -6.965268620662684e-06 4.282548376130642e-06 3.283696535587332e-06
-1.506466003966271e-05 -9.384367856147007e-06 -2.129666571851609e-06 -8.224485960750512e-09
-1.367022775520409e-05 -1.205365483717361e-05 -2.378366230344973e-06 -7.523864546556619e-06
-1.514067156137124e-05 -1.291427885392144e-05 -5.280033325251369e-07 6.802489161754050e-07
-1.670349972837134e-05 -1.360146823167064e-05 -8.081246707775888e-07 2.394737653453448e-06
-1.684582029946145e-05 -9.907464883705753e-06 -3.734504306953584e-06 -1.000474776845214e-06
-1.682913050808573e-05 -7.910131138642567e-06 1.185314176120943e-06 -4.790524861849936e-07
-1.648709419710509e-05 -1.189004189436117e-05 -2.099043925829553e-06 1.993063046073009e-06
-1.836269587956845e-05 -1.409161412317288e-05 2.426934418570966e-06 -8.437874454644528e-07
-2.007052440611344e-05 -1.439857063126783e-05 -1.843279896471366e-06 -8.967196708804712e-07
-1.825797107530213e-05 -1.035545249313178e-05 -1.016461450276637e-06 -3.261109274933562e-07
-1.838841648085465e-05 -8.617982968610278e-06 -1.996379587098384e-06 -4.240651127847311e-06
-2.178681476081646e-05 -1.452244082127123e-05 -6.741484832682949e-06 3.980248148677200e-06
-1.986598907244824e-05 -1.196072450382733e-05 3.092572921967509e-08 -9.271263845797251e-07
-2.005809712072579e-05 -9.047581762919827e-06 -4.145744249220810e-07 6.073340037389275e-09
-2.217007981312033e-05 -1.222294719783974e-05 -1.378628415652665e-06 6.311485441544045e-07
-2.372188298189736e-05 -1.455585635754418e-05 -3.283329193900016e-06 1.753827337588926e-07
-2.178689097516469e-05 -9.181951582102082e-06 -2.747793039290844e-06 2.192499682410890e-06
-2.639664764395655e-05 -1.457457243785811e-05 7.900756389003123e-07 -2.281985604591447e-06
-2.427438909692521e-05 -1.091846982077890e-05 -1.315571183484203e-06 -2.044510737945155e-06
-2.371887139357715e-05 -9.162207111763093e-06 -1.984845486311493e-06 -5.658018104435640e-07
-3.012330742986619e-05 -1.462211524033061e-05 -2.711812493799104e-06 3.760062043466480e-07
-2.827020404948319e-05 -1.164655543812723e-05 -1.911740081548295e-07 1.495859086652567e-06
-2.640168751866987e-05 -9.130346742330871e-06 -1.377210103128235e-06 -1.053380997493702e-06
-3.511870139638255e-05 -1.467389198193178e-05 1.538336857957941e-06 3.568705706976306e-08
-3.260513154183088e-05 -1.186541472402926e-05 2.933054861827468e-07 -2.564230490524297e-06
-3.012010532723124e-05 -9.101801392221221e-06 -2.042653035271890e-07 -2.997641716031962e-06
-4.040366168612665e-05 -1.471273951469570e-05 2.486398606219135e-07 -8.702849752380440e-07
-3.775149180304775e-05 -1.186713561832771e-05 -5.102710092699569e-07 1.184297516621242e-06
-3.512216966109401e-05 -9.060002020470317e-06 -1.485049192709661e-06 -9.075591384303032e-07
-4.574525801916765e-05 -1.474217426617158e-05 4.097052841460291e-06 1.429564481969803e-06
-4.306531860425961e-05 -1.186665829509790e-05 2.306450203847634e-06 -9.667918091603550e-07
-4.040334575384167e-05 -9.022357702412323e-06 1.605286026521994e-06 1.094800587261274e-07
-5.113318718957450e-05 -1.476755886608397e-05 4.077459523710744e-06 1.313557077095997e-06
-4.843092110048542e-05 -1.186907423953263e-05 4.675285213777319e-06 1.302301729430417e-07
-4.574306939947103e-05 -8.992342555281788e-06 3.196642013400344e-06 -2.777166025895784e-06
-5.657013951349062e-05 -1.479155770750423e-05 6.291583848442707e-06 -1.253573221965959e-06
-5.384496321078805e-05 -1.186902699900432e-05 5.166621042631010e-06 -1.221638490542510e-06
-5.113498153915765e-05 -8.970279471975222e-06 5.754567960684824e-06 -2.600262823504536e-06
-6.203227320675021e-05 -1.480100620725745e-05 6.117468263858558e-06 -6.783991700220136e-07
-5.929787492513473e-05 -1.187218141532610e-05 6.032230693162628e-06 5.278788221088325e-07
-5.656890895663474e-05 -8.948819832199996e-06 4.533846249134796e-06 5.178598470599646e-07
-6.751923636307148e-05 -1.480883482924764e-05 8.351019339158555e-06 5.294528565808649e-08
-6.477224188319705e-05 -1.187332352502417e-05 7.070662738149148e-06 -5.238994016232994e-07
-6.203115951843235e-05 -8.945942711978989e-06 6.630788728287660e-06 1.460365170613427e-06
-7.301637950556892e-05 -1.481948527448935e-05 8.269365677701339e-06 4.625665124931204e-07
-7.026643006739367e-05 -1.187010766126123e-05 9.008870948682743e-06 -1.085179726147276e-06
-6.752069809135568e-05 -8.934334436838926e-06 9.044366189318174e-06 -2.860880996650996e-06
-7.851956381550370e-05 -1.481997852239734e-05 7.795685399917625e-06 -1.886439194296280e-06
-7.576774306446446e-05 -1.187232508842956e-05 7.644701787943256e-06 -2.562933305457325e-07
-7.301596757288465e-05 -8.921639659975378e-06 7.967709354336226e-06 -1.134083897357716e-06
-9.028273292294841e-05 -1.449646743874990e-05 9.317648760890361e-06 -9.909951164493253e-07
-8.949933661206089e-05 -1.481979419421778e-05 9.335133187446487e-06 -1.062894723140224e-06
-8.098007141967605e-05 -1.187298551447772e-05 8.247925726960011e-06 -2.757171765993790e-07
-8.400207075232707e-05 -1.480867175325075e-05 9.398908723478134e-06 -1.650419718748979e-06
-7.851889156587519e-05 -8.926258749450623e-06 7.093350482055410e-06 7.314137510483592e-07
-9.060740411329804e-05 -1.371472929133848e-05 9.317047562601924e-06 -8.803154818132660e-07
-8.875277588491259e-05 -1.186936000123770e-05 9.257797241296086e-06 -6.614483904859603e-07
-8.400331694291924e-05 -8.933367188308797e-06 9.781172904789627e-06 1.096473261748192e-06
-9.060903263776548e-05 -1.002310973144520e-05 9.321926505060599e-06 -5.157932987234379e-07
-8.950104171054724e-05 -8.917927905248990e-06 9.493472355976328e-06 -1.427491149061472e-07
-9.028444987025467e-05 -9.241260979313435e-06 9.365292609789140e-06 -2.757322867080581e-07
