8.827878988270378e-05 -1.320950448096889e-05 -1.367534371567181e-06 -1.747025548434613e-06
8.859941231112162e-05 -1.243566215538273e-05 -1.211872930653034e-06 -1.450145838336701e-06
8.859997114976301e-05 -8.786768882494806e-06 -1.125832746605432e-06 3.813537183041324e-07
8.827943592503266e-05 -8.013220363009315e-06 -1.277385968624760e-06 6.723273973390660e-07
8.750478192087543e-05 -1.352997239128771e-05 -1.728688615367125e-06 -1.846612155405379e-06
8.605402693072475e-05 -1.061184006895554e-05 -2.271727920849870e-06 -6.520514631402349e-07
8.750562170736828e-05 -7.692935400513455e-06 -1.635214842537478e-06 7.614476010265510e-07
8.206326004629085e-05 -1.352613033371926e-05 -2.674974473668691e-06 -1.115358609361097e-06
8.206467503275083e-05 -7.702198920882304e-06 -2.689038644949851e-06 -6.884770898864255e-07
7.906876731775656e-05 -1.061522546587489e-05 -2.980224708346328e-06 -9.148780050281820e-07
7.664432895137361e-05 -1.351470017577949e-05 -2.782289187179330e-06 -1.069271337998569e-06
7.664353826355193e-05 -7.714521557127723e-06 -2.937370451756997e-06 -6.378645950562316e-07
7.393561479824740e-05 -1.061307542270942e-05 -2.132795313280106e-06 -6.701904291379492e-07
7.122331662782368e-05 -1.351356458484434e-05 -2.691741488087029e-06 -2.967907410308910e-06
7.122269309744554e-05 -7.709390590929517e-06 -1.884226682027205e-06 1.043051475382639e-06
6.851034210842973e-05 -1.060971611945322e-05 -2.790476944565235e-06 -1.034896523626636e-06
6.579979119464964e-05 -1.351016087875813e-05 -3.352481590777672e-06 -2.026589413456754e-06
6.580150335468679e-05 -7.710559158010107e-06 -3.441991107747606e-06 5.212503072560337e-07
6.309573991926376e-05 -1.061225746553214e-05 -3.403527913484610e-06 -4.926478638985624e-07
6.039347655353334e-05 -1.350662047735136e-05 -2.357095484237102e-06 1.206686327936996e-06
6.039856819684892e-05 -7.725699388615093e-06 -1.782295806547202e-06 -2.248018795781961e-06
5.770079549044335e-05 -1.061903082953909e-05 -1.185474212433636e-06 -3.790060049197699e-07
5.501608118162839e-05 -1.348949085148032e-05 -2.235073221130317e-06 -8.580896059022732e-07
5.501404569867892e-05 -7.745223748285344e-06 -1.725772705677722e-06 -2.532080025100550e-07
5.233126273661526e-05 -1.061513286422209e-05 -2.067434728898397e-06 -9.457259301148362e-07
4.965200093315693e-05 -1.347462972735948e-05 -8.971729172337927e-07 5.038925977990248e-07
4.965183109639561e-05 -7.752239763549128e-06 -1.087643438924108e-06 -2.240227498944776e-06
4.697826967828208e-05 -1.061211465912771e-05 -5.034695800023152e-07 -6.375822723350481e-07
4.432259723191866e-05 -1.344726075257385e-05 -1.774576731322333e-07 2.313743229697748e-06
4.431933987082867e-05 -7.773485440898010e-06 -6.237534122443268e-08 -2.992559421760938e-06
4.167058599387250e-05 -1.060928775055243e-05 6.128749852071342e-07 -8.438245656117485e-07
3.903334189085186e-05 -1.342310641009527e-05 1.046161522081268e-06 9.535351269165534e-07
3.903852273540639e-05 -7.798938985143643e-06 1.005782516678741e-06 -1.798975787742336e-06
3.641531938700703e-05 -1.061234908153608e-05 1.272020522241273e-06 -7.166062854991528e-07
3.382975332767072e-05 -1.337681593487397e-05 8.478811639855882e-07 -2.379709904351920e-06
3.382218306695099e-05 -7.837804910070536e-06 5.840275039951421e-07 4.979594573996353e-08
3.135505185030420e-05 -1.060365992795409e-05 9.095463579242889e-07 -1.264834395522408e-06
2.890367934811429e-05 -1.333492765978642e-05 1.618415733873836e-06 -2.617460817105536e-06
2.890770932350359e-05 -7.877118245832475e-06 1.741742531737706e-06 -6.010780934216185e-07
2.707301856705970e-05 -1.081573352032352e-05 2.321852934408498e-06 -1.538985444273539e-06
2.522874742876397e-05 -1.329181791076479e-05 2.500521892225314e-06 -6.980292553622250e-07
2.522122900027396e-05 -7.913352033870411e-06 3.145719030679127e-06 9.105120629869316e-07
2.258657711863020e-05 -1.325156369520708e-05 3.133061782665932e-06 2.941948786030806e-07
2.309179667881751e-05 -1.150728523034820e-05 3.214968601553166e-06 4.849226024615964e-07
2.258908615333231e-05 -7.943509740159735e-06 2.611011176954083e-06 1.017062631323950e-07
2.069238708519102e-05 -7.978131608378318e-06 2.847978252611585e-06 -7.546016027414422e-07
-3.380285812976441e-06 2.299904082590694e-07 -1.385212319705467e-05 2.343909386326078e-06
-3.472990978612851e-06 3.272573705432275e-07 2.257791163147341e-05 -3.476593790881109e-05
-3.537633870339479e-06 9.732175567249363e-07 -1.352859092303661e-05 -1.589865629751438e-05
-3.443203687964211e-06 1.166030455318947e-06 -4.546587164197634e-05 -3.487696253094236e-05
2.067964315519690e-05 -1.322292599553733e-05 2.177133758422537e-06 3.395806544144518e-07
1.898308427810652e-05 -1.310326003970548e-05 1.554566358251169e-06 -1.229240755518745e-07
2.029636951648768e-05 -9.949175359830133e-06 2.759139804637216e-06 -1.995863007352716e-07
1.898246251604501e-05 -7.864708960344476e-06 1.449284090763609e-06 -5.930343613842855e-07
-3.203612263541846e-06 2.099233777390229e-07 -4.484626131054607e-05 2.960006969667593e-06
-2.910336523955730e-06 6.527521750389825e-07 4.981212849615363e-05 3.383006480078483e-05
-3.213266810647953e-06 1.230119928864446e-06 -8.402905643220185e-05 -3.934911829323394e-05
1.844072328657762e-05 -1.149374335814364e-05 1.479607571855822e-06 -9.812500094612550e-07
1.732908948187142e-05 -1.278658470384274e-05 3.050371493509392e-06 1.765324391081106e-07
1.573591829823829e-05 -1.229268645652977e-05 4.158576300585570e-06 -3.911645019964000e-08
1.793345553015140e-05 -9.286480291512691e-06 1.400013527066285e-06 -7.032649541118227e-07
1.735297207994988e-05 -7.464821804676883e-06 3.606138036420160e-06 -5.801673379132477e-07
-2.127321187496299e-06 1.025691705120405e-07 -1.388006396290310e-05 -1.453036212380510e-05
-2.146276193278290e-06 1.224419330274973e-06 -9.276165316538334e-06 3.498910826698787e-06
-1.565879676780659e-06 6.893622554869297e-07 1.569912485150456e-05 2.608707172753290e-06
1.421731319874963e-05 -1.162078527099951e-05 3.195981810090727e-06 -7.443156790631048e-07
1.551991215775411e-05 -1.062794183764504e-05 3.654131136727167e-06 -1.707700254537529e-06
1.606696192102629e-05 -8.543741673077497e-06 3.842875690605389e-06 -1.735602765303223e-06
1.584258520857411e-05 -6.798056060627025e-06 4.053240887883646e-06 1.205411099294160e-06
-9.471650992414166e-07 5.652083853657024e-09 -7.802041579398865e-06 -2.939038123327920e-06
-9.333389766414481e-07 1.297702726037539e-06 -2.544393966573651e-06 -2.479843709297400e-06
-2.342900211465887e-07 6.999271834967013e-07 8.135725778140765e-06 1.420730867616344e-06
1.279182174819534e-05 -1.079170969235506e-05 1.643294507791603e-06 -1.131840852039210e-06
1.149468099292057e-05 -9.817794830359542e-06 -1.050050039374029e-06 -3.034671342735090e-07
1.413639198350005e-05 -8.215984212069906e-06 2.658542106664979e-06 -1.012380346599497e-06
1.449004441569595e-05 -5.890285341504516e-06 2.037832050774877e-06 1.803284167963283e-06
5.650589736217433e-07 -2.147432567928672e-07 -9.066018075490577e-07 3.882027213497816e-06
5.683237589140653e-07 1.520950495520783e-06 -3.059910854378961e-06 6.593415305000824e-06
1.182348573759867e-05 -8.319441111474443e-06 1.337004747824196e-07 2.742484380522903e-07
1.033243810237110e-05 -8.708198817449969e-06 9.255384497838989e-07 -5.185716797434232e-07
1.237588806174313e-05 -6.629849653936388e-06 2.863760836411898e-06 1.199144370103776e-06
1.332729889381196e-05 -4.782947902594943e-06 1.103460930572691e-06 3.820150289894670e-08
1.464194692472283e-06 7.123311495077214e-07 5.032193741853413e-07 -8.010599529409283e-06
2.493320265215863e-06 -5.159390738457202e-07 3.721059327714346e-06 3.866457647198981e-06
2.505022005969634e-06 1.853699626039270e-06 2.203818593546025e-06 7.768067515131821e-06
9.306687343058557e-06 -7.491359454652183e-06 3.992469771293542e-06 -3.037125515048905e-06
8.445047285261244e-06 -6.183771950367025e-06 3.532797498153074e-06 8.169358019599754e-07
7.754614483017357e-06 -4.794751688013154e-06 1.918011651069691e-06 3.529693778950380e-06
1.125401163475556e-05 -5.103737061732418e-06 3.278163226777877e-06 1.567294050576367e-06
1.238679930467214e-05 -3.525298299134393e-06 2.053701042194634e-06 5.063571494137894e-07
3.348123639755752e-06 6.702038685611994e-07 -1.762946700442935e-07 9.114051746224070e-06
4.399245964219678e-06 -7.996064794945651e-07 3.371697289052647e-07 -1.117632921712152e-05
4.384277717534408e-06 2.187183559822720e-06 2.954697373680012e-06 -7.885885653682663e-06
9.189074089446717e-06 -4.797469855617561e-06 3.392995498184914e-06 3.526248807998349e-06
7.223016937890806e-06 -3.356559548230079e-06 -1.972830096847068e-06 -1.599044070052663e-06
6.091863277292221e-06 -1.068486548979527e-06 -1.986672644881708e-07 2.877115568926846e-07
6.593295068960704e-06 -1.333994660755927e-06 -4.787536459670311e-06 6.460081910495364e-06
6.868573585643636e-06 -1.867044983797156e-06 -8.666000110945778e-06 7.444925084840801e-06
1.046769988868866e-05 -3.337820139450572e-06 -1.005269981683180e-07 1.215066526670972e-06
1.169399684686628e-05 -2.169094763175902e-06 5.263894359357401e-06 8.121851661346710e-06
5.308859423477884e-06 4.421483395552605e-07 1.458250016561597e-06 -7.587320276343002e-07
6.069592341482775e-06 2.428130316731072e-06 -3.703882554398141e-06 1.084517976644889e-05
8.210770637613059e-06 -2.340234494280340e-06 1.339957976750748e-06 9.104713253381311e-09
6.616903883048901e-06 -2.976810824979834e-07 2.431373919384218e-06 4.343774734473847e-07
7.210636284078142e-06 -1.155461937784764e-06 -5.497488938401076e-06 6.610693881570675e-06
9.900716529312190e-06 -1.747173872642865e-06 2.676275210106698e-06 -1.792474855425830e-06
1.127720524197246e-05 -7.697732521080938e-07 7.986025436252859e-06 8.225812329966997e-06
6.643167657260419e-06 1.398787241485968e-06 5.648164754299395e-06 2.508675572768838e-06
6.553652976777537e-06 2.676686142009072e-06 -6.402841596580035e-06 1.322240229085754e-05
8.510952126059169e-06 4.416075922206492e-08 2.302219488116079e-07 -7.444607308459584e-06
1.114290552289878e-05 6.611036922987535e-07 1.019600355914298e-06 1.190941497766624e-05
1.132366702854022e-05 2.081986147172533e-06 -1.409294645519565e-06 5.530246086026864e-06
7.635881260385836e-06 2.314893870079902e-06 5.393073067245443e-06 2.402251784456281e-06
6.826114867270541e-06 3.222418833156512e-06 -1.210686314312307e-05 1.223744740751714e-05
7.159943089454794e-06 4.765918035942348e-06 -1.143808946806229e-05 2.596229769890407e-06
9.883379729831277e-06 2.251137343870654e-06 -1.404246393755584e-07 1.260808387780126e-09
7.669912449669345e-06 6.295471166537372e-06 -2.725169675599360e-06 1.156421323540704e-06
1.180630440477302e-05 3.519161350607397e-06 4.022767557316248e-06 5.717647036816489e-06
8.541585955142046e-06 4.812118801378618e-06 2.751086672503039e-06 -2.208398791113621e-06
1.060635605939983e-05 4.932725287868442e-06 1.553506355253972e-06 2.291669093735344e-06
8.372167946026537e-06 7.765629270420586e-06 6.310590440794435e-06 4.654939397848687e-06
1.256796862120266e-05 4.928162961195097e-06 5.351956325003553e-06 3.031982195314608e-06
1.195130808186288e-05 6.353946750077665e-06 1.307369996243004e-06 2.148264462822366e-06
1.048417920832971e-05 7.249628353598089e-06 -1.969977732163594e-07 3.439683314801762e-06
9.264256506865674e-06 9.196101762367360e-06 4.119383774815647e-07 3.949477979269257e-06
1.035455136065952e-05 1.054262213358265e-05 2.237412686726404e-06 1.369896772401740e-06
1.361898234937746e-05 6.253908480074161e-06 2.184564288102818e-06 -4.574326342953944e-07
1.286925264792960e-05 7.973873031648547e-06 1.485817430840636e-07 1.563955198276099e-06
1.198608837865683e-05 1.001104900898558e-05 2.805090612814841e-06 8.126907271765162e-07
1.160639520703159e-05 1.180122875062401e-05 4.217913313145302e-06 6.530772063973633e-07
1.492700298546122e-05 7.428908604576396e-06 2.323191566140395e-07 9.206413476020847e-07
1.453771744660010e-05 1.001240219876866e-05 7.907406224865430e-07 3.546102786038536e-07
1.303845314301186e-05 1.291821597281615e-05 9.458028974196973e-07 1.396710832151598e-06
1.463687788113227e-05 1.389079386050922e-05 3.081421234886275e-06 4.644272265439205e-06
1.636305724587858e-05 1.470498179699095e-05 4.019996665797037e-06 3.159900990000047e-06
1.649268767140170e-05 1.057636225131207e-05 4.247120690277027e-06 2.710306573605261e-06
1.647449003979429e-05 8.411607618791875e-06 2.642847992211900e-06 2.932940861834183e-06
1.610237656870530e-05 1.276558494270660e-05 4.596722884226959e-06 3.779128593948534e-06
1.821656473212883e-05 1.530827167269016e-05 3.955304850679943e-06 1.394623398507427e-06
2.016553970897518e-05 1.570896145611168e-05 3.412988705813681e-06 1.569089113738315e-06
1.808099407590393e-05 1.106368878748273e-05 4.668599294804026e-06 3.618939126066886e-06
1.823099852572466e-05 9.129305523629493e-06 4.492461358077033e-06 4.533428327314706e-06
2.216821686961252e-05 1.587993314659977e-05 3.193582141681424e-06 2.594197687961096e-06
1.991145256476144e-05 1.289231760203203e-05 3.482846153697435e-06 3.105113268469098e-06
2.014431234550427e-05 9.555550337094941e-06 4.731461895033754e-06 3.773367559346667e-06
2.260275337253592e-05 1.320487646468722e-05 3.807486917841177e-06 2.712682720252214e-06
2.442631572891567e-05 1.594715838159612e-05 6.345518307431176e-06 3.716692353485221e-06
2.214481486122403e-05 9.679047178166603e-06 4.456400895787666e-06 2.531850991307587e-06
2.758226215172181e-05 1.601921743877425e-05 8.288226200753990e-06 4.640301769727127e-06
2.506100363614206e-05 1.167114669642682e-05 5.437061905383167e-06 2.369928504009937e-06
2.441826388966699e-05 9.616700708042536e-06 5.215020165993661e-06 1.787310152581925e-06
3.206462807376612e-05 1.613839243371966e-05 8.003920886408044e-06 5.241448034706995e-06
2.981038733317184e-05 1.252915106365122e-05 7.763309283412713e-06 3.293658720951302e-06
2.757848646651285e-05 9.532864238549463e-06 6.511437991996504e-06 1.195829489773856e-06
3.820903073248779e-05 1.625797691354661e-05 1.011439431155721e-05 4.776578551035320e-06
3.510516074177677e-05 1.278440778897529e-05 8.913063889609228e-06 2.564241146928603e-06
3.206934707828456e-05 9.423844032297258e-06 8.035074057546406e-06 9.143700865416913e-07
4.479361014077918e-05 1.635768361792286e-05 1.177559999720285e-05 3.825857502023315e-06
4.147069002362275e-05 1.278663735764297e-05 1.166495573188920e-05 2.781815704835945e-06
3.820726661388984e-05 9.312536558533909e-06 1.076005586068386e-05 -2.264047938627992e-08
5.154733958543095e-05 1.643979115214798e-05 1.432129408443432e-05 5.451556985121704e-06
4.814490148094335e-05 1.278336983711254e-05 1.184156166941604e-05 3.199680005305355e-06
4.479570439889885e-05 9.210586133190122e-06 1.121983110097221e-05 2.689277360726032e-06
5.845040271744907e-05 1.651764355414317e-05 1.625344936108548e-05 1.768747935398786e-06
5.497337016662798e-05 1.278772148336144e-05 1.661914523215974e-05 2.535215079463162e-06
5.154384551914269e-05 9.131176716585060e-06 1.430864140819045e-05 -4.100027809820698e-07
6.549759517884307e-05 1.658067126770951e-05 1.839096448933171e-05 3.978578640752829e-06
6.195471193907715e-05 1.278101393175642e-05 1.650851887782107e-05 2.124802297212772e-06
5.845572432685293e-05 9.052296958211736e-06 1.679607125405252e-05 2.655622349468450e-06
7.264279433014291e-05 1.663223166757560e-05 2.101649537353776e-05 4.719031116614851e-06
6.905398914866633e-05 1.278427405132102e-05 1.976040551488021e-05 2.671077954867336e-06
6.549433271656989e-05 8.982806400058941e-06 1.779184142360734e-05 9.994429954857589e-07
7.985859861118506e-05 1.666516240649217e-05 2.341160199034613e-05 4.202587756685072e-06
7.624246262888420e-05 1.278831538447709e-05 2.230730139390710e-05 2.279959368656519e-06
7.264226947413729e-05 8.940752839690992e-06 2.144154605928469e-05 -2.282399167144084e-08
8.711835718439388e-05 1.669711646735491e-05 2.542302876620257e-05 5.148013947609666e-06
8.347898079750406e-05 1.279136409441297e-05 2.435984221990568e-05 2.802132073434369e-06
7.985711851383434e-05 8.914858269156925e-06 2.288193804625097e-05 1.034233703381003e-06
9.442494988965313e-05 1.670980633119217e-05 2.709642479576025e-05 3.594208848707207e-06
9.076615676691003e-05 1.279172518404997e-05 2.632994169889460e-05 1.937292066240589e-06
8.711852609269701e-05 8.886322128135682e-06 2.616023343492430e-05 -5.439699996712871e-07
1.101264786799554e-04 1.628287334832633e-05 3.438455467164017e-05 4.927780372936113e-06
1.090867861727866e-04 1.671364768490791e-05 3.347154821535104e-05 5.026962284749403e-06
9.771025170607540e-05 1.279137129627498e-05 2.909919046626692e-05 3.014086773087788e-06
1.017650428723043e-04 1.671415298638487e-05 3.202203290639185e-05 2.123019064393088e-06
9.442516169546572e-05 8.873257940726805e-06 2.632323789505816e-05 1.259362998061520e-06
1.105571049693870e-04 1.524295333786885e-05 3.479049929226247e-05 4.374357598654885e-06
1.080970632212116e-04 1.279145446954066e-05 3.236442718017255e-05 2.147322368878228e-06
1.017649051926918e-04 8.868692590219654e-06 3.240661376749013e-05 3.846346887172701e-06
1.105572539873865e-04 1.033983507447397e-05 3.510251617044957e-05 -4.460867010223069e-07
1.090868908488651e-04 8.869064850834907e-06 3.390410403497508e-05 -9.597619458969287e-07
1.101266211770276e-04 9.299859993965544e-06 3.474104506092857e-05 -9.166013677996589e-07
