8.979229352933671e-05 -1.462384607059658e-05 -1.133444985217667e-05 9.969075653051711e-07
9.011077815465405e-05 -1.385683998699454e-05 -1.147576264006442e-05 7.101652657495708e-07
9.011091861552396e-05 -1.023880050620752e-05 -1.175283078488498e-05 -7.769795813890571e-07
8.979251410420149e-05 -9.472201653420057e-06 -1.162396799839931e-05 -1.117746356616889e-06
8.902377479887001e-05 -1.494114289003345e-05 -1.101611687843408e-05 1.113625254756801e-06
8.758371795407174e-05 -1.204827295716140e-05 -1.053404038738374e-05 6.861995260527049e-08
8.902424104663787e-05 -9.155131848465967e-06 -1.129141361735309e-05 -1.256647042639454e-06
8.363112897610302e-05 -1.493224389046086e-05 -9.074267378547764e-06 1.250090936381541e-06
8.363256495480436e-05 -9.168569345096621e-06 -9.039645241304114e-06 -1.138416965114401e-06
8.066144536403930e-05 -1.205125030005380e-05 -8.383858149870785e-06 6.795311995125312e-08
7.824275572878818e-05 -1.494670550634442e-05 -7.642203603144168e-06 1.564581621806826e-06
7.824228572323691e-05 -9.155366629614818e-06 -7.355271885473419e-06 -1.343949158317027e-06
7.553913730663745e-05 -1.204998327198062e-05 -6.598340385061743e-06 -3.531736637588030e-08
7.283591394216337e-05 -1.494719003415962e-05 -6.353062633287494e-06 9.561203652693331e-07
7.283413751374589e-05 -9.150199210668835e-06 -6.635832319084240e-06 -6.564703780310178e-07
7.013222810140322e-05 -1.204775259103519e-05 -6.306944852766209e-06 1.173119039651140e-07
6.743194246645514e-05 -1.494266671748041e-05 -8.033279501337792e-06 -1.980761444512240e-06
6.742916054998999e-05 -9.151194306263471e-06 -6.728478466323627e-06 1.651703364309609e-06
6.472914253745188e-05 -1.204581282232046e-05 -6.180181513994224e-06 -1.151270470100775e-07
6.202844170216295e-05 -1.494210394832972e-05 -3.950579797693277e-06 8.345583706313449e-07
6.202761884924364e-05 -9.149183396958654e-06 -4.502798904616758e-06 2.168470774714811e-07
5.932691755770811e-05 -1.204569114898114e-05 -3.412242199694332e-06 3.706085515074931e-07
5.661983346425822e-05 -1.494726054133712e-05 -4.615661702263438e-06 1.070945094312149e-06
5.662315620628076e-05 -9.150796118591839e-06 -3.649461846369454e-06 -1.714757703102468e-06
5.391838758278421e-05 -1.205197242490080e-05 -3.757810135026934e-06 -1.046831473306093e-06
5.123573623482926e-05 -1.492548669303922e-05 -2.977092447862427e-06 5.925024407691589e-08
5.122960799771100e-05 -9.174709004430601e-06 -4.088879049912945e-06 -5.899618554197407e-07
4.855444575818900e-05 -1.204615701205242e-05 -3.392272432201937e-06 2.141688338718085e-07
4.588344312998542e-05 -1.489898662538821e-05 -2.941805017664764e-06 1.654310616911067e-06
4.588451838233717e-05 -9.188988415426670e-06 -1.674219576143101e-06 -1.306563075656682e-07
4.321169649068400e-05 -1.204277683624047e-05 -1.473123226259985e-06 1.927187488724785e-08
4.054516248459023e-05 -1.488522677458743e-05 -2.296346714516698e-06 -1.060049564451909e-06
4.054484749832324e-05 -9.198003975708571e-06 -2.704203413834738e-06 5.719311729669442e-08
3.788767764056570e-05 -1.204151185202336e-05 -2.616642455925413e-06 8.518969457483536e-08
3.524993731630889e-05 -1.485902008617633e-05 -1.171153934419778e-06 8.744035772398538e-07
3.525128052164589e-05 -9.219671520239327e-06 -1.469612639532590e-06 -2.350026566940535e-07
3.273078455161395e-05 -1.203939032542058e-05 -1.020826518314846e-06 -1.515282799068001e-06
3.023844192144872e-05 -1.481543818454581e-05 -8.768213039132900e-07 -1.550784317288755e-06
3.023178735469753e-05 -9.260608787766710e-06 -3.371737427300677e-07 2.217064066988135e-07
2.837401763630023e-05 -1.225027478156470e-05 8.472147924922645e-08 2.821733842710427e-06
2.649420048710334e-05 -1.477658233708957e-05 -5.826570929585307e-07 3.727125911569604e-07
2.649005314596716e-05 -9.290207653528279e-06 -4.363647734317205e-07 -7.777071765138582e-07
2.379179810070019e-05 -1.474866848521160e-05 -2.689432344479277e-06 -6.069562011580207e-07
2.431259580959928e-05 -1.296260728623453e-05 -3.115733391441044e-06 -1.780047653552635e-06
2.378790922584528e-05 -9.309110565495182e-06 3.323515418157356e-06 8.345857140551950e-07
2.183387820517924e-05 -9.327264802914384e-06 4.550780402987614e-06 -1.357163950912535e-06
-3.572938925059813e-06 -6.600252776579596e-07 4.762341832589238e-06 -2.216681203095636e-06
-3.637560180655405e-06 -5.144405336247775e-07 7.438394278766349e-06 1.039961655811352e-04
-3.691120277946457e-06 2.539978401361942e-07 1.654933732563489e-05 -7.151700052173618e-05
-3.638748900659548e-06 3.712435971301642e-07 3.847458645547752e-06 -1.093037741554361e-05
2.183301011415443e-05 -1.472447744694896e-05 3.223867450704139e-06 1.006129337994849e-06
2.007908003974613e-05 -1.460576515279573e-05 3.072284590248984e-06 -1.493037612509766e-06
2.143350675123657e-05 -1.135602824831119e-05 2.016982372777008e-06 5.627914783136008e-07
2.007207081172384e-05 -9.198857915431679e-06 8.843419052404846e-07 -3.967576694192398e-06
-3.414652976872208e-06 -7.201720638912336e-07 4.386703943783691e-05 -6.633448537338651e-05
-3.166873325654663e-06 -1.296895833628550e-07 -3.709262552235057e-05 6.587456411217250e-06
-3.506715165622250e-06 4.116016498478292e-07 1.347283181598873e-05 1.876028155899342e-05
1.951852932839697e-05 -1.294420604162271e-05 3.474766175020053e-06 2.604891517362405e-07
1.835987894320042e-05 -1.428635637774736e-05 4.674382852451873e-06 -3.741100670032937e-06
1.669787761254813e-05 -1.378122894444983e-05 2.973514067162418e-06 -1.475796233061282e-06
1.898883618539493e-05 -1.066815085367653e-05 1.236006037838736e-06 -2.092614104963430e-06
1.838949765497036e-05 -8.781931493531929e-06 2.030790638100734e-06 4.622267237334542e-06
-2.282660670782917e-06 -7.248977267411105e-07 4.334466945889344e-06 1.420276221680049e-05
-2.261914664326746e-06 4.503575872322534e-07 1.768308457925498e-05 -5.706533259593934e-06
-1.662829619547439e-06 -1.048997264199537e-07 -1.875258673449953e-05 -1.229438327151787e-05
1.511754334050139e-05 -1.309008108301485e-05 -5.212302586858104e-07 1.992893988503062e-06
1.647445287638943e-05 -1.205650810222106e-05 1.878484560984709e-06 2.935809304896778e-06
1.704475725786288e-05 -9.900864076689621e-06 2.705896682336574e-06 2.693871943328504e-06
1.680755879699384e-05 -8.075500944193751e-06 4.721202404691716e-06 6.948945262707550e-06
-1.007097954630198e-06 -8.648442265985138e-07 6.174724527854511e-06 1.092948426872527e-05
-1.008109193966638e-06 5.545848322020234e-07 8.495717767139181e-06 1.326081631738746e-05
-2.565858188972954e-07 -1.008061823253725e-07 -7.064197191950723e-06 -2.294087022348377e-05
1.363438468821053e-05 -1.223688689165979e-05 -1.098633371820280e-06 1.057164551821968e-06
1.227818664401895e-05 -1.122936143246070e-05 6.308175554732734e-07 2.933445003079055e-06
1.503395072792521e-05 -9.553539201805408e-06 2.514656703676007e-06 -1.338488585967299e-06
1.540829420992597e-05 -7.131435227814147e-06 2.022656262524520e-06 -1.607413940630210e-06
6.005140938410926e-07 -1.081256769932628e-06 8.087706200887424e-07 1.298561851713274e-05
6.168217289154626e-07 7.806658309925538e-07 2.588425749637538e-06 1.496364491593145e-05
1.262089923712284e-05 -9.667796582487061e-06 1.891720650971616e-07 1.553101872058617e-06
1.105667978273267e-05 -1.007529452173696e-05 8.387764179820017e-08 4.840134192469503e-06
1.319621176458388e-05 -7.904598164987097e-06 1.817203604065077e-06 -1.697483002578014e-06
1.419606439703815e-05 -5.969489626364792e-06 -7.130663598637581e-06 2.349456299579079e-06
1.543053199683503e-06 -1.146477114771760e-07 -3.058462376193768e-06 -1.989339232381056e-05
2.668447076178073e-06 -1.398737059903741e-06 7.172437113067279e-06 4.252958709767131e-06
2.666677672739490e-06 1.154849933840608e-06 -3.969679463026204e-07 6.518580707295304e-06
9.977250041118112e-06 -8.800627017630656e-06 1.304013826007712e-07 2.029950716119369e-06
9.067577861098703e-06 -7.440397807839614e-06 2.030532029184938e-06 -2.002716485604285e-06
8.317282806854578e-06 -5.987326342298075e-06 2.760977967638465e-06 -1.085226853619879e-06
1.202247292362729e-05 -6.306557341182608e-06 6.984848889512773e-06 2.498049090890518e-07
1.322268758604451e-05 -4.639253884319526e-06 -8.755219248880425e-07 1.467406177936351e-06
3.572391228493951e-06 -1.325636719899518e-07 3.430696171220842e-06 1.273484977157489e-05
4.696843407502578e-06 -1.731310531685357e-06 -6.311863035175866e-06 -6.798124545311139e-06
4.684577659631026e-06 1.490776067696777e-06 -2.757838700270371e-06 2.629617214197757e-06
9.850817682176723e-06 -5.989648634987796e-06 9.099878155763978e-07 -3.595117570245910e-06
7.739529993635514e-06 -4.460291559794762e-06 4.278755705061242e-06 1.105334186580081e-05
6.505729393641630e-06 -2.007596260996662e-06 -1.079769306476211e-05 2.693054612733246e-06
7.061708648689364e-06 -2.301722548923946e-06 3.900614368438341e-06 -1.331443394597658e-06
7.368720874123512e-06 -2.878372788602838e-06 1.186023931010856e-05 -3.046534691267106e-06
1.120256764314553e-05 -4.439115508206831e-06 5.236576985985335e-06 -8.610440470023963e-07
1.250918776079564e-05 -3.193934526691542e-06 3.084720005651102e-06 1.849971634669833e-06
5.676049868752807e-06 -3.730071098304607e-07 5.082123663806648e-06 -5.608166882609771e-06
6.492862412350014e-06 1.735652413667031e-06 7.423005444976769e-06 -7.154086624829921e-06
8.795797745027844e-06 -3.375228930235869e-06 -7.992528992549115e-06 -3.351909553257837e-07
7.075924472180338e-06 -1.163080836654684e-06 -3.761397894152150e-07 8.899280910486113e-06
7.734481597883545e-06 -2.108710971225333e-06 8.719177637291819e-06 -2.008161205282965e-06
1.059481169787531e-05 -2.740300216994541e-06 2.144399371766882e-06 -2.442414871427262e-07
1.207946012005567e-05 -1.685798944104624e-06 1.972583655259733e-06 -3.668655881534811e-07
7.089962340928247e-06 6.476537857696912e-07 -2.217928797119043e-06 -1.413535429500628e-06
6.998887388764284e-06 2.004822757480192e-06 -3.885469900260452e-06 1.063164133103135e-06
9.107627315288253e-06 -8.185188048848721e-07 2.967513650949580e-06 2.296093154919579e-06
1.194561152141060e-05 -1.519939534242392e-07 -2.092400621507508e-06 -5.283752551902284e-07
1.214499099959750e-05 1.365030199116753e-06 3.196404368193151e-06 -6.940298902504167e-07
8.158268106064405e-06 1.621322420369944e-06 4.594854838755548e-06 7.438431464895111e-06
7.292835603010432e-06 2.606191045818244e-06 -5.571838739124842e-06 9.103814129686254e-06
7.644017701123453e-06 4.293006421114359e-06 -5.801042850809258e-06 2.675249862449202e-06
1.059550732919403e-05 1.542981926745564e-06 1.631837497605887e-06 1.144947243791432e-06
8.179143380432334e-06 5.958192702066268e-06 -1.629783643548013e-06 3.464418222012502e-07
1.267944956771583e-05 2.931784541050216e-06 8.139063486420332e-06 -5.157844193984204e-06
9.133210617719959e-06 4.340426657962218e-06 8.199103471691634e-06 -1.603626282271394e-06
1.139513885645263e-05 4.467931338095731e-06 -5.537694106073950e-06 5.551365354099393e-06
8.928528169751460e-06 7.567389395184136e-06 -7.452934518218409e-07 1.704568334094697e-06
1.353576889652908e-05 4.457452408207749e-06 5.483584625982401e-06 -7.710027529552297e-07
1.287573073626775e-05 6.019632344853500e-06 -6.065844102679240e-06 4.992407361843531e-06
1.125485867048378e-05 7.019041229219108e-06 3.025840459236469e-06 -1.539633200992093e-06
9.916000382345508e-06 9.164290923931757e-06 1.007313868139845e-06 1.777208551574308e-05
1.111533412776233e-05 1.066953337330104e-05 4.200499300167716e-06 -4.283639598946851e-06
1.472307628465923e-05 5.906209517110075e-06 9.058164475905162e-06 -1.850660596201142e-06
1.389875842752294e-05 7.822325560308396e-06 -2.815922816725465e-06 -6.910813660030207e-08
1.291602616079490e-05 1.008658025986993e-05 4.114258367598596e-06 -5.170594476959682e-06
1.249392965187991e-05 1.208325279604003e-05 7.698403495366689e-06 2.232980554321315e-07
1.617727656438934e-05 7.205858406359366e-06 1.133826433707063e-05 2.902496567706184e-06
1.575710420435513e-05 1.008540461917663e-05 -1.122113755087906e-06 4.974540747848663e-06
1.408626237129989e-05 1.333589481603155e-05 1.319272093349240e-06 1.237555176705798e-05
1.586551292819427e-05 1.441864619581042e-05 4.361021811546779e-06 3.921538721496040e-06
1.779267183048967e-05 1.533555087762772e-05 7.609741970988546e-06 -2.020813592473516e-06
1.794201510175239e-05 1.071472918123934e-05 -1.001520278451269e-06 2.970237740806343e-06
1.791575829085696e-05 8.294860028636366e-06 -1.878550214715986e-06 6.060423526237410e-06
1.750174054691325e-05 1.316159572099522e-05 6.099044374924842e-06 1.613303880781248e-06
1.986634214831117e-05 1.601790083107420e-05 -2.854869170718946e-06 2.017985251289956e-06
2.204899704141656e-05 1.646917495327851e-05 -3.124194026984721e-06 5.229638181609779e-06
1.971531109585129e-05 1.126009909814103e-05 4.132344816858804e-06 7.280582409065606e-07
1.988629597353196e-05 9.095983344351581e-06 3.582650668942331e-06 2.375801313468654e-06
2.428910425504881e-05 1.666373272718122e-05 7.608057583141815e-06 1.291695485148969e-07
2.176180097723510e-05 1.331143938013887e-05 -3.472730928480036e-07 2.153762994463200e-06
2.202672801719314e-05 9.563642816356417e-06 4.393751527158959e-06 4.652657034129387e-07
2.477637122246036e-05 1.365835514985879e-05 2.071279809950731e-06 4.202946858519941e-06
2.683385910781184e-05 1.675191517687113e-05 2.165066447282643e-06 5.050590973749532e-07
2.426864584856985e-05 9.690131513796381e-06 -9.609861505760450e-07 9.934479731547287e-07
3.040905098697741e-05 1.683240468095510e-05 3.658789998050993e-06 6.915960153011483e-06
2.755691857954654e-05 1.192693585354634e-05 6.134829807355237e-06 1.840383047267297e-06
2.683491252255756e-05 9.609855318596999e-06 5.756768687384789e-06 -3.371820666422332e-07
3.548373766223126e-05 1.696621407656908e-05 4.792615224653661e-06 1.143662404678007e-06
3.293430092456056e-05 1.288439128822301e-05 3.509969996952565e-06 8.474048480446411e-08
3.041094341940110e-05 9.501920695224068e-06 5.371076516250281e-06 2.349504931330043e-06
4.241216610743467e-05 1.709123257012328e-05 2.698726343466525e-06 2.632141378034093e-06
3.891514323346810e-05 1.317213677345356e-05 4.293379770024771e-06 4.370399271319470e-06
3.548964214256376e-05 9.371575827200032e-06 2.517452294180959e-06 2.772017675482218e-06
4.984076769040362e-05 1.720807060740742e-05 9.035182163984927e-06 4.583180563152966e-06
4.608963149416224e-05 1.317166514735177e-05 6.334392810709342e-06 7.112587964565158e-07
4.241283533013893e-05 9.250848197379139e-06 6.863893973503694e-06 2.231084958574334e-06
5.748921333807341e-05 1.732261433252251e-05 7.210622994599208e-06 3.225558215382407e-06
5.362743799323641e-05 1.317892398683948e-05 7.560037699247806e-06 3.178548315978523e-06
4.983570947875201e-05 9.141289468999138e-06 6.560454955592552e-06 -2.194606049299337e-07
6.533319238434274e-05 1.741840262420440e-05 1.053972190673368e-05 8.621288598995040e-07
6.138294669738492e-05 1.317989769834652e-05 9.239186342212547e-06 2.428892347586509e-06
5.749081734388504e-05 9.035886491437851e-06 8.057427448197402e-06 2.085133653922365e-06
7.332246251812024e-05 1.749614315588671e-05 1.176001104761119e-05 4.066055832514506e-06
6.930523471903948e-05 1.318323164148857e-05 1.101780423020092e-05 2.561479968189476e-06
6.533114590260127e-05 8.945089702537014e-06 9.881235136342320e-06 3.815989677173581e-06
8.143281545804766e-05 1.755248014740666e-05 1.483865141699670e-05 5.748357735168229e-06
7.735983071084662e-05 1.318166312106033e-05 1.279340236228659e-05 1.002757044243912e-06
7.332499107331409e-05 8.869656210790451e-06 1.315776406275217e-05 -8.364329242110522e-07
8.964748993999995e-05 1.760504260876708e-05 1.682224744440435e-05 8.633997561604059e-07
8.552206373245344e-05 1.318535181404097e-05 1.689897541677519e-05 2.463795451756420e-06
8.142944858906488e-05 8.813717781037634e-06 1.386567541931911e-05 -1.694457551637069e-06
9.793074294093221e-05 1.763070598601253e-05 1.780004400392698e-05 4.274702792187208e-06
9.378347805506283e-05 1.318772317782893e-05 1.619550607798263e-05 2.478501220014246e-06
8.964719263214852e-05 8.767329077685826e-06 1.657061201489996e-05 3.640775828504795e-06
1.062563947038671e-04 1.764699300042766e-05 2.118554234128284e-05 3.421530261006743e-06
1.020863040041005e-04 1.318279236587907e-05 2.028590150868402e-05 1.880778913108205e-06
9.793355726983623e-05 8.742049795978701e-06 1.854136937028988e-05 -2.879851596239682e-07
1.241571434399378e-04 1.717179836026062e-05 2.486216626680301e-05 3.118256588641734e-06
1.229705286397375e-04 1.766289668695064e-05 2.480148546410245e-05 3.278874810418255e-06
1.099980548607946e-04 1.318250281928639e-05 2.122060243423104e-05 1.941937084526048e-06
1.146144982985493e-04 1.765448298701176e-05 2.238875820280029e-05 4.502693949013125e-06
1.062552111368667e-04 8.716756502436211e-06 2.089502087496126e-05 4.780641205552736e-07
1.246486869095441e-04 1.598573221043146e-05 2.488528109232113e-05 2.879551630664151e-06
1.218390804532501e-04 1.318813454742555e-05 2.506332564446143e-05 2.581705052026269e-06
1.146131067030289e-04 8.715716065232837e-06 2.223207509010034e-05 -4.589267789645341e-07
1.246483390148730e-04 1.039095551357378e-05 2.531525801927535e-05 2.168126481113552e-06
1.229698600295764e-04 8.713299380003031e-06 2.509880701782234e-05 1.501942164044926e-06
1.241566963153554e-04 9.204580778493627e-06 2.527457401902902e-05 1.746333281633141e-06
