7.774533609857102e-05 -1.291697672736866e-05 1.741059048284874e-06 8.077309752298096e-07
7.802208122878975e-05 -1.224891977374961e-05 1.799108559758379e-06 9.480580983468609e-07
7.802209989351500e-05 -9.099557749621032e-06 1.771050618879470e-06 1.571848568119949e-06
7.774535397767720e-05 -8.431488480819004e-06 1.709991466335798e-06 1.711375674287161e-06
7.707723093344810e-05 -1.319368563808103e-05 1.599878162011798e-06 7.493671668549199e-07
7.582402992713530e-05 -1.067421905020318e-05 1.313989934364407e-06 1.273689664855365e-06
7.707724233380819e-05 -8.154772428509459e-06 1.566335102356412e-06 1.769740839495442e-06
7.237287618189767e-05 -1.319318805002006e-05 5.163882276457253e-07 7.227503149751052e-07
7.237286868791354e-05 -8.155177059290158e-06 5.042484766572059e-07 1.829640752165876e-06
6.977616457418988e-05 -1.067420317082552e-05 -7.442183030500162e-08 1.296897080622249e-06
6.767004043855872e-05 -1.319146319211659e-05 -4.903547253348498e-07 6.808270686101647e-07
6.767007410372596e-05 -8.157115668010684e-06 -4.355840064553263e-07 1.709778581364779e-06
6.531991574475946e-05 -1.067410971712903e-05 -8.797679766863260e-07 1.340237992152287e-06
6.297199846589874e-05 -1.318728385638732e-05 -1.490251544075176e-06 7.724467473824154e-07
6.297265938419065e-05 -8.161481435406574e-06 -1.296297465147807e-06 1.605986928062100e-06
6.062634542330495e-05 -1.067400082399249e-05 -1.503812794298334e-06 1.340443295755249e-06
5.828460728941134e-05 -1.317923586354519e-05 -2.310901465762825e-06 9.514665407196651e-07
5.828606640876167e-05 -8.169006375117029e-06 -1.949943445362042e-06 1.501155352226747e-06
5.594707432996181e-05 -1.067392853274472e-05 -1.933051217302286e-06 1.279530898472380e-06
5.361588017674444e-05 -1.316677652490036e-05 -2.695214837062597e-06 1.162179092739041e-06
5.361735293306474e-05 -8.180706001596970e-06 -2.339332649957926e-06 1.508972859940522e-06
5.129040243848970e-05 -1.067386103696364e-05 -2.292763640637473e-06 1.225980605712065e-06
4.897439479826823e-05 -1.315046460259494e-05 -2.755426529065883e-06 1.250714805245258e-06
4.897503069104303e-05 -8.196445013794509e-06 -2.557117153066883e-06 1.487743573010259e-06
4.666457454816618e-05 -1.067368869367735e-05 -2.671541053758663e-06 1.202938900299941e-06
4.436635835085554e-05 -1.313199310905672e-05 -2.873350733246028e-06 1.200501430864887e-06
4.436636847569135e-05 -8.214976857863168e-06 -2.805191595937635e-06 1.445579565796417e-06
4.207416400513963e-05 -1.067348912565821e-05 -2.999130637102427e-06 1.212177551776370e-06
3.979426144517219e-05 -1.311252772423598e-05 -3.129838199679626e-06 1.096828276582521e-06
3.979413230311028e-05 -8.234327928868768e-06 -3.148261001405802e-06 1.412386025693941e-06
3.752018321562937e-05 -1.067325452181847e-05 -3.304945054171811e-06 1.231370017746773e-06
3.525863866940258e-05 -1.309210658672796e-05 -3.410860439748994e-06 1.146246625600851e-06
3.525865473132250e-05 -8.254232696159532e-06 -3.429072831149084e-06 1.356118465069184e-06
3.300324502326110e-05 -1.067304527855824e-05 -3.460198661155960e-06 1.279196730060390e-06
3.076140250940441e-05 -1.306970222895767e-05 -3.433033722246758e-06 1.287784161732490e-06
3.076117032621870e-05 -8.276052377609865e-06 -3.424598473725391e-06 1.285807214266251e-06
2.861640600661870e-05 -1.067240718679326e-05 -3.387901971226487e-06 1.290318122059363e-06
2.648624457041358e-05 -1.304478385835981e-05 -3.274026943314751e-06 1.424411288556417e-06
2.648579208754287e-05 -8.300434426577919e-06 -3.293158574687047e-06 1.183185830427150e-06
2.489296539351672e-05 -1.085591741384103e-05 -3.186592696518794e-06 1.332972689755058e-06
2.327995710674199e-05 -1.302262423572017e-05 -3.050838575051832e-06 1.513673111526656e-06
2.327904089827389e-05 -8.321726854519524e-06 -3.062219861787784e-06 1.151732100787554e-06
2.096645358359968e-05 -1.300442649433694e-05 -2.856025444989035e-06 1.559399610125885e-06
2.141359801384781e-05 -1.146931123857130e-05 -2.903930275911634e-06 1.417454046828107e-06
2.096532103305779e-05 -8.334488577340456e-06 -2.868808435067467e-06 1.152147433927429e-06
1.929393041504920e-05 -8.347809549021032e-06 -2.726262646748935e-06 1.148412051807180e-06
-3.255379226187324e-06 -6.610821042665597e-07 6.156205199723009e-07 -2.541156994211638e-07
-3.321077389363548e-06 -5.029884418467421e-07 6.224298910353112e-07 -2.709864158319221e-07
-3.320660200596770e-06 8.577844245286106e-08 6.218795165204840e-07 -3.342161816766231e-07
-3.255285951598685e-06 2.416065253105421e-07 6.148976622242463e-07 -3.511914649572425e-07
1.929298396379036e-05 -1.299200270304141e-05 -2.713643076316043e-06 1.591970715132462e-06
1.778279171395173e-05 -1.289487664989890e-05 -2.572051256395694e-06 1.613758901676379e-06
1.895216522027663e-05 -1.009069989838355e-05 -2.700078430417512e-06 1.315830427753220e-06
1.778147434447927e-05 -8.229688584144707e-06 -2.593185465605605e-06 1.123619101208373e-06
-3.097984305707268e-06 -7.265114894591309e-07 5.993725775767232e-07 -2.471352313203977e-07
-2.939281379493802e-06 -8.092471944481306e-08 5.833541654261496e-07 -3.178831764558208e-07
-3.099309103288446e-06 3.065914976971159e-07 5.984465799269876e-07 -3.593550523140496e-07
1.730132034493426e-05 -1.146471835782766e-05 -2.536147706263567e-06 1.480011149948780e-06
1.629827973995133e-05 -1.262505521487537e-05 -2.409548502004038e-06 1.627311426949198e-06
1.486141309306558e-05 -1.219334816641349e-05 -2.226189119130150e-06 1.604297014647156e-06
1.684788332705045e-05 -9.494821066704697e-06 -2.494948210882925e-06 1.262321844598240e-06
1.632612346152333e-05 -7.856490531543969e-06 -2.430118913610868e-06 1.053117505299445e-06
-2.031028409725177e-06 -7.435002569565884e-07 4.857794941679248e-07 -2.472537294094336e-07
-2.030175545768868e-06 3.249286136865075e-07 4.795323912712548e-07 -3.829091899619090e-07
-1.477736130805237e-06 -2.089606735902353e-07 4.035976504910809e-07 -3.234121970854560e-07
1.349145591751437e-05 -1.160035915632438e-05 -2.034263232408948e-06 1.557309674866705e-06
1.467075619925594e-05 -1.070315122782939e-05 -2.209223107643050e-06 1.430722362796897e-06
1.516807599424932e-05 -8.824837914831711e-06 -2.275889536522394e-06 1.176190266782770e-06
1.496793060536409e-05 -7.242754774061729e-06 -2.244767052865104e-06 9.442699874301224e-07
-8.795595875022009e-07 -8.394583795096630e-07 3.125994520417823e-07 -2.360370943280789e-07
-8.794510575680995e-07 4.220869510331231e-07 3.101152693475656e-07 -4.206149888344139e-07
-2.004965403120952e-07 -2.082683073763135e-07 2.111155457303010e-07 -3.281889417832869e-07
1.220189125781399e-05 -1.086117382235110e-05 -1.838283142919942e-06 1.465497995037167e-06
1.101368580056073e-05 -9.986269942195267e-06 -1.656594627494613e-06 1.341055994934501e-06
1.342453183117787e-05 -8.527843700150947e-06 -2.019512129501087e-06 1.129279101992868e-06
1.374664561439425e-05 -6.407399557069351e-06 -2.064520345627343e-06 8.074026833401633e-07
5.762020060161490e-07 -1.046918489687117e-06 9.815812978736971e-08 -2.018322604549473e-07
5.766196818221117e-07 6.315501736979441e-07 1.060168245775438e-07 -4.347227318316135e-07
1.131418592585013e-05 -8.626312299351058e-06 -1.701070135082838e-06 1.141506564127666e-06
9.940732663298047e-06 -8.984387776224011e-06 -1.491330256868104e-06 1.194477713911744e-06
1.181912349944097e-05 -7.080826641763690e-06 -1.776363435210503e-06 9.047843709018749e-07
1.269725561624504e-05 -5.383828400438627e-06 -1.908027626145894e-06 6.433910773194560e-07
1.429212348042919e-06 -2.072992928608378e-07 -8.166967401762632e-09 -3.027752305871367e-07
2.439716780228723e-06 -1.346097121845645e-06 -1.566216964065501e-07 -1.078003236161758e-07
2.438656675962830e-06 9.348303609921728e-07 -1.397822881185602e-07 -4.506450379657020e-07
8.990047764514129e-06 -7.873653763327715e-06 -1.343316029406551e-06 1.023675793810255e-06
8.180193257416637e-06 -6.674627786694787e-06 -1.211658201224232e-06 8.376336258878666e-07
7.515566133650879e-06 -5.393320834457444e-06 -1.100511038399457e-06 6.390587127659948e-07
1.078677788180569e-05 -5.679972783378313e-06 -1.617344958687996e-06 6.858264654108100e-07
1.184881839558315e-05 -4.208418687175125e-06 -1.780289208182359e-06 4.605338424682903e-07
3.251131786153442e-06 -2.092736088210036e-07 -2.681791183614313e-07 -2.594979449006589e-07
4.243396582558737e-06 -1.640682573177349e-06 -4.488428652435046e-07 5.586680976279341e-09
4.243551477365039e-06 1.242884421365851e-06 -4.306291197871511e-07 -4.835939899285482e-07
8.869152203270221e-06 -5.397599963694741e-06 -1.317667720696496e-06 6.403084359097130e-07
7.001150496420919e-06 -4.048181894788937e-06 -1.009827259550829e-06 4.367769089853136e-07
5.890020903828319e-06 -1.891286698446207e-06 -7.618514789203871e-07 8.842755541887963e-08
6.378181995904452e-06 -2.139955421273136e-06 -8.655638546146877e-07 1.372776767272582e-07
6.649279960912842e-06 -2.642698386438666e-06 -9.288821592289723e-07 2.203112834108293e-07
1.006083894912787e-05 -4.033977036731514e-06 -1.503983008182635e-06 4.345750847115663e-07
1.122275956169833e-05 -2.927689692231037e-06 -1.688250321794422e-06 2.654038354678500e-07
5.135847305573728e-06 -4.176425632234367e-07 -6.044358305484357e-07 -1.858664686729526e-07
5.866830447440500e-06 1.463031171536876e-06 -7.297271335904624e-07 -4.951893925636456e-07
7.935434333627652e-06 -3.090141105431015e-06 -1.156565827572759e-06 2.924861030698623e-07
6.397065527193105e-06 -1.135574629757498e-06 -8.571756970164074e-07 -4.027718052813733e-08
6.974421896758918e-06 -1.963410872768195e-06 -9.787059865109842e-07 1.102350708167971e-07
9.527482773773975e-06 -2.528577639666169e-06 -1.418368501533586e-06 2.067443668560903e-07
1.084530013214330e-05 -1.589197605710499e-06 -1.641930357761009e-06 5.964616324691047e-08
6.405529513974452e-06 4.920429175534236e-07 -8.397607194600139e-07 -3.186824290740764e-07
6.317717142340558e-06 1.708736869265798e-06 -8.105333540226557e-07 -5.270494548402158e-07
8.207861475461989e-06 -8.201218289686934e-07 -1.192651064966671e-06 -6.674995960489310e-08
1.073143634163785e-05 -2.276760613311240e-07 -1.638203990185029e-06 -1.577573455836328e-07
1.092932918201508e-05 1.141519797519090e-06 -1.714358333777130e-06 -3.922142404190781e-07
7.355295409499081e-06 1.370576152223341e-06 -1.007499070627441e-06 -4.511943729009295e-07
6.573438272574776e-06 2.248301261020833e-06 -8.504014636693648e-07 -6.168634891623306e-07
6.875445217409403e-06 3.762025850223389e-06 -8.885213806677391e-07 -9.034943163717127e-07
9.536214973542693e-06 1.298604800977929e-06 -1.439988338213955e-06 -4.097377638695331e-07
7.355643329184210e-06 5.274947183621051e-06 -9.567856174554607e-07 -1.245035086988105e-06
1.142146220310633e-05 2.538730593565650e-06 -1.862260627749077e-06 -6.379751626673100e-07
8.222354065694912e-06 3.800342840534365e-06 -1.160208290970385e-06 -8.981286016480871e-07
1.025773970359266e-05 3.917897463826563e-06 -1.618705145958055e-06 -9.160843386903383e-07
8.043186315828579e-06 6.738837294202973e-06 -1.089602476883151e-06 -1.592085579663301e-06
1.220217756979598e-05 3.921050736558288e-06 -2.096539207885342e-06 -9.133628144040659e-07
1.160157646505438e-05 5.324758020312580e-06 -1.966936782375729e-06 -1.234592913249330e-06
1.013246321305429e-05 6.221022367052086e-06 -1.590892993366199e-06 -1.456698530276498e-06
8.913452521245494e-06 8.178149470068171e-06 -1.278940595294870e-06 -1.979253473887411e-06
1.000140803402159e-05 9.551647431975099e-06 -1.555567459412480e-06 -2.376704452539418e-06
1.328095328275045e-05 5.222008890708200e-06 -2.432129918803802e-06 -1.199249707971914e-06
1.253082179495566e-05 6.949525905277397e-06 -2.235546493180407e-06 -1.652211452422536e-06
1.163924628736028e-05 9.015619823196269e-06 -1.994163661332617e-06 -2.228448721459142e-06
1.125668218693059e-05 1.083757563235968e-05 -1.889016762283541e-06 -2.770952930350080e-06
1.462024122712794e-05 6.391728998316375e-06 -2.851378117092592e-06 -1.487927209812141e-06
1.422558430307732e-05 9.014018963415901e-06 -2.749011256835254e-06 -2.241442258679503e-06
1.270214268048434e-05 1.198029150603796e-05 -2.305902276621440e-06 -3.129822143999279e-06
1.432943575254460e-05 1.298280485351431e-05 -2.801268686275896e-06 -3.457683948715172e-06
1.609176627889851e-05 1.382796126367315e-05 -3.343436877388110e-06 -3.735414877443528e-06
1.622473436222094e-05 9.588974766792466e-06 -3.371367266851425e-06 -2.421673043369768e-06
1.620469226993469e-05 7.379672426709002e-06 -3.353393364845295e-06 -1.757528491711692e-06
1.582284636993000e-05 1.183275021364641e-05 -3.253132757286408e-06 -3.110533158417925e-06
1.799254373691743e-05 1.445583499790326e-05 -3.946266880924445e-06 -3.939064861981057e-06
1.999956571001274e-05 1.487806509756623e-05 -4.576556078408459e-06 -4.067823148888622e-06
1.785406481009917e-05 1.008599139387056e-05 -3.890431095492899e-06 -2.578538525432333e-06
1.801132773064816e-05 8.103382182832047e-06 -3.934452595977246e-06 -1.965340734346382e-06
2.206608901915160e-05 1.506387114096685e-05 -5.226860045348132e-06 -4.117604762269631e-06
1.973384650478659e-05 1.196744879611682e-05 -4.493826622621759e-06 -3.166386174571694e-06
1.997914037018170e-05 8.524848817971657e-06 -4.565723724749676e-06 -2.095393309674552e-06
2.251646994051130e-05 1.229068387419251e-05 -5.370400265518555e-06 -3.264130900715627e-06
2.441184411141211e-05 1.514355194628131e-05 -5.949456903307707e-06 -4.122208842386677e-06
2.204377468173790e-05 8.638848660848262e-06 -5.222369648954498e-06 -2.137073691523707e-06
2.770573684794724e-05 1.522321581502171e-05 -6.939637936234746e-06 -4.118793453750825e-06
2.507275753762907e-05 1.069439553998202e-05 -6.159879533418118e-06 -2.774292291570621e-06
2.440735292606607e-05 8.560432974432853e-06 -5.952533520690179e-06 -2.122128116804936e-06
3.239095531117440e-05 1.534463733914536e-05 -8.313387019005930e-06 -4.112777198352262e-06
3.003817228314815e-05 1.158047912036980e-05 -7.633443386465548e-06 -3.025943446620709e-06
2.770775680948839e-05 8.458754790733536e-06 -6.946694226477967e-06 -2.106508047208036e-06
3.879819689272224e-05 1.547502746793397e-05 -1.016543525089350e-05 -4.088902726516595e-06
3.555788811486665e-05 1.184798716914050e-05 -9.240717797448273e-06 -3.081990301724262e-06
3.239172498187631e-05 8.343444694435082e-06 -8.323041873135896e-06 -2.076690536620382e-06
4.568700557825070e-05 1.558559047952263e-05 -1.204651884752069e-05 -4.012194221498951e-06
4.220891356240023e-05 1.184797985000792e-05 -1.113009121068404e-05 -3.058861076142954e-06
3.879824308238977e-05 8.219539133372832e-06 -1.017300795413117e-05 -2.051457158689182e-06
5.276173915256451e-05 1.567994310589251e-05 -1.374984272542797e-05 -3.921268547703343e-06
4.919514827751165e-05 1.184893322519415e-05 -1.293250959350211e-05 -3.039438153418771e-06
4.568668340360584e-05 8.111199246954626e-06 -1.205225006589299e-05 -2.085915972939956e-06
5.999648418039263e-05 1.576100362402910e-05 -1.535260674503026e-05 -3.922321044007894e-06
5.635401288935042e-05 1.185013818967033e-05 -1.455049401634205e-05 -3.018057905186311e-06
5.276134865732639e-05 8.019088629812410e-06 -1.375669424191452e-05 -2.136771469902364e-06
6.736847922633439e-05 1.583032849979467e-05 -1.713560863182486e-05 -4.057068679745895e-06
6.366094928147679e-05 1.185149504932935e-05 -1.619390521569800e-05 -2.994791465652974e-06
5.999603996840262e-05 7.940615018293593e-06 -1.536069844308918e-05 -2.090231995791722e-06
7.485670336641800e-05 1.588787384418216e-05 -1.932610480094027e-05 -4.274202619661309e-06
7.109466551999553e-05 1.185287469451560e-05 -1.815561741995182e-05 -2.978432749018373e-06
6.736802999048386e-05 7.874046803001593e-06 -1.714141113744310e-05 -1.914225890059206e-06
8.243861661648758e-05 1.593259035012063e-05 -2.197878476644892e-05 -4.506565196109813e-06
7.863376001613536e-05 1.185417571417889e-05 -2.057683810340686e-05 -2.976916656619628e-06
7.485628233378712e-05 7.819194992581907e-06 -1.932648728737471e-05 -1.678593939234874e-06
9.008921317421916e-05 1.596367138733392e-05 -2.503600514494505e-05 -4.705821322041060e-06
8.625437921262623e-05 1.185533960298446e-05 -2.344516145178733e-05 -2.988830706306004e-06
8.243824029405812e-05 7.776951074107659e-06 -2.197434957140573e-05 -1.457632796809896e-06
9.778248725176046e-05 1.598169914714289e-05 -2.838220992241707e-05 -4.840360966836700e-06
9.393061563592455e-05 1.185632074093696e-05 -2.666963889765808e-05 -3.005148398360298e-06
9.008889453494992e-05 7.748023532665436e-06 -2.503023118687462e-05 -1.288225995302045e-06
1.143100499621769e-04 1.553680577801404e-05 -3.593538359431792e-05 -4.710765312382200e-06
1.132140827164448e-04 1.599074325296471e-05 -3.543307777799353e-05 -4.918527515233122e-06
1.012358107353396e-04 1.185702910252200e-05 -2.993500040276392e-05 -3.016993078421815e-06
1.054960799952470e-04 1.598931542603960e-05 -3.188536844248133e-05 -4.904872567005534e-06
9.778224454708907e-05 7.731727744066953e-06 -2.837812272409198e-05 -1.183274400089798e-06
1.147640180165747e-04 1.444088027250436e-05 -3.614348475948517e-05 -4.208913687236231e-06
1.121703334721516e-04 1.185755934398966e-05 -3.495170119239561e-05 -3.024084121687769e-06
1.054959534682484e-04 7.725292016618695e-06 -3.188385668049998e-05 -1.136914835969966e-06
1.147640114915685e-04 9.274255501998019e-06 -3.614345755120987e-05 -1.839387780323509e-06
1.132140382713085e-04 7.724337831211484e-06 -3.543259500255384e-05 -1.129111117292878e-06
1.143100328070334e-04 8.178294065156855e-06 -3.593522918708146e-05 -1.337098458768160e-06
