-2.737772912903464e-05 5.364428512898007e-06 4.844243515845423e-05 -6.552354294551788e-06
-2.746433771446839e-05 5.155486495796949e-06 4.862093723121801e-05 -6.106132856437795e-06
-2.746432894288858e-05 4.170105624277777e-06 4.862301302670556e-05 -4.057968360926059e-06
-2.737771105276857e-05 3.961108375099869e-06 4.844683910134987e-05 -3.622715931355683e-06
-2.716867205416813e-05 5.450947741591427e-06 4.800792812153089e-05 -6.740189527869222e-06
-2.677627862478487e-05 4.662751976244475e-06 4.722631363308718e-05 -5.091460580100099e-06
-2.716862349697939e-05 3.874557809365306e-06 4.801940941404362e-05 -3.440803680245920e-06
-2.569669084382386e-05 5.449101501924802e-06 4.494546226580142e-05 -6.964934153548913e-06
-2.569639550773415e-05 3.875395619713499e-06 4.499160016097578e-05 -3.398743174511235e-06
-2.488569511527213e-05 4.661594335581017e-06 4.305098704805880e-05 -5.273649291800633e-06
-2.423031600276163e-05 5.443793247923421e-06 4.119078305256768e-05 -7.459990375975563e-06
-2.422979071269577e-05 3.877868736894625e-06 4.128091746651901e-05 -3.281349197109812e-06
-2.349998715938942e-05 4.660094489142151e-06 3.908776932195259e-05 -5.407152774601041e-06
-2.277365488291970e-05 5.437675046236946e-06 3.701261500952596e-05 -7.707997588930973e-06
-2.277222998954876e-05 3.880508762199312e-06 3.705505434329046e-05 -3.418186551203669e-06
-2.204717766647977e-05 4.658570462520839e-06 3.466153510648727e-05 -5.583485763876289e-06
-2.132410099220388e-05 5.433728722515512e-06 3.318665869873090e-05 -7.567084571797437e-06
-2.132219759852167e-05 3.882634925509221e-06 3.313330629648063e-05 -3.778339071079781e-06
-2.059960329105257e-05 4.658231076991720e-06 3.101455553834831e-05 -5.674890829420105e-06
-1.987791400918311e-05 5.431941078904781e-06 2.995436782968200e-05 -7.357908983557388e-06
-1.987659731193528e-05 3.885782681370822e-06 2.985830383760182e-05 -3.913639637870800e-06
-1.915586926825213e-05 4.659583011098982e-06 2.803713067150275e-05 -5.647268888510094e-06
-1.843713023625975e-05 5.430626618310725e-06 2.678231200962638e-05 -7.299792857134333e-06
-1.843721930031497e-05 3.891553069071933e-06 2.672241154268457e-05 -3.763307115794686e-06
-1.772029112346759e-05 4.662423193287750e-06 2.500010504901422e-05 -5.535937922794931e-06
-1.700472755648178e-05 5.432412211317892e-06 2.331909808850135e-05 -7.218102916636174e-06
-1.700600547208764e-05 3.896206768396771e-06 2.330171072066741e-05 -3.615442654203535e-06
-1.629051720032354e-05 4.666065823484566e-06 2.164163012165994e-05 -5.375061360273864e-06
-1.557100086943962e-05 5.442524607467727e-06 2.012980936732614e-05 -6.896999486408766e-06
-1.557205579054802e-05 3.892791951424855e-06 2.011840324779246e-05 -3.807119815425711e-06
-1.484839346455449e-05 4.669080795949451e-06 1.876077249806987e-05 -5.347244284046217e-06
-1.411430534528977e-05 5.460143446009823e-06 1.760041708711692e-05 -6.664780798736976e-06
-1.411474160536248e-05 3.879651860639428e-06 1.760192647377906e-05 -4.031789603069583e-06
-1.337448039400677e-05 4.670381655841054e-06 1.644157583153313e-05 -5.352164665961720e-06
-1.262320121085879e-05 5.477934949031777e-06 1.512009052868144e-05 -6.807251310013080e-06
-1.262292993787121e-05 3.862243532140561e-06 1.513191225119137e-05 -3.922894194668044e-06
-1.189753951516544e-05 4.669761301030877e-06 1.373734853370305e-05 -5.371478969478139e-06
-1.116334040781694e-05 5.493086246326162e-06 1.228083222719318e-05 -6.811679883501424e-06
-1.116282240950493e-05 3.843645244873902e-06 1.227337765952423e-05 -3.930354546907823e-06
-1.061052388143859e-05 4.733767237471159e-06 1.120601298483234e-05 -5.442579461901039e-06
-1.003634617772610e-05 5.508596533155854e-06 1.045000971486648e-05 -6.399660570794433e-06
-1.003641717894678e-05 3.824660609542872e-06 1.038127190433598e-05 -4.232448847422260e-06
-9.198444940537506e-06 5.525709774868530e-06 9.608563561565273e-06 -6.067036889283105e-06
-9.368456539991657e-06 4.957977046559887e-06 9.670265818451661e-06 -5.566808853401303e-06
-9.198915241864787e-06 3.810394674418533e-06 9.614545903972649e-06 -4.379843276141584e-06
-8.576943980795150e-06 3.795210705872880e-06 9.278391489314223e-06 -4.347430063005503e-06
1.610748045003299e-06 3.102457607508918e-07 5.557669238916586e-05 -6.733855656257028e-05
1.623226610816100e-06 2.240166061262951e-07 4.150886858920892e-05 -7.078185443111959e-05
1.557949085659549e-06 -4.017852349095086e-08 -1.186210704550713e-06 -3.675698540955776e-05
1.543540551607173e-06 -8.338411035332795e-08 1.169367508214820e-05 -1.109427786496024e-05
-8.579274380608578e-06 5.538232558475769e-06 9.296355153860626e-06 -5.993094278600584e-06
-8.002820400722050e-06 5.516875956984044e-06 8.901826326975605e-06 -6.028858176546235e-06
-8.456790446681442e-06 4.448406984575882e-06 9.237095577693280e-06 -4.997761446350712e-06
-8.007987756547038e-06 3.729883980965006e-06 8.882862767020367e-06 -4.098826347611130e-06
1.571163349313753e-06 3.486592357211904e-07 8.180022405951471e-05 -6.290982857625468e-05
1.384036575094126e-06 7.560562372506925e-08 -6.466748055881915e-05 6.468637554678448e-05
1.518129011422893e-06 -1.104888324270005e-07 4.767808448757327e-05 -5.235316019921832e-06
-7.823659708186833e-06 4.975786812629572e-06 8.796490813262774e-06 -5.522967731053555e-06
-7.427707034407993e-06 5.431528820274615e-06 8.251049511982538e-06 -6.141879998619930e-06
-6.858381786035339e-06 5.275395956407175e-06 7.313625376771394e-06 -6.047924957535434e-06
-7.649486846567152e-06 4.214051049192959e-06 8.556053896771615e-06 -4.606031535766983e-06
-7.443815392126817e-06 3.563249162315318e-06 8.153775478722517e-06 -3.563697499979138e-06
9.895582284351722e-07 3.432056660582716e-07 -3.711317434852218e-06 -8.384489067009534e-06
9.947544367585494e-07 -1.825029356756551e-07 2.524133839467948e-05 -2.633308426896236e-05
7.222621706521010e-07 8.687280583334034e-08 -9.091252548343801e-06 1.071399268076196e-05
-6.304966215761272e-06 5.055945607542934e-06 6.233664207960135e-06 -5.819936841604011e-06
-6.786841132766029e-06 4.692701490962726e-06 7.198799185188849e-06 -5.211777718117011e-06
-6.985667881772530e-06 3.944642686652549e-06 7.368230475320990e-06 -4.054012483873630e-06
-6.908244160990931e-06 3.298332682214690e-06 6.987977612380427e-06 -2.960138264702651e-06
4.569656528504256e-07 3.758478948531620e-07 4.124394201025513e-06 -4.005615340794636e-06
4.535186212003740e-07 -2.372835552285412e-07 -6.074929928573817e-06 8.128188861537629e-06
1.157201382055448e-07 7.078725097321634e-08 3.420802742203417e-06 -4.040630137160816e-06
-5.777033805874046e-06 4.770602601934114e-06 5.035845600617515e-06 -5.168672381178301e-06
-5.279860194070422e-06 4.423902981010662e-06 4.071546854386219e-06 -4.426938108669775e-06
-6.282978533190675e-06 3.823177578254870e-06 5.785276393632878e-06 -3.648084023360620e-06
-6.421338133692386e-06 2.942231486970159e-06 5.685306917944473e-06 -2.496144872601147e-06
-2.817253789667902e-07 4.970391542456192e-07 -1.973834532860406e-06 -4.213933616839574e-07
-2.738816840599126e-07 -3.344461626802057e-07 2.175149949764109e-06 -2.894204916166544e-06
-5.405857767402048e-06 3.869248111556809e-06 4.176179477545402e-06 -3.502718179105659e-06
-4.818034057120027e-06 4.021544972606269e-06 3.615865976240183e-06 -3.654227634686542e-06
-5.622219394302564e-06 3.222204906954754e-06 4.306964751085681e-06 -2.812652800548024e-06
-5.999076809513339e-06 2.497286288611956e-06 4.637282877698557e-06 -2.383397468493592e-06
-6.934446700811979e-07 8.624806979834697e-08 -1.376271060275681e-06 1.684447461362078e-06
-1.180194708979457e-06 6.380570486192688e-07 -2.578429132123511e-07 2.147802559781302e-06
-1.186006501825231e-06 -4.764578392218274e-07 2.049894648786306e-07 4.289151484714774e-06
-4.403409133909146e-06 3.565578772816310e-06 3.337539818385798e-06 -3.047290073511134e-06
-4.032673972040942e-06 3.052048667477733e-06 3.498630320457571e-06 -2.995553543250269e-06
-3.713273645774248e-06 2.493796431162985e-06 3.445500839901744e-06 -2.877917258299540e-06
-5.182416123526900e-06 2.623980985243097e-06 3.904599823485632e-06 -2.635946225225691e-06
-5.654496596237318e-06 1.970710251925664e-06 4.151271039785499e-06 -2.573741681455250e-06
-1.579029797014976e-06 7.701123373576584e-08 1.713263679526702e-06 3.815121126128080e-06
-2.064956472696064e-06 7.737275403620552e-07 3.132408808105165e-06 2.188428441705177e-06
-2.069473160666961e-06 -6.386962427800731e-07 2.116022236810702e-06 3.589143649314244e-06
-4.333080657525891e-06 2.500191717480290e-06 3.658699085834637e-06 -2.864372148253200e-06
-3.460099838636253e-06 1.889387036273808e-06 3.356010229894540e-06 -2.641896506531893e-06
-2.881785265855660e-06 8.878824234577113e-07 3.095031598227907e-06 3.818629745971692e-07
-3.127060328588608e-06 1.005088422896488e-06 2.996545916955041e-06 -5.586252316711871e-07
-3.268908316911550e-06 1.241751426497357e-06 3.075436080181165e-06 -1.552920839317453e-06
-4.868001302394161e-06 1.890773863900081e-06 3.870807262711221e-06 -2.711371556776625e-06
-5.402430092248519e-06 1.379501044680811e-06 4.065742140434179e-06 -2.685604869742739e-06
-2.507058413115099e-06 1.690024074057762e-07 2.855005707877133e-06 1.989750337795704e-06
-2.856634318436062e-06 -7.474247386297945e-07 2.023534915532061e-06 1.287690706697753e-06
-3.886181587244554e-06 1.454744173229178e-06 3.611435750632600e-06 -2.286936925909578e-06
-3.129544799967406e-06 5.192087277272450e-07 2.792914869647490e-06 3.002839245102595e-07
-3.417960777252354e-06 9.195176676489400e-07 3.182382778207877e-06 -9.080599013266541e-07
-4.627210467164968e-06 1.192852318765958e-06 3.755074276045390e-06 -2.526484125935071e-06
-5.256026612075566e-06 7.440845960099155e-07 4.103933963999798e-06 -2.330823877396913e-06
-3.121007672927789e-06 -2.729796350010403e-07 2.251211818020451e-06 7.243932966309699e-07
-3.067291101405641e-06 -8.669891736564559e-07 1.899786340358632e-06 6.731328158952966e-07
-4.004146052977033e-06 3.760416765980715e-07 3.061181081269148e-06 -1.108305297272028e-06
-5.220285413178353e-06 8.843452232269333e-08 3.916587821284757e-06 -1.680949899265108e-06
-5.346083456530633e-06 -5.826440390089365e-07 4.110014580032765e-06 -1.019583541979438e-06
-3.573660579500714e-06 -6.969903470346964e-07 2.094265367195938e-06 -1.771740980248155e-09
-3.182776241255011e-06 -1.134902222452648e-06 1.745521806417352e-06 3.165967478112288e-07
-3.311837030250823e-06 -1.898782142180217e-06 1.831191297205559e-06 6.006307832279365e-07
-4.652215986012695e-06 -6.519889239905368e-07 3.267357028830513e-06 -8.805165188996500e-07
-3.531538138879409e-06 -2.685185866076548e-06 2.022154466002427e-06 1.406649757401958e-06
-5.619891124591990e-06 -1.271719711137011e-06 4.492645706643687e-06 -1.813083043339959e-07
-3.985869798901159e-06 -1.911243207091297e-06 2.388128613023774e-06 5.541016121841309e-07
-5.028852357886594e-06 -1.970787490596477e-06 3.838957223911346e-06 7.190369650250002e-07
-3.870532745346238e-06 -3.455127862077941e-06 2.752471793019012e-06 2.388889530020754e-06
-6.050985817916315e-06 -1.972073606676432e-06 4.907897375673075e-06 8.979958940059354e-07
-5.742582410736235e-06 -2.703140686220395e-06 4.577282942000720e-06 1.874611269786308e-06
-4.961788227083901e-06 -3.177496449799440e-06 4.011806624686294e-06 2.291374869153683e-06
-4.312525724235607e-06 -4.232841388900867e-06 3.574238510378579e-06 2.914312557654711e-06
-4.887910032801941e-06 -4.988531884437779e-06 4.062465410181069e-06 3.008071377561862e-06
-6.652312312775584e-06 -2.644637230345246e-06 4.925854248619255e-06 1.991488923701279e-06
-6.249684242200855e-06 -3.571835638263162e-06 4.704093021455644e-06 2.573094054868934e-06
-5.767365050654177e-06 -4.697727841868479e-06 4.511336765675379e-06 2.908512694181483e-06
-5.559295313649526e-06 -5.706574505468802e-06 4.403148233169524e-06 2.803406345016501e-06
-7.399972991045780e-06 -3.262954219660897e-06 4.507721941350594e-06 2.516420142871787e-06
-7.185867296204553e-06 -4.701617348640504e-06 4.226241998872205e-06 2.640757139372223e-06
-6.347812577999639e-06 -6.349157706355717e-06 4.211114270969910e-06 2.541406357026138e-06
-7.248117295728478e-06 -6.920440638297222e-06 3.811144489096310e-06 2.337685143283125e-06
-8.230974731540183e-06 -7.411414309408975e-06 3.593414047221913e-06 2.507097736359048e-06
-8.301555699827788e-06 -5.020769107679904e-06 3.743443614612347e-06 2.423714464829612e-06
-8.288556775235801e-06 -3.794389330999659e-06 3.974860053794559e-06 2.529582855435701e-06
-8.075557167904106e-06 -6.279696670296600e-06 3.578957942778168e-06 2.383530772259865e-06
-9.302418009214580e-06 -7.779426825129151e-06 3.560854341295042e-06 2.720373397166528e-06
-1.044586871927167e-05 -8.035407185635048e-06 3.844856166523376e-06 3.012997550940948e-06
-9.219008728690608e-06 -5.297264020569518e-06 3.572925354546420e-06 2.304196447250082e-06
-9.309740796694133e-06 -4.181723409267817e-06 3.668484988204970e-06 2.282723691773574e-06
-1.163051539355846e-05 -8.155642115496448e-06 4.380028989047501e-06 3.185618401087593e-06
-1.028589984501431e-05 -6.366219549099686e-06 3.672644052384911e-06 2.486524104775731e-06
-1.042990596279417e-05 -4.400838319712275e-06 3.803738761734456e-06 1.978272982158284e-06
-1.188761690564497e-05 -6.554649070333564e-06 4.525932971452002e-06 2.581402167619297e-06
-1.299161435644983e-05 -8.217225347335350e-06 5.116269581257175e-06 3.172157208728680e-06
-1.161339191689989e-05 -4.452102451067181e-06 4.338749806944149e-06 1.814287589388522e-06
-1.491805591399473e-05 -8.276970691728044e-06 5.915338610134638e-06 2.984913845314293e-06
-1.337217546065886e-05 -5.628440641027841e-06 5.379075758626221e-06 2.235678162466853e-06
-1.298879904134266e-05 -4.390796653526071e-06 5.159650833350998e-06 1.738698780124952e-06
-1.768004478679406e-05 -8.361506401212549e-06 6.320508557057802e-06 2.632366635006776e-06
-1.628993163641969e-05 -6.143479302738505e-06 6.265211398128969e-06 2.365122175023336e-06
-1.491981747251303e-05 -4.313542671088527e-06 5.918931704031952e-06 1.884982922967569e-06
-2.146896830969777e-05 -8.445678955815721e-06 6.596626591657260e-06 2.638098429164731e-06
-1.955167060498038e-05 -6.299976934212090e-06 6.413151605005557e-06 2.313069841326457e-06
-1.768079070518383e-05 -4.233178948219277e-06 6.358078233531491e-06 2.103040920232827e-06
-2.555062541871903e-05 -8.517357882522777e-06 7.613544527810704e-06 2.886408255946993e-06
-2.348801200398437e-05 -6.299543215532099e-06 6.979106304894672e-06 2.249644790576806e-06
-2.146915198229834e-05 -4.152805634658733e-06 6.618316668640256e-06 1.921191982200368e-06
-2.975657967093300e-05 -8.580264282579581e-06 8.991905752288815e-06 2.853392470471157e-06
-2.763369306248089e-05 -6.300024982254544e-06 8.327117269862185e-06 2.237069011372562e-06
-2.555046591324824e-05 -4.082072200495254e-06 7.616180030199497e-06 1.592498942038879e-06
-3.406835951133923e-05 -8.631048328510262e-06 9.901789071862313e-06 2.674654246438442e-06
-3.189672998359451e-05 -6.301004933601340e-06 9.537508067842240e-06 2.258710663467061e-06
-2.975625514593381e-05 -4.020689843511488e-06 8.982738294361046e-06 1.639629952312754e-06
-3.845923152449149e-05 -8.669624804322297e-06 1.051969278867392e-05 2.707635099413238e-06
-3.625227006860878e-05 -6.302288028693874e-06 1.019584652248899e-05 2.280678068024169e-06
-3.406792196292068e-05 -3.972225035883042e-06 9.893535351045917e-06 1.866812296798680e-06
-4.290969990022412e-05 -8.700345917472031e-06 1.146450958230978e-05 2.865088447054395e-06
-4.067520540684555e-05 -6.303471790873770e-06 1.091905174319063e-05 2.282964868871391e-06
-3.845882650646776e-05 -3.936186659652635e-06 1.051915702075144e-05 1.859541856544076e-06
-4.741080284664476e-05 -8.725792783802287e-06 1.269015812715227e-05 2.876749865649301e-06
-4.515223048124108e-05 -6.304159644479254e-06 1.207410852225943e-05 2.267135325926953e-06
-4.290946787112192e-05 -3.907388157347247e-06 1.147052626481333e-05 1.686966193210737e-06
-5.195451395818315e-05 -8.744794736543391e-06 1.377206930003796e-05 2.794803117047176e-06
-4.967652590109499e-05 -6.304171159152536e-06 1.327312582919962e-05 2.247007122085197e-06
-4.741080648712203e-05 -3.882645954717398e-06 1.269739371749418e-05 1.636935707318097e-06
-5.652759127683505e-05 -8.755982317323478e-06 1.476121263203177e-05 2.858181497606952e-06
-5.423755438513536e-05 -6.303622699323655e-06 1.424743783347386e-05 2.234750019136649e-06
-5.195471125375003e-05 -3.863066554384284e-06 1.377613431114669e-05 1.685205316985281e-06
-6.635939603569704e-05 -8.491003819864008e-06 1.806622902075262e-05 3.054365513234231e-06
-6.570736914600741e-05 -8.761066587032676e-06 1.782107719391857e-05 3.152371974262024e-06
-5.858150620336080e-05 -6.302895049544697e-06 1.528051441394452e-05 2.232869253444262e-06
-6.111562749719549e-05 -8.760455093405226e-06 1.607641585518557e-05 3.064760937712530e-06
-5.652786277021609e-05 -3.850501216227137e-06 1.476139338140159e-05 1.608085575662391e-06
-6.662947685032878e-05 -7.839003895687098e-06 1.816824489970920e-05 2.814469029557824e-06
-6.508642408346021e-05 -6.302180152154297e-06 1.756912349515249e-05 2.236615458555702e-06
-6.111581082557423e-05 -3.844625061799516e-06 1.607509796121230e-05 1.403825603015859e-06
-6.662948849682399e-05 -4.765328221515576e-06 1.816809027318271e-05 1.659069589398085e-06
-6.570743526656240e-05 -3.843344018528065e-06 1.782054025845670e-05 1.320621105886865e-06
-6.635942301481112e-05 -4.113379787915529e-06 1.806596613033781e-05 1.418818257739476e-06
