-7.781647106226843e-05 1.069294431640673e-05 4.620406478916756e-05 -5.973859468088013e-06
-7.812038090544098e-05 9.960167698063409e-06 4.626752422219344e-05 -5.483853360332308e-06
-7.812044820371999e-05 6.502126606058435e-06 4.643289802403430e-05 -3.286742007575417e-06
-7.781653762127220e-05 5.769288429313509e-06 4.637989153568601e-05 -2.823083556712981e-06
-7.708291847624526e-05 1.099619303208058e-05 4.598167763137174e-05 -6.238315741873296e-06
-7.570811321754881e-05 8.231133928498703e-06 4.569467564247280e-05 -4.555802406970983e-06
-7.708296315126925e-05 5.466004789897941e-06 4.617093551422435e-05 -2.583431811464893e-06
-7.193337291427352e-05 1.098719865680220e-05 4.313577719244285e-05 -7.920493079997484e-06
-7.193310826398156e-05 5.473705787926990e-06 4.327450414196846e-05 -2.219071062284900e-06
-6.908856767332278e-05 8.229426165475905e-06 3.970088307352265e-05 -5.308826235100629e-06
-6.677765164661528e-05 1.098740653766210e-05 3.883295245726833e-05 -6.052509533297947e-06
-6.677616538637906e-05 5.468487887506671e-06 3.863182953679562e-05 -4.179898633727490e-06
-6.419788139748138e-05 8.226964247890939e-06 3.861406207571335e-05 -4.601543221463546e-06
-6.162807453547431e-05 1.097478835191159e-05 3.720995566849586e-05 -7.292954779768217e-06
-6.162654693769554e-05 5.477345879682105e-06 3.695377541774524e-05 -9.877776390900635e-07
-5.905995206148755e-05 8.225531601396643e-06 3.538152311069438e-05 -3.939694651648744e-06
-5.650111898143390e-05 1.095925297693366e-05 3.389022411568871e-05 -5.858860988745366e-06
-5.649962984701818e-05 5.489911472517696e-06 3.437413322624971e-05 -2.529264250290627e-06
-5.394530833336492e-05 8.223336946548920e-06 3.172340522121420e-05 -4.491466678413365e-06
-5.140973216013415e-05 1.093361697989214e-05 2.822682542412134e-05 -6.187887174016276e-06
-5.140549740612108e-05 5.507327725026200e-06 2.881502401690536e-05 -3.077821873361114e-06
-4.887996908199251e-05 8.217486467148417e-06 2.643799914953610e-05 -5.014601741747961e-06
-4.637228626604318e-05 1.090017895460611e-05 2.684239978456185e-05 -4.234832855577432e-06
-4.637106577371391e-05 5.533975389049307e-06 2.605883704051028e-05 -4.572566997214156e-06
-4.387267750367188e-05 8.216246671830921e-06 2.616858774705942e-05 -4.039987944571191e-06
-4.140142626167921e-05 1.085614336721683e-05 2.290771472338978e-05 -6.864056452430001e-06
-4.140296098970890e-05 5.579271414265321e-06 2.420104333962176e-05 -2.373755039827913e-06
-3.894865999682825e-05 8.218485906024736e-06 2.067105215952703e-05 -4.835056134515064e-06
-3.652845003095386e-05 1.080244274565040e-05 1.951342743710581e-05 -5.501715716702189e-06
-3.652807867311070e-05 5.634425360815392e-06 1.879009879342475e-05 -3.528084369279022e-06
-3.411981270148342e-05 8.217683387850523e-06 1.832056173170580e-05 -3.982519747193941e-06
-3.174429743717205e-05 1.074404388493431e-05 1.636326140079438e-05 -6.132757249131195e-06
-3.173982262343281e-05 5.684082253285532e-06 1.680111059524909e-05 -2.728089835951085e-06
-2.938433103140086e-05 8.210542053119449e-06 1.451101433214566e-05 -5.082657047998817e-06
-2.706945366967229e-05 1.067297768822041e-05 1.439375962881950e-05 -5.909042060185857e-06
-2.707374542889904e-05 5.750411174815920e-06 1.315299937495448e-05 -4.558998896316424e-06
-2.487209764005718e-05 8.211199589768215e-06 1.355788669151321e-05 -3.818430822732908e-06
-2.271846615475715e-05 1.059445959370196e-05 1.105032057594351e-05 -5.304923185331531e-06
-2.271203151627481e-05 5.823710561200070e-06 1.262264502866714e-05 -3.784246912853060e-06
-2.111126947582927e-05 8.388667141750779e-06 9.453461639470690e-06 -5.348733076109827e-06
-1.951564505406149e-05 1.052585555455849e-05 8.539247936005212e-06 -5.341930319567289e-06
-1.951477738628568e-05 5.894667737484828e-06 8.658076074314998e-06 -3.394265292376316e-06
-1.725709752511075e-05 1.045861086886135e-05 9.283871165666587e-06 -7.460359238532067e-06
-1.767660540819557e-05 8.983014872071744e-06 9.992247531635927e-06 -5.263192408351400e-06
-1.724689709702951e-05 5.939016354066477e-06 7.174048137336814e-06 -3.621149234696984e-06
-1.564591911314575e-05 5.983963585165382e-06 6.648760338469763e-06 -2.806094491750383e-06
2.368706641084039e-06 -7.855667341982962e-08 -2.663684938046883e-05 -6.492557486743480e-06
2.447156530148280e-06 -2.684543456994535e-07 -3.171615581798202e-05 1.209699188294517e-05
2.427403511861626e-06 -6.570854005932736e-07 -2.075060705247304e-05 -4.694413544904632e-05
2.363368868370321e-06 -7.355453114551053e-07 -2.937664160835762e-05 -7.623154197825785e-06
-1.564868025032371e-05 1.040923028314883e-05 5.876365825997224e-06 -7.962567181420319e-06
-1.422901178149844e-05 1.028386774288676e-05 4.716834330494471e-06 -7.640439470338370e-06
-1.530846926112053e-05 7.646269449897240e-06 6.976334567442111e-06 -2.471901239404194e-06
-1.421251532209658e-05 5.906020008889691e-06 5.404416361087647e-06 -8.912776411075233e-07
2.177136756586460e-06 4.462566328684845e-09 -2.441271401837291e-05 -2.034947061394694e-06
2.124875902938417e-06 -4.275512576901381e-07 2.725661462358534e-05 1.876793050417924e-05
2.239048113669787e-06 -7.606031315565248e-07 6.440488848025577e-07 -8.474240251118179e-06
-1.376511264764505e-05 8.929127401199298e-06 4.681452956370600e-06 -6.056469408080677e-06
-1.284002581401566e-05 9.996540729489773e-06 6.345582554623707e-06 -6.569198898882902e-06
-1.151802643872586e-05 9.575827225146553e-06 7.552602059898311e-06 -5.407649931305556e-06
-1.333891404426432e-05 7.095130310237489e-06 5.069020553666287e-06 -1.454959486026035e-06
-1.285607569501450e-05 5.596785806458524e-06 7.445745846450755e-06 -1.266251952054033e-06
1.506968017516169e-06 -4.020786281654758e-08 -9.575705602012205e-06 -1.156157578201368e-05
1.490497841755832e-06 -8.154619054684499e-07 -5.795471055970875e-06 5.028626576832668e-06
1.122998902034614e-06 -3.834384589884863e-07 3.458663095477296e-07 -1.665296741371608e-05
-1.028691240360699e-05 9.002678055399374e-06 6.177119226794938e-06 -4.603163870021855e-06
-1.133575886675077e-05 8.199705841633054e-06 6.529520429291373e-06 -5.459406619156539e-06
-1.178908928367309e-05 6.485890918304078e-06 6.755355109342762e-06 -4.007875158531743e-06
-1.159685670406674e-05 5.076590776732668e-06 6.589961146073589e-06 -2.287677507135909e-06
6.778602948818898e-07 2.210117404818086e-08 1.579702632015255e-06 1.515102601874764e-05
6.706666130276223e-07 -8.735015403959554e-07 -1.942228264851205e-06 9.117281212960971e-06
1.877625609895300e-07 -3.989158903412922e-07 -2.085056784190680e-07 -2.165863911518395e-05
-9.141387223332212e-06 8.303997634657746e-06 4.675565521042067e-06 -4.683138389522369e-06
-8.116498885254910e-06 7.504279440648315e-06 7.825025838471939e-07 -4.128810188705035e-06
-1.021310422422502e-05 6.214865680405518e-06 5.378619457055492e-06 -5.155933017763617e-06
-1.048335573181394e-05 4.367477109414888e-06 2.876223619560962e-06 -1.026041932985090e-06
-3.748800363217898e-07 1.494540913501872e-07 4.915282177635433e-06 9.719105422000990e-06
-3.891566351715677e-07 -1.045507311867662e-06 -7.938165407235017e-07 9.889684014737029e-06
-8.378045243113126e-06 6.293428114553086e-06 2.553513187890340e-06 -3.153528800132499e-06
-7.218595214905345e-06 6.600864677708704e-06 1.472248168418434e-06 -4.459272838497925e-06
-8.805090876385233e-06 4.956534392678342e-06 5.582747144845728e-06 -8.841276068127841e-07
-9.552645349928759e-06 3.528413187347379e-06 3.962844685716439e-06 -3.666329084564669e-06
-9.850261871027376e-07 -4.143981961080474e-07 -4.272487092800027e-06 -1.437360239740397e-05
-1.735679673833411e-06 3.647206587298519e-07 6.998840525250216e-06 4.867675661613594e-06
-1.718974831201740e-06 -1.264098045111560e-06 4.739370741901198e-06 -1.419547335014974e-07
-6.434266009063135e-06 5.620587799066720e-06 3.462845176452299e-06 -5.731460876848724e-06
-5.798229998112591e-06 4.616651638912118e-06 4.031337784356348e-06 -3.178424083444992e-06
-5.299277060118619e-06 3.560860915431572e-06 3.720563818240092e-06 -1.480741613892447e-06
-7.931527015446810e-06 3.781298219782534e-06 3.995679871465317e-06 -2.233101760623721e-06
-8.802529299766642e-06 2.579951576741496e-06 3.787335578928735e-06 -2.505547370146387e-06
-2.316238700206286e-06 -4.357423120993505e-07 1.113253348247209e-06 8.448621020723225e-06
-3.029959690263363e-06 6.239025825237489e-07 -6.695148951187075e-06 -1.140209899622849e-05
-3.020373332877640e-06 -1.475131608683753e-06 1.043351891278087e-06 -9.110356774055378e-06
-6.370848220355419e-06 3.552648235836636e-06 3.631684674447539e-06 -9.679577213660200e-07
-4.928232791916654e-06 2.478941480057438e-06 1.546337889153703e-06 -5.380471646009833e-06
-4.214246629038205e-06 8.111113297052806e-07 4.915978757885913e-06 -9.906709951182460e-07
-4.546484138220957e-06 9.933328123140206e-07 -2.692435823657953e-06 6.139029569649751e-06
-4.717507483862077e-06 1.372038917449299e-06 -7.544502304851679e-06 7.681156095489561e-06
-7.327815290995496e-06 2.445317832067278e-06 -2.658411855412767e-06 -1.767084417252828e-06
-8.241275965728147e-06 1.583847119651406e-06 4.744041731193843e-06 7.490476576601569e-06
-3.681953939307720e-06 -2.808030019232465e-07 3.961913819913967e-06 1.662704670876385e-06
-4.233466606716428e-06 -1.623860978876642e-06 -2.085645403975582e-06 4.784511615200331e-06
-5.680325196233953e-06 1.706732567672257e-06 5.497406178986468e-06 -2.263143881442074e-06
-4.578340706382908e-06 2.481516894262427e-07 4.423381331833015e-06 -1.961877152303117e-06
-4.978854211560408e-06 8.579624448656098e-07 -4.485213754134568e-06 5.804103853895226e-06
-6.900694839987432e-06 1.276850472017415e-06 2.703382086476634e-06 -5.007887614049305e-06
-7.887206846132263e-06 5.692854019949345e-07 8.204572874010739e-06 8.509335503351183e-06
-4.605444375435876e-06 -9.407633481119316e-07 5.297851063093419e-06 -1.337691080315401e-06
-4.574150050139467e-06 -1.807158653107823e-06 -6.204258349886337e-06 9.977204483642575e-06
-5.903172619844348e-06 -9.743647127077478e-10 2.437259455906886e-06 -1.116368308283205e-05
-7.761615164972987e-06 -4.314238972055842e-07 -9.021040229660352e-07 1.019979406037704e-05
-7.837593040212385e-06 -1.415934811537622e-06 -2.255576025054329e-06 3.979258498896198e-06
-5.313246889288997e-06 -1.587523559039950e-06 9.270600396399258e-06 1.989783198186991e-06
-4.777901287218199e-06 -2.192906613890592e-06 -1.146032205271876e-05 1.220193201760989e-05
-5.020940459422609e-06 -3.233597158108803e-06 -1.194418521108154e-05 7.137706907518594e-07
-6.867379019497816e-06 -1.547205073898330e-06 -1.357075763453628e-07 -1.904254048716797e-06
-5.387992706821780e-06 -4.228927680895359e-06 -6.217937998546453e-07 -4.689175992441018e-07
-8.119814502181670e-06 -2.410643130729845e-06 5.511956059035653e-06 5.150043953291082e-06
-5.952728041672952e-06 -3.271017055746213e-06 7.340348057337496e-06 -5.907574761566086e-06
-7.340894289202852e-06 -3.344346903915707e-06 2.826850626866024e-06 7.960424734954048e-07
-5.882050782659983e-06 -5.178618033865345e-06 1.227448084780986e-05 5.080215876926599e-06
-8.595061627920383e-06 -3.357081261656011e-06 7.281015205242123e-06 3.896056298562438e-06
-8.199773932682020e-06 -4.271053990540260e-06 1.534921201262113e-06 1.791142862274709e-06
-7.251412409115408e-06 -4.852705175112594e-06 -3.395030559859107e-07 1.897953793839283e-06
-6.473339902579518e-06 -6.076158154716340e-06 -8.662022015753826e-07 5.449791736881148e-06
-7.179487224833379e-06 -6.923309240779138e-06 3.750133152716616e-06 3.683564036244843e-06
-9.238424889109124e-06 -4.215942527048254e-06 4.679404703913099e-06 -5.489643023085869e-07
-8.770617650337840e-06 -5.310556180398600e-06 1.973211970032978e-06 2.807452009478038e-06
-8.214355573863020e-06 -6.592161604718954e-06 6.666670548714618e-06 2.046517336503575e-06
-7.979853618027166e-06 -7.680563324145070e-06 9.004500321885358e-06 8.004553666457378e-07
-1.003323859082915e-05 -4.975120344900525e-06 4.362655521836692e-06 2.508563839659355e-06
-9.786947405715131e-06 -6.574618593085699e-06 2.150898820623234e-06 -1.236169661969349e-06
-8.867470542734239e-06 -8.339622620147885e-06 2.683072088160829e-06 -9.687177185619195e-08
-9.833766869372495e-06 -8.905148504683665e-06 3.574333810797049e-06 4.519872328814432e-06
-1.087039370070739e-05 -9.373279526193350e-06 3.298607600049313e-06 3.551514358612503e-06
-1.096184829486877e-05 -6.910549839324024e-06 4.434783422134824e-06 -4.231982969696101e-08
-1.095857798923920e-05 -5.595470970567212e-06 3.412923622783818e-06 2.451297069316980e-06
-1.072154682613437e-05 -8.223612074503971e-06 4.219634355776969e-06 2.831545449104496e-06
-1.197594383500032e-05 -9.715529032159727e-06 2.588497355440215e-06 2.210528019641014e-06
-1.312679356211464e-05 -9.935561550243160e-06 3.160171885007319e-06 2.857684900935737e-06
-1.190608189844759e-05 -7.200317900729623e-06 5.030997417123368e-06 7.544101627704809e-07
-1.199842439939808e-05 -6.047327836989617e-06 4.497030514007497e-06 2.488522459176834e-06
-1.430057082870189e-05 -1.002453104411454e-05 4.804310513324178e-06 3.261033136576323e-06
-1.298641641249029e-05 -8.282311233430302e-06 3.853127385155362e-06 1.766771728626976e-06
-1.312137623739269e-05 -6.312220809327125e-06 5.029005637619165e-06 1.540178610529794e-06
-1.456118640335108e-05 -8.462467754866358e-06 5.651118348878520e-06 1.950542480657294e-06
-1.561689754583853e-05 -1.004920781707941e-05 6.068386241934079e-06 1.672572936940865e-06
-1.429875618087691e-05 -6.394646039526293e-06 6.089132445389906e-06 1.734938557903610e-06
-1.744156393843438e-05 -1.007121178298535e-05 2.871034661775113e-06 2.336279894882608e-06
-1.599406493025622e-05 -7.568268896772497e-06 3.371213613894758e-06 2.028109400919304e-06
-1.561760255322965e-05 -6.372571304450334e-06 3.622888511057969e-06 2.487341993805088e-06
-1.999530964327952e-05 -1.011061583371245e-05 4.148076433956224e-06 1.251350619422299e-06
-1.872032420101863e-05 -8.061781797644302e-06 3.387488195160717e-06 2.431039224410922e-06
-1.744251221563743e-05 -6.343396949084534e-06 2.884323249897136e-06 2.746788384356948e-06
-2.345111413199156e-05 -1.015344179484133e-05 4.905930190140300e-06 6.627757111583505e-07
-2.170938734399134e-05 -8.207275439203416e-06 4.549797529411352e-06 1.019132637593203e-06
-1.999655207361501e-05 -6.305377832825932e-06 4.325054364160737e-06 2.736587400485445e-06
-2.713549148674816e-05 -1.019559740018403e-05 3.881904262994933e-06 2.582216761290444e-06
-2.527959699976882e-05 -8.205000069713595e-06 3.853798645205781e-06 3.315990098343773e-06
-2.345048693719930e-05 -6.258229126019955e-06 3.010272465398134e-06 3.031188486999560e-06
-3.089940420361349e-05 -1.024178027351529e-05 5.804255720260064e-06 2.399771864591387e-06
-2.900438231145790e-05 -8.204433981030547e-06 5.565344274483127e-06 1.060894207600089e-06
-2.713605168847928e-05 -6.211498258864727e-06 6.268230229929439e-06 2.088657922495305e-06
-3.473056374256551e-05 -1.027172959767327e-05 4.369917896692039e-06 3.716544727538555e-06
-3.280522388645784e-05 -8.204502261086076e-06 4.070582753026483e-06 2.134604754522041e-06
-3.089943743493788e-05 -6.168758412859728e-06 3.705663899105182e-06 1.679726629628222e-06
-3.861012843188931e-05 -1.028712519624301e-05 5.801933856894426e-06 1.484345469249973e-06
-3.666457791216779e-05 -8.200081760758678e-06 6.063413787398313e-06 4.655086378103110e-07
-3.473170747593160e-05 -6.132780323056463e-06 5.993247897234927e-06 -1.531063444801744e-06
-4.252631886103046e-05 -1.030583755710843e-05 7.448558732596941e-06 3.205031982549662e-06
-4.056223251458326e-05 -8.200939924884641e-06 5.654369198541613e-06 2.016255303455417e-06
-3.860962224720847e-05 -6.113228364045572e-06 5.024278748409750e-06 1.064068259996195e-06
-4.647961432872588e-05 -1.032607185755346e-05 6.830955856319074e-06 1.216165333665689e-06
-4.449703009830609e-05 -8.199790684423951e-06 8.170718619641153e-06 2.676129567919625e-06
-4.252712717983351e-05 -6.096035043935760e-06 7.049967470482651e-06 1.682627067888412e-06
-5.045351787321884e-05 -1.032762618771453e-05 6.939357828441445e-06 3.239195899820931e-06
-4.846470336322248e-05 -8.198060149742592e-06 5.995606401249778e-06 2.242378109421402e-06
-4.648000844116145e-05 -6.071304566836566e-06 7.175837830230116e-06 3.627448990970521e-06
-5.445562956858800e-05 -1.033698290642766e-05 8.120874643407685e-06 1.389834410497795e-06
-5.245094980359104e-05 -8.197658250813990e-06 8.046835944488074e-06 2.089571466412985e-06
-5.045359247613936e-05 -6.068242738890987e-06 6.935327055780706e-06 1.198887799607237e-06
-6.302431184591789e-05 -1.011507318138348e-05 7.163863132360627e-06 2.597415069797225e-06
-6.245348342255870e-05 -1.035103928237673e-05 7.017563787696374e-06 2.501439366092154e-06
-5.624549982476821e-05 -8.196866710688828e-06 8.372774273446292e-06 1.782499282276720e-06
-5.844575803230937e-05 -1.034317798028175e-05 8.229542700699245e-06 2.009634779473025e-07
-5.445619099182288e-05 -6.057408537172274e-06 8.241539175592077e-06 2.381376439330814e-06
-6.326081113436886e-05 -9.544902034783201e-06 7.235616543128349e-06 2.648707219959312e-06
-6.190934322425518e-05 -8.199624628199677e-06 6.538121688588207e-06 2.109279840398159e-06
-5.844475798580833e-05 -6.052266410308580e-06 8.085111060582920e-06 3.563637978160632e-06
-6.326052176469033e-05 -6.854772899904460e-06 7.172975529927932e-06 1.628268250896912e-06
-6.245289316473346e-05 -6.048227422150953e-06 6.920110918347683e-06 1.733178638337133e-06
-6.302392987412545e-05 -6.284340719132965e-06 7.089248225917153e-06 1.652984701969389e-06
