-1.247457602154787e-04 1.704234230470322e-05 2.389223779205842e-05 -5.380969778643577e-06
-1.252495559945476e-04 1.582749750663654e-05 2.427624796967877e-05 -4.803520216742430e-06
-1.252498550784108e-04 1.009741553223494e-05 2.510880127969205e-05 -1.326569137483323e-06
-1.247460502928312e-04 8.882480552550570e-06 2.478244054162256e-05 -6.550706567749793e-07
-1.235297772462219e-04 1.754523072661055e-05 2.307186531708971e-05 -5.561588592700121e-06
-1.212496571335717e-04 1.296272151654102e-05 2.222074586928621e-05 -3.397264649007860e-06
-1.235300040494013e-04 8.379566510929625e-06 2.397636760913283e-05 -4.370392166085864e-07
-1.149829711559093e-04 1.753567246330757e-05 2.106696920276094e-05 -3.633996794764899e-06
-1.149824093120928e-04 8.390721496499841e-06 2.104291751588301e-05 -2.813592839187837e-06
-1.102734070892144e-04 1.296376137143941e-05 2.000470192374975e-05 -2.783545918983730e-06
-1.064499685705355e-04 1.753479682883118e-05 2.037165121252091e-05 -8.211951278861813e-07
-1.064513657651714e-04 8.395534896536952e-06 1.930780943914526e-05 -3.955619396337389e-06
-1.021852423264182e-04 1.296498746857133e-05 1.888913207764371e-05 -1.906821343937335e-06
-9.793157732514317e-05 1.751106302950623e-05 1.665873985722272e-05 -1.620377713296506e-06
-9.793225189107005e-05 8.417674696557376e-06 1.924319541215323e-05 -4.609616921875606e-06
-9.367919842323946e-05 1.296508557174654e-05 1.791130371347974e-05 -3.708897614902780e-06
-8.944257582314943e-05 1.748502864743048e-05 1.744456112513862e-05 -4.054918481879022e-06
-8.944066420572961e-05 8.443300178942430e-06 1.695209571150429e-05 -2.916578988402603e-06
-8.522418880446441e-05 1.296454508779699e-05 1.527608946554970e-05 -3.237614929859207e-06
-8.104729077846202e-05 1.743111767380053e-05 1.459522771989949e-05 -4.297397988290060e-06
-8.105212860570249e-05 8.502390372808219e-06 1.485916716635987e-05 -1.140787153636301e-06
-7.689069735154563e-05 1.297044469894673e-05 1.458156409702633e-05 -2.070387880769244e-06
-7.276130148991329e-05 1.738197462280490e-05 1.515907139745137e-05 -3.145760731613410e-06
-7.276202331304425e-05 8.559445798258808e-06 1.486525154082285e-05 -4.726147935054203e-07
-6.864922681257230e-05 1.296970096354984e-05 1.498994917585044e-05 -2.174128667559911e-06
-6.458749356534393e-05 1.729570709822110e-05 1.247565661475402e-05 -5.057168644769052e-06
-6.458622263646163e-05 8.638806083063853e-06 1.434187533663787e-05 -1.272867185970637e-06
-6.055124258604950e-05 1.296669713370006e-05 1.165046972584993e-05 -3.782799555646454e-06
-5.657443805219364e-05 1.719837872787186e-05 1.267109258850230e-05 -1.357667073969568e-06
-5.657250535931733e-05 8.730749661502870e-06 1.202973849139723e-05 -4.037180659495332e-06
-5.262642172764407e-05 1.296459631320444e-05 1.143595743776180e-05 -2.949335870500200e-06
-4.875304167238463e-05 1.709153070762627e-05 9.443168788734929e-06 -3.087050537662820e-06
-4.875118565892256e-05 8.838783128054342e-06 8.404268038335508e-06 -2.820324706328339e-06
-4.491548700187809e-05 1.296374651506793e-05 9.822659865718527e-06 -3.233761818200181e-06
-4.115112142325231e-05 1.696604686535463e-05 9.932544551880130e-06 -5.067484505418833e-06
-4.115651294365640e-05 8.966113084030990e-06 9.664847795566764e-06 -3.823225597840733e-07
-3.758257834099655e-05 1.296590803720334e-05 8.256909428725926e-06 -2.455529475012980e-06
-3.410359863140177e-05 1.681280619393610e-05 7.898556770396358e-06 -4.295398008502295e-06
-3.409359348869658e-05 9.118648871510008e-06 1.067776682428037e-05 -5.634906518352912e-07
-3.150785430467682e-05 1.325305187978269e-05 7.468944501845901e-06 -2.192123655170613e-06
-2.895165163845844e-05 1.667110257162430e-05 6.661617639686810e-06 -5.372429997785338e-06
-2.895357169923481e-05 9.261560016217703e-06 5.216415728525256e-06 -6.877512587022301e-06
-2.535191517241812e-05 1.653650316932878e-05 4.805307691013307e-06 -3.135825624068013e-06
-2.601515155030797e-05 1.419116156254507e-05 4.234358359640490e-06 -3.441912833135316e-06
-2.533862750379272e-05 9.355714504318535e-06 8.182745920821371e-06 1.005589091967027e-06
-2.280006689646566e-05 9.457532847387733e-06 4.584083284321125e-06 1.788518281467880e-06
3.224533860204176e-06 8.588408783029942e-07 1.978825519824604e-05 -3.552251528440120e-05
3.263373007860879e-06 6.813421559131651e-07 2.557177138927772e-05 -5.097956567927589e-05
3.254344348118398e-06 1.834113371292632e-07 4.722016559236412e-07 3.160915320391045e-05
3.204876769482029e-06 -4.367066090051505e-08 -3.534272976280430e-05 -9.968873632249393e-06
-2.278956919152340e-05 1.644566982904510e-05 6.887932286896828e-06 -4.097433651589588e-06
-2.054451892416593e-05 1.623345875077094e-05 3.626864165516762e-06 -3.627170868171514e-06
-2.225386170277591e-05 1.208634263020340e-05 3.049782947548708e-06 -4.511594635899069e-06
-2.052371900248740e-05 9.367418190246445e-06 5.669706673786351e-06 5.690074595271527e-07
3.116437438693275e-06 9.438093421576247e-07 -3.059810136840996e-05 -2.099834644277470e-06
2.833293026662137e-06 4.207310000558559e-07 3.153885278944035e-05 2.191251249317292e-05
3.063996061228429e-06 -1.572382032395856e-07 -7.934293988678593e-05 -4.528369276395905e-05
-1.980993651073144e-05 1.409803107859909e-05 1.817382783638097e-06 -3.897884482257450e-06
-1.837780862018092e-05 1.575340649184121e-05 -1.481627196114176e-06 -1.438898503251731e-06
-1.634678177261667e-05 1.507814521970727e-05 1.337629281033585e-06 -1.709758078637072e-06
-1.914510312178975e-05 1.123373400886853e-05 4.004730370368418e-06 -2.668673271359484e-06
-1.839902964848321e-05 8.942279847525128e-06 -5.089445599649100e-06 1.939777446931498e-06
2.001604128296158e-06 9.574640697130886e-07 -6.571121652834364e-06 -4.350573631708076e-06
2.025940095961291e-06 -7.844483979365151e-08 -4.505392180984240e-06 -2.100141286719565e-06
1.463601517152548e-06 4.134563336405488e-07 1.346889710953624e-05 9.771666162153975e-06
-1.447545264754337e-05 1.417028185471059e-05 1.905843493292921e-06 -4.291244803791219e-06
-1.606030225036262e-05 1.294226992961585e-05 3.096284790175634e-06 -3.704594916791637e-06
-1.675515984146570e-05 1.031530648223891e-05 2.960947136869369e-06 4.346656602414370e-06
-1.646153977558777e-05 8.196003761350122e-06 6.638761517575671e-06 -1.188552244596635e-05
8.746285805975878e-07 1.084454185096390e-06 -1.441220986221698e-05 -7.530022715816612e-06
8.667609804442422e-07 -1.747013949024705e-07 -3.040216508315016e-06 -8.990469745482088e-06
2.029142305504372e-07 3.974769729965624e-07 1.452729412091590e-05 7.839745460734368e-06
-1.274962484279975e-05 1.308699688756175e-05 1.474888101035833e-07 -3.876413656212462e-06
-1.123416160162796e-05 1.185617710146185e-05 3.034670920132967e-07 -3.687395508752670e-06
-1.436039525544096e-05 9.914851614162641e-06 4.046696900832632e-06 -9.617550129099623e-07
-1.477358761592488e-05 7.154149395274725e-06 -3.127769416165967e-06 -3.607943389083115e-06
-5.757316922319348e-07 1.280673552123079e-06 -1.398156593202682e-06 3.008934790925301e-06
-5.774412601406560e-07 -3.825770942527050e-07 -3.970591149144081e-06 -3.183239725734487e-06
-1.161694080969747e-05 1.002807366221547e-05 1.612939900581480e-06 -1.869152092297968e-06
-9.918819981724816e-06 1.047986630706287e-05 3.256851099090784e-06 -3.684204351499512e-06
-1.224196851765770e-05 8.037553409141873e-06 -7.031990182838382e-07 2.828378412262628e-07
-1.334533155623175e-05 5.916575259893815e-06 5.948560631751878e-06 -1.116778171192367e-06
-1.416195723822492e-06 4.028480006838198e-07 6.359477748033129e-07 -6.593722205939281e-06
-2.417379351912281e-06 1.572317039560179e-06 3.098952746514538e-06 1.995805819739969e-06
-2.425432403636096e-06 -6.873952694094936e-07 2.188212164600826e-06 2.824758185212043e-06
-8.777716168396500e-06 9.020351455409763e-06 4.080548573867856e-06 -1.067715497455539e-06
-7.882983392776222e-06 7.531481725804987e-06 1.685789395597056e-06 -5.090002723359766e-07
-7.211264161956270e-06 5.983984246279122e-06 2.126375197057738e-06 -8.005769827721764e-07
-1.096453306432381e-05 6.301671799724866e-06 -2.019333772578507e-06 -3.887727250356339e-06
-1.222300492537118e-05 4.583211399229959e-06 9.517114702308765e-06 3.410927504128710e-06
-3.214863172002789e-06 4.477020623601575e-07 -5.513679972401168e-06 -4.174968392796380e-06
-4.194401091285867e-06 1.845026762091794e-06 7.391276515756081e-06 6.062066940645102e-07
-4.195174931256188e-06 -9.995770866007109e-07 2.568490511661035e-06 4.534920708406158e-07
-8.715283417530319e-06 5.966791659234298e-06 -1.551361568684586e-06 -2.851860215947587e-06
-6.714691313212595e-06 4.444200484761379e-06 2.390549140194099e-06 -1.863570873769799e-07
-5.808337845245328e-06 2.106419733132045e-06 7.942943161965641e-06 -1.522404768448096e-05
-6.239345300449805e-06 2.358534604217127e-06 -8.900585640149585e-07 -1.113147933774999e-05
-6.454038048343090e-06 2.885352105811474e-06 -2.827679296397305e-06 -3.945933685413605e-06
-1.008331169046767e-05 4.380391777751892e-06 2.208286579489639e-06 -1.142665750334099e-06
-1.136509526041546e-05 3.163532017280997e-06 5.353947692275444e-06 -7.452751035511082e-06
-5.073942645291494e-06 6.569928479206504e-07 -1.371526530467212e-06 6.018280440396351e-07
-5.825068338696320e-06 -1.215771685177740e-06 1.401724549241439e-06 -7.895112207205827e-06
-7.766646815358677e-06 3.345812973250729e-06 7.765621878172349e-07 1.342773508546217e-06
-6.288367519324409e-06 1.365903097651428e-06 -2.970779761219849e-06 -1.214996137535102e-05
-6.814415605292818e-06 2.179019466508070e-06 -4.290645952757374e-06 -7.417635888346880e-06
-9.477577948482269e-06 2.729441601570570e-06 -1.693609378518353e-06 3.881218262475131e-06
-1.082201324396405e-05 1.776922898934106e-06 -6.642926453221285e-06 -4.086814124489976e-06
-6.352818664423942e-06 -2.547800364279229e-07 -4.387135459022301e-06 1.112947240817526e-06
-6.310312023745255e-06 -1.444269889300609e-06 6.960182225572963e-06 -1.001649848440899e-05
-8.093287232883542e-06 9.789473891389104e-07 3.248453536162889e-06 6.908159652856216e-06
-1.062282504979069e-05 4.105621973779269e-07 2.034422262561046e-06 -7.985336108161099e-06
-1.068507321733683e-05 -9.129125184238883e-07 1.214869317065738e-05 9.943448491494091e-07
-7.322063505844958e-06 -1.125500822076152e-06 -4.075039415297222e-07 -1.034115993448908e-06
-6.597459414117491e-06 -1.933110100612354e-06 1.259608918764159e-05 -1.189251597989058e-05
-6.961963346954085e-06 -3.283785089392539e-06 6.276943727241503e-06 -1.465246983403137e-06
-9.380356846966496e-06 -1.100216343908173e-06 3.033468857925118e-06 2.951774932679959e-06
-7.482882086953188e-06 -4.547950449033349e-06 -2.239488039396104e-06 1.156923285410021e-05
-1.101161708276509e-05 -2.231281145275572e-06 8.234552203897904e-06 -2.952502926638009e-06
-8.196452397792649e-06 -3.343741659073818e-06 -2.785593418202327e-06 5.558743818726570e-07
-9.973274374613029e-06 -3.444623965845233e-06 -5.367171241452175e-06 -2.210987001525464e-06
-8.138223521865519e-06 -5.737355348749082e-06 7.900584607425886e-07 1.517293379585879e-05
-1.155548313618369e-05 -3.434644031160629e-06 2.592112452828321e-06 3.992986718368811e-06
-1.104315018251014e-05 -4.615738982409357e-06 1.408258588332720e-06 9.883390698239812e-07
-9.878659333376993e-06 -5.339638956055718e-06 4.154497861398845e-06 -6.316976636780918e-06
-8.911830218915472e-06 -6.827755253349450e-06 4.948158721902036e-06 -2.531167788400885e-06
-9.786117573203571e-06 -7.832499097019183e-06 3.195948277837696e-06 4.957498933116596e-06
-1.230797936589104e-05 -4.554400780732402e-06 -3.142825212179953e-06 7.156571367602692e-06
-1.173893521634150e-05 -5.893681564273979e-06 1.890532610129705e-06 -3.810442621071645e-06
-1.105835620522491e-05 -7.431432053328754e-06 2.062206434436487e-06 1.988861375008363e-06
-1.076679858267832e-05 -8.713479419568348e-06 -7.550012395605352e-07 1.781235298861213e-06
-1.322528221042818e-05 -5.494575750538972e-06 1.926726350538427e-06 2.430320088418053e-06
-1.295939315190037e-05 -7.411769553834794e-06 1.153984317481443e-06 3.324785026100855e-06
-1.185308367859231e-05 -9.473493829523125e-06 2.972957036525804e-06 -2.900841117343904e-06
-1.300223029820861e-05 -1.011860483372367e-05 4.083946251069861e-06 -1.033706715940523e-06
-1.421329551041599e-05 -1.062342480258991e-05 4.030159825706089e-06 8.490709364287643e-07
-1.433200158365447e-05 -7.809768930109542e-06 -1.416977237304374e-06 8.805247986448740e-08
-1.432607129653045e-05 -6.259121091641118e-06 1.990971463305811e-06 -2.503411831910133e-06
-1.405419076387751e-05 -9.325460012072254e-06 1.792743397309356e-06 3.076667048475063e-06
-1.547661430567574e-05 -1.098149964453614e-05 2.079896740069038e-06 9.196086592620065e-07
-1.677033440908867e-05 -1.120000913527939e-05 -2.170875399109305e-06 8.118144870377209e-07
-1.540222464193146e-05 -8.152796221126406e-06 3.286274623411186e-06 2.213073575252081e-06
-1.549887174217583e-05 -6.819229355326412e-06 1.976055528254288e-06 -7.896585073483292e-06
-1.806293157694527e-05 -1.127525673214352e-05 5.174697047948306e-06 1.509996908275558e-06
-1.662181602675425e-05 -9.368644372956354e-06 9.323298173298921e-07 -9.530857229085138e-07
-1.676447759048729e-05 -7.171185669942976e-06 4.738752333258730e-06 2.353764189029950e-06
-1.835197665879885e-05 -9.559463780168620e-06 9.390921570266012e-06 9.277594802752197e-08
-1.949294545992784e-05 -1.126803306547558e-05 1.366516999177889e-06 -2.472411476044030e-07
-1.806808818977083e-05 -7.290964147042232e-06 1.538286119499227e-06 3.236662293062942e-06
-2.144352775945507e-05 -1.124926499648395e-05 1.378948964361085e-06 2.955180722994010e-06
-1.990144129984911e-05 -8.598141727893986e-06 3.158339326475205e-06 1.072183180988035e-06
-1.948607893746269e-05 -7.303237125141693e-06 1.797530602828877e-06 2.422368453241020e-06
-2.411509279225721e-05 -1.124588953957630e-05 2.442736712841616e-06 1.374980659404651e-06
-2.279709166681975e-05 -9.133288607506875e-06 4.718469457085859e-06 1.401431504653795e-06
-2.144338127830799e-05 -7.310349870566509e-06 1.179021568783580e-06 1.634036565406680e-06
-2.763011893868112e-05 -1.124227756128082e-05 5.300259101616498e-06 2.275079150265013e-06
-2.587203459629434e-05 -9.277530374360356e-06 4.976637252055763e-06 6.224070749173300e-07
-2.411527187635958e-05 -7.318212466557531e-06 4.645275091118778e-06 -1.502589906965160e-06
-3.127582238883307e-05 -1.123183528082261e-05 5.369175238680430e-06 5.046666354582330e-07
-2.945495401936360e-05 -9.284206176252059e-06 5.022820362972573e-06 2.323960415156419e-06
-2.762701606348562e-05 -7.320695696893196e-06 3.378171989993423e-06 7.459171542099717e-07
-3.491666412454914e-05 -1.123168643216648e-05 6.023904469767464e-06 2.164860590053332e-06
-3.309730712252708e-05 -9.283341846298875e-06 5.264113615106904e-06 1.233551275643870e-06
-3.127522062393017e-05 -7.333948371229701e-06 7.152021657686240e-06 2.536702678477245e-06
-3.854036558437483e-05 -1.121989139371562e-05 7.538451215344466e-06 1.154701557176218e-06
-3.673408512883606e-05 -9.277643135722329e-06 7.513487084694804e-06 1.029645714089453e-06
-3.492037510165805e-05 -7.328157220494150e-06 5.431076964281928e-06 3.929183314328038e-07
-4.216015567807894e-05 -1.122253578584094e-05 7.955364506810302e-06 1.409460004985865e-06
-4.034591364708635e-05 -9.276740578530991e-06 7.139406976258555e-06 3.427332975114438e-07
-3.853948534375754e-05 -7.335202673108576e-06 7.427295709452752e-06 9.823557660071728e-08
-4.579870907314743e-05 -1.122476786481773e-05 7.940180838997413e-06 2.813668834276876e-06
-4.397824780279336e-05 -9.273661710776257e-06 7.818222540945831e-06 1.995779006823076e-06
-4.216031821401757e-05 -7.326866846207481e-06 7.343207642359301e-06 9.615559801480360e-08
-4.945283940262847e-05 -1.122344475510349e-05 1.026056085605450e-05 2.696206882538870e-06
-4.762531565979665e-05 -9.271084964072294e-06 9.441660986367387e-06 1.121182475515999e-06
-4.580028649205181e-05 -7.318831266146896e-06 8.828709485803950e-06 1.132651001582206e-06
-5.308998568709482e-05 -1.121901498222478e-05 8.423459233086329e-06 1.733490909580584e-06
-5.127457455746381e-05 -9.272707715127762e-06 9.510646154434202e-06 1.690329746521474e-06
-4.945266745628753e-05 -7.318543436502252e-06 9.474464794283722e-06 -1.341631430581470e-07
-5.674860557436274e-05 -1.124096966960331e-05 9.736532858502656e-06 1.460547626860777e-06
-5.491054723113406e-05 -9.275575652424640e-06 8.432740353710932e-06 9.929001475510990e-07
-5.308854794848843e-05 -7.330669693206628e-06 9.032281063642898e-06 1.092210422423604e-06
-6.460162385351423e-05 -1.102038939429196e-05 1.088548960095763e-05 2.758099941454335e-06
-6.408059494649368e-05 -1.123620412055457e-05 1.003064634729615e-05 2.821376695915718e-06
-5.839160148183686e-05 -9.278114983990098e-06 1.148999895190157e-05 1.267027521510682e-06
-6.041103976352866e-05 -1.124072668678996e-05 1.143328880780886e-05 -4.714335586430328e-07
-5.674608524444191e-05 -7.312969805126452e-06 9.589192472115569e-06 -4.002224738095138e-07
-6.481748094490746e-05 -1.049947884297646e-05 1.122995273327797e-05 2.242388597224854e-06
-6.358546975631865e-05 -9.273420323602239e-06 8.600545429701391e-06 1.529018532511554e-07
-6.041353063919747e-05 -7.313166770425534e-06 1.167812558676492e-05 3.207396303114201e-06
-6.481826564110853e-05 -8.046473478814192e-06 1.022945162189305e-05 -1.728219310687613e-06
-6.408212263159315e-05 -7.310651132090177e-06 9.326052329263574e-06 -1.702015344930034e-06
-6.460264387692697e-05 -7.526149617887141e-06 9.921902023678067e-06 -1.829550636239608e-06
