-1.015182510626457e-04 1.434415830711062e-05 -4.007951987363337e-05 8.316915559104796e-06
-1.019138704796267e-04 1.338995119070111e-05 -4.069489549246685e-05 7.088324998036037e-06
-1.019136954871955e-04 8.888627860222552e-06 -4.079240767483924e-05 -1.088642133257643e-07
-1.015180883762901e-04 7.934551838434737e-06 -4.018265851230761e-05 -1.360976119160447e-06
-1.005632637861884e-04 1.473909754923396e-05 -3.862924650626736e-05 8.728883475619038e-06
-9.877421597034262e-05 1.113920217466967e-05 -3.664245468022974e-05 3.518559387183250e-06
-1.005631699369486e-04 7.539674969135659e-06 -3.872852256202922e-05 -1.784364070527520e-06
-9.386242790325071e-05 1.472847267158287e-05 -3.591364791480935e-05 5.266776837606813e-06
-9.386315567263729e-05 7.551215333209151e-06 -3.590006764041490e-05 1.580876497304723e-06
-9.017116531636715e-05 1.114075427551440e-05 -3.455637207194220e-05 3.289846171624279e-06
-8.717254968139957e-05 1.472747795784328e-05 -3.265320512855101e-05 5.095397563970719e-06
-8.717289448923694e-05 7.554745592128141e-06 -3.262345239487996e-05 1.504697925912768e-06
-8.382397019878660e-05 1.114135192196420e-05 -3.008125847438863e-05 3.472543619940921e-06
-8.048540445991262e-05 1.471394551470645e-05 -2.790486615304409e-05 5.276066490307145e-06
-8.048284676752579e-05 7.566766959958997e-06 -2.856323850675659e-05 2.913157469748293e-06
-7.715116111186160e-05 1.114031374148000e-05 -2.688203605118271e-05 4.314771569746429e-06
-7.383063619641218e-05 1.469575604692907e-05 -2.571348317219507e-05 5.020418921029949e-06
-7.383219030226435e-05 7.589931549934318e-06 -2.517128208471244e-05 2.673449323372804e-06
-7.051652929614507e-05 1.114610424061411e-05 -2.431406892793239e-05 3.024051891948511e-06
-6.722302942681368e-05 1.466637453227360e-05 -2.344020482073064e-05 3.657464132549171e-06
-6.722211751558482e-05 7.629243686001333e-06 -2.348686104105121e-05 1.824813680427550e-06
-6.394032113197285e-05 1.114857762448279e-05 -2.265164444130285e-05 2.878669028162075e-06
-6.068826706252129e-05 1.462230442365188e-05 -2.012369241201124e-05 6.216807801689179e-06
-6.068663198476318e-05 7.674778164010791e-06 -2.120939019382663e-05 1.141658653644304e-06
-5.744700519336049e-05 1.114825290047306e-05 -1.878041236270244e-05 4.558473572600495e-06
-5.423241978667004e-05 1.457962919823504e-05 -1.807038847425251e-05 5.754247166837564e-06
-5.423372299013101e-05 7.719896406614576e-06 -1.715962535718949e-05 2.518065677473355e-06
-5.103435384790666e-05 1.115083746769611e-05 -1.655766266297051e-05 3.476085057587072e-06
-4.787200281853918e-05 1.452343846317230e-05 -1.564256134971583e-05 4.042328760809482e-06
-4.787178006731177e-05 7.778480729813274e-06 -1.575272179016693e-05 2.132641702685815e-06
-4.472769463727585e-05 1.115005618732797e-05 -1.456943106104085e-05 2.949283552769975e-06
-4.162501818741875e-05 1.445382223911922e-05 -1.309434678251504e-05 4.083835465016217e-06
-4.162451652634669e-05 7.844781014900593e-06 -1.275974281959191e-05 1.715322861702683e-06
-3.854525683670599e-05 1.114909146320040e-05 -1.073276134848290e-05 2.950860218519354e-06
-3.552036004720014e-05 1.436817725293299e-05 -8.319274330535455e-06 4.744110331357627e-06
-3.551950785518647e-05 7.930937060422428e-06 -9.211931380402772e-06 2.172567572356032e-06
-3.264231980316356e-05 1.114846519001093e-05 -8.308063372351150e-06 3.806583781122155e-06
-2.981865176878383e-05 1.427526262818790e-05 -9.494471183587692e-06 4.116232248780151e-06
-2.982080673210751e-05 8.029025872023427e-06 -9.403293040054975e-06 3.971114944641480e-06
-2.772042556368504e-05 1.138997436616706e-05 -9.887370298967705e-06 4.368469236649847e-06
-2.563806690366342e-05 1.418202962869926e-05 -8.232267240236927e-06 5.331627818063494e-06
-2.563287623953506e-05 8.123468296999447e-06 -7.712015327183873e-06 2.893964119027247e-06
-2.268283382540081e-05 1.409782692055637e-05 -4.643273934129225e-06 3.676568031030780e-06
-2.323481395585083e-05 1.216403834078081e-05 -4.832986481667323e-06 3.197584641332890e-06
-2.267632519337534e-05 8.181774517328914e-06 -4.596982653866031e-06 3.205137161095009e-06
-2.057130279928656e-05 8.248437896549560e-06 -4.089127329827180e-06 3.475144870680426e-06
3.108374895669093e-06 3.232103225154974e-07 -2.711581143389003e-05 -6.841799013685875e-06
3.169372539249552e-06 2.781462902582021e-07 -3.217832788811496e-05 -8.248556056609983e-05
3.195541883292832e-06 -4.210249846370484e-07 -4.238923122519206e-05 3.053038186938919e-06
3.130338802232186e-06 -5.514946312058503e-07 -2.017071361884766e-05 -2.273484794804866e-05
-2.056684073729575e-05 1.403721247558412e-05 -3.473972151252929e-06 3.000161008192166e-06
-1.869748670330880e-05 1.388100840637756e-05 -2.906777626131997e-06 4.111927439517109e-06
-2.012327272737903e-05 1.042514059923001e-05 -3.904375429639402e-06 3.310719290903155e-06
-1.868033676679015e-05 8.157931409461404e-06 -3.754314427125366e-06 3.198173770053274e-06
2.995765774954193e-06 3.228948804111268e-07 -4.650601841946156e-06 2.507393208622536e-05
2.658870079683756e-06 -5.867430486643365e-08 2.573096232301205e-05 4.109605566661388e-05
2.967357260976891e-06 -5.882620798469611e-07 1.539349602815844e-05 -4.044434759465438e-05
-1.809028977777397e-05 1.210751893236706e-05 -3.382889225011873e-06 3.676606500964588e-06
-1.688569135247627e-05 1.350442773945289e-05 -2.702163474967217e-06 4.860787290347152e-06
-1.516730822728836e-05 1.295004556736870e-05 -2.439355303085049e-06 4.092738095514805e-06
-1.753090258216772e-05 9.714133933899076e-06 -3.747429539992418e-06 2.433043565943345e-06
-1.690118997283436e-05 7.767460693913235e-06 -3.714042092816545e-06 2.752357343117766e-06
1.939289161107536e-06 4.250791336200932e-07 -5.999034226973492e-06 -3.101479352816046e-05
1.979300993297371e-06 -6.140074149897495e-07 -8.995533248719333e-06 -3.273193719137743e-06
1.414809881723000e-06 -6.810184140859419e-08 4.544218355012658e-07 2.700325185105367e-05
-1.356339617364852e-05 1.219901990303300e-05 -2.405794384017402e-06 3.537939667983478e-06
-1.492770326842077e-05 1.115185266855071e-05 -2.511252634060894e-06 2.823586585465464e-06
-1.551486450588512e-05 8.927883284360441e-06 -3.412843895315198e-06 2.524482700878654e-06
-1.526883535514455e-05 7.104444438488968e-06 -3.818419641293036e-06 2.696016291122775e-06
8.756925560690559e-07 5.144547202080128e-07 -5.182693598882764e-06 -1.209278856915960e-06
8.453056244117318e-07 -6.996976889417886e-07 1.023177122746259e-06 -1.250888164513363e-05
2.045045106421251e-07 -5.109109519095896e-08 1.118375811939774e-05 6.777310702688369e-06
-1.207494415743787e-05 1.129404177702982e-05 -3.185404286904300e-06 4.762260005758301e-06
-1.075219758459946e-05 1.025856573901025e-05 -3.422807036162924e-06 4.532824688786489e-06
-1.347117444517376e-05 8.586662923700845e-06 -3.369813675901174e-06 3.415597223584015e-06
-1.383009116419978e-05 6.193913940598912e-06 -3.945515943385249e-06 2.210696617610535e-06
-5.388580097850258e-07 6.992773106574249e-07 -8.685671268269557e-06 5.874785558221092e-06
-5.294666530673984e-07 -9.084085571092164e-07 -2.748374560368996e-06 1.214978108008181e-05
-1.109141352427209e-05 8.692524789198064e-06 -3.287606781721079e-06 3.927139391388559e-06
-9.588562462292530e-06 9.089693416758441e-06 -1.746816979928624e-06 4.087006220117004e-06
-1.165073709149488e-05 6.960966478299430e-06 -3.111716269394677e-06 3.348144824809559e-06
-1.261833140388812e-05 5.097803510681557e-06 -3.733228657937559e-06 2.324273329879981e-06
-1.342335273477114e-06 -7.564244002923139e-08 3.714391119320559e-06 -1.391095835828487e-05
-2.313472437851874e-06 9.908788891598017e-07 5.817936095044770e-06 1.043760095246826e-05
-2.318745940070336e-06 -1.183647287486871e-06 -5.128254523698626e-06 7.170031682283836e-06
-8.570739568308561e-06 7.827418341999224e-06 1.166990974183714e-07 4.428465358961813e-06
-7.740572423362351e-06 6.516606821533203e-06 -6.332274712350536e-07 4.249490347888840e-06
-7.092155145357738e-06 5.135713532051967e-06 -2.233967647402293e-06 3.149903471267068e-06
-1.052059638346730e-05 5.428489979360101e-06 -1.370744207358169e-06 2.805393342828133e-06
-1.164765479973828e-05 3.865426883703947e-06 -4.591056634533628e-07 1.183564914869146e-06
-3.096197050523860e-06 -1.001724417439189e-07 -1.996436932804887e-06 9.314315999133836e-06
-4.058315411141590e-06 1.274422360345328e-06 -2.231029301026714e-06 -8.307844601921371e-06
-4.048746421632938e-06 -1.487822394158108e-06 2.402594747472870e-06 -6.117742219564917e-06
-8.484406152700660e-06 5.129147080333898e-06 -1.117582526584391e-06 3.485115110269431e-06
-6.606187170837898e-06 3.720770089898330e-06 -3.963706625490527e-06 5.063470574449270e-07
-5.622443688225281e-06 1.531464677634032e-06 -4.553586137262561e-06 -3.164237127491783e-06
-6.076303222250145e-06 1.779401089332133e-06 -2.711112354620803e-06 3.388240342888323e-07
-6.315618155188697e-06 2.282555278319341e-06 -3.073552819459659e-06 1.987021647313527e-06
-9.736063460163864e-06 3.688018778439790e-06 -2.793949004162959e-06 1.996220781397623e-06
-1.092522971895863e-05 2.565860253777330e-06 -2.942839219856635e-08 5.524955418455073e-06
-4.915131856728416e-06 1.089391938938629e-07 -1.670410196085406e-06 2.857887850729663e-06
-5.640611303696933e-06 -1.687146415178018e-06 -3.886571171525065e-06 -1.045496073787158e-06
-7.572834419915488e-06 2.723645129687887e-06 -1.927221381608041e-06 2.201020870761585e-06
-6.109299696997936e-06 7.975952323019765e-07 3.969181238816724e-08 3.982432632892321e-06
-6.650076343516685e-06 1.605162642664051e-06 -7.551745090033898e-07 2.901448220335955e-06
-9.180600492821643e-06 2.160444634852332e-06 -3.351216184680702e-06 2.612952509071622e-06
-1.047866540302546e-05 1.237536618363341e-06 -1.512006108039785e-06 4.806590487815326e-06
-6.143726926556877e-06 -7.690487873281751e-07 -2.080458416764616e-06 2.310262963941448e-06
-6.087636991880167e-06 -1.923195185605512e-06 -3.657838153950198e-06 2.316572820141599e-06
-7.863414828693852e-06 4.642338222951517e-07 -1.765143304108479e-06 -1.296349217766955e-06
-1.032069269464060e-05 -9.586420747483849e-08 -2.033115729788765e-06 1.327632890887039e-06
-1.043976132886482e-05 -1.400382751942915e-06 -3.308890520073730e-06 1.347291970603651e-06
-7.072695330825509e-06 -1.619405294652216e-06 5.611726168807117e-07 2.796000411484843e-06
-6.350940076771275e-06 -2.428510310310290e-06 -3.485877580754556e-06 4.363824344072500e-06
-6.671290463784521e-06 -3.815835720120438e-06 -5.190726063559134e-06 -8.742156789628130e-08
-9.131989945427113e-06 -1.570338254168873e-06 -1.627244893800733e-06 6.414270684764137e-07
-7.153195142920768e-06 -5.160204136810805e-06 -5.232969529378018e-06 -6.603321058272821e-07
-1.083476495569566e-05 -2.718045604059726e-06 -4.764534231403648e-06 2.223911056624573e-06
-7.918457401405686e-06 -3.864137878779512e-06 -2.931076432378065e-06 -1.975212210536552e-06
-9.769724707754252e-06 -3.974509753153894e-06 -3.175379763878046e-06 -4.183088741689762e-07
-7.802124587889507e-06 -6.445075012286748e-06 -2.398873003930252e-06 1.337266133206057e-06
-1.148160732609718e-05 -3.981085900912802e-06 -3.853052437052153e-06 1.341283321491903e-06
-1.094127801690794e-05 -5.224260781583851e-06 -3.135684108361421e-06 1.151027239886563e-06
-9.662954867955804e-06 -6.001604186754490e-06 -2.816527073492667e-06 1.649047035586165e-06
-8.602664552409155e-06 -7.674723911033814e-06 -2.134536401062171e-06 1.417658713687646e-06
-9.559077600144417e-06 -8.820840291162854e-06 -2.362143900856420e-06 1.655575610303526e-07
-1.236885196983065e-05 -5.145542428163543e-06 -3.167131292599431e-06 9.349474762806904e-07
-1.172780368656000e-05 -6.626384072052385e-06 -3.545428563592887e-06 1.079917657625857e-06
-1.097013145764387e-05 -8.366623042441421e-06 -3.041415876174390e-06 4.455879453920449e-07
-1.064701150797859e-05 -9.866738423486681e-06 -2.299213167378260e-06 -1.111281268335230e-07
-1.346362187712940e-05 -6.170798710940866e-06 -3.414257737009975e-06 3.858428420438323e-07
-1.313149116627411e-05 -8.357598768711025e-06 -3.083912836019936e-06 1.539570772035795e-07
-1.186754037108311e-05 -1.078503190724238e-05 -1.207991420196284e-06 -2.911827621483609e-07
-1.320641673199661e-05 -1.157267545271520e-05 -1.952950841048528e-06 -1.227616727212421e-06
-1.464063816406225e-05 -1.222041343969319e-05 -3.393349971628498e-06 -2.171448005253961e-06
-1.475274455454879e-05 -8.829095015971571e-06 -2.570692934995704e-06 -4.192646272146828e-07
-1.474087050783775e-05 -7.018976753017646e-06 -2.620644221800113e-06 5.214250857412474e-08
-1.443231741249494e-05 -1.063643751056578e-05 -2.932571501511539e-06 -5.172419318806857e-07
-1.616219446115087e-05 -1.269659631297637e-05 -5.070585281184518e-06 -2.603328515492645e-06
-1.774051517798772e-05 -1.299959248270824e-05 -5.387782544994446e-06 -2.171389270040419e-06
-1.605774800559873e-05 -9.236384828132931e-06 -3.281610300208893e-06 -5.319146455240519e-07
-1.617880693042561e-05 -7.642504024313894e-06 -3.054250772753316e-06 2.165251424158948e-07
-1.935222867152101e-05 -1.311844107139853e-05 -5.860813020912892e-06 -1.209873677248161e-06
-1.754858747167506e-05 -1.072937844638598e-05 -5.301795023842822e-06 -8.173869728803100e-07
-1.773375706219902e-05 -8.019800088128910e-06 -4.900528370273475e-06 6.431768104390239e-07
-1.970904833412092e-05 -1.097332828451434e-05 -5.772124534084251e-06 -2.712416104028942e-07
-2.115814441850146e-05 -1.314888580308035e-05 -3.764718416974236e-06 6.111879300041168e-07
-1.935026308201094e-05 -8.138180535843508e-06 -5.371788074080374e-06 8.572967939047104e-07
-2.367336168654981e-05 -1.318137034478553e-05 -1.788185258552175e-06 7.238827109857306e-07
-2.167549905810767e-05 -9.744182172300987e-06 -2.645341869503504e-06 -3.643065014406000e-07
-2.115941322176213e-05 -8.105698621692394e-06 -2.739227038581597e-06 -4.984711796694946e-07
-2.718366067068424e-05 -1.323518474864867e-05 -3.417210608913454e-06 -7.394663040128037e-07
-2.543099290607919e-05 -1.042489377967822e-05 -2.594352716430810e-06 -6.468740119459571e-07
-2.366793285074044e-05 -8.060811118433130e-06 -2.419921676258634e-06 -1.252316734612652e-06
-3.191447790642133e-05 -1.328490770708808e-05 -3.965175664110492e-06 -2.321032079053392e-06
-2.953580709494820e-05 -1.062049679026776e-05 -3.389316314681490e-06 -1.231752386025501e-06
-2.718904569549781e-05 -8.007313122900739e-06 -3.097697598860800e-06 -1.567140770606570e-06
-3.693467329451549e-05 -1.334531109411899e-05 -2.441208835067148e-06 5.458144748902755e-07
-3.440511954692367e-05 -1.062784275111454e-05 -3.967419428690757e-06 -1.096693071299033e-06
-3.190880848119844e-05 -7.959998125143798e-06 -3.939653926275252e-06 4.627854909974274e-07
-4.204640752372979e-05 -1.339399582862387e-05 -1.935498755950195e-06 1.480784074743443e-06
-3.947903647797776e-05 -1.063073695462362e-05 -2.140152738888196e-06 -9.609708638640774e-07
-3.693613577509683e-05 -7.913605085601211e-06 -2.740406167422089e-06 -2.965938020182702e-06
-4.722705438474746e-05 -1.344348660607382e-05 -2.428793456489601e-06 -1.527991627927953e-06
-4.461937959542678e-05 -1.063732577077945e-05 -1.957167801762959e-06 5.233903336878584e-08
-4.204165132535681e-05 -7.874104541874485e-06 -2.620573471762206e-06 -2.206176128850138e-06
-5.250700686829751e-05 -1.347218706044747e-05 -1.411619622653174e-07 -9.602466374280439e-07
-4.985686635414773e-05 -1.063412665659184e-05 -1.398367459411261e-06 -9.915325772088629e-07
-4.723024681454695e-05 -7.828618034009280e-06 -1.571295385477748e-06 6.463813134648139e-07
-5.784697656708244e-05 -1.351372830482045e-05 -6.282455800202465e-08 7.643632121574567e-07
-5.516486032906437e-05 -1.063649600569427e-05 -1.826964947641354e-07 -4.135953757194233e-07
-5.250571394233550e-05 -7.797082828713513e-06 -7.929238462194815e-07 -5.171752091104856e-07
-6.324725175411606e-05 -1.354920592565100e-05 -5.613948328072707e-07 -6.674660436183321e-07
-6.053692739714691e-05 -1.064214346511813e-05 8.475609239051838e-08 -1.053143945404223e-06
-5.784417113513220e-05 -7.765459588921264e-06 4.306175395590566e-07 -2.089782780960439e-06
-6.869470052812522e-05 -1.356789524452825e-05 4.842493204021407e-07 4.023972829786465e-07
-6.596499751628589e-05 -1.064187498122067e-05 -6.305677144843540e-07 -1.126709059047249e-06
-6.324861092312962e-05 -7.735132065109460e-06 -5.734478546369104e-07 -1.692012696841193e-06
-7.417840753670369e-05 -1.357854795682972e-05 1.296979747223825e-06 1.841976319580441e-07
-7.143112846549967e-05 -1.064221371215088e-05 1.268450762002306e-06 -5.268658877490360e-07
-6.869295129024692e-05 -7.717032964362445e-06 1.677588770102361e-07 -2.034933880330402e-06
-8.595996151501612e-05 -1.326036795283566e-05 1.432350462770477e-06 -1.249721033702223e-06
-8.518062750815160e-05 -1.358296667062762e-05 1.537161475162824e-06 -1.258617120367166e-06
-7.664621658997055e-05 -1.063543172153193e-05 8.320759400322420e-07 -5.692236066709388e-07
-7.968468591702948e-05 -1.357588797794456e-05 -1.031880996922554e-07 -5.888454792048861e-07
-7.418290801078509e-05 -7.698879296187695e-06 1.392894258857685e-06 -1.195082841652003e-06
-8.628277434678192e-05 -1.248132219871689e-05 1.390820723061084e-06 -1.167710122771487e-06
-8.443633161581539e-05 -1.064312337439572e-05 1.560230035103086e-06 -7.090520894820564e-07
-7.968134914698683e-05 -7.697785873471136e-06 -7.374535750509124e-08 -7.224072859133941e-07
-8.628131881634387e-05 -8.806851780173296e-06 1.379399628150885e-06 -2.396872438100644e-07
-8.517813296722461e-05 -7.703880406035048e-06 1.532201041638108e-06 -1.366776503543310e-07
-8.595816852254543e-05 -8.026968803004334e-06 1.422252449824433e-06 -1.494712925307680e-07
