-1.172240482694549e-04 1.632897050414303e-05 -3.300522966330209e-05 4.799425208068598e-06
-1.176813294696247e-04 1.522535451401983e-05 -3.332315816910672e-05 4.098708343692269e-06
-1.176817858686122e-04 1.002222380209743e-05 -3.345961745892564e-05 5.604412383193432e-07
-1.172245415223790e-04 8.918596571087826e-06 -3.315395295015546e-05 -1.282431030845741e-07
-1.161201590703686e-04 1.678602865843618e-05 -3.225102598566462e-05 5.070280978033710e-06
-1.140504715822485e-04 1.262403638442235e-05 -3.113640277880417e-05 2.446691720712284e-06
-1.161206813833434e-04 8.461542614250418e-06 -3.241534266652448e-05 -3.876872710030911e-07
-1.083528047104716e-04 1.678437155315174e-05 -2.907292265920140e-05 4.522019143191344e-06
-1.083529687932485e-04 8.463836481013701e-06 -2.912571222877854e-05 6.355065430079178e-07
-1.040640541584401e-04 1.262362844491580e-05 -2.805788945754332e-05 2.405344716871836e-06
-1.005815094804154e-04 1.678453726096743e-05 -2.711134132695287e-05 4.178934205382063e-06
-1.005802088021375e-04 8.460686009565604e-06 -2.663147308912076e-05 -1.027918201779927e-07
-9.669143908531172e-05 1.262270849297567e-05 -2.534317779323327e-05 1.664449253085991e-06
-9.280720949423677e-05 1.677796698162728e-05 -2.355692851457607e-05 4.320642946579024e-06
-9.280961946878520e-05 8.472392227825429e-06 -2.443636934051252e-05 -2.439630407199777e-07
-8.893101047769231e-05 1.262871613795042e-05 -2.249826220033330e-05 2.414075488718848e-06
-8.506302383858675e-05 1.676964351096777e-05 -2.099832637182831e-05 5.202105490850731e-06
-8.506480870846543e-05 8.493109378690738e-06 -2.183386681377669e-05 1.206862401834475e-07
-8.120030299671132e-05 1.263272417046223e-05 -1.983059599953184e-05 2.622072909589861e-06
-7.735137808467144e-05 1.674857091952779e-05 -1.896629775308488e-05 4.136527667346402e-06
-7.734835906935428e-05 8.512756390297280e-06 -1.930471434926254e-05 2.103114459582603e-07
-7.351069966173684e-05 1.262810950690634e-05 -1.752716805955659e-05 1.926880020546172e-06
-6.969986394505339e-05 1.670533963762621e-05 -1.599340072631406e-05 2.730154275288103e-06
-6.969956068626929e-05 8.549421333219591e-06 -1.661942963024911e-05 1.029161945175136e-06
-6.590074709015075e-05 1.262749109120517e-05 -1.466830847295917e-05 2.155197015756780e-06
-6.212583427175009e-05 1.666157801142316e-05 -1.414270843302905e-05 1.255303704246984e-06
-6.212706631087141e-05 8.596487252455669e-06 -1.416482281095123e-05 3.166634909680205e-06
-5.836516503601524e-05 1.263037774439457e-05 -1.380447998599727e-05 2.272539524374628e-06
-5.464346422050622e-05 1.659798550258165e-05 -1.283305776453678e-05 2.330445953412350e-06
-5.464346521027456e-05 8.664264337296938e-06 -1.287153326135119e-05 2.439377137612156e-06
-5.094310857021065e-05 1.263177518035703e-05 -1.161751649162190e-05 2.377913348577152e-06
-4.729093876769535e-05 1.651973471355481e-05 -1.019563182497467e-05 3.248227569422633e-06
-4.729230274462389e-05 8.745563506799389e-06 -1.005890767744013e-05 1.348576230002950e-06
-4.366756681553605e-05 1.263325735315833e-05 -9.253341555994346e-06 2.133813765748482e-06
-4.010976861936143e-05 1.641405668526254e-05 -9.259278338622003e-06 2.170311314658748e-06
-4.010746103148963e-05 8.849690694022480e-06 -9.123812334892977e-06 1.747530863685928e-06
-3.672642811460517e-05 1.262863788979258e-05 -8.820589162494683e-06 2.007368721757841e-06
-3.342083811635190e-05 1.628298636944419e-05 -7.155725323176046e-06 3.375434128559077e-06
-3.341854082484218e-05 8.977894254953818e-06 -7.823355596892343e-06 1.116801806755965e-06
-3.096211005407563e-05 1.290430566647068e-05 -6.597927661937606e-06 2.927922319146983e-06
-2.852745042298284e-05 1.616303018126308e-05 -6.631638577638425e-06 3.712544213053964e-06
-2.852620331338705e-05 9.102015029705694e-06 -6.176324000612607e-06 1.601635055687998e-06
-2.508353602620133e-05 1.605987256321035e-05 -6.321865892370633e-06 4.346543399739488e-06
-2.572375665204784e-05 1.381216686291378e-05 -6.597326341719447e-06 3.404399481821234e-06
-2.507952484940226e-05 9.184931043377374e-06 -5.635465032553127e-06 1.155441831422672e-06
-2.263991107404803e-05 9.274869110834388e-06 -4.255200162824588e-06 1.266083022514908e-06
3.249848300148164e-06 6.367931409024028e-07 -7.375434384175561e-06 8.532334452672355e-06
3.273483041266821e-06 5.352242863595251e-07 1.123756034572777e-06 7.505605663460115e-05
3.297196537210570e-06 -2.727070703299186e-08 2.470801871564239e-05 -7.098926404160632e-05
3.249912266469979e-06 -2.834486409785883e-07 3.917654915651488e-05 -1.346716371968258e-05
-2.263030389802392e-05 1.598587817940158e-05 -4.483842575791036e-06 4.054087255659063e-06
-2.047136624818874e-05 1.579264209151301e-05 -3.177186961554768e-06 3.072163341024458e-06
-2.211611179581877e-05 1.179608260694324e-05 -3.816702496551630e-06 1.821928249725727e-06
-2.044784301107008e-05 9.182439959025310e-06 -3.726657555886689e-06 1.783327071545846e-06
3.173914395624404e-06 6.883337015070816e-07 2.545503964967142e-05 -5.233073572879080e-05
2.847561625615995e-06 1.747600163459228e-07 -3.648390846314156e-05 8.245967841412570e-06
3.088185713135475e-06 -4.053269707003030e-07 4.872357202020836e-05 4.219012259503556e-05
-1.976634021959799e-05 1.373886224010940e-05 -2.676257687342110e-06 2.102262488759325e-06
-1.838701359717282e-05 1.533939793418046e-05 -3.247885784222294e-06 1.793389357164615e-06
-1.642266069313807e-05 1.468673352521134e-05 -4.523792082084633e-06 2.436559449019828e-06
-1.912099155683655e-05 1.097707676397041e-05 -3.553016184392588e-06 2.143269064994019e-06
-1.840140757228506e-05 8.753314644118598e-06 -4.089530051682882e-06 2.284529853720648e-06
2.056626228246080e-06 7.304360160892019e-07 1.384265239886459e-05 7.761250058686748e-06
2.065429832118663e-06 -3.026577866650565e-07 5.242111230968636e-06 -1.733598653019413e-05
1.493393085082592e-06 1.525230755788459e-07 -1.292845897059870e-05 1.863979789586056e-05
-1.460352960787397e-05 1.381000709110960e-05 -3.737410089585659e-06 3.588139523640566e-06
-1.614441303601114e-05 1.262198878714069e-05 -4.822638856663120e-06 2.998527579956359e-06
-1.681696365105670e-05 1.008290550434969e-05 -4.500615998862695e-06 2.326954944181760e-06
-1.653816096505223e-05 8.017086962639668e-06 -4.104485051307202e-06 1.785263853748197e-06
9.220004241437856e-07 8.099146769747066e-07 5.412142148591946e-06 -1.945198316171944e-05
9.247047992085512e-07 -4.339334713379316e-07 5.570398088278502e-06 -1.056121503103660e-05
2.381006617702132e-07 2.079374211620494e-07 -3.558498947110806e-06 2.106792286763222e-05
-1.292551637910835e-05 1.277380060259032e-05 -1.969028595621057e-06 2.854520980973383e-06
-1.143006301288331e-05 1.158829039588844e-05 -2.142048634188376e-06 1.774270934475630e-06
-1.449775792377722e-05 9.699918214653803e-06 -2.888278738014211e-06 1.833883417377208e-06
-1.489679618204218e-05 6.994632011493387e-06 -3.495905706826444e-06 1.634154292002420e-06
-5.373193597581911e-07 1.017555664532346e-06 -1.167929709142836e-06 -6.725915016142673e-06
-5.453392413678788e-07 -6.293332092736969e-07 8.666772151868871e-07 -7.958617662537052e-06
-1.181030504769048e-05 9.810557168982607e-06 -2.066599388481592e-06 1.310724001238805e-06
-1.013158803066588e-05 1.025472318661748e-05 -2.724763837484102e-06 1.091597439249148e-06
-1.243312355306744e-05 7.859699442804153e-06 -2.178536889277470e-06 1.977460584227975e-06
-1.351382943684415e-05 5.773151913253598e-06 -2.760721464195055e-06 5.422612278065045e-07
-1.391573454049026e-06 2.129441012963271e-07 -4.953153672205074e-07 -2.668514132093869e-06
-2.416489934025017e-06 1.354997923681375e-06 -3.392453880979578e-06 3.376342156163915e-06
-2.401894348085207e-06 -9.517686812837248e-07 -3.821999079907179e-06 -3.937624801559640e-08
-9.002967842271289e-06 8.825135463105183e-06 -3.066151722834235e-06 2.368921088088382e-06
-8.102150666623273e-06 7.361846770806381e-06 -1.436543446802211e-06 1.814302856277721e-06
-7.405590021372882e-06 5.826114963069603e-06 9.257557516410844e-08 5.369196062495483e-07
-1.117082815058168e-05 6.145305139887501e-06 -2.061882868287377e-06 1.048407639814573e-06
-1.241555620228913e-05 4.416562645777822e-06 -1.905505110496439e-06 -3.496351950500918e-07
-3.236195067107859e-06 2.051308321874073e-07 2.216645087655438e-08 2.380521493408033e-06
-4.238922549123419e-06 1.651402458794927e-06 -1.529436278220918e-06 -1.229051573649019e-06
-4.248639819927364e-06 -1.269331134952823e-06 3.546717606380415e-06 -4.211518187335944e-06
-8.927928629323003e-06 5.815957037564644e-06 -1.801990383313743e-06 7.832271132949872e-07
-6.886375287053851e-06 4.266082658372086e-06 6.467699894441296e-07 -1.948046879828563e-06
-5.874150978105717e-06 1.902052729704982e-06 -7.762536907993048e-07 3.719912281250447e-07
-6.350358311812641e-06 2.160559680437636e-06 2.846483442873019e-07 6.957056019190182e-07
-6.594521564557500e-06 2.697361272068178e-06 1.449680385928818e-07 -5.336825161184347e-08
-1.030040192096459e-05 4.223432603474775e-06 -2.583530174850263e-06 -1.398827028917579e-07
-1.159580228989755e-05 2.992769892931921e-06 -1.522237358489023e-06 1.338588723390704e-06
-5.138147196654016e-06 4.093197929044125e-07 -1.689800119666494e-06 1.625458532296362e-06
-5.916627605461593e-06 -1.512849581786567e-06 -3.934581960610572e-06 -1.686053829012792e-06
-7.943029019237459e-06 3.169809429104578e-06 -2.307816955464984e-07 -1.386816692276029e-06
-6.396164850862603e-06 1.121426421897540e-06 1.097125519136322e-06 1.442553441698925e-06
-6.959736675845833e-06 1.972276547265809e-06 2.438371331207779e-07 7.946676997055388e-07
-9.686344051307755e-06 2.553307893601841e-06 -2.335910056571688e-06 -8.704791990022686e-07
-1.107368309547385e-05 1.561759343393731e-06 -7.415678811997398e-07 1.278563056825807e-06
-6.453017921364571e-06 -5.391365328321495e-07 -4.351817570486238e-07 -1.743643608525212e-06
-6.401672426862583e-06 -1.765121330851689e-06 -2.875248590308335e-06 -2.399517592232958e-06
-8.268049671666585e-06 7.488541653637476e-07 -3.348651124841838e-06 -1.951272858828462e-06
-1.088009066329011e-05 1.503928715156936e-07 -4.251385357713808e-07 2.439176006948657e-06
-1.097455702152314e-05 -1.214002423220060e-06 -1.513507271496136e-06 1.976745885144470e-06
-7.448824908744627e-06 -1.443372297403155e-06 -2.004367402971299e-06 -3.884278939999126e-06
-6.689552341639626e-06 -2.294156016338665e-06 -3.640568867494935e-06 -3.213396586467655e-06
-7.048600943935266e-06 -3.733361297318097e-06 -3.102593941833549e-06 -1.068281836238987e-06
-9.610166304685578e-06 -1.398857763315751e-06 -9.153696634444313e-07 7.850950631050758e-07
-7.573537047479105e-06 -5.109695263245612e-06 -2.229379532008522e-06 -3.864925096064070e-07
-1.136198751525437e-05 -2.590429649091409e-06 -2.758591213566157e-06 2.098895795264802e-06
-8.353828113985459e-06 -3.788578657736373e-06 -8.347852201145342e-07 -7.550978069713160e-07
-1.025711158107677e-05 -3.894242989671205e-06 -2.481195927928276e-06 4.799521909583653e-07
-8.251015916002419e-06 -6.415341348974474e-06 -3.820457298431169e-06 -9.278111652195015e-07
-1.200148168508842e-05 -3.893288775267072e-06 -2.344721613397036e-06 7.741033529892182e-07
-1.144252269699761e-05 -5.167490492557491e-06 -1.695718725344340e-06 -6.769604089700032e-07
-1.014461319076595e-05 -5.963995632664758e-06 -3.365074542291834e-06 -1.619736806448416e-06
-9.072912825699810e-06 -7.651367084602951e-06 -5.048505388837786e-06 -1.200291652108157e-06
-1.004491953757743e-05 -8.800040545899697e-06 -3.325624888869003e-06 -2.975786533695749e-07
-1.288588916051508e-05 -5.085379551568066e-06 6.355760532961062e-08 -1.050309774602852e-08
-1.223478587251849e-05 -6.589515560017919e-06 4.175274783029057e-07 -1.172281731181579e-06
-1.147147454370900e-05 -8.342021750727310e-06 -7.531545160771801e-07 -1.170982418296707e-06
-1.114715350080416e-05 -9.845899593513632e-06 -1.333158901265000e-06 -5.410776161454161e-07
-1.398691602342387e-05 -6.130247511722098e-06 -6.802834064433376e-08 -9.508612807043655e-07
-1.365214878364796e-05 -8.329237019621746e-06 -2.503574836858928e-07 -2.782280731481837e-06
-1.237929783857848e-05 -1.076178520308772e-05 -2.233235898510628e-07 -1.298161873433349e-06
-1.371959714528088e-05 -1.153780607598698e-05 -2.562688060384086e-06 -2.528151463659018e-06
-1.515308099578248e-05 -1.217342371859638e-05 -3.591254767586030e-06 -1.028626732412276e-06
-1.527351854697044e-05 -8.793959998887656e-06 -3.252537031727589e-06 -3.373541949844983e-06
-1.526613276713429e-05 -6.986755371600679e-06 -2.822435000890012e-06 -2.517618013425810e-06
-1.494880525505744e-05 -1.059843618157988e-05 -3.754561484180465e-06 -2.449517655733837e-06
-1.666910272646610e-05 -1.263881754447435e-05 -2.301037396736893e-06 2.351955945051181e-07
-1.823748001240144e-05 -1.293059492794396e-05 -1.992718016792449e-06 -7.029038618846251e-07
-1.657045741941049e-05 -9.195636825790288e-06 -2.583627621987615e-06 -2.237696898426746e-06
-1.669194480719319e-05 -7.611177323288965e-06 -3.370782948422514e-06 -3.076799473696020e-06
-1.983234059468221e-05 -1.304006102964352e-05 -2.762996942938348e-06 -1.829286508896136e-06
-1.805136556533612e-05 -1.067929389113539e-05 -9.543396145420427e-07 -3.789410987203847e-07
-1.823059575928041e-05 -7.989957637321095e-06 -1.408352912290475e-06 -5.982430509496963e-07
-2.018324165830195e-05 -1.092162676215696e-05 -2.337650330902146e-06 -1.210895711405815e-06
-2.160153593190200e-05 -1.306080436356779e-05 -2.210819368153044e-06 -2.246814357907351e-06
-1.982787487562769e-05 -8.114715688472875e-06 -1.003909161697072e-06 1.094077146449789e-06
-2.406907005369593e-05 -1.308340211578432e-05 7.185613911570221e-07 -1.723578892621232e-06
-2.211184080456104e-05 -9.710413523989563e-06 -1.917307500052955e-06 -1.318978045586638e-06
-2.160214158880450e-05 -8.093829033674970e-06 -1.489729263153285e-06 6.920330349915239e-09
-2.752018776123474e-05 -1.311988593513050e-05 -5.871950997658278e-07 -3.640675343590703e-07
-2.580231083375407e-05 -1.037469350305417e-05 1.182510346819213e-07 -6.377292645734613e-07
-2.407221534228587e-05 -8.058854268582287e-06 -1.060144527879736e-06 -1.723222549537267e-06
-3.212066316396069e-05 -1.315472647922392e-05 -1.077616679465095e-06 -1.095934715317538e-06
-2.981201372975770e-05 -1.057328391485436e-05 -9.127874840049891e-07 -1.157816644169618e-06
-2.751877883383918e-05 -8.021874013776489e-06 1.665936227474679e-08 -1.598716151444661e-06
-3.697290705093969e-05 -1.317719448972754e-05 5.033073714889684e-07 -1.266941053833582e-06
-3.453790855532475e-05 -1.056996861751223e-05 -2.606159945706512e-07 -1.688035723166438e-06
-3.212163475896994e-05 -7.989158164171812e-06 -7.562741731597412e-07 -2.057052374927956e-06
-4.186676721867541e-05 -1.318751616991801e-05 2.541484458169277e-07 -6.414159485331030e-08
-3.941802489437921e-05 -1.056150379830659e-05 1.574946135260383e-07 -3.250122086916268e-07
-3.697745177454619e-05 -7.953542556819237e-06 -3.437411693545402e-07 -7.865202300866846e-07
-4.678726626469792e-05 -1.321527471766122e-05 -8.268229996305631e-07 -1.985802708467951e-06
-4.431749021169014e-05 -1.056349637774877e-05 2.790771469054738e-07 -7.775827288005708e-07
-4.186472515767918e-05 -7.936286333673404e-06 4.661386419330062e-07 -6.613015260062285e-07
-5.174875841446169e-05 -1.322608586913185e-05 -1.321478843146829e-07 -1.757252332980665e-06
-4.926462404265052e-05 -1.056446251722508e-05 -8.891488312996595e-07 -2.104141081123013e-06
-4.678671632120786e-05 -7.913678835867284e-06 8.089182462805226e-09 -1.145613625231321e-06
-5.672906578013534e-05 -1.322978434130463e-05 5.363348111930145e-07 -1.275513154310100e-06
-5.423700818722675e-05 -1.055908806754163e-05 2.266778819140769e-07 -9.433384416315340e-07
-5.175110234609064e-05 -7.897999315512522e-06 -1.029883508338860e-06 -1.394690799403422e-06
-6.173181324996193e-05 -1.323930755138276e-05 -1.212423799311240e-07 -1.445930083603901e-06
-5.922703676739038e-05 -1.055542366207807e-05 4.817847517543748e-07 -1.348243992156274e-06
-5.673072685461067e-05 -7.883727536278005e-06 9.283469062914249e-07 -7.749868810392208e-07
-6.675089068607827e-05 -1.325220141719231e-05 7.011202214454839e-07 4.453232918608542e-08
-6.423760116115551e-05 -1.055886003965676e-05 -2.518597708730362e-07 -1.759371330929801e-06
-6.172999406061184e-05 -7.874336214026236e-06 5.474936693710429e-08 -1.810351831683909e-06
-7.178698675872926e-05 -1.325860932077076e-05 1.261134496767897e-06 -4.062431279723586e-07
-6.926649778787074e-05 -1.056007375819333e-05 1.286053213218926e-06 -1.403678652497320e-06
-6.674976522898964e-05 -7.868076771252204e-06 4.042143418759058e-07 -3.183544485613054e-06
-8.263569178866784e-05 -1.297489978401714e-05 3.808355954462116e-06 -3.816170319887743e-07
-8.191617323913141e-05 -1.327263909300391e-05 3.602913597286087e-06 -2.586713452427586e-07
-7.405078330310558e-05 -1.055412901023738e-05 1.512695755163414e-06 -1.736648256317237e-06
-7.684445903181736e-05 -1.326413518338897e-05 2.247003317217705e-06 -1.979766310661597e-07
-7.179073059494679e-05 -7.855392193254305e-06 1.544140759684704e-06 -2.697520042325652e-06
-8.293374912941215e-05 -1.225580056747703e-05 3.886172671359191e-06 -6.491826941864105e-07
-8.122887178396803e-05 -1.055902011921603e-05 3.443948263553786e-06 -1.296864931855254e-06
-7.684213654713202e-05 -7.845490095504865e-06 2.049318453110584e-06 -3.128476696787594e-06
-8.293280677084894e-05 -8.863525389510871e-06 3.802053576720895e-06 -1.831355081862620e-06
-8.191450659701658e-05 -7.845756806369613e-06 3.455825061304798e-06 -2.301776362147884e-06
-8.263451699582946e-05 -8.143836745882963e-06 3.703913956605779e-06 -2.149538936709307e-06
