-1.166720492440532e-05 2.498925116631120e-06 5.256150913527244e-05 -8.593794522997347e-06
-1.168447757798411e-05 2.458064126942356e-06 5.314840916707191e-05 -7.569073779822594e-06
-1.168397233429408e-05 2.265224115240158e-06 5.321761702386246e-05 -1.665692085561810e-06
-1.166663952032369e-05 2.224154963774951e-06 5.265248623415833e-05 -7.206452416387339e-07
-1.162567959932041e-05 2.515694809001767e-06 5.121318420118844e-05 -8.915111220182910e-06
-1.154750040424560e-05 2.361046053406400e-06 4.910982861467032e-05 -4.714338452928226e-06
-1.162498820303705e-05 2.207242257681869e-06 5.135963481007905e-05 -4.437813467370970e-07
-1.133736654952341e-05 2.510543682823046e-06 4.722813247370548e-05 -6.205209587706099e-06
-1.133630734181990e-05 2.207338754759914e-06 4.763060573537726e-05 -4.012735481679537e-06
-1.118588325637045e-05 2.357996939944742e-06 4.557644601736068e-05 -5.211934825949875e-06
-1.105685903460012e-05 2.517961807382071e-06 4.301163672811939e-05 -7.514803019926137e-06
-1.105806087457289e-05 2.200035076167684e-06 4.245654717883692e-05 -2.126777219380603e-06
-1.090735471866391e-05 2.360798087366145e-06 4.018328186505869e-05 -4.662509745607104e-06
-1.074669435658511e-05 2.534877094205352e-06 4.024730202771729e-05 -4.882793424854052e-06
-1.074883325222140e-05 2.191230942819050e-06 3.959270631727903e-05 -4.015479231688392e-06
-1.058197409629258e-05 2.364538148081432e-06 3.891534948200376e-05 -4.419902292915596e-06
-1.040031731202949e-05 2.562551550021255e-06 3.601866403427993e-05 -6.958484728614132e-06
-1.039929812652458e-05 2.165202512806002e-06 3.589931019827534e-05 -2.424330662554658e-06
-1.021415528331052e-05 2.362426073505986e-06 3.235810704302739e-05 -5.076501932771357e-06
-1.001685559660823e-05 2.581721636128534e-06 3.128586778521509e-05 -7.254232206849302e-06
-1.001532330128494e-05 2.140042471605622e-06 3.013434382632305e-05 -2.668947188764969e-06
-9.809902691627087e-06 2.359281430635981e-06 2.989557141929998e-05 -4.422753890723412e-06
-9.582380365876358e-06 2.609672308235576e-06 2.925375720807633e-05 -7.438288533555566e-06
-9.584406941506365e-06 2.109525356360267e-06 2.894369538056487e-05 -2.015694610936351e-06
-9.350127559756054e-06 2.360355565750165e-06 2.716830393010967e-05 -4.428389118487254e-06
-9.104069681967900e-06 2.633587331336883e-06 2.504505305343901e-05 -7.219543628580167e-06
-9.100789681726489e-06 2.082976246701221e-06 2.493883731341230e-05 -1.857983095300208e-06
-8.842915770040057e-06 2.356777859787592e-06 2.325821609132941e-05 -4.590150120235501e-06
-8.554574467990875e-06 2.670649084369893e-06 2.226882340043799e-05 -5.762713137368295e-06
-8.554769820750042e-06 2.040195806322501e-06 2.239241137745819e-05 -3.650253683262672e-06
-8.254178596687557e-06 2.353327435760457e-06 2.037873415986487e-05 -5.021076599009340e-06
-7.939441161704212e-06 2.692054807410300e-06 1.867439279948995e-05 -5.103767545171225e-06
-7.936023597978670e-06 2.005795879366566e-06 1.760100204151654e-05 -3.498522698961174e-06
-7.614243490655188e-06 2.344537624055307e-06 1.701297583613127e-05 -3.524182060985055e-06
-7.273032265686338e-06 2.713949829680648e-06 1.532046993005469e-05 -4.810522820371653e-06
-7.273597224272819e-06 1.969939122985270e-06 1.772631373207688e-05 -3.777226425425312e-06
-6.939216259995398e-06 2.343315983601417e-06 1.518952034940002e-05 -5.518244748970111e-06
-6.587174910141726e-06 2.749807711906690e-06 1.495633056619565e-05 -5.165996900466998e-06
-6.585456818843390e-06 1.934261168711455e-06 1.250039635067731e-05 -2.906092462297959e-06
-6.313321833935146e-06 2.373981154677361e-06 1.398977298965500e-05 -4.119565758888826e-06
-6.009862710747400e-06 2.778138931447680e-06 1.268697704718059e-05 -7.576249183577269e-06
-6.009129674385426e-06 1.899372448136501e-06 1.361440498455498e-05 -3.888000021134099e-06
-5.559659776664597e-06 2.790435340752069e-06 1.004903949345909e-05 -7.093854527661680e-06
-5.651153355878565e-06 2.490401607232072e-06 9.950424414019053e-06 -6.785310212153228e-06
-5.564415870268767e-06 1.886076826372775e-06 9.117363750213523e-06 -2.452690775664131e-06
-5.235297423127756e-06 1.873171309615911e-06 6.797355232199602e-06 -1.869358275060930e-06
9.551215279050535e-07 -4.235996694688902e-07 2.151886475504201e-05 -4.773274682228175e-06
9.394962160673214e-07 -3.950657336254567e-07 8.766848512804328e-06 1.772070838518962e-05
9.932805436675917e-07 -6.212767452681364e-07 1.783975131280777e-05 5.358855060112990e-05
1.002590883450801e-06 -6.796964243174970e-07 3.868033726877095e-05 1.676989355951092e-06
-5.234649251287983e-06 2.800963985271995e-06 9.823099683225632e-06 -5.923018666061350e-06
-4.925708800532562e-06 2.798771412844774e-06 9.711170184389319e-06 -3.800544710291955e-06
-5.172907554125671e-06 2.223579499424805e-06 6.841758355609828e-06 -4.552292989397487e-06
-4.931253994787977e-06 1.828075729385594e-06 9.030602881182044e-06 -3.528501028362669e-06
9.977675623805288e-07 -4.370405780436996e-07 6.437891238871278e-05 -2.782834039562830e-05
8.322892566786178e-07 -5.055638187292715e-07 -4.875759216290850e-05 -9.177396406744051e-06
9.971148180754168e-07 -7.120673168002215e-07 2.265793576073386e-05 -6.839263435461245e-06
-4.833094195747298e-06 2.507607132382237e-06 8.363403708867310e-06 -3.595677850022415e-06
-4.609253102602160e-06 2.765537829284813e-06 5.388684892321350e-06 -3.417031810714325e-06
-4.284194194364612e-06 2.685130782399957e-06 3.202899492982682e-06 -6.249143889067096e-06
-4.736909139892552e-06 2.089580310055861e-06 9.407870024651918e-06 -5.594224372450228e-06
-4.617137055444627e-06 1.712367895240918e-06 8.234273713405685e-06 -4.519262742460002e-06
6.231027238022386e-07 -3.717274928910133e-07 7.546346021870382e-06 1.159916731743310e-05
6.415379756426701e-07 -6.619773510219270e-07 1.187536161783418e-05 3.943488624533356e-06
4.507082472069296e-07 -5.577646213651506e-07 -9.569333395337356e-06 -2.884417364300458e-06
-3.956644473560055e-06 2.569814448608496e-06 4.437288557947962e-06 -8.225630276219214e-06
-4.245952570813678e-06 2.354402828296955e-06 4.918760583095742e-06 -7.002731697820206e-06
-4.356962920945934e-06 1.925858370452486e-06 7.016089953307129e-06 -3.555477843435767e-06
-4.312984549556056e-06 1.538012793335411e-06 6.281368747360062e-06 -2.671197707381946e-06
2.939515589415133e-07 -3.124598053495487e-07 -2.382026389270119e-06 -5.860633544784874e-06
2.880869897397266e-07 -6.964659536713629e-07 1.990681117503641e-06 -6.690416561541908e-06
8.467455765314829e-08 -5.573919417585661e-07 -1.511733939163070e-06 6.910095289581303e-06
-3.638389043620117e-06 2.410940340126641e-06 4.805655861112362e-06 -6.477821887085208e-06
-3.330923388588882e-06 2.206472992931751e-06 6.849520238478687e-06 -6.211390122403515e-06
-3.943505268135884e-06 1.850084144754894e-06 5.517228074166407e-06 -7.454300429118348e-07
-4.029479408314205e-06 1.313999047161432e-06 6.891859141185833e-06 -1.616035892411575e-06
-1.340302934457754e-07 -2.625377618630336e-07 -2.187029551273806e-06 3.365171222172167e-06
-1.438128864090314e-07 -7.715888929122649e-07 5.026379127005762e-06 -3.697853776950095e-06
-3.405180220439684e-06 1.874434261894782e-06 6.506071626437396e-06 -4.131747825783406e-06
-3.036527234522967e-06 1.965188162392517e-06 5.350065125533032e-06 -4.734539036533207e-06
-3.536255032147797e-06 1.480351417181554e-06 4.081455296141316e-06 -2.991042843059425e-06
-3.764270062687997e-06 1.025279110184887e-06 9.244288584497709e-06 -1.320372071738418e-06
-4.071618923099402e-07 -5.709292214335832e-07 1.204356889715306e-06 1.069265146930824e-06
-6.968011145689490e-07 -1.738516176619498e-07 4.047619023406088e-08 7.243477467051472e-06
-7.017068307164309e-07 -8.893642167335633e-07 -3.189811097634064e-06 1.434312533190209e-06
-2.769601833274931e-06 1.687175041927554e-06 2.601501426019325e-06 -4.220566967845660e-08
-2.534816793707465e-06 1.368780336794102e-06 -6.178527630351811e-07 -2.462091685415790e-06
-2.333043213410821e-06 1.019527476916887e-06 -3.650487688975055e-06 -4.707859031438783e-06
-3.260624347285078e-06 1.102915469587543e-06 2.890693768774288e-06 -2.646282125785101e-06
-3.551720555100321e-06 6.982049663342650e-07 7.743036473279194e-06 2.002166473776046e-06
-9.505862294336696e-07 -5.311169116435643e-07 3.055521134912593e-06 -4.660154127266229e-06
-1.275067443002527e-06 -1.110856792308626e-07 6.101089667864194e-06 1.801956825404756e-06
-1.270038686646614e-06 -9.967353199824776e-07 -3.159234130537170e-06 5.896864807432685e-06
-2.721622097166720e-06 1.026961126066150e-06 1.048539019104606e-06 -3.547542052383467e-06
-2.170584235813611e-06 6.360004910291235e-07 -2.614856079466800e-06 -7.536071913201365e-07
-1.777757547696512e-06 -1.696706640550127e-08 2.199376505097692e-06 -6.846139304970599e-06
-1.945730358294966e-06 7.225234014772069e-08 5.851008353737909e-06 -9.970957350907168e-06
-2.045851616481866e-06 2.335082988333078e-07 7.485759290171551e-06 -8.599249583939291e-06
-3.068260620663615e-06 6.468974296309035e-07 6.413523719826074e-06 7.606638238145795e-07
-3.400276406333175e-06 3.292552763887092e-07 3.686981747827913e-06 -6.038457497301337e-06
-1.537328675440952e-06 -4.600128243129882e-07 2.124812918638612e-06 3.122495566759135e-06
-1.757075170139306e-06 -1.064546889572344e-06 1.004511697892401e-05 -1.080581271031963e-05
-2.428963542885491e-06 3.693460373721596e-07 1.088791133949654e-06 1.447710166407900e-06
-1.938125620709883e-06 -2.415720124776143e-07 1.408300177746592e-06 2.238254694278372e-07
-2.134680628500320e-06 2.392172350644687e-08 7.686812991947969e-06 -6.944095409611653e-06
-2.912979074742473e-06 2.010456937687759e-07 9.852761500952755e-07 3.400095883959178e-06
-3.314575098447534e-06 -7.327573118695180e-08 -1.560796550022360e-06 -4.823897308398203e-06
-1.933229231451812e-06 -7.479630183381171e-07 -2.194922027651368e-06 2.523598890794964e-06
-1.893632168047808e-06 -1.134541194913956e-06 1.289708486313857e-05 -1.191700533777369e-05
-2.507657297219099e-06 -3.341378213056327e-07 2.319643168417081e-06 6.789562322238119e-06
-3.301395182770953e-06 -5.020871059224570e-07 6.536235752996966e-06 -8.706025928194897e-06
-3.396430429893948e-06 -9.429816346085064e-07 5.240085374950646e-06 -1.795510625988621e-06
-2.220286506457711e-06 -1.015700815178922e-06 -3.559924031263924e-06 2.193539842405823e-06
-1.967705707320650e-06 -1.304115691992647e-06 1.866609765163583e-05 -9.767338574347137e-06
-2.056162239976636e-06 -1.814558861748542e-06 1.558219213887674e-05 1.948533802410338e-06
-2.929771390629070e-06 -9.891548800062018e-07 8.051821711911489e-06 3.915669963200138e-06
-2.194891918746834e-06 -2.336741078330147e-06 4.518373022813825e-06 2.781015360795926e-06
-3.582356011008104e-06 -1.391357657721735e-06 -3.945341944790756e-06 2.542092108299004e-07
-2.492892518519584e-06 -1.826352291740409e-06 -2.602383780568654e-06 7.319982814508885e-06
-3.176793961259222e-06 -1.864225062943525e-06 7.346942865665607e-06 -1.186116715893258e-07
-2.401853964295509e-06 -2.842121065308919e-06 -2.057119930466738e-06 -7.575489086081128e-07
-3.862912184719649e-06 -1.851390074479740e-06 -2.095452606675308e-06 3.381168360695350e-06
-3.653039701827449e-06 -2.345610884940531e-06 7.364554885329429e-06 8.655197907965795e-08
-3.138842802376997e-06 -2.657657612942189e-06 6.179163842151472e-06 2.416321828365665e-06
-2.704649425340797e-06 -3.365881177967154e-06 7.125178176595265e-06 -2.797907835340479e-06
-3.080836032543725e-06 -3.864379908887182e-06 3.810737836798543e-06 4.197104304761674e-06
-4.264018723737510e-06 -2.303813354151670e-06 1.032183755110834e-06 3.400879038897810e-06
-3.991448770902914e-06 -2.918166422868794e-06 5.654656061215583e-06 1.963474077944788e-06
-3.664489908806194e-06 -3.669217037714325e-06 1.227189241600773e-06 6.148884853716592e-06
-3.520621432476886e-06 -4.352331120338357e-06 2.983737018496277e-07 5.827513748081549e-06
-4.761624633892094e-06 -2.709615605694173e-06 2.981341312837619e-06 1.019557342050547e-06
-4.616397971664725e-06 -3.677477184152017e-06 4.438144656947796e-06 5.193855284621532e-06
-4.047877253149756e-06 -4.792586377644819e-06 5.325858987189190e-06 3.954329683013266e-06
-4.652564485345102e-06 -5.177867178005093e-06 3.685425974858578e-06 1.095529527645023e-06
-5.321589174436333e-06 -5.521105146504391e-06 3.320783088054394e-06 3.595592271527538e-06
-5.366374068286491e-06 -3.889108888708686e-06 3.864102644561196e-06 3.618071056511484e-06
-5.360091383083007e-06 -3.060808671386251e-06 4.947390459146674e-06 5.296928261324626e-07
-5.211504154856738e-06 -4.743804485864425e-06 2.539782537294895e-06 2.194141429995477e-06
-6.057048632820623e-06 -5.782238837237181e-06 6.716819387725749e-06 4.846340882670643e-06
-6.848854221660762e-06 -5.967584640237074e-06 7.577400334630970e-06 3.466259734792801e-06
-5.993359475979930e-06 -4.074366065489503e-06 4.708592037781323e-06 2.722071153540817e-06
-6.055865989937998e-06 -3.309738747605693e-06 5.928974857950915e-06 1.379153450220409e-06
-7.672208883113838e-06 -6.056056629976170e-06 6.113453182366641e-06 3.438335142182742e-06
-6.732310877743705e-06 -4.809499639908250e-06 7.529847599110508e-06 3.505115305165489e-06
-6.833390899021581e-06 -3.451026038750039e-06 5.685765856156032e-06 1.627381759626478e-06
-7.847193768080182e-06 -4.941244087367627e-06 6.642988174604773e-06 4.029249583513684e-06
-8.620040457128494e-06 -6.106533158081896e-06 5.350758040313671e-06 4.792136789928002e-06
-7.653485698338449e-06 -3.479874316642704e-06 7.420501112395415e-06 2.660603208974598e-06
-9.968563413445528e-06 -6.157109254170257e-06 6.308416213922087e-06 3.921767211540190e-06
-8.885752976136578e-06 -4.294203706927619e-06 7.295455008640587e-06 3.966092040807527e-06
-8.619276940416476e-06 -3.429629890263353e-06 7.417846685192772e-06 3.430599812273166e-06
-1.191832903592246e-05 -6.242527483054154e-06 6.093729501739307e-06 4.851632229697757e-06
-1.092883821903033e-05 -4.655685561395175e-06 5.967804257089516e-06 3.216735502384317e-06
-9.969553921681661e-06 -3.366354966897119e-06 6.522725163453646e-06 3.353437099423495e-06
-1.465776183783598e-05 -6.331903319735015e-06 8.813708677365109e-06 3.634916481243976e-06
-1.326225527578145e-05 -4.768276432072608e-06 7.524495206566829e-06 3.728475429683795e-06
-1.191785018354969e-05 -3.286417876836876e-06 6.577688352110193e-06 2.703066175434872e-06
-1.765584058422915e-05 -6.387504439049929e-06 1.016499289274284e-05 3.171150502655174e-06
-1.614023666760048e-05 -4.757740232232176e-06 9.492499612929885e-06 3.364746736391485e-06
-1.466548132423734e-05 -3.194841033038802e-06 8.366613302079114e-06 3.666158429238970e-06
-2.074828783391497e-05 -6.436055509744272e-06 1.056563367335948e-05 5.549611783888928e-06
-1.918437222484968e-05 -4.758657419943709e-06 1.019869607980212e-05 4.115025039751667e-06
-1.765123550262644e-05 -3.129001477091916e-06 9.682910568457562e-06 3.406166494609366e-06
-2.394610839046583e-05 -6.477033658991920e-06 1.128283245466525e-05 4.941825216153061e-06
-2.233453984653899e-05 -4.752352119936566e-06 1.124569002780559e-05 3.662600012874241e-06
-2.075408881653039e-05 -3.072960895645562e-06 1.141497874011058e-05 2.327331964004295e-06
-2.721541933136136e-05 -6.515955691108106e-06 1.214191418545290e-05 3.684425974560130e-06
-2.556841035963742e-05 -4.756120432561143e-06 1.145205330208107e-05 2.610038849172455e-06
-2.394307112372630e-05 -3.031589345324662e-06 1.114282131971892e-05 1.387331921799697e-06
-3.052099712633389e-05 -6.528087242570858e-06 1.327405636645254e-05 3.929508531133999e-06
-2.886673046525313e-05 -4.754268603677535e-06 1.281680640196707e-05 3.662503949980524e-06
-2.721648763859432e-05 -2.994277975299769e-06 1.168809983929962e-05 2.115316742614984e-06
-3.383989821267467e-05 -6.538420279463238e-06 1.461859381866211e-05 5.920072124478958e-06
-3.217667695173476e-05 -4.756020219123001e-06 1.373934166795896e-05 4.132582160396688e-06
-3.052034845294396e-05 -2.981283522869142e-06 1.333766279648483e-05 4.445675149677181e-06
-3.717220575959762e-05 -6.543503240927873e-06 1.226938646078256e-05 1.620101479054468e-06
-3.550510534547835e-05 -4.757901007536240e-06 1.415145247797356e-05 3.739044192755410e-06
-3.383891848763426e-05 -2.976441562052561e-06 1.465614166655157e-05 1.909650778392836e-06
-4.050954621690320e-05 -6.547433122127898e-06 1.738244836850998e-05 3.568886969224387e-06
-3.883977841748473e-05 -4.755366813245069e-06 1.368757617630614e-05 3.441151290088852e-06
-3.717333898938508e-05 -2.969862666756143e-06 1.237504686630457e-05 5.584630929451562e-06
-4.767273700129990e-05 -6.344055002209736e-06 1.636683809049100e-05 4.937660005009780e-06
-4.719816596772550e-05 -6.540920702603465e-06 1.590372121434067e-05 5.065598899008070e-06
-4.200818200773854e-05 -4.753075023819725e-06 1.779198752948014e-05 3.033821483284403e-06
-4.385591715700536e-05 -6.545927980357814e-06 1.483263704762976e-05 4.194812455002448e-06
-4.051038558913232e-05 -2.960857958726902e-06 1.763403419969154e-05 2.898697462586562e-06
-4.786927850195123e-05 -5.869072993380628e-06 1.657067870457729e-05 4.576818402196550e-06
-4.674733750382402e-05 -4.750578988091333e-06 1.546427138503886e-05 3.718719506322038e-06
-4.385659189333383e-05 -2.957821616902975e-06 1.456938426838535e-05 2.206233067464606e-06
-4.786939942487637e-05 -3.631932524086645e-06 1.649519465917866e-05 2.988443174538579e-06
-4.719847430520486e-05 -2.960345060069521e-06 1.574390110347845e-05 2.383906355000001e-06
-4.767291387470086e-05 -3.157119219333226e-06 1.626573276656045e-05 2.553629224252648e-06
