1.982575173579934e-05 -1.191246408020671e-06 -2.187392022698604e-05 6.663457950306395e-06
1.993019542104580e-05 -9.400070260981131e-07 -2.206654315548630e-05 5.983791436603201e-06
1.993070906191450e-05 2.438476644952022e-07 -2.240320546162360e-05 1.714038955884434e-06
1.982622519600964e-05 4.955546451110564e-07 -2.221254028908819e-05 8.603595621442807e-07
1.957387403723969e-05 -1.295236204891328e-06 -2.135899657375961e-05 6.946669665528577e-06
1.910065183382946e-05 -3.478517198124616e-07 -2.111615964559491e-05 3.846530264628156e-06
1.957410352922574e-05 5.997890573044458e-07 -2.162706642691781e-05 4.867910339927605e-07
1.779634368971472e-05 -1.293904259837037e-06 -2.211383779784619e-05 5.389294652711798e-06
1.779528274405168e-05 6.013373475470521e-07 -2.176188705819553e-05 7.900026175633791e-07
1.682140809960115e-05 -3.463039959948543e-07 -2.117763346392719e-05 2.529124245615631e-06
1.603120792567728e-05 -1.293892098137103e-06 -2.059388477665552e-05 1.965619954804514e-06
1.603200795877700e-05 5.994588644723442e-07 -2.039208807679081e-05 2.675525801455413e-06
1.515304189114243e-05 -3.472522227472596e-07 -1.944223443527028e-05 2.700926559912250e-06
1.428466942369738e-05 -1.275922748022837e-06 -1.874916668551228e-05 4.071829479332369e-06
1.428625243471574e-05 5.818688647213135e-07 -1.987179081425774e-05 3.672666680928023e-06
1.342267675169290e-05 -3.459132696457228e-07 -1.989560569091496e-05 4.002448839989075e-06
1.256589575991492e-05 -1.258974052301428e-06 -1.932926035928628e-05 4.942479284843363e-06
1.256635609505684e-05 5.666795180630369e-07 -1.933210745220032e-05 2.010147908111413e-06
1.171449984849233e-05 -3.472329521514962e-07 -1.806974536107776e-05 2.802187770768966e-06
1.087849032841097e-05 -1.237224511247747e-06 -1.649810767703155e-05 4.773362155138037e-06
1.088224062154248e-05 5.360362069091228e-07 -1.691013437340406e-05 2.438573148439527e-06
1.005561975758064e-05 -3.522794565834589e-07 -1.745408547206794e-05 3.618158911218114e-06
9.242149723423757e-06 -1.214636014102189e-06 -1.841687764257111e-05 4.750315473905985e-06
9.242484256508967e-06 5.099331536778364e-07 -1.699181807356875e-05 8.850300355522255e-07
8.438907050945766e-06 -3.539327496114427e-07 -1.588505903523820e-05 2.020659333098541e-06
7.661687216607212e-06 -1.180059547757766e-06 -1.443757562434842e-05 2.616671522720212e-06
7.664857556768987e-06 4.694963076371426e-07 -1.576301402151523e-05 3.108975474618139e-06
6.899118048341905e-06 -3.570895190652706e-07 -1.564691127232431e-05 3.270254139211815e-06
6.152455989774563e-06 -1.150125515502624e-06 -1.510413575203394e-05 2.459848248361739e-06
6.153109932194579e-06 4.338435870804019e-07 -1.568196993007801e-05 5.200632785500397e-06
5.417614831679076e-06 -3.608064290179303e-07 -1.396596106742714e-05 3.849418475561896e-06
4.713544954642292e-06 -1.106955135128208e-06 -1.294295027398423e-05 3.082229486956080e-06
4.708453131076714e-06 3.877597962156364e-07 -1.245174609958248e-05 3.045300586441922e-06
4.020136697520089e-06 -3.592013902286572e-07 -1.141776172517057e-05 2.847123405723914e-06
3.356844015812445e-06 -1.060506019034402e-06 -1.267354027815597e-05 5.286480960185870e-06
3.362070179116076e-06 3.376619369508260e-07 -1.062056598373695e-05 4.422666497326517e-07
2.739065225705859e-06 -3.621083690326599e-07 -1.362064756490341e-05 9.599318073161671e-07
2.163714832528668e-06 -9.857211925157833e-07 -1.032560659519645e-05 4.190511086102609e-06
2.163169210048446e-06 2.562687540535003e-07 -1.362014777340610e-05 2.099584410240175e-06
1.746777050811768e-06 -4.057693010331370e-07 -9.749728683686871e-06 5.456451248427575e-06
1.354635794429716e-06 -9.219632300180360e-07 -9.226281912747679e-06 1.932504739698020e-06
1.355605996570690e-06 1.867112532636828e-07 -1.034033126986904e-05 1.776263324541084e-06
8.236377420082230e-07 -8.656057230152544e-07 -9.180256690969968e-06 3.735257393001556e-06
9.073736021458635e-07 -5.469453703171568e-07 -1.074594375951566e-05 2.189224440242090e-06
8.283630809892572e-07 1.402941194852731e-07 -6.741204568154517e-06 8.077455397910953e-06
4.831421214897314e-07 9.279939499774336e-08 -6.577564254028157e-06 3.785240347555324e-06
2.589966481281740e-07 -2.178267158553175e-08 -9.928164920044750e-06 -7.762531123276816e-06
2.374437744377590e-07 -2.974204969098972e-09 1.592894034334588e-05 -1.037376058771801e-04
2.251718004846455e-07 -3.769042911993513e-08 1.730702081493559e-05 1.073285633179045e-04
2.359205460354978e-07 -8.783072813742626e-08 5.131871576870817e-06 -1.137337849857568e-05
4.763039422123053e-07 -8.185902640890193e-07 -4.150382899086631e-06 4.607567650986037e-06
1.950511800718896e-07 -7.652996693949328e-07 -4.193495167562677e-06 4.901800296646876e-06
3.935768892379713e-07 -2.478552502307286e-07 -9.454155897994985e-06 2.413041664212355e-06
1.796291635521854e-07 6.476446747355583e-08 -2.278299776636973e-06 -8.965486723755655e-07
2.941738218932473e-07 -2.485230099962009e-08 -2.255870828092861e-05 1.619369118838985e-05
2.050714515048172e-07 -4.071500179254745e-08 2.183882300078357e-05 1.901878866714945e-05
2.282807843287714e-07 -1.112028659994069e-07 -4.784570564821653e-05 -6.660221181143814e-05
9.409537277984993e-08 -4.898891751281372e-07 -5.459260585802746e-06 3.546852842363242e-06
-5.687879913277692e-08 -6.725297696456935e-07 -7.875308098838522e-06 5.511520920561480e-06
-2.705545042963465e-07 -5.667350397826516e-07 -6.196737177594632e-06 4.852960897338229e-06
9.728999342497076e-09 -1.613840584511436e-07 -2.511847761710004e-06 -8.149894214334474e-07
-6.777978878543659e-08 7.812517364182909e-08 -1.099917689442117e-05 5.993435964729183e-06
1.558809939293164e-07 1.541071542163039e-08 -1.330108691654746e-05 -1.399880875707355e-05
1.545875306243749e-07 -4.567204581273949e-08 3.613930622255215e-06 3.939879578263479e-06
1.008942063940490e-07 -6.471346086745681e-08 1.700566856549387e-05 -5.420849864904863e-06
-4.434968645464816e-07 -4.338898955007813e-07 -5.689601804799258e-06 3.609398554704508e-06
-3.124174651650307e-07 -3.289454338286137e-07 -5.095407364479574e-06 1.810304967710958e-06
-2.433695991231671e-07 -7.299071668065160e-08 -4.459251906265325e-06 7.742210392397407e-06
-2.788688838074708e-07 1.102451609640753e-07 -1.093823739981085e-06 -4.169500044913923e-06
5.212109301610871e-08 2.856367346494982e-08 -5.993068959218626e-06 4.669200602189923e-06
7.605724106243605e-08 -6.523930122805834e-08 -8.022062664257730e-06 1.041615499942841e-06
-3.964101293705080e-11 -5.685793981431526e-08 1.207329688963057e-05 -1.629085185231010e-05
-5.835446828857251e-07 -3.107008005929943e-07 -6.767572752249488e-06 4.643696711587113e-06
-6.863435806072138e-07 -1.868883812034402e-07 -5.547584147685734e-06 2.895616167067058e-06
-4.671955278389883e-07 -4.486489157267881e-08 -3.850562907148846e-06 1.921806459171565e-06
-4.533706455886831e-07 1.449752111491853e-07 -1.241784706155250e-05 1.313362478793721e-06
-5.571721226942639e-08 5.327825996019508e-08 -7.843295925596549e-06 7.275392928556486e-06
-6.372496528605085e-08 -6.639862442173323e-08 -9.543944922403914e-07 9.345817317251927e-06
-6.590320468092894e-07 -3.800797021750253e-08 -3.188862024493827e-06 1.892948002098552e-06
-7.334348087516456e-07 -5.938480504237910e-08 -2.369413667240255e-06 4.795974120645864e-07
-6.232097393488576e-07 7.865063005555661e-08 -3.522580243868903e-06 3.200916592896466e-06
-5.826119545410631e-07 1.672611140717592e-07 -1.939464327992574e-06 1.963655195243614e-06
-1.226232840906799e-07 -5.043922628669720e-08 4.480139735273703e-06 -1.420585269711989e-05
-2.079924057181286e-07 8.239235181750489e-08 2.886407899874658e-06 6.198425481980748e-06
-2.071354515058301e-07 -9.272449934299878e-08 -4.715157493004999e-06 1.610653323655556e-06
-7.570386029964845e-07 4.693142147659154e-08 -1.435145446032412e-06 9.272029314026724e-07
-7.384663443099287e-07 1.004311542528202e-07 -4.355174500908163e-06 1.062900543690822e-06
-6.964576416777973e-07 1.441681455353787e-07 2.407596002987033e-07 6.182791082629323e-07
-6.791674093734501e-07 1.505815582224454e-07 -5.932245927147510e-06 1.150331163668296e-07
-6.750680457484047e-07 1.873590954029629e-07 1.435875404656117e-07 9.184872133503510e-06
-2.634858986602135e-07 4.798611526717485e-10 -5.337758652166931e-06 -5.541101910954458e-07
-3.418474471471399e-07 7.726961051626206e-08 -1.095524755472058e-06 -1.045883581156451e-06
-3.522134342457359e-07 -1.234342761999232e-07 1.955425586968169e-06 -4.011983655144151e-06
-7.151254822393135e-07 1.523523634727339e-07 -6.852712013578141e-06 -1.223050469599938e-06
-6.474363847553843e-07 1.679116371870317e-07 5.036692570062798e-06 2.323544549421992e-06
-4.983484321628618e-07 9.976339325512933e-08 2.342043489127275e-06 -1.209833202501095e-05
-5.298438498775317e-07 1.082630324870546e-07 -5.358485629246118e-07 -7.440184420169571e-06
-5.642725956392773e-07 1.291748683067388e-07 -8.894462490777009e-07 -1.575960599277477e-06
-7.096378988908864e-07 1.765008854568272e-07 -2.712658832109317e-06 -2.446575048706269e-07
-7.338747401556506e-07 1.577330309158040e-07 1.317353957301857e-07 -5.994425021720479e-06
-4.103400690808467e-07 -6.739022848099317e-09 -2.342008568173801e-06 4.661190516476603e-06
-4.439285285339686e-07 -1.517028717551665e-07 -7.937636996470451e-07 -1.295184928012960e-05
-6.629047444496022e-07 1.559932629687213e-07 1.084363215321652e-07 -3.866946139228549e-10
-5.153918067654896e-07 5.783594905363961e-08 4.140541986923732e-07 -4.685106534472459e-06
-5.675783373514634e-07 9.792426436955168e-08 -1.741495263036384e-06 -3.061979403325342e-06
-7.110765752669466e-07 1.359647496025526e-07 -4.433478135162548e-06 -9.733740629747770e-07
-7.844048281777404e-07 9.646480648301419e-08 -9.195268951729070e-06 -5.365252281786155e-06
-4.921942441876428e-07 -7.113369304588616e-08 -4.310139884826669e-06 1.026216339431189e-07
-4.676428339345060e-07 -1.705270551275803e-07 2.563544879127115e-06 -1.152912736262062e-05
-6.441285359685406e-07 3.432307232880710e-08 -8.347520630538251e-07 3.882390395791593e-06
-8.282767227290452e-07 3.505762172208221e-09 -4.598471415426501e-06 -1.036920404314891e-05
-9.144017177238752e-07 -1.267846188634234e-07 5.808884475526144e-06 -5.701468166357080e-07
-5.556738485285151e-07 -1.334514808488068e-07 -5.661953464542440e-06 1.524226486444801e-07
-4.753622843265901e-07 -2.279432519496775e-07 5.240483186565997e-06 -1.092945203266438e-05
-4.639432250915793e-07 -4.256296542808300e-07 8.500577932513098e-07 -4.525473286843369e-06
-7.606650964036824e-07 -1.248178614141109e-07 -1.635361867534153e-06 1.728370255944842e-06
-4.770957460965572e-07 -6.475588557379456e-07 -3.137168378180836e-06 6.485275683677596e-06
-1.018613039864994e-06 -2.649278604705069e-07 4.463730214587010e-06 -4.862456548091812e-06
-6.071057858598949e-07 -4.198704538801504e-07 -4.908654013850996e-06 -2.262687924792138e-06
-8.685396522884065e-07 -4.291489931431700e-07 -8.145397258305418e-06 -2.781646839791018e-06
-5.415563147860954e-07 -8.711382237319762e-07 5.205376551217898e-07 9.319190289175405e-06
-1.171788400999447e-06 -4.206578260930465e-07 -1.410946584903749e-06 7.347668530008214e-06
-1.096634039680981e-06 -6.303452372007981e-07 -6.171926826533044e-06 -7.236880176405132e-07
-8.477088064108099e-07 -7.760781379201571e-07 -2.692732627314469e-06 -1.130256889425708e-05
-6.391878036523658e-07 -1.116816031478321e-06 -1.285644368346910e-06 -3.357423746588093e-06
-8.098144116549022e-07 -1.416817732741930e-06 -2.042835421449498e-06 1.018847918122509e-06
-1.406329657767083e-06 -6.131292903077066e-07 -7.453924487295633e-06 2.735519719845380e-06
-1.283008483513927e-06 -9.127405216287959e-07 -7.063613774378929e-06 -6.842724086342613e-06
-1.105095752966864e-06 -1.315488594060464e-06 -4.587347018251190e-06 -2.178628492257647e-06
-1.022767602253699e-06 -1.698491897765476e-06 -4.266243447073077e-06 -3.028095613111386e-06
-1.690434004315849e-06 -7.912873136046254e-07 8.464518473817402e-06 3.503997832163949e-06
-1.635609848483220e-06 -1.321641825764383e-06 -4.517498115552979e-06 -3.191969181244364e-08
-1.313931315984113e-06 -1.952842056081885e-06 -4.874892822386266e-06 -7.383777128775115e-06
-1.657700980029323e-06 -2.210770173727932e-06 -2.980212623415613e-06 -9.191011927842469e-06
-2.045678968791430e-06 -2.442127076766925e-06 -5.106585258402434e-07 -7.903601209111516e-06
-2.074964823334221e-06 -1.447871262253419e-06 -9.272587276464184e-06 -4.904064146238164e-06
-2.065401954342629e-06 -9.643907372655008e-07 -2.351940143480335e-06 3.920676857444746e-07
-1.976862598702312e-06 -1.962178994180841e-06 -4.059747226117593e-06 -7.665084944097814e-06
-2.501499499030607e-06 -2.610323902038215e-06 -3.057080185720760e-06 -5.157671022342759e-06
-2.997842856756884e-06 -2.742278115074207e-06 -1.197110551459579e-05 -3.702154491370727e-06
-2.450438223550488e-06 -1.562239472087028e-06 -5.537578389700713e-06 -5.545311347410770e-06
-2.486607679967079e-06 -1.092673757849521e-06 -5.796257997826657e-06 -7.767151288857766e-06
-3.503421916362163e-06 -2.823826725050382e-06 -8.087144430971815e-06 -3.062388946922208e-06
-2.910579745927737e-06 -2.012231000994634e-06 -7.641666611506915e-06 -4.374993071527617e-06
-2.976553906645514e-06 -1.168939918150368e-06 -6.454806133624492e-06 -4.413310334900760e-06
-3.615695882206992e-06 -2.099207725178762e-06 -4.816071792396990e-06 -2.149007580165888e-06
-4.129754030936403e-06 -2.881134532184077e-06 -1.312738542852511e-05 -7.546126654726220e-06
-3.492573576312159e-06 -1.170106610934762e-06 -1.150319921966532e-05 -2.500703962327228e-06
-5.024147077915197e-06 -2.924067263303594e-06 -8.117263324227785e-06 -5.769041497393612e-06
-4.295628300755177e-06 -1.680391565926841e-06 -7.176405705121455e-06 -6.412635607982887e-06
-4.125802062207220e-06 -1.116646757498377e-06 -8.753041214613151e-06 -4.860350091850233e-06
-6.365279515116062e-06 -3.011077069008031e-06 -1.140913634205235e-05 -8.193269875581927e-06
-5.679755516677544e-06 -1.919313716550178e-06 -9.634500550482581e-06 -5.458291171535756e-06
-5.030475796345015e-06 -1.045545419375182e-06 -1.145873687957459e-05 -1.517608495703387e-06
-8.282444176626977e-06 -3.094571565984960e-06 -1.589498427692832e-05 -5.873389372428662e-06
-7.300727904147281e-06 -1.989917148773224e-06 -1.279825103488154e-05 -3.919144300723062e-06
-6.363559373543900e-06 -9.697800317398546e-07 -1.272248656630301e-05 -3.301084000843793e-06
-1.041938243588238e-05 -3.174942615942081e-06 -1.711588381318020e-05 -6.454996653242629e-06
-9.325692649800949e-06 -1.994163027896245e-06 -1.768321054707877e-05 -5.562572199297393e-06
-8.283253888850248e-06 -8.917853690425262e-07 -1.528389431066631e-05 -4.130809064701360e-06
-1.267815833061578e-05 -3.226471071863936e-06 -2.155933636882022e-05 -7.010750466574212e-06
-1.153328802136696e-05 -1.992787563941552e-06 -1.930086382962235e-05 -3.513449371782147e-06
-1.041924066232673e-05 -8.133148578682966e-07 -1.910069510964129e-05 -3.257643336811046e-06
-1.504698897527040e-05 -3.284579284623288e-06 -2.570184258160512e-05 -7.170481799764928e-06
-1.384321481616714e-05 -1.988454534214135e-06 -2.286449793699236e-05 -5.154389681534140e-06
-1.267918934166029e-05 -7.541404840640911e-07 -1.992688847214813e-05 -2.533797193263146e-06
-1.751403110387511e-05 -3.330061455264879e-06 -2.633837626343721e-05 -7.071698723129770e-06
-1.626777565065666e-05 -1.987744237163756e-06 -2.667523923528563e-05 -4.896554847103394e-06
-1.504935470489802e-05 -6.909332467595049e-07 -2.594149522109144e-05 -2.353259951827189e-06
-2.005964821904053e-05 -3.373754460643130e-06 -2.885482224700211e-05 -4.464472246968232e-06
-1.877197561332177e-05 -1.990892784319530e-06 -2.805984502817800e-05 -4.510499186430268e-06
-1.751204886225987e-05 -6.496036935879770e-07 -2.663583998448253e-05 -3.028762426720386e-06
-2.266250475850128e-05 -3.394061638839170e-06 -3.393268758676773e-05 -6.329057897056998e-06
-2.135649709234564e-05 -1.994173772264533e-06 -3.036507074678643e-05 -4.007270889772864e-06
-2.005884431958851e-05 -6.104805057563780e-07 -2.974235446913406e-05 -4.075637952372224e-06
-2.529103874487091e-05 -3.413410781372621e-06 -3.585164875481030e-05 -5.519698376988726e-06
-2.396980711462077e-05 -1.997017201320658e-06 -3.567414523115472e-05 -5.863273984540633e-06
-2.266064465618354e-05 -5.975664709229592e-07 -3.204293119969040e-05 -4.194181890885242e-06
-2.794262927773360e-05 -3.413438143263648e-06 -3.823135814540747e-05 -5.103901790524503e-06
-2.661771550850433e-05 -1.995785674190153e-06 -3.667767281527675e-05 -4.316636261191416e-06
-2.529219462397885e-05 -5.793386847772351e-07 -3.711801365014543e-05 -4.183381244001968e-06
-3.365422389430187e-05 -3.270192228176401e-06 -4.608622969292431e-05 -8.673862933156373e-06
-3.327552841432001e-05 -3.427118165483792e-06 -4.473408362357984e-05 -8.804819531137892e-06
-2.913261528690580e-05 -1.995279658073821e-06 -4.145819456113782e-05 -4.190157912191850e-06
-3.060952897287830e-05 -3.424216957130418e-06 -4.407297298431394e-05 -3.539403400915448e-06
-2.794304762449440e-05 -5.797199938554718e-07 -3.868874079468592e-05 -3.379009924749434e-06
-3.381111513177871e-05 -2.891363367875020e-06 -4.667618325031401e-05 -7.864431940610700e-06
-3.291536704993447e-05 -1.997236841930220e-06 -4.285026489047007e-05 -4.444211873702726e-06
-3.060876855581791e-05 -5.664693266595450e-07 -4.366869648483077e-05 -5.457615249846164e-06
-3.381315856172945e-05 -1.102396735550600e-06 -4.645277257518864e-05 -1.003772250678886e-06
-3.327696188367384e-05 -5.654552770862911e-07 -4.447204151775769e-05 -7.803163818219537e-08
-3.365618703472961e-05 -7.227439675705097e-07 -4.584096920295241e-05 -2.024933903038404e-07
