-7.663866791668793e-05 1.108248109005339e-05 -4.125868817108785e-05 5.092869539328990e-06
-7.692382678893145e-05 1.039503184423489e-05 -4.137270719270241e-05 4.835123383552556e-06
-7.692375442746116e-05 7.149754752453250e-06 -4.150158807990155e-05 3.191834111013045e-06
-7.663859825319019e-05 6.462318112639958e-06 -4.139162797402846e-05 2.894322214100070e-06
-7.595034785217047e-05 1.136684632868635e-05 -4.098879910114007e-05 5.190592346054229e-06
-7.466258750758488e-05 8.772265825401906e-06 -4.053147659577354e-05 4.070375857338325e-06
-7.595029028972697e-05 6.177951267771109e-06 -4.110871750349217e-05 2.778554409408464e-06
-7.113575014305641e-05 1.135376287960083e-05 -3.955576927816088e-05 4.734386106587375e-06
-7.113599126379059e-05 6.190716036833441e-06 -3.943102177768500e-05 3.097530593021393e-06
-6.848216585607579e-05 8.772690008507039e-06 -3.723087590716946e-05 3.638793341479693e-06
-6.632120003092329e-05 1.135903039254962e-05 -3.607447654353648e-05 3.809037017055828e-06
-6.632192841597887e-05 6.187725259986708e-06 -3.594220840419007e-05 3.307892367551293e-06
-6.390479570856511e-05 8.774260685441657e-06 -3.523110519420909e-05 3.646247693493472e-06
-6.149113318191666e-05 1.135806510008606e-05 -3.370987569259697e-05 4.910340319265824e-06
-6.148985522257748e-05 6.189950598260401e-06 -3.489600907639521e-05 4.088228991545457e-06
-5.907938149708031e-05 8.773357536110597e-06 -3.298704412306154e-05 4.888750492031122e-06
-5.667139981198072e-05 1.135443078698681e-05 -3.119328936794594e-05 5.287253197026464e-06
-5.666915573899296e-05 6.189274947696243e-06 -3.079221994107029e-05 3.478218371273044e-06
-5.425930587373745e-05 8.770313591732892e-06 -2.983177675313045e-05 3.436287125405559e-06
-5.185087733384357e-05 1.134777462330520e-05 -2.856313674585278e-05 4.341482723552968e-06
-5.184893081481143e-05 6.190732633795051e-06 -2.901653964205139e-05 1.979528262090210e-06
-4.944023056784977e-05 8.768868212427775e-06 -2.799995892340596e-05 3.336535647084502e-06
-4.703531914372967e-05 1.133962073793860e-05 -2.516717940580673e-05 7.163002093759326e-06
-4.703637139592585e-05 6.201037053192428e-06 -2.637665410806881e-05 9.263583871051651e-07
-4.463524899609704e-05 8.771591718954885e-06 -2.390888831022449e-05 4.885936231069949e-06
-4.224974834894227e-05 1.131917457301048e-05 -2.338216061705776e-05 6.285670113828041e-06
-4.224849618731979e-05 6.223450511363123e-06 -2.251755064266999e-05 2.498493780082605e-06
-3.987317738790571e-05 8.769789171270472e-06 -2.179888397426179e-05 3.862418176683204e-06
-3.751871540342783e-05 1.128336864968330e-05 -2.012640849947638e-05 5.601165464845590e-06
-3.751731163499170e-05 6.251970602971787e-06 -2.047336022601953e-05 1.944278830886199e-06
-3.517038130069122e-05 8.765274284607881e-06 -1.883031606453159e-05 4.068032595133419e-06
-3.284040070270711e-05 1.124651609148703e-05 -1.773667526285578e-05 5.822658295341450e-06
-3.283986392154777e-05 6.282306719825830e-06 -1.749229136715729e-05 2.533980653376691e-06
-3.052158393316233e-05 8.764674377534753e-06 -1.578362607981891e-05 4.131373326527069e-06
-2.823823604799844e-05 1.119450516276059e-05 -1.260144436245847e-05 7.065982249324671e-06
-2.823942676973810e-05 6.338710595781993e-06 -1.327824609255753e-05 1.383059567243224e-06
-2.606872326542780e-05 8.767161931179775e-06 -1.094201026395779e-05 4.285804868420155e-06
-2.393672199162658e-05 1.113429760639487e-05 -1.108528015296039e-05 5.224553510330416e-06
-2.393822802080594e-05 6.404889309751936e-06 -1.026834569445443e-05 3.013841910612953e-06
-2.234936519694554e-05 8.950479774057192e-06 -1.026469257567758e-05 4.033251492828376e-06
-2.076182858976859e-05 1.107752806042995e-05 -8.113772280166449e-06 5.759303902321795e-06
-2.075566839425005e-05 6.457968025457423e-06 -8.326569942279235e-06 2.906254142126058e-06
-1.849894909630837e-05 1.101995208712632e-05 -4.854154920064337e-06 5.124128644492860e-06
-1.892380503634762e-05 9.537854501411746e-06 -5.186514685338093e-06 4.161133269397809e-06
-1.849295081392220e-05 6.491533737814151e-06 -5.479794250720946e-06 3.951085350743298e-06
-1.687985371176427e-05 6.531155156300607e-06 -5.844375807844501e-06 3.776667550645561e-06
2.661778700499841e-06 -1.532386768352659e-07 -2.613365449894233e-05 -6.385208532631516e-07
2.706728281302003e-06 -1.831173296076792e-07 -3.031105668486848e-05 -1.002441495307478e-04
2.745041412709616e-06 -7.779400703549179e-07 -4.840036511291787e-05 1.801229876088184e-05
2.698943117734132e-06 -8.851305643522411e-07 -2.642160621385133e-05 -1.213924206849591e-05
-1.687717931190374e-05 1.097874607675645e-05 -4.993808171142844e-06 5.633963350563661e-06
-1.544002889319022e-05 1.086655888489086e-05 -4.701196202990997e-06 6.400344646755487e-06
-1.654050083129446e-05 8.202744977971941e-06 -6.026190451361791e-06 4.085325253147262e-06
-1.543226664382326e-05 6.447469381849631e-06 -5.176129234979210e-06 2.433125258595275e-06
2.582713444078885e-06 -1.554739523526457e-07 -1.329275680980319e-05 4.522723383337865e-05
2.307343931916170e-06 -4.420235784723871e-07 3.228258919800785e-05 3.334586477418117e-05
2.575804537932708e-06 -9.150231346130577e-07 1.087157126809753e-05 -3.549799631944616e-05
-1.497637462928984e-05 9.502109163200352e-06 -5.110680185156159e-06 5.214631850994011e-06
-1.404004853260376e-05 1.058868773562497e-05 -4.141089475101957e-06 6.623269495488851e-06
-1.270333046781621e-05 1.016985874954889e-05 -2.995785930400594e-06 4.836637847640213e-06
-1.454872700238692e-05 7.647348047589433e-06 -4.882816407490881e-06 1.959238388775249e-06
-1.406195490425045e-05 6.124034636557550e-06 -4.620616136028454e-06 1.566270951785112e-06
1.684971056620329e-06 -5.942185574755613e-08 -3.547407573881256e-06 -3.087411910004125e-05
1.716918205730885e-06 -9.320688866831294e-07 -1.551833551539914e-05 1.764052846997077e-06
1.234141002684336e-06 -4.599902094807107e-07 3.611849578394381e-06 2.166581333682739e-05
-1.144024178001796e-05 9.600241092582382e-06 -2.873051400160992e-06 3.229456185715712e-06
-1.252192923888242e-05 8.772809294533642e-06 -2.697930842864032e-06 2.615510145179778e-06
-1.298345458511678e-05 7.028178212356101e-06 -3.854404392364432e-06 1.774195294216295e-06
-1.279551062052080e-05 5.579304087351981e-06 -4.400011087588752e-06 1.528727175032217e-06
7.749692616208782e-07 3.266567478217362e-08 -8.351384466175574e-06 -2.430215319955894e-06
7.548137855005248e-07 -1.005436933874918e-06 3.759290219888434e-06 -1.050956656165682e-05
2.069217056221433e-07 -4.354753583580979e-07 1.263570306331714e-05 -4.320313858298417e-06
-1.025969028664694e-05 8.903192763781661e-06 -3.988107410746834e-06 4.326718990587915e-06
-9.191263646960631e-06 8.091446725351453e-06 -2.934140845532842e-06 3.581928275325012e-06
-1.137608916422721e-05 6.756726159349582e-06 -3.588749427099141e-06 2.812649224574540e-06
-1.166736774812208e-05 4.833474849840230e-06 -3.787556755318826e-06 6.476924742769212e-07
-4.377097351131529e-07 2.061545627149644e-07 -6.119033041527736e-06 6.802687748158650e-06
-4.262958034693309e-07 -1.172226953941970e-06 -2.799041000058425e-06 1.297501723497642e-05
-9.464431013003911e-06 6.845239967690976e-06 -2.576601739503603e-06 2.637470517683535e-06
-8.235276291327778e-06 7.167523292499082e-06 -1.062019360211882e-06 2.741552722145082e-06
-9.918261978744739e-06 5.446688893180134e-06 -2.148736033939291e-06 1.851996475935844e-06
-1.070525607472456e-05 3.926014937735176e-06 -2.555263839643874e-06 6.470657389644962e-07
-1.122639843395456e-06 -4.623545119135038e-07 2.439250002935401e-06 -1.909329425423731e-05
-1.957292232499431e-06 4.614123406223068e-07 4.532752682860313e-06 1.089428932545667e-05
-1.967498072365683e-06 -1.415854788817056e-06 -4.185030992241506e-06 4.334558454437288e-06
-7.392577030079958e-06 6.153579565768669e-06 6.166737077890395e-07 3.105910897802192e-06
-6.692600297937171e-06 5.081546650755608e-06 -4.452318158358625e-07 2.594693537091770e-06
-6.135929782014207e-06 3.945099155790215e-06 -1.627358151746046e-06 1.118442235138051e-06
-8.992224303273807e-06 4.191823665825732e-06 -7.283388104378397e-07 1.215676175628160e-06
-9.925468351431697e-06 2.894777259269659e-06 2.004725511278786e-07 1.830217270523432e-07
-2.636154440094122e-06 -4.835984304613191e-07 -1.856227146777814e-06 1.030613928747237e-05
-3.467183459000923e-06 6.957474253056051e-07 -1.077161086538524e-07 -6.017026097497508e-06
-3.460713018993016e-06 -1.692357593585310e-06 2.444793588741153e-06 -6.188300140784249e-06
-7.304569718785541e-06 3.943342910567564e-06 -8.874907075345394e-07 1.705805996615287e-06
-5.714187082151988e-06 2.765914801223007e-06 -2.356886945390177e-06 -1.021457741261204e-06
-4.828380634363432e-06 9.152241089309917e-07 -2.722178114689171e-06 -3.833602931844369e-06
-5.227696213102202e-06 1.127598215904406e-06 -7.694361865835021e-07 -1.096277929094239e-06
-5.444318718112522e-06 1.555893388766281e-06 -8.394120648812152e-07 1.260510375527212e-07
-8.347987557504150e-06 2.745172248600388e-06 -2.150958874801795e-06 7.260737553934517e-07
-9.348707670204647e-06 1.800987270986304e-06 3.367363237970424e-07 2.235643603882915e-06
-4.210121487751585e-06 -3.125932011896620e-07 7.630048169357113e-07 3.300589440738579e-06
-4.832044442180802e-06 -1.870176890132046e-06 -7.683851030355666e-07 -4.374039007087928e-06
-6.524052780792308e-06 1.932982801245201e-06 -2.716897909385534e-07 5.836182707835948e-07
-5.248804506454141e-06 2.828399767265270e-07 1.414294240604352e-06 3.827040892447840e-06
-5.724424159386713e-06 9.782241572326085e-07 1.308617966217553e-06 1.659210274927763e-06
-7.885857725037051e-06 1.457248226232421e-06 -2.216641433388476e-06 -3.285437495049448e-07
-9.000770067262781e-06 6.664846651908734e-07 1.830317529196711e-07 1.215043332940764e-06
-5.267801562458118e-06 -1.073596521005614e-06 -1.449789677906793e-06 1.639447339825039e-06
-5.210236540996349e-06 -2.077794033407266e-06 -1.921045287235008e-06 -6.421585632211402e-07
-6.763149902000564e-06 1.811484190832495e-09 -1.167530587989026e-06 -9.071205318929860e-07
-8.887212095469434e-06 -4.859671329898702e-07 6.240463298809544e-08 -1.042756346089718e-07
-9.023833119856702e-06 -1.625387545254813e-06 -1.201348002442299e-06 8.614178193436327e-07
-6.066284078490483e-06 -1.811584140656449e-06 6.117365346928703e-07 2.170121720615885e-06
-5.431279580470004e-06 -2.526519975068668e-06 -1.865605889427884e-06 2.148220349201279e-06
-5.696441251704023e-06 -3.767462144562201e-06 -4.200691155265137e-06 -1.546460142476037e-06
-7.872222765558450e-06 -1.765293921588170e-06 -6.598617309590901e-07 7.031665641646365e-07
-6.106657876248555e-06 -4.981932660370066e-06 -4.666357554428139e-06 -2.478847352832790e-06
-9.401859766374606e-06 -2.783087308886170e-06 -2.935159223798031e-06 2.697548382918888e-06
-6.799805947314858e-06 -3.805944823252445e-06 -2.448660027586389e-06 -3.174214305253732e-06
-8.453573671250183e-06 -3.904071795617727e-06 -1.356747191857714e-06 -5.813141937857093e-07
-6.673622973521235e-06 -6.147868029781054e-06 -1.626431089819496e-06 -9.140989451467318e-07
-1.000725273736939e-05 -3.908146993944584e-06 -2.141765694439268e-06 1.908128202004895e-06
-9.522064673155897e-06 -5.029448395411662e-06 -1.073608404594209e-06 3.860035869894053e-07
-8.353866114145071e-06 -5.738974465306743e-06 -7.101505639441309e-07 -2.697176427590807e-07
-7.382573953460711e-06 -7.282902251104463e-06 -7.890704509752126e-07 -5.122437693616883e-07
-8.249046567656198e-06 -8.355903257667079e-06 -1.086136439907890e-06 -1.683620369267617e-06
-1.084187387009560e-05 -4.951438902342972e-06 -1.578251758372225e-06 4.390149874439997e-07
-1.024986739326666e-05 -6.313130882947208e-06 -1.585783200233031e-06 -6.096902167591020e-07
-9.545157157588059e-06 -7.933943010682383e-06 -1.521718890637451e-06 -1.469469340491350e-06
-9.243444175415337e-06 -9.351336330243298e-06 -1.008871158314841e-06 -2.129604787359355e-06
-1.187782608359842e-05 -5.880993348662986e-06 -2.094602384977854e-06 -8.371484014454038e-07
-1.156657426420716e-05 -7.929270012497116e-06 -1.834302855459918e-06 -1.643904924819924e-06
-1.037646087683670e-05 -1.023212046845972e-05 8.634196683316300e-08 -2.526895936887130e-06
-1.164235736234294e-05 -1.100018884494304e-05 -6.988477348742019e-07 -3.218984459036011e-06
-1.301013843508333e-05 -1.164419873195676e-05 -1.599427773148642e-06 -3.137817504998289e-06
-1.311194645228789e-05 -8.376334003889126e-06 -1.974873680638148e-06 -1.915525796439233e-06
-1.309785417487078e-05 -6.660201910194481e-06 -2.174371868228110e-06 -1.449400305712456e-06
-1.280368264849673e-05 -1.010864282545893e-05 -1.711358072433898e-06 -2.342041226423870e-06
-1.448021333069415e-05 -1.212004332278345e-05 -1.922299612946365e-06 -2.785251945536067e-06
-1.601604310526833e-05 -1.242901967388366e-05 -2.775536266774308e-06 -2.873594522987458e-06
-1.437070366202411e-05 -8.763729009194190e-06 -1.962968732370240e-06 -1.335696237946589e-06
-1.448859697717716e-05 -7.232185298457304e-06 -2.272175582934987e-06 -1.250862943770160e-06
-1.759022982860853e-05 -1.255681297029393e-05 -4.324902133222826e-06 -2.554063120862940e-06
-1.582081306053399e-05 -1.021091024785269e-05 -2.253022351674457e-06 -4.735042465807397e-07
-1.600344717901760e-05 -7.573896431166937e-06 -2.464615340333741e-06 4.567012073439625e-07
-1.793647600822678e-05 -1.045104693881899e-05 -3.913405432162293e-06 -7.012342350958630e-07
-1.936342481382740e-05 -1.260091982585631e-05 -3.550290691438413e-06 -1.510894199845534e-06
-1.758306757129845e-05 -7.675200744541414e-06 -2.172090372690175e-06 1.948452044711131e-06
-2.184819451470733e-05 -1.265130150228914e-05 -2.292381814055959e-06 -9.741524950808337e-07
-1.986578608418485e-05 -9.240860820859609e-06 -2.751477968475543e-06 -6.507475346218978e-07
-1.936185727326076e-05 -7.628873697020553e-06 -2.078993717614889e-06 8.391285508267007e-07
-2.536292650451327e-05 -1.273585759042566e-05 -4.904402981096941e-06 -1.338943727026659e-07
-2.359862611660139e-05 -9.914373478691704e-06 -4.537422142602849e-06 -5.157988765406436e-07
-2.184368279513150e-05 -7.563923897841405e-06 -4.389692634880866e-06 -8.318850009719670e-07
-3.014408470998738e-05 -1.280988709115759e-05 -4.162597688522895e-06 -2.734137835618506e-06
-2.773391638396121e-05 -1.011289490241756e-05 -3.719111580279071e-06 -2.163311532824650e-06
-2.536613248374461e-05 -7.486922271005685e-06 -3.620529141522009e-06 -3.234607015716660e-06
-3.523998685337647e-05 -1.287224970196937e-05 -3.485333251433282e-06 5.612827400980263e-07
-3.267174365927705e-05 -1.011570345493518e-05 -4.972334971101757e-06 -8.489836860816207e-07
-3.014056140176106e-05 -7.416050110215473e-06 -5.255410847247187e-06 -3.708596314836886e-07
-4.045381031362644e-05 -1.292515666225997e-05 -3.433523221325938e-06 9.379956090783854e-07
-3.783135554628578e-05 -1.011040927797850e-05 -2.669245576859846e-06 -1.299088375260715e-06
-3.524425299571834e-05 -7.354711581309086e-06 -2.982458406695444e-06 -2.893967741513823e-06
-4.575833732848028e-05 -1.297618553833612e-05 -6.537266476838708e-06 -7.938328336756390e-07
-4.308920777956198e-05 -1.010896703072510e-05 -5.581639130604273e-06 -6.048170923868751e-08
-4.045293876059784e-05 -7.293253360065525e-06 -4.675590595263377e-06 -2.213420905076902e-06
-5.114254439073789e-05 -1.299961593861637e-05 -2.834254969876633e-06 -3.117008520628939e-06
-4.844287507757835e-05 -1.010747586606035e-05 -4.142259070527972e-06 -2.113369776456938e-06
-4.575939257627935e-05 -7.240184875014113e-06 -5.006511988717870e-06 -1.260585777468606e-06
-5.657641364020506e-05 -1.303088900519123e-05 -3.029498901796479e-06 -1.332138818980454e-07
-5.384948461249046e-05 -1.010910971837457e-05 -3.362055345467511e-06 -1.349912955060408e-06
-5.114225461554727e-05 -7.216020792968393e-06 -3.583207780979772e-06 -7.256799615618635e-07
-6.205714631171272e-05 -1.305617102978544e-05 -3.266748803920785e-06 -2.927476852417385e-07
-5.930974400278807e-05 -1.011501826635970e-05 -2.940258093764450e-06 -7.692150329472569e-07
-5.657339240841158e-05 -7.193418657439553e-06 -3.201761286186793e-06 -1.758767823771244e-06
-6.755429904294779e-05 -1.306174913134619e-05 -3.874096676138502e-06 -8.178420013983948e-07
-6.480545764959877e-05 -1.011621821094061e-05 -3.531874684844965e-06 -9.895738374205384e-07
-6.205781900481647e-05 -7.175411717826687e-06 -2.945714789264514e-06 -1.547086942230221e-06
-7.306509870821067e-05 -1.307150959127672e-05 -4.598013376970816e-06 -1.312983978792508e-06
-7.030500512721960e-05 -1.011798864329201e-05 -4.339032858027219e-06 -4.820867982403628e-07
-6.755262089740273e-05 -7.172915573924893e-06 -4.491661830982407e-06 -4.656980682067867e-07
-8.491693188631104e-05 -1.275934988963844e-05 -5.316056385511862e-06 -2.133362967923807e-06
-8.413171802659159e-05 -1.308432350672832e-05 -4.779919924244800e-06 -2.369958210900403e-06
-7.554369962988825e-05 -1.011535948901067e-05 -4.064531972396759e-06 -1.977668511523877e-06
-7.860049420036786e-05 -1.307618812095670e-05 -4.660600631012900e-06 -3.246488826919587e-06
-7.306738572087763e-05 -7.161788641698748e-06 -3.552686215793864e-06 -1.130591918303839e-06
-8.524218486423768e-05 -1.197447252303004e-05 -5.536689888480681e-06 -1.559035225482223e-06
-8.338225622009052e-05 -1.012235910445484e-05 -4.804536716448507e-06 -4.037222233197856e-07
-7.859779987365853e-05 -7.158235720747811e-06 -5.365151188457534e-06 -2.193510591378491e-07
-8.524115436603174e-05 -8.271631273068596e-06 -5.861370827935742e-06 1.178364525392783e-06
-8.412985590426870e-05 -7.160698019363221e-06 -5.326007011074273e-06 1.709313334412457e-06
-8.491563616991004e-05 -7.486067071533144e-06 -5.713198531462024e-06 1.576441781714945e-06
