-1.972550201079100e-05 3.909776674033521e-06 5.116598293275398e-05 -6.655457656270225e-06
-1.979286999396902e-05 3.749151160785859e-06 5.124780232790604e-05 -6.410268598981472e-06
-1.979257413834689e-05 2.992301812074574e-06 5.127541677008897e-05 -6.136309901808796e-06
-1.972527645165350e-05 2.832282314707298e-06 5.118916490766189e-05 -5.849149264996396e-06
-1.956329645189426e-05 3.975994230507037e-06 5.097204864068274e-05 -6.792345701941192e-06
-1.925823683604583e-05 3.371129088325443e-06 5.055271606785951e-05 -6.236935957358975e-06
-1.956338418314990e-05 2.766398473340372e-06 5.097402500752770e-05 -5.688505481081090e-06
-1.842715939299871e-05 3.969314230568490e-06 4.758832540454983e-05 -8.261778536845314e-06
-1.842949861830320e-05 2.779929831572540e-06 4.741476856669657e-05 -3.694135735300500e-06
-1.782447364730553e-05 3.376713006324810e-06 4.594447816950331e-05 -5.868448573518948e-06
-1.733112516913995e-05 3.972858338353460e-06 4.356692009766721e-05 -8.456290263645500e-06
-1.733022521216645e-05 2.779190375604802e-06 4.385297096707202e-05 -3.397839647135848e-06
-1.677647466032428e-05 3.374048283437006e-06 4.055292359499596e-05 -5.853666354070400e-06
-1.622855509991547e-05 3.959477636490461e-06 3.913505552762145e-05 -5.990001939271082e-06
-1.622701682869701e-05 2.783770945459074e-06 3.907355788327524e-05 -4.968732491722204e-06
-1.568270982715486e-05 3.369397092168663e-06 3.860857041069752e-05 -5.641790406736543e-06
-1.514265807760354e-05 3.946854415938625e-06 3.684778483186763e-05 -8.127931089118788e-06
-1.514657380705233e-05 2.794118370996721e-06 3.723288676737846e-05 -3.767035495914318e-06
-1.460813863533578e-05 3.370678461099978e-06 3.388446360072641e-05 -6.258892261256531e-06
-1.408174230706407e-05 3.930746357299833e-06 3.081634475926633e-05 -8.164517058136134e-06
-1.408036672090147e-05 2.807503055031642e-06 3.158875003728166e-05 -4.729692596634192e-06
-1.355485315886989e-05 3.367475122192218e-06 2.976202732044052e-05 -6.243129714013481e-06
-1.303057589140365e-05 3.922603169598144e-06 3.007248894395037e-05 -6.067887403105900e-06
-1.303267081017446e-05 2.813529754322403e-06 2.909770518345382e-05 -4.770394906631016e-06
-1.251128673937668e-05 3.369300697204928e-06 2.835713116972438e-05 -4.658203089752559e-06
-1.199947469198472e-05 3.917366093928356e-06 2.618415464492074e-05 -7.013716729174900e-06
-1.199908624578610e-05 2.819868552753609e-06 2.648252053052600e-05 -3.328906593959223e-06
-1.148968586466468e-05 3.366210894390680e-06 2.506432107455218e-05 -5.966452035355773e-06
-1.097785777106893e-05 3.911907969517726e-06 2.292402914294985e-05 -9.361596799306062e-06
-1.097570614631015e-05 2.812389489693093e-06 2.332075062048260e-05 -3.478137078239269e-06
-1.046396429535322e-05 3.359962584604579e-06 2.084397817918404e-05 -5.792122185959506e-06
-9.958894156778755e-06 3.902538845461734e-06 1.947728076674301e-05 -6.233266966153586e-06
-9.957805264440830e-06 2.817534874570628e-06 2.006135416554732e-05 -5.423656373379910e-06
-9.452898359438921e-06 3.360625039195919e-06 1.858912113065714e-05 -6.216588620958566e-06
-8.936410979154062e-06 3.920730682597020e-06 1.808161926667031e-05 -6.132595943033436e-06
-8.936111618159582e-06 2.802077616824924e-06 1.684668082039106e-05 -5.820512303574526e-06
-8.435428056945300e-06 3.362424169288804e-06 1.722001162684620e-05 -4.001882179803828e-06
-7.925774359215709e-06 3.932333090211980e-06 1.518249303719099e-05 -8.201300738332895e-06
-7.928272899872294e-06 2.790911588435094e-06 1.599211065843752e-05 -3.393148217878271e-06
-7.542125713894025e-06 3.406633843996481e-06 1.272147117309962e-05 -7.226852433526153e-06
-7.135144602496667e-06 3.948295857369512e-06 1.013273077801886e-05 -7.995577020467430e-06
-7.132277410314351e-06 2.761409023853264e-06 1.108082793571478e-05 -3.114463255517475e-06
-6.537889301723149e-06 3.958579593356961e-06 9.398253334450953e-06 -8.356753227134572e-06
-6.658854940146082e-06 3.556576784958083e-06 1.009756810264906e-05 -6.085566617280608e-06
-6.540840272196339e-06 2.753447045614834e-06 1.060587657383642e-05 -5.703114751441557e-06
-6.104260818303323e-06 2.739059941242716e-06 1.040307104360337e-05 -6.973235124828761e-06
1.109359836336652e-06 1.880835435252052e-07 6.719703137368633e-06 1.691119240942576e-05
1.136427568532885e-06 6.296763925344157e-08 1.840839165017529e-05 -5.780600667098946e-06
1.135390982046132e-06 -4.799816228499555e-08 2.719470066330351e-05 -2.296954622464516e-06
1.117204860181877e-06 -1.062035666792870e-07 3.280880949925036e-05 4.276742847442403e-05
-6.098972746867742e-06 3.967194404960860e-06 7.177549940540187e-06 -8.853014202307758e-06
-5.703679111242367e-06 3.949521298822183e-06 7.328569497954596e-06 -7.999189349903181e-06
-6.021528974273136e-06 3.201512934279558e-06 9.781357111784590e-06 -6.256512787709815e-06
-5.710762133131810e-06 2.688711010471914e-06 8.796859204360268e-06 -4.687798319401669e-06
1.024891973054487e-06 2.495501133130841e-07 3.703784778799700e-05 1.758739231689476e-06
9.500603277015050e-07 2.544378030010416e-08 -6.404913426758675e-05 -1.989819111347691e-05
1.074148719449724e-06 -1.385476523756657e-07 7.875629722074060e-05 4.853144481537134e-05
-5.580736558491302e-06 3.574953672565085e-06 7.480542506512921e-06 -8.174359505928294e-06
-5.306540375532891e-06 3.890683303868271e-06 8.597886167059552e-06 -6.893983962953386e-06
-4.907702314549807e-06 3.784622771226719e-06 8.138349592390043e-06 -6.613542780364167e-06
-5.461280913619745e-06 3.031973848829371e-06 8.345991368200616e-06 -3.710168372280673e-06
-5.317754022073060e-06 2.572909275124407e-06 7.579465668786426e-06 -1.219429640430087e-06
6.963145829337236e-07 1.918401836897162e-07 1.070787643838263e-05 2.037209083108411e-05
6.994302628406604e-07 -1.680571739945684e-07 1.125468037361728e-05 -9.041809872970423e-06
5.080517682242410e-07 4.205240705052426e-08 -3.524342440244038e-06 -3.028884533004808e-05
-4.511020325813698e-06 3.636038488397829e-06 6.100616428483678e-06 -6.486144115710526e-06
-4.859863296721071e-06 3.374584134067992e-06 7.404485851228347e-06 -6.857108168058893e-06
-4.997628657172898e-06 2.839930094772661e-06 7.829346788257386e-06 -3.072166638861221e-06
-4.939584873651191e-06 2.377881738359988e-06 8.064955038340599e-06 -4.886988538146580e-06
3.098511901227033e-07 2.512317309419411e-07 6.477322909928343e-06 1.905594849158495e-05
2.925963921473905e-07 -1.919759422442376e-07 -5.493655030740082e-07 2.907480926126193e-05
7.043747980820423e-08 2.217568556329446e-08 -1.447880401237269e-05 -4.635450358189845e-05
-4.125917249096265e-06 3.432325713373613e-06 4.118317436637170e-06 -5.761889314553842e-06
-3.754212497116837e-06 3.184214997879363e-06 1.588292797685350e-06 -5.100591956129949e-06
-4.494634059111792e-06 2.745006181488517e-06 7.299846853526957e-06 -5.715970101838595e-06
-4.588892636590952e-06 2.109188981061220e-06 3.198232407300875e-06 -2.399527360409726e-06
-1.910183652055722e-07 3.253175102006602e-07 8.668401168523205e-06 1.598113433540208e-05
-1.822837424705937e-07 -2.620054034240719e-07 4.685406707769631e-06 1.230911702298828e-05
-3.847103767742212e-06 2.780331037276608e-06 4.185869687980222e-06 -3.956466139500561e-06
-3.420601114106947e-06 2.894581068246042e-06 2.836769492281468e-06 -5.352642177292626e-06
-4.004604355191449e-06 2.307731820493227e-06 8.149518679621969e-06 -7.799923091046375e-07
-4.284948218161418e-06 1.788204205529560e-06 8.642692272155036e-06 -4.789956768684141e-06
-4.839000950243073e-07 3.962679365033156e-08 -7.251811608888441e-06 -1.536837735936517e-05
-8.259667461000632e-07 4.161448679448792e-07 6.370242437745473e-06 -1.240587971571359e-06
-8.324045425085968e-07 -3.599784565250654e-07 9.242729602395316e-07 1.102350118179879e-06
-3.122679980995404e-06 2.559819724991461e-06 4.547547346306104e-06 -5.102635298437227e-06
-2.856942269240963e-06 2.187825648619662e-06 2.952130799404617e-06 -2.577244824774370e-06
-2.624711982009834e-06 1.785241113863427e-06 2.470233377368779e-06 -1.019742741327630e-06
-3.680858075241205e-06 1.877052444711742e-06 5.982309287339735e-06 -2.935989200127350e-06
-4.027338901897770e-06 1.406344186179758e-06 8.431493120174703e-06 -3.361078158458014e-06
-1.114507951271414e-06 3.449017050205762e-08 7.198315379967489e-06 3.781117029998492e-06
-1.456510445777114e-06 5.312217359734938e-07 -1.172493925088351e-05 -1.038269071221090e-05
-1.444448599398052e-06 -4.619988101226927e-07 -3.551806388259908e-06 -3.387144436455186e-06
-3.076531020092492e-06 1.787313463230630e-06 3.312107078696994e-06 -7.824831219790567e-07
-2.441848127037847e-06 1.353953109553230e-06 7.950920851401868e-07 -4.024700239539295e-06
-2.036990050769583e-06 6.263870983794459e-07 8.720249879711772e-06 -3.489751127762708e-06
-2.204334243549185e-06 7.087949867728993e-07 -4.171147535435897e-06 7.409644462008359e-06
-2.300869064685187e-06 8.773407176750135e-07 -1.229727159074241e-05 1.142538246522620e-05
-3.455494782052352e-06 1.351742083423251e-06 -1.717285675536581e-06 -4.314276822635629e-06
-3.842628981772322e-06 9.901783991221917e-07 7.813320072972322e-06 3.830283635748366e-06
-1.760862393301383e-06 9.494556656368338e-08 4.814755959909826e-06 4.129373318912149e-06
-2.012069818150511e-06 -5.324314149643442e-07 4.101367420719797e-06 4.221959917550038e-06
-2.760885226118754e-06 1.033230247031476e-06 6.121746194855229e-06 -1.250381568008679e-06
-2.209633094496917e-06 3.616166363330814e-07 5.753598468490306e-06 -3.978534910841803e-06
-2.412116069372566e-06 6.462911234525180e-07 -8.664080797422345e-06 8.950567293887478e-06
-3.280843940658127e-06 8.536533946675477e-07 3.891760677694707e-06 -5.902100017717457e-06
-3.735243311493102e-06 5.270379276767620e-07 8.811329202380058e-06 8.552781583271008e-06
-2.203309684836403e-06 -2.024322349164865e-07 8.014440482927016e-06 1.567113456539081e-06
-2.179911467779118e-06 -6.181883494384209e-07 -1.261385403516571e-06 1.029264497044505e-05
-2.834628210484216e-06 2.673052619520305e-07 2.554759585915075e-06 -5.209667625000456e-06
-3.710894117537863e-06 6.043065610626345e-08 -2.173840877186555e-06 5.381369996522723e-06
-3.794937517505596e-06 -4.208546145366787e-07 1.066058801902054e-06 1.140086086036091e-06
-2.535174632074144e-06 -5.039066328149539e-07 8.222519483711729e-06 7.225025545713485e-06
-2.272550644827893e-06 -8.115101376606496e-07 -8.827581592537571e-06 1.339065471212544e-05
-2.361390412348570e-06 -1.362373352894746e-06 -1.426042248644271e-05 4.517381990188159e-06
-3.306410772534678e-06 -4.708357392169816e-07 8.176018188904125e-07 -2.216057702069844e-06
-2.510226329054401e-06 -1.926734675009196e-06 -1.908989161321366e-06 2.882324543363231e-06
-3.987182460124415e-06 -9.216687729119573e-07 1.217283104147766e-05 1.902831068163039e-06
-2.825988166571145e-06 -1.374936074800900e-06 4.367611883586464e-06 -2.400030837203415e-06
-3.587739116973650e-06 -1.412453244782990e-06 6.543901304832902e-06 1.423275877939849e-06
-2.757545243941087e-06 -2.479730131927572e-06 1.854718856655336e-05 7.441767834374098e-06
-4.302745079495649e-06 -1.427468147446220e-06 1.213695531059769e-05 8.666461299062547e-06
-4.094905526410096e-06 -1.940505629119870e-06 3.809486770599457e-06 2.567633502511954e-06
-3.530083199600024e-06 -2.287654654165050e-06 9.988499870061184e-07 -9.650923579488078e-07
-3.073237675358674e-06 -3.015166239961308e-06 -9.090009380830683e-07 3.494575180375363e-06
-3.478261378241793e-06 -3.561396570402479e-06 4.711486259899839e-06 6.038166716436676e-06
-4.723245793877694e-06 -1.903586480251732e-06 4.988517430365551e-06 1.486181814352605e-06
-4.445291426490251e-06 -2.562004039515707e-06 2.748045209487842e-06 1.105590478499963e-06
-4.098074090262533e-06 -3.357887846930470e-06 8.748251306337551e-06 2.803363892481009e-06
-3.951426882675670e-06 -4.066576154800772e-06 1.170514540907444e-05 3.056814073550246e-06
-5.251382267571806e-06 -2.341865454844052e-06 8.438646162470274e-06 3.763662143423378e-06
-5.102007527902426e-06 -3.350570996787575e-06 1.276949720242035e-06 -1.313191943056964e-06
-4.511809498927422e-06 -4.513012972595456e-06 9.405680453743582e-07 1.889433693566270e-06
-5.143086022664954e-06 -4.924229386630388e-06 3.296771400820543e-06 8.483831151753935e-06
-5.833142263867899e-06 -5.278853779936968e-06 3.646105555675622e-06 4.423378798655558e-06
-5.888770506407346e-06 -3.578022284728942e-06 3.036869721085648e-06 1.801564916232831e-06
-5.879371520162179e-06 -2.710477909845859e-06 2.602282443250363e-06 3.958483557320615e-06
-5.724014006814780e-06 -4.471926972948485e-06 4.665742927288114e-06 5.527767274344555e-06
-6.600101983104441e-06 -5.539117948582698e-06 4.348744341925359e-06 -8.454499932815153e-07
-7.417358125267345e-06 -5.716887177803163e-06 4.715228263987939e-06 8.072504884198488e-07
-6.540625482888992e-06 -3.776091387002349e-06 5.858493247870713e-06 2.848889352602237e-06
-6.604982865342707e-06 -2.986298361484328e-06 4.888012607531944e-06 5.282827190450838e-06
-8.261304036407066e-06 -5.800485144755944e-06 5.161966831153208e-06 4.080523769558168e-06
-7.303584850211012e-06 -4.532767926368773e-06 4.604377987051211e-06 8.660337404977359e-07
-7.403171686883312e-06 -3.141099038338656e-06 5.676187391182944e-06 3.271790334331326e-06
-8.447718886939895e-06 -4.665260132481530e-06 6.245442688157120e-06 2.487267622287627e-06
-9.225076211620941e-06 -5.837352534526474e-06 9.505600590350042e-06 2.583491642146890e-06
-8.253444417717589e-06 -3.178382579598072e-06 4.045979757699306e-06 1.477125130360422e-06
-1.057320503217738e-05 -5.872711992137786e-06 5.674020803974570e-06 3.466480643505514e-06
-9.488703008647406e-06 -4.012373101898365e-06 6.825490913840765e-06 2.123942380515315e-06
-9.218093976758388e-06 -3.139432101979411e-06 5.764086945723093e-06 6.885342162983948e-07
-1.251245649318113e-05 -5.935970854142441e-06 4.276252592269932e-06 2.187486811563916e-06
-1.153408508902663e-05 -4.372646163184333e-06 6.088174756543155e-06 2.570954687591736e-06
-1.057278594142425e-05 -3.085374728884136e-06 8.656003555806963e-06 2.731242808409220e-06
-1.518130466126791e-05 -6.005491112018226e-06 6.698744333625107e-06 1.659166716423741e-06
-1.382670050765170e-05 -4.486641404785617e-06 5.258606979591726e-06 2.507524625054576e-06
-1.250881011546581e-05 -3.027290277610008e-06 4.165484278763549e-06 2.717333436975596e-06
-1.806993375157984e-05 -6.059436135475364e-06 8.552358986881429e-06 3.426838628669496e-06
-1.661053146692362e-05 -4.488164255133504e-06 8.004920377031626e-06 2.555300773423060e-06
-1.518189139125564e-05 -2.969619941833699e-06 7.140638316436122e-06 5.049602804818483e-06
-2.104737455525761e-05 -6.102416507440935e-06 8.983980013807114e-06 5.018658736687525e-06
-1.954448565123499e-05 -4.485661344525468e-06 8.349827707916745e-06 2.429636110954079e-06
-1.807171719057491e-05 -2.914063975307493e-06 9.043818286486625e-06 1.986059592730349e-06
-2.410114040755520e-05 -6.132503779799663e-06 8.410201164204805e-06 2.602390818841440e-06
-2.256352884620200e-05 -4.485574656252436e-06 9.009367904484734e-06 2.858490260659499e-06
-2.104659763387410e-05 -2.869933823591643e-06 7.867337017756566e-06 1.001402292365221e-08
-2.722066686788902e-05 -6.168370032191484e-06 1.174709177096836e-05 3.012973169010526e-06
-2.564906546599993e-05 -4.483971425519517e-06 9.911749498818446e-06 2.089643507551923e-06
-2.410036261053582e-05 -2.836051197830906e-06 9.682654092458951e-06 2.166813421500035e-06
-3.040668120793405e-05 -6.193198492705836e-06 1.255009575278395e-05 3.087033397808520e-06
-2.880649787691967e-05 -4.478119418289913e-06 1.250546899475662e-05 2.425751580208142e-06
-2.722532477748545e-05 -2.793105346165593e-06 1.125768940921128e-05 2.485794774925111e-06
-3.364735352712113e-05 -6.228924156280493e-06 1.224654602880741e-05 2.821625308816414e-06
-3.201465136691803e-05 -4.481290479981748e-06 1.203121285648637e-05 2.323057531163761e-06
-3.040365279949263e-05 -2.766546853772744e-06 1.246249827258996e-05 1.454912040658705e-06
-3.692038609756363e-05 -6.244561567189958e-06 1.408922015276514e-05 2.845852413746586e-06
-3.528270915896397e-05 -4.484026296126605e-06 1.350830198503492e-05 3.182028927704821e-06
-3.364619390570743e-05 -2.736364240159805e-06 1.214370719269747e-05 2.684023996904039e-06
-4.021468044213312e-05 -6.253036261313040e-06 1.380751713040291e-05 3.673596247656055e-06
-3.856157636871798e-05 -4.480778289522288e-06 1.370002666829565e-05 2.490990084161024e-06
-3.692191217715894e-05 -2.722169781392050e-06 1.443828790190719e-05 3.082878026576264e-06
-4.733096565827102e-05 -6.060146673268957e-06 1.719320439339269e-05 5.372540272610232e-06
-4.686192886053320e-05 -6.254244142338324e-06 1.641219386495057e-05 5.404898265149562e-06
-4.170778289328851e-05 -4.474617455530792e-06 1.447658504849552e-05 2.602040172539194e-06
-4.354833158413404e-05 -6.248020759730623e-06 1.440260132285328e-05 1.774369445622706e-06
-4.021785818770549e-05 -2.701132434515143e-06 1.358649350229027e-05 1.052929740506322e-06
-4.752524811793524e-05 -5.591354127345514e-06 1.754330345178623e-05 4.981837977416187e-06
-4.641314648719475e-05 -4.484325354706759e-06 1.509132544010366e-05 3.104318261614958e-06
-4.354458235739292e-05 -2.706453325920802e-06 1.429687693411340e-05 4.092630176454847e-06
-4.752406219629429e-05 -3.379012544301802e-06 1.746940126471489e-05 1.241032814479915e-06
-4.685961492475286e-05 -2.714600923194722e-06 1.633369200505812e-05 8.180075270002503e-07
-4.732942912664864e-05 -2.909250272902906e-06 1.711488190512721e-05 8.519435547230484e-07
