-1.023078714410195e-04 1.512404445725751e-05 -3.620133922149036e-05 3.968517007428188e-06
-1.026964654823955e-04 1.418675508094767e-05 -3.666901369013485e-05 3.316817547605188e-06
-1.026941494749255e-04 9.770636018078097e-06 -3.724101747676573e-05 2.558199109378045e-07
-1.023053776745481e-04 8.833332860835833e-06 -3.683023465925963e-05 -3.999226306171988e-07
-1.013698872935313e-04 1.551222529369963e-05 -3.520471485947646e-05 4.173214268659143e-06
-9.960623389314279e-05 1.197759735772932e-05 -3.379403624288223e-05 1.955285880145246e-06
-1.013672592157188e-04 8.445079096504187e-06 -3.588926694016926e-05 -6.038788895180981e-07
-9.475128873348569e-05 1.550636990672510e-05 -3.052419260668147e-05 3.100409005904023e-06
-9.474866356774441e-05 8.442234558319831e-06 -3.107571581476763e-05 1.054272331646015e-06
-9.112270277745584e-05 1.197150624894831e-05 -3.092399926815144e-05 2.077714516432692e-06
-8.818110261278395e-05 1.549853169508768e-05 -2.985454588081091e-05 4.371497242766432e-06
-8.818316147813213e-05 8.446848601577934e-06 -2.871069531156160e-05 -1.061102556385094e-06
-8.489709602743661e-05 1.197491938175784e-05 -2.627674221081311e-05 1.172398896634576e-06
-8.161043633288162e-05 1.549866741615431e-05 -2.450489974788460e-05 2.500795765647854e-06
-8.160809177321428e-05 8.452197278120865e-06 -2.437914460961294e-05 1.031459358756918e-06
-7.832161770820601e-05 1.197354259931627e-05 -2.382094620586082e-05 2.282331506171325e-06
-7.504701033393298e-05 1.547302474782342e-05 -2.151932198027123e-05 4.768090346517174e-06
-7.504584268581288e-05 8.472974025598441e-06 -2.149663293938807e-05 -2.424715020068655e-07
-7.177617147403260e-05 1.197245223759841e-05 -1.851700268699946e-05 2.718823060217258e-06
-6.851202981067170e-05 1.545940485225753e-05 -1.832317102755286e-05 3.789847880400559e-06
-6.851216512602629e-05 8.485880805444847e-06 -1.791933127100253e-05 1.804287298346074e-06
-6.525639723765530e-05 1.197065380080820e-05 -1.974018465572465e-05 2.666758482062088e-06
-6.201416709128642e-05 1.543627008010945e-05 -1.944645596879138e-05 2.342285330139368e-06
-6.201206442952010e-05 8.501110848764823e-06 -1.789998559008745e-05 1.038791220447042e-06
-5.877646431407623e-05 1.196702024424100e-05 -1.601397693958214e-05 1.486914968932687e-06
-5.556553747159278e-05 1.539860362602613e-05 -1.529586489439839e-05 1.474702847729215e-06
-5.556784835935049e-05 8.543554737831454e-06 -1.494297560276630e-05 3.147611284067922e-06
-5.237199496439416e-05 1.197569765682421e-05 -1.412135537345988e-05 2.101830202625756e-06
-4.919915472345531e-05 1.536714317830432e-05 -1.245045801461234e-05 1.318037470277675e-06
-4.919639026537080e-05 8.583497903562273e-06 -1.427781166543473e-05 2.183653695980064e-06
-4.603851451641914e-05 1.197204115196185e-05 -1.398693230474247e-05 2.589286701320288e-06
-4.291892320447773e-05 1.529989295557919e-05 -1.194891991563912e-05 3.322221251393903e-06
-4.292240240911336e-05 8.644926618697243e-06 -1.208791893986972e-05 2.601115195608198e-06
-3.982208022088769e-05 1.197584678683149e-05 -1.092641075580514e-05 2.425314498300771e-06
-3.677468065763414e-05 1.522274402025477e-05 -1.285092080730663e-05 3.859144311084814e-06
-3.677548590233693e-05 8.732864686039567e-06 -1.018778030071237e-05 -2.603779894838923e-06
-3.387561345484702e-05 1.197614301834698e-05 -9.152774979125559e-06 1.223888930928523e-06
-3.102611068966138e-05 1.513542003932203e-05 -4.788602739257557e-06 4.880418634890969e-06
-3.102173949307463e-05 8.826633818638207e-06 -8.626001226529557e-06 -3.632903885192281e-07
-2.890402856104370e-05 1.222279831056414e-05 -8.328479998903718e-06 1.844407210422287e-06
-2.678622517136229e-05 1.505453465755170e-05 -9.515628209996551e-06 1.803611781110968e-06
-2.678777583176836e-05 8.904277020469325e-06 -4.339047256388098e-06 7.571451404891828e-07
-2.378114532665989e-05 1.498671732826146e-05 -4.400256777612397e-06 5.092860292028666e-06
-2.434715870036840e-05 1.301443483844670e-05 -5.146507509603954e-06 3.918273532581819e-06
-2.377110470944979e-05 8.965646376511563e-06 -1.010360733388261e-05 2.093675995720875e-06
-2.163597211320042e-05 9.028247196009944e-06 -6.510445183560899e-06 3.531204788233666e-06
3.314065974065385e-06 5.617731016710847e-07 1.510533764840816e-05 -1.279485878239285e-05
3.356034170149330e-06 4.853042570949692e-07 -1.229895764496621e-05 6.893083592487399e-06
3.380320583240096e-06 -2.337701550276144e-07 2.425360751111844e-05 2.504191118159808e-05
3.326855116069935e-06 -3.658948303754565e-07 5.363610920990980e-05 1.653763840390530e-05
-2.162566309044484e-05 1.493079993543308e-05 -4.577303162845034e-06 3.130428744378264e-06
-1.972205885860443e-05 1.477350278325693e-05 -6.550307284840617e-06 4.360960253152688e-06
-2.118253491955066e-05 1.123257725105503e-05 -3.242311128991552e-06 -6.398086605254599e-07
-1.971261889550112e-05 8.923535478721262e-06 -5.789192525100454e-06 6.225746832941658e-06
3.212785765237890e-06 5.962705296712442e-07 4.519424133634578e-05 -9.771629464648152e-06
2.904240486474973e-06 1.792989679252622e-07 -5.523199906619947e-05 -7.005969356668750e-06
3.203199114006745e-06 -4.223425081603995e-07 7.642091492895250e-05 1.150295936956036e-05
-1.910551366816017e-05 1.295911002537505e-05 -6.118911630475105e-06 3.190111786669857e-06
-1.787412237150951e-05 1.439376580487777e-05 -4.620997549430544e-06 5.669152835035037e-06
-1.611274690401150e-05 1.382936341760651e-05 -4.563244612340305e-06 1.258081415692806e-06
-1.853982248500246e-05 1.050549882432992e-05 -4.837236247464257e-06 4.135946691693159e-06
-1.790690010078304e-05 8.506358343869759e-06 1.432938482054699e-06 -3.106160951785363e-06
2.113630879127954e-06 6.678723092565890e-07 1.528174216152630e-05 8.427736165007099e-06
2.133989682756050e-06 -4.243870192230668e-07 1.156905439348500e-05 -6.779140355346336e-06
1.542246618936754e-06 1.667932567110849e-07 -1.602429469803738e-05 4.160543360321031e-06
-1.446545110027774e-05 1.306274595430188e-05 -3.235908027754059e-06 -3.490910560796162e-06
-1.586753390247495e-05 1.198899889039916e-05 -2.120783349518546e-06 2.370320631306650e-06
-1.647935947550322e-05 9.702742365341954e-06 -3.109675419005118e-06 -1.587680467906620e-06
-1.623068554502796e-05 7.802560155101105e-06 -7.081938182521681e-06 -8.491847868729105e-08
9.522843641236901e-07 7.737985530317149e-07 8.329676960723881e-06 -8.228816885107605e-06
9.457321166499296e-07 -5.209733865312709e-07 1.414271549812780e-06 -4.776436785695955e-06
2.658616714385065e-07 1.798387934159460e-07 -7.039847454007168e-06 1.429568231269519e-05
-1.293669742289937e-05 1.214498719020661e-05 -2.418098746491950e-06 -1.222830659953838e-06
-1.154320503624742e-05 1.107763197925206e-05 7.550631618662783e-06 2.279738637312522e-06
-1.437572852128966e-05 9.353767850936483e-06 -3.403462311255019e-06 3.866243889216211e-06
-1.474541756678500e-05 6.856238348119956e-06 4.753433728825875e-06 -3.697181130612753e-06
-5.367221567084173e-07 9.938006700326940e-07 1.035646850907941e-06 -7.896551300256309e-06
-5.264050917412638e-07 -7.263961363488665e-07 2.533279709024614e-06 -1.203364728847531e-05
-1.189771027447026e-05 9.455786383115891e-06 2.654910032963664e-07 1.539543812293392e-06
-1.031808895056582e-05 9.869248767218317e-06 2.983895944235889e-06 4.236770133876532e-06
-1.248438589923862e-05 7.658085667703027e-06 -7.499085628864996e-06 -7.045834085479842e-07
-1.348121546911828e-05 5.713473942574767e-06 -6.296896075292061e-06 7.775834259664796e-06
-1.406267788356770e-06 1.527489543382182e-07 -2.130863989972095e-06 1.043486671375954e-05
-2.441640236127975e-06 1.329425044794358e-06 -3.821405746194672e-06 -4.953167071408914e-06
-2.436462373547627e-06 -1.038054513053070e-06 1.809633276196224e-06 -8.379796317056317e-06
-9.247252791712361e-06 8.561585811750485e-06 -2.722661718560592e-06 -1.319661861186445e-06
-8.368017990189157e-06 7.194455519521813e-06 -2.874992147629091e-06 1.370280112418250e-07
-7.668766937250176e-06 5.747213955503225e-06 4.070977033831268e-07 -3.189729635318991e-07
-1.129522235188369e-05 6.054424429890968e-06 -1.220355595017523e-07 3.852609374424211e-08
-1.246999280873269e-05 4.408779052724849e-06 4.005784138369453e-06 -9.534543093811549e-06
-3.293788888326256e-06 1.392728147841221e-07 3.513554100611621e-06 -2.846235230760108e-07
-4.320983077799820e-06 1.645602214948369e-06 -1.107929865928954e-05 1.090231373664406e-05
-4.327910916297077e-06 -1.365721024935383e-06 -3.005505108282694e-06 6.580775578782338e-06
-9.149210491750974e-06 5.744189275115119e-06 -1.248106151334785e-06 1.883504148837747e-06
-7.135655628884647e-06 4.254973974304550e-06 1.232430516770454e-06 -4.750633486906166e-06
-6.019687619262215e-06 1.894378088671145e-06 6.641006104858662e-06 1.643703024371463e-06
-6.530229977061880e-06 2.157367561284162e-06 1.363026046738233e-06 1.076590979128879e-06
-6.797829150556863e-06 2.704951407802543e-06 -1.158653519028047e-06 -1.219715703266889e-06
-1.046855508456217e-05 4.224690103804666e-06 -4.217752322973847e-06 1.725466627131402e-06
-1.174124327379924e-05 2.998694216402582e-06 -7.419962457312546e-06 6.706253315115680e-06
-5.253462271551734e-06 3.691385466724172e-07 2.153942159152278e-08 -2.778061335228431e-06
-6.023188249877675e-06 -1.609578126312823e-06 -5.766224381290808e-06 6.341970729766974e-06
-8.162147540622979e-06 3.195573938622672e-06 -4.363849107324901e-07 -1.911104678715768e-06
-6.573829626703852e-06 1.099346726625071e-06 9.573758899692014e-07 -4.599110999456611e-06
-7.158706740148732e-06 1.970826981744865e-06 -2.747745581698774e-06 3.848874636534839e-08
-9.885279933849656e-06 2.584113648898023e-06 -4.200145966943460e-07 3.790519769756774e-06
-1.129344171049577e-05 1.566170068210089e-06 -4.143138047807472e-06 -7.422900096104888e-06
-6.603588698127146e-06 -5.849980851479717e-07 2.466776297630473e-07 -2.344761705019464e-06
-6.506727601156367e-06 -1.872767359127554e-06 -8.443096062210478e-06 3.960057506460609e-06
-8.465698884743324e-06 7.697965727194442e-07 -2.164169484718154e-06 5.683641434297953e-06
-1.112923304061899e-05 1.322762794619053e-07 -5.482512952522905e-07 -6.640653960296575e-06
-1.128132491441336e-05 -1.280244108305112e-06 2.617643859328071e-06 -9.369516470178328e-07
-7.597866559765129e-06 -1.517907855264213e-06 -3.025464386759841e-07 -1.354138811963534e-06
-6.777676028284939e-06 -2.431676594392642e-06 -1.235578925033728e-05 3.632079722883015e-07
-7.128035386347617e-06 -3.955589411946924e-06 -1.082747342074384e-05 -3.043830449928088e-06
-9.859455761257742e-06 -1.452249151408966e-06 -9.232931941553605e-07 2.130180183712043e-06
-7.663792063935684e-06 -5.451206606498923e-06 -3.324349872059276e-06 -4.135376993606489e-06
-1.175168109083865e-05 -2.723338226672571e-06 -8.348425021893196e-07 -1.500205782334674e-06
-8.520617036183346e-06 -4.001711388697731e-06 1.333269317394704e-06 -3.899573281888614e-06
-1.058818863664012e-05 -4.118809559764716e-06 -4.291502979786752e-06 -3.097548041110661e-07
-8.375801414266689e-06 -6.895092954774938e-06 3.161132533492262e-06 -1.517254288210625e-06
-1.250125842103930e-05 -4.129016608558484e-06 -6.158171549524073e-06 -1.215818292560437e-05
-1.189583657816247e-05 -5.521018248371232e-06 -3.432847042660609e-06 6.648576569650508e-08
-1.044748212844373e-05 -6.406699215488981e-06 2.585586778183264e-06 3.972457930426501e-06
-9.253394413455242e-06 -8.311682679600893e-06 -5.959389115711395e-06 -1.257452484683363e-07
-1.033456604334116e-05 -9.623526172744248e-06 -7.139350283581483e-06 -1.675776821548306e-06
-1.352542176588779e-05 -5.420265005767163e-06 -1.335391867411289e-06 -1.976019034712644e-06
-1.278860995443517e-05 -7.113028766944901e-06 2.181954379092038e-06 -8.136840822847051e-07
-1.193428630173002e-05 -9.103264522579036e-06 -1.114754663084018e-06 -6.947696556144511e-07
-1.157237701926495e-05 -1.084072285003366e-05 -5.233406742650618e-06 -3.571596137943367e-06
-1.480571495561075e-05 -6.582817603610559e-06 -1.409262916302426e-05 -9.675960334457201e-06
-1.440813714409352e-05 -9.091008250129700e-06 3.391538267764968e-06 9.553215175653877e-07
-1.295709395156362e-05 -1.191689639777221e-05 -3.503401566456785e-06 -4.502529253869764e-06
-1.450421418182772e-05 -1.284412938550611e-05 -2.678215944006295e-06 4.762919326982922e-07
-1.616955701376370e-05 -1.361073002751969e-05 -3.472945151335079e-06 1.185391851709056e-06
-1.630076314009809e-05 -9.642866096617454e-06 4.028754769613384e-06 -1.202215249385176e-06
-1.628530004948654e-05 -7.552901026466059e-06 1.310183317938272e-06 -5.365756267048021e-06
-1.592302493455268e-05 -1.175068560413129e-05 -3.516475896439938e-07 -3.871125485578875e-07
-1.795302006732988e-05 -1.417721785231510e-05 -3.935399879480087e-06 6.328423256745186e-07
-1.981766101199028e-05 -1.454847819578202e-05 6.447189085962439e-06 2.747671374823001e-06
-1.782905330308523e-05 -1.010779344990786e-05 -4.274621459287053e-06 -2.877692946837934e-06
-1.797759672531985e-05 -8.267199598221374e-06 -6.463683470086968e-06 -7.170494605325610e-06
-2.171667136726388e-05 -1.470297295595380e-05 1.072470478224681e-06 3.021197330562160e-06
-1.958317463142543e-05 -1.186116155435224e-05 -2.438665417244927e-07 -1.513362774072161e-09
-1.979789999381104e-05 -8.667596310755238e-06 -9.907065649662679e-07 -4.920275900141893e-06
-2.213118164955302e-05 -1.215976252743543e-05 -4.477689422016066e-06 -2.466396577627475e-06
-2.386479260180425e-05 -1.475259147272581e-05 3.338482284326323e-06 2.443547483195536e-06
-2.170283443600401e-05 -8.792759156617106e-06 4.816658424374539e-06 -1.362332774037233e-06
-2.686326966360444e-05 -1.480471063830874e-05 -2.129331823414074e-06 -4.820873948200991e-06
-2.447062087264724e-05 -1.069690247519686e-05 -3.090646039138804e-06 -1.148071948071318e-06
-2.385806293066227e-05 -8.741829165463462e-06 -7.918663373234444e-07 1.230644852696034e-06
-3.107817842340577e-05 -1.487676594065021e-05 6.930071607487245e-07 -1.060452280307391e-07
-2.896955153390839e-05 -1.150660169652071e-05 -9.047241829514362e-07 1.340804402296738e-06
-2.686430557302674e-05 -8.679826459408764e-06 1.796618500090187e-06 -1.660240053376290e-06
-3.677589072359252e-05 -1.495712984000013e-05 7.701821269786081e-07 1.017292444189226e-06
-3.390210915085102e-05 -1.174879843461116e-05 -1.078777272406651e-06 -1.439910202809521e-06
-3.107672153209702e-05 -8.616402899280397e-06 -1.474090875830378e-06 -6.432731097851464e-07
-4.282267874875409e-05 -1.501350968229194e-05 1.628221167683202e-06 -3.491430757161839e-06
-3.978381305950179e-05 -1.175292121435301e-05 2.101835973834467e-06 -5.417338899601119e-07
-3.677188507655700e-05 -8.545474527790916e-06 1.123243187863375e-06 -1.643645542742433e-06
-4.896873080022202e-05 -1.505529912095996e-05 1.957832659581521e-06 -6.238162187892161e-07
-4.588270658365232e-05 -1.174449652074900e-05 2.069235097885741e-06 -6.364134690569222e-07
-4.282856345017188e-05 -8.482177265154298e-06 1.771871022081556e-06 2.253094702354211e-06
-5.517852953248328e-05 -1.509701131099693e-05 2.588624934890747e-06 2.243592319922896e-06
-5.206062801731057e-05 -1.174960465224997e-05 1.722857418371237e-06 -8.610882979982784e-07
-4.896366939553907e-05 -8.438050766395671e-06 1.562336263459260e-06 -8.565135009553429e-07
-6.145740729878222e-05 -1.512655138547418e-05 3.389591398544826e-06 -2.388834473579124e-06
-5.830915610493511e-05 -1.175192671563809e-05 3.149681652933388e-06 -6.935100631858749e-07
-5.518118754120516e-05 -8.405144080309065e-06 3.223871492780786e-06 -2.959075438604268e-06
-6.776520173472606e-05 -1.513681002905378e-05 3.470609247053018e-06 -2.222360962616021e-06
-6.460845869888518e-05 -1.175648750318710e-05 3.529536807577854e-06 -7.883805008921024e-07
-6.145284282453450e-05 -8.384983534118995e-06 2.431468798295769e-06 7.016190815958869e-07
-7.410876874867307e-05 -1.515965801914189e-05 3.698033589510389e-06 1.560179056865654e-06
-7.092923156848979e-05 -1.175150888875420e-05 3.383001379525780e-06 -3.745078168515842e-07
-6.776904618044313e-05 -8.370574929464901e-06 3.489278920277902e-06 2.891705297155512e-07
-8.046748020588587e-05 -1.516579210620506e-05 4.790585241159974e-06 -1.651673882722062e-07
-7.728807846598920e-05 -1.175729269888870e-05 3.867168411737993e-06 -2.175880156342570e-07
-7.410599155134997e-05 -8.348263395434295e-06 4.071387690576692e-06 -5.729633098838621e-07
-8.684782882433709e-05 -1.518180546306620e-05 5.468779768766466e-06 -2.475665517189775e-06
-8.365083883284982e-05 -1.176072037204293e-05 6.395189979662134e-06 -1.149384316340405e-06
-8.046598829863418e-05 -8.353755466255642e-06 5.110577678176423e-06 -1.611555884332736e-06
-1.005192420976083e-04 -1.478859860076172e-05 3.679325765320267e-06 -1.092537586959565e-06
-9.961432493839603e-05 -1.516349150450139e-05 4.029397039594599e-06 -1.057325679222725e-06
-8.971528529442815e-05 -1.175501421087510e-05 3.853811157834009e-06 -5.041011329689393e-07
-9.323993340532866e-05 -1.516815184055951e-05 6.047357349212890e-06 1.235472490601705e-06
-8.685060188469631e-05 -8.335095181947062e-06 4.658603635853179e-06 5.976934666511439e-07
-1.008941138304486e-04 -1.388365626542538e-05 3.553474797271472e-06 -9.793817779334665e-07
-9.875375839307868e-05 -1.175110729775493e-05 5.450527911482802e-06 -3.973460898665205e-07
-9.324075180816049e-05 -8.335883575212097e-06 6.216401241366379e-06 -2.817266445046319e-06
-1.008956212578972e-04 -9.618051780610504e-06 5.036535504920493e-06 -4.694735378047809e-07
-9.961571789866178e-05 -8.337831961779721e-06 5.274665976233405e-06 -9.564943307106061e-07
-1.005207830293672e-04 -8.712826899098323e-06 5.159568353164285e-06 -7.589990237001672e-07
