-2.986748820998682e-05 6.054797967786447e-06 -4.421730273031469e-05 7.305667306719579e-06
-2.996243881169689e-05 5.825462732732564e-06 -4.438350823061224e-05 6.867871915996710e-06
-2.996267895675785e-05 4.744612137069880e-06 -4.446630707096338e-05 4.554054657498538e-06
-2.986770707937857e-05 4.514990761703335e-06 -4.428443012813225e-05 3.973324070935769e-06
-2.963828188868994e-05 6.149872853840692e-06 -4.381563464213177e-05 7.493749073118831e-06
-2.920684395442878e-05 5.284905269958323e-06 -4.301800701049879e-05 5.628355511650884e-06
-2.963836850739893e-05 4.419756856662525e-06 -4.380962499407760e-05 3.707729936523122e-06
-2.801470920790790e-05 6.148981027644578e-06 -4.074955692738189e-05 6.822097820215073e-06
-2.801344627580901e-05 4.416751442964349e-06 -4.023033656797404e-05 2.824052924285485e-06
-2.712081080614752e-05 5.280969453884051e-06 -3.898003913347560e-05 4.255724460063597e-06
-2.640436242912186e-05 6.132771542786774e-06 -3.839029254081082e-05 5.040403557494069e-06
-2.640355014139904e-05 4.427287695283507e-06 -3.856355456945617e-05 3.528964230726106e-06
-2.560623741575315e-05 5.280454870139387e-06 -3.741272305798270e-05 4.658427073436122e-06
-2.481067215506709e-05 6.128594403375635e-06 -3.453433922211957e-05 6.813151510463103e-06
-2.481187434605594e-05 4.435732812166421e-06 -3.529134052582437e-05 3.927234067585717e-06
-2.401883853634668e-05 5.284238280324897e-06 -3.257221894126935e-05 5.860969051692317e-06
-2.323311594236693e-05 6.126630446294921e-06 -3.131401140339080e-05 5.186530653734483e-06
-2.323054970087023e-05 4.441533986070864e-06 -3.055845835560032e-05 5.240649627646334e-06
-2.244904394889895e-05 5.283613164280962e-06 -3.056862132246261e-05 4.429155553707073e-06
-2.166959248834763e-05 6.122050546357927e-06 -2.841755606130421e-05 5.258621113808771e-06
-2.166867450907719e-05 4.444640273349284e-06 -2.878197300811139e-05 3.060786562763280e-06
-2.089220366290330e-05 5.282374164277930e-06 -2.702810720496506e-05 4.441566935987902e-06
-2.012837862896559e-05 6.100792758640268e-06 -2.435943385327643e-05 6.746897739009056e-06
-2.012468461918538e-05 4.460706359761108e-06 -2.461311784586528e-05 2.858337986881848e-06
-1.936681787552260e-05 5.279333670130886e-06 -2.249259631084604e-05 5.027558230767231e-06
-1.861684123698081e-05 6.084233747904537e-06 -2.072947742533109e-05 7.803615786559903e-06
-1.861942776107765e-05 4.479416579758458e-06 -2.075573170689217e-05 2.037252711620622e-06
-1.787081437803585e-05 5.284419729115946e-06 -2.032377393127623e-05 4.819871896409928e-06
-1.711832020265916e-05 6.096214466601696e-06 -2.072774183021999e-05 7.277207032592053e-06
-1.712088760013849e-05 4.478496147498947e-06 -1.998060966047209e-05 1.932162914448961e-06
-1.636573399315686e-05 5.290387054213118e-06 -1.892589603425131e-05 4.453363876284936e-06
-1.560407936385155e-05 6.113705537585979e-06 -1.519617425443489e-05 7.398674071157866e-06
-1.560223077338308e-05 4.464463493394411e-06 -1.675688091793760e-05 3.333069432401835e-06
-1.483674334486352e-05 5.286437007241011e-06 -1.291835531209453e-05 5.677702400246639e-06
-1.406109566564475e-05 6.124889659022198e-06 -1.277603864185488e-05 5.191645794430946e-06
-1.405920615931921e-05 4.441570726740146e-06 -1.135649695367351e-05 4.812049554510033e-06
-1.330636730579882e-05 5.281067446149815e-06 -1.222901312055957e-05 3.876357496497939e-06
-1.253035620637052e-05 6.156049953921167e-06 -1.052812684100520e-05 6.695699084878205e-06
-1.253188126128767e-05 4.405093597576594e-06 -1.221716075123670e-05 3.450684295562745e-06
-1.194537098873325e-05 5.351853287204473e-06 -1.059438597145148e-05 6.336186892169767e-06
-1.133130565384352e-05 6.184057911239548e-06 -1.134032901878792e-05 5.871638376637230e-06
-1.133570858244711e-05 4.380580197062019e-06 -9.177219852367143e-06 3.320899400054460e-06
-1.043281313108812e-05 6.213337703523181e-06 -8.579261215449235e-06 5.810735266612545e-06
-1.061857720193322e-05 5.600100787623787e-06 -9.594246605222809e-06 3.455005753445982e-06
-1.042689841014112e-05 4.357374764254160e-06 -8.214388498022416e-06 2.287421901301440e-06
-9.745642258700740e-06 4.335250798280988e-06 -7.326602425744015e-06 3.493845985177116e-06
1.888887414765107e-06 2.380488332826972e-07 2.018867771650284e-06 -2.192544448468796e-06
1.948985035632562e-06 9.134944518980681e-08 -5.674248517885505e-06 6.977657204700805e-05
1.917193446522366e-06 -9.673977834342329e-08 1.078374426106729e-06 -4.591023999212849e-05
1.850383112948360e-06 -2.757160355830431e-07 -2.182101704917378e-05 9.419344272494008e-06
-9.754742858835535e-06 6.230825221470216e-06 -3.867446645483814e-06 5.539993399139336e-06
-9.118537512861743e-06 6.212703404399353e-06 -6.036488466504280e-06 5.881511245284912e-06
-9.616639956505412e-06 5.045845439975008e-06 -6.459226203424714e-06 3.441282904752417e-06
-9.127809156989009e-06 4.259144655361521e-06 -8.585988889036928e-06 4.084204451296113e-06
1.748623255088898e-06 3.034055611304127e-07 -1.589384279366704e-05 -1.425886615415726e-05
1.637791289371391e-06 5.828587731984983e-08 2.011263033126102e-05 -2.380603441376954e-05
1.687254829041241e-06 -3.493774896499864e-07 -1.918898898842471e-05 2.143918812301469e-05
-8.922956343793371e-06 5.620618576865619e-06 -7.428485898830137e-06 5.884366856329342e-06
-8.486256356269005e-06 6.122998978517924e-06 -8.092938302088677e-06 6.640043069028775e-06
-7.862001813985645e-06 5.954880484751601e-06 -7.502301472909869e-06 5.646003335430584e-06
-8.735390553962516e-06 4.788647102436092e-06 -8.492315267400179e-06 4.044222990427020e-06
-8.508713411663492e-06 4.065561413994308e-06 -8.505721907306246e-06 2.441240798938792e-06
1.162973397764655e-06 2.939472239776614e-07 7.600711617258380e-06 1.330533222929371e-05
1.185136420169100e-06 -2.979513696770092e-07 -1.197755945634140e-05 1.751165022643590e-05
8.837882804316883e-07 1.925135798713264e-08 -1.741761355843694e-06 -2.112357989482891e-05
-7.247596178896512e-06 5.718503861572715e-06 -5.411747053913685e-06 4.989254617103090e-06
-7.785102654627169e-06 5.314882854071302e-06 -6.593863933317550e-06 4.654565607179310e-06
-8.003030723578146e-06 4.486129662431015e-06 -6.131651035149896e-06 3.767054562610562e-06
-7.917569402287882e-06 3.757099010198451e-06 -5.243199416692447e-06 -2.481764740467390e-08
5.091895073199011e-07 3.691000995795323e-07 -1.000614402902897e-05 1.146225206004905e-05
5.136045293835050e-07 -3.474047068270333e-07 1.010983463774754e-05 1.129473103007591e-05
1.435938809478266e-07 1.117704602849163e-08 -1.519702745459265e-07 -2.970692809430762e-05
-6.656628409420493e-06 5.405615114032313e-06 -3.557839251928527e-06 5.024471851017983e-06
-6.086791304887001e-06 5.016721877320920e-06 -4.409122975200674e-06 4.501391995538270e-06
-7.220705810798805e-06 4.345748430117039e-06 -3.356243197370061e-06 3.227914588114868e-06
-7.376783643382314e-06 3.342208030588157e-06 -5.401944792191948e-06 6.000312354071532e-07
-3.172232880222591e-07 5.092755279543129e-07 6.293929753326742e-06 1.857272437896191e-05
-3.008033770140978e-07 -4.516191273842910e-07 -3.924100530254201e-06 1.776900552479040e-05
-6.227704221685685e-06 4.390661844818247e-06 -5.062187654100169e-06 3.940709860074357e-06
-5.550223542718873e-06 4.561817111850428e-06 -2.800080650517094e-06 4.329974470370003e-06
-6.470326194074455e-06 3.655533782935042e-06 -7.645937035837898e-06 3.011357648694210e-06
-6.900821479659947e-06 2.823630222229444e-06 -6.674381466690027e-06 3.460750815876229e-06
-7.859735037481685e-07 1.168433290827140e-09 -8.279664255273570e-06 -2.465229177368879e-05
-1.342311767599724e-06 6.815889691009950e-07 4.216515180651561e-06 8.063959451657663e-06
-1.358305991408192e-06 -6.159560262495875e-07 3.319559277207558e-06 2.525089840129975e-07
-5.065755961010445e-06 4.040038948997452e-06 -1.335250502274886e-06 5.928839534228798e-06
-4.630311611734066e-06 3.450154114100709e-06 -1.534589680555871e-06 1.859442420075686e-06
-4.260450069697279e-06 2.808470275404230e-06 -4.723015996512526e-06 -1.064738122435336e-06
-5.959746521405141e-06 2.965074578463462e-06 -5.996917396405429e-06 1.575412359459077e-06
-6.501445450087514e-06 2.208361271195807e-06 -3.029336411086059e-06 2.198399402713824e-06
-1.811384344655611e-06 3.143681366589211e-08 -2.510278920565896e-07 5.252538576181757e-06
-2.365138498154140e-06 8.082556996392698e-07 -3.988041137769004e-06 -4.004201666897859e-06
-2.372155920201348e-06 -8.169686974214975e-07 -6.646693316937717e-06 5.510291244667826e-07
-4.973523991129506e-06 2.817604168621559e-06 -1.633508535131165e-06 -2.684196898991375e-07
-3.969024216576293e-06 2.108074920179543e-06 -4.979068248110428e-06 1.979108351809374e-06
-3.300976160966986e-06 9.548408397680473e-07 -2.310768871689865e-06 -6.149268971466774e-06
-3.584655955041762e-06 1.097188681315013e-06 -1.749530216121864e-06 -4.972405928964740e-06
-3.750889857274586e-06 1.371292568566704e-06 -7.943187215077014e-07 -2.174028043025058e-06
-5.593543432104857e-06 2.113013085455728e-06 -3.503915252673652e-06 5.461166249237074e-07
-6.205936395016986e-06 1.528028539683777e-06 -2.458190399801059e-06 -1.703311168768584e-06
-2.867018838379818e-06 1.303382001612763e-07 3.031343721166720e-06 4.174172215748429e-06
-3.268600373721805e-06 -9.299114447838209e-07 5.914257397522767e-06 -1.833878206764597e-05
-4.454597746983317e-06 1.611764146219475e-06 -1.982837111212580e-06 3.328244062251352e-06
-3.580514421404502e-06 5.384998458564295e-07 -3.528648176066628e-06 2.508225900227683e-06
-3.918372981334147e-06 1.001847961470705e-06 1.133122022683555e-07 -1.312270186185233e-06
-5.314877260339504e-06 1.307511779657749e-06 -5.094867511773168e-06 2.265001587202370e-06
-6.039723282972503e-06 7.975562800795187e-07 -4.629448604423648e-06 6.048220493879221e-07
-3.570211417760596e-06 -3.782368695415137e-07 -8.246674935094366e-06 -1.904767281276796e-06
-3.512155338969073e-06 -1.063711183814041e-06 7.729213416471196e-07 -1.299066344284810e-05
-4.595069172716095e-06 3.642852335736432e-07 -2.734787344859712e-06 5.129679211001866e-06
-6.006388857694662e-06 3.799159986685130e-08 -3.084810579745903e-06 -6.042220719530260e-06
-6.157278329526467e-06 -7.446137730938402e-07 -3.526064540445030e-06 -5.376242966529500e-06
-4.091823027646337e-06 -8.689749049999876e-07 -3.712969702246643e-06 1.280961251366620e-06
-3.647984553221737e-06 -1.373413482757005e-06 3.870767403967518e-06 -3.684186552425177e-06
-3.804230765540238e-06 -2.274091511134119e-06 -1.290747320747740e-06 1.524587441799028e-06
-5.348786661687077e-06 -8.267363574812098e-07 -1.210598139852447e-06 -2.002657421879658e-06
-4.061367348845840e-06 -3.186616589773898e-06 -4.811619397676373e-06 -4.592246856726399e-07
-6.474077851396447e-06 -1.548086485950659e-06 -7.519549825975305e-06 -1.231738001869120e-06
-4.581895406497340e-06 -2.294913922938288e-06 -4.980834949790717e-06 1.205306488923773e-06
-5.787733435999595e-06 -2.364786200749328e-06 -2.564260748036729e-06 -1.241622554027956e-06
-4.448387569516388e-06 -4.072022327821847e-06 -2.591971412298639e-06 -1.927840188709583e-06
-6.966397626713322e-06 -2.364281724772229e-06 -8.043017569384198e-06 1.734522861624254e-06
-6.609825584024765e-06 -3.208238587985826e-06 -4.662840144501852e-06 -2.451357714328838e-06
-5.713697287644664e-06 -3.751887598353890e-06 -3.590191953575908e-06 -1.962802536112797e-06
-4.963068933677312e-06 -4.967603930715886e-06 -2.576929524475403e-06 -3.877083308375158e-06
-5.620291548483255e-06 -5.832793787217963e-06 -3.664041689418868e-06 -2.965917321455130e-06
-7.652618865610973e-06 -3.140659812060432e-06 -6.469586918054454e-06 -2.448216428791155e-06
-7.188737100691502e-06 -4.201529943080193e-06 -5.197787430267952e-06 -2.873563911853417e-06
-6.629311242078039e-06 -5.497026350187271e-06 -4.910641981054330e-06 -2.046709882640291e-06
-6.387310244327626e-06 -6.657209410421476e-06 -3.768164649169163e-06 -2.104238782758663e-06
-8.508425112008762e-06 -3.844443545267213e-06 -2.712998197102000e-06 -3.196575694564558e-06
-8.259498191139533e-06 -5.499036558156166e-06 -2.929287210061232e-06 -8.975152939778008e-07
-7.290792415924402e-06 -7.396261261186511e-06 -8.166197633218134e-07 -1.922183659378901e-06
-8.335129952501944e-06 -8.059128445085756e-06 -3.357314957019311e-06 -4.408702853902986e-06
-9.473177349377030e-06 -8.625011158374097e-06 -5.467872368075367e-06 -4.185228803960663e-06
-9.550182899456267e-06 -5.869371890382028e-06 -4.127599315227897e-06 -2.366294139350315e-06
-9.532860240565875e-06 -4.452358556289613e-06 -2.808513816984885e-06 -2.375413072634913e-06
-9.292838296564504e-06 -7.320528515676719e-06 -5.395895867553980e-06 -3.373979337102639e-06
-1.071097060690440e-05 -9.047819734338431e-06 -5.887803087669182e-06 -3.543240460136531e-06
-1.202372107237021e-05 -9.337310657529216e-06 -4.645366932685108e-06 -2.822375888483060e-06
-1.061184131388084e-05 -6.191017432291787e-06 -4.720401489293497e-06 -3.232975680007300e-06
-1.071442286120928e-05 -4.901987500899722e-06 -4.121063655520764e-06 -2.261347488956417e-06
-1.337980114563531e-05 -9.471815825864736e-06 -4.236910775212753e-06 -2.411800734570452e-06
-1.184276053761260e-05 -7.422338731558452e-06 -4.687753800793650e-06 -2.726324396086050e-06
-1.200633642857832e-05 -5.162763428793777e-06 -5.355479259252966e-06 -2.092462323051916e-06
-1.367452480711556e-05 -7.636652817917955e-06 -4.445831838575943e-06 -1.542451235023058e-06
-1.493557280068661e-05 -9.541552836032733e-06 -6.528275238885387e-06 -2.086098675203762e-06
-1.336318865657851e-05 -5.226535911276453e-06 -3.834306091516660e-06 -4.558980183721746e-07
-1.714106732719704e-05 -9.613455900333963e-06 -6.684937465922791e-06 -2.353210581015202e-06
-1.537189093047289e-05 -6.574106792499034e-06 -5.745161677469722e-06 -1.490605385735342e-06
-1.493428671761586e-05 -5.157597793737503e-06 -5.056818932227261e-06 -6.617749670674618e-07
-2.031595723164150e-05 -9.725013807922925e-06 -3.610733653822616e-06 -3.179125667271402e-06
-1.871334752877403e-05 -7.166844749523138e-06 -5.120408778523687e-06 -3.739744549034090e-06
-1.714273656618947e-05 -5.067079072468648e-06 -5.107847761813565e-06 -2.572271145014905e-06
-2.470071061737496e-05 -9.842284766267622e-06 -1.011043711022653e-05 -2.142559144534178e-06
-2.247537300785113e-05 -7.348601110719215e-06 -7.092031646566979e-06 -1.237253108970570e-06
-2.031482079326059e-05 -4.965600240027446e-06 -6.669612552488269e-06 -3.281318599469637e-06
-2.944786088229331e-05 -9.930408877307742e-06 -7.541426426857928e-06 -2.065357363223731e-06
-2.704729749202361e-05 -7.349844870399537e-06 -9.270732557963811e-06 -2.625820377704613e-06
-2.469980670714920e-05 -4.854380176987261e-06 -8.008892792982828e-06 -1.773645096412324e-06
-3.435429572795507e-05 -1.000806505788282e-05 -8.374358315449863e-06 -2.808677132728899e-06
-3.187646919014108e-05 -7.348539271873691e-06 -7.429402129020957e-06 -2.194824845241888e-06
-2.944975637594451e-05 -4.768193695621986e-06 -8.488767331427364e-06 -2.989720256559647e-06
-3.940232952537054e-05 -1.007828347332491e-05 -1.249697380355401e-05 -4.249056688777720e-06
-3.685527303059652e-05 -7.349225761766514e-06 -1.047351356477338e-05 -1.607778647094912e-06
-3.435352348202085e-05 -4.689531793178679e-06 -8.898225685412787e-06 -1.352587798834559e-06
-4.455629649846387e-05 -1.012633063638657e-05 -1.248965517069201e-05 -3.570705908472245e-06
-4.196591503197645e-05 -7.353685750860248e-06 -1.276506180933104e-05 -2.087420635749638e-06
-3.940093578788981e-05 -4.623421782964069e-06 -1.215674297835120e-05 8.077276463275175e-07
-4.977028090620168e-05 -1.016574091568482e-05 -1.243396869023534e-05 -1.552990320577590e-06
-4.715290594222862e-05 -7.359342471862166e-06 -1.252526394287339e-05 -3.087219838341087e-06
-4.455352470439405e-05 -4.587775020024171e-06 -1.183446782006824e-05 -1.977240428351550e-06
-5.503496902329460e-05 -1.018961142665597e-05 -1.526708943205597e-05 -3.089288033101873e-06
-5.239567235227436e-05 -7.357570729979232e-06 -1.368828818026450e-05 -1.476484343791897e-06
-4.977235616550166e-05 -4.551226610197771e-06 -1.369555181859000e-05 -3.009671345075214e-06
-6.033678070902295e-05 -1.020351198867940e-05 -1.414110058288364e-05 -2.000763653528999e-06
-5.768017328915190e-05 -7.360380404766786e-06 -1.506250618518819e-05 -2.474244156622215e-06
-5.503294406602186e-05 -4.527965214630310e-06 -1.422136426077518e-05 -7.335628418174289e-07
-6.566475852315961e-05 -1.021435826323051e-05 -1.536912308386062e-05 -1.495232507207684e-06
-6.299829577381153e-05 -7.360462770855693e-06 -1.456857153384447e-05 -1.872549833533410e-06
-6.033717438802053e-05 -4.517838226441635e-06 -1.495621648378291e-05 -2.356525386123984e-06
-7.708473873142545e-05 -9.892523388544472e-06 -1.680021128040624e-05 -3.471452489729050e-06
-7.632978572998504e-05 -1.020609376379894e-05 -1.627791441935810e-05 -3.710941142988360e-06
-6.805368360238080e-05 -7.359385951205921e-06 -1.572918402549723e-05 -2.984980897074798e-06
-7.100024630948753e-05 -1.021826707571453e-05 -1.763968915057260e-05 -4.400897924695954e-06
-6.566512900015392e-05 -4.505433403563536e-06 -1.450854601226179e-05 -3.256314781336659e-06
-7.739737723104603e-05 -9.136456999314239e-06 -1.701131774493426e-05 -2.880655969617060e-06
-7.561261539132189e-05 -7.357575687994670e-06 -1.643017339702721e-05 -1.556157026467211e-06
-7.100073575242638e-05 -4.499065872219131e-06 -1.822418317712070e-05 -1.180326645358683e-06
-7.739761230026852e-05 -5.578418737941267e-06 -1.740332322948547e-05 2.423473303248922e-07
-7.633016615307387e-05 -4.508969036464217e-06 -1.685427018008744e-05 8.513166650002689e-07
-7.708502234688155e-05 -4.822469014713280e-06 -1.725709703588967e-05 6.979594514754829e-07
