-7.539572563032204e-05 1.132691567007856e-05 4.688115657920446e-05 -5.571038814599095e-06
-7.568890980767525e-05 1.061860718098282e-05 4.696159640700305e-05 -5.340933471538071e-06
-7.568903127197541e-05 7.279427154915599e-06 4.668114372075314e-05 -4.281803129849114e-06
-7.539580664531039e-05 6.570764742599387e-06 4.656307245368196e-05 -3.937379057931676e-06
-7.468781865116998e-05 1.162038866149501e-05 4.667099943820976e-05 -5.662719382058522e-06
-7.336024053850437e-05 8.948737051955648e-06 4.623555610447890e-05 -4.512431611273685e-06
-7.468772225715065e-05 6.277092195828350e-06 4.627494974732342e-05 -3.771657824221229e-06
-6.970272557301305e-05 1.161992986666749e-05 4.535167640570487e-05 -5.321681127911917e-06
-6.970133071508774e-05 6.272953025205650e-06 4.485624512886736e-05 -1.864947392205454e-06
-6.694920772685645e-05 8.944900086405106e-06 4.306351336327068e-05 -3.284371428416367e-06
-6.471873001916846e-05 1.161106647446998e-05 3.998112276867067e-05 -6.686669269039628e-06
-6.471919372563218e-05 6.279151865701758e-06 4.041410734368147e-05 -4.384426426991505e-07
-6.222980207868910e-05 8.946642961628375e-06 3.706355953548175e-05 -4.113168168588389e-06
-5.974322397917957e-05 1.160683372126265e-05 3.614902212874787e-05 -4.884199443631269e-06
-5.974530188874434e-05 6.291795849995666e-06 3.558243150656657e-05 -3.393835303561206e-06
-5.726350312745469e-05 8.951855712090306e-06 3.556006881777057e-05 -4.291322305826602e-06
-5.479906792689353e-05 1.159045062730653e-05 3.390118393169275e-05 -5.828764163437241e-06
-5.479731342457263e-05 6.312233642828110e-06 3.339799975495521e-05 -2.735704514260813e-06
-5.234210696552669e-05 8.949748115550259e-06 3.134325778743186e-05 -4.285461517893815e-06
-4.990321423889048e-05 1.156268241656431e-05 2.865604199628210e-05 -5.935503616217329e-06
-4.990127085994042e-05 6.332194996324892e-06 2.756925666124323e-05 -1.842664960004712e-06
-4.746938180637590e-05 8.945823581760890e-06 2.634332451146973e-05 -3.459135708327631e-06
-4.505668452631233e-05 1.152330444001731e-05 2.528031337187957e-05 -4.949040860694291e-06
-4.505519107955398e-05 6.366631512161935e-06 2.523959949694940e-05 -2.980978609294785e-06
-4.264705204701881e-05 8.944819950827614e-06 2.449238800007414e-05 -4.459984821589873e-06
-4.025579109081078e-05 1.148922561573569e-05 2.299093970730518e-05 -5.484129706047075e-06
-4.025940688548292e-05 6.405683521332004e-06 2.328133377025150e-05 -4.615480872655762e-06
-3.788189440525085e-05 8.949820757558006e-06 2.112041552720290e-05 -5.095009578069664e-06
-3.553799054503298e-05 1.144721983449613e-05 1.884736893437075e-05 -6.839366332431326e-06
-3.553415202575727e-05 6.448570380033644e-06 1.892652615924247e-05 -2.708098341969280e-06
-3.320440792613101e-05 8.944085104831434e-06 1.787120625443932e-05 -4.771580091681334e-06
-3.089952381179912e-05 1.139863038886911e-05 1.731827265646240e-05 -6.482302087524623e-06
-3.089987392449876e-05 6.487890699456170e-06 1.612270403865146e-05 -1.373640568519751e-06
-2.861244628848692e-05 8.941858757267092e-06 1.471547289667484e-05 -3.527609934441491e-06
-2.636496022917167e-05 1.133711114594885e-05 1.205235720170383e-05 -5.980391685100706e-06
-2.636482633935103e-05 6.546205216195032e-06 1.411346006160605e-05 -3.585759768290525e-06
-2.422610765403262e-05 8.940637266048387e-06 1.190907214635468e-05 -4.721163509310831e-06
-2.212450672888951e-05 1.127157698985435e-05 1.211216743387586e-05 -4.528032751818028e-06
-2.212589049687143e-05 6.615496853644396e-06 9.367125735217348e-06 -2.265907646966033e-06
-2.056253101227666e-05 9.121093443651909e-06 9.823624504220569e-06 -3.149059643080945e-06
-1.901520336548478e-05 1.119928300128684e-05 6.917182938404121e-06 -5.626473456272113e-06
-1.900818779061420e-05 6.688507731815608e-06 1.038302506302954e-05 -2.200048183807053e-06
-1.681155226699417e-05 1.113994675374719e-05 8.304077312702359e-06 -5.810327690602419e-06
-1.722444457777332e-05 9.695074762887075e-06 7.685175167247650e-06 -6.384476781762352e-06
-1.680876839469272e-05 6.731537051464169e-06 4.854212568668124e-06 -2.936895729872395e-06
-1.524120035726343e-05 6.781388084845559e-06 7.508824200824882e-06 -3.281863146752666e-06
2.269567339126406e-06 8.662061430524474e-07 1.500776522998774e-05 -4.163306482537058e-05
2.281768112576904e-06 7.420820736382422e-07 2.413562041762009e-06 -9.949508498998759e-05
2.266379180061944e-06 2.813337621910110e-07 -1.405512431841987e-05 3.254230048421681e-05
2.266372432951654e-06 2.179007921860277e-07 -1.975224441590519e-05 -1.293858801479527e-05
-1.523310206782741e-05 1.109626023426607e-05 1.069001163517800e-05 -6.716671752757817e-06
-1.384878207363358e-05 1.097540322126270e-05 8.096045832999717e-06 -7.686673308501049e-06
-1.490719389359464e-05 8.400935794659623e-06 8.645250580839706e-06 -3.177260510549739e-06
-1.383664450164001e-05 6.714640382455779e-06 7.348390893515375e-06 -1.448935656205229e-06
2.211307775893576e-06 9.221058347662858e-07 -2.636750925828855e-05 2.012283596178270e-05
1.952965521406558e-06 4.860490861732990e-07 2.451868959862101e-05 3.360392918672081e-05
2.236292910826669e-06 1.897611894880339e-07 -2.969108812474733e-05 -5.014771681926201e-05
-1.339736428224764e-05 9.656074948263064e-06 7.478192584287275e-06 -4.852809190067348e-06
-1.250187933551136e-05 1.069345645569261e-05 5.155191524015008e-06 -7.498181971310622e-06
-1.122206888595250e-05 1.028184713750371e-05 2.778249779143060e-06 -5.345711496782934e-06
-1.298296522421930e-05 7.873045158249199e-06 6.440097216391801e-06 -1.616799335376675e-06
-1.251539008272432e-05 6.421465733634143e-06 6.651331205553372e-06 -5.383055084638552e-07
1.479041541438176e-06 8.942688559196245e-07 -1.133697128104667e-05 -2.253488783081139e-05
1.433068617607324e-06 1.895483707915384e-07 -4.190715969308390e-06 -5.419308857139212e-06
1.065665752937127e-06 5.346506584990737e-07 1.142366948032309e-05 1.754562306130649e-05
-1.002838242768235e-05 9.723260969805411e-06 3.324981315456875e-06 -3.037261966928161e-06
-1.104395238370505e-05 8.945115220602095e-06 1.601847251360495e-06 -3.821450187544030e-06
-1.148191856430778e-05 7.285727288646722e-06 3.672756866847854e-06 -2.868805764951202e-06
-1.129720053010233e-05 5.922131691776788e-06 4.861275641688550e-06 -6.464002001130819e-07
6.619748588062542e-07 9.596336757471720e-07 -1.284302805382271e-07 -1.006249216441206e-05
6.923244078621161e-07 8.576304847457173e-08 -7.301327412151980e-06 -1.372360460003988e-05
1.984636284460188e-07 5.691720897905273e-07 7.171111973473186e-06 2.332144209260354e-05
-8.919107783288146e-06 9.047307563645093e-06 5.998798068860266e-06 -5.125122697047862e-06
-7.927758809397390e-06 8.276878152813368e-06 4.097369138981787e-06 -3.695768105945593e-06
-9.958271778735181e-06 7.027421191853638e-06 4.116528355604449e-06 -4.511713727016659e-06
-1.022378498601922e-05 5.239851600409066e-06 5.032450627949282e-06 -1.329531217045495e-06
-3.210309938272211e-07 1.111899897343479e-06 -3.543975370400459e-06 -7.239521465349169e-06
-3.432192139182958e-07 -6.051885822525080e-08 -3.690777028248651e-06 -1.103830621199501e-05
-8.182100247840151e-06 7.107532541622363e-06 4.509956749723605e-06 -2.582371807460193e-06
-7.054592382190315e-06 7.406625733880891e-06 2.503776010683078e-06 -2.654437675307714e-06
-8.600914568135068e-06 5.811539603920218e-06 6.174114349889067e-06 -2.658286103833205e-06
-9.324002102892292e-06 4.419044127944686e-06 4.647943047111275e-06 -4.716773148805953e-06
-9.199533686621427e-07 5.693658197644338e-07 5.457413066718972e-06 9.205385601881025e-06
-1.658569344414843e-06 1.335080397080994e-06 -3.125742907836830e-06 -4.098114138919892e-06
-1.629412101230622e-06 -2.791010569042512e-07 -1.787924190764930e-06 -3.516478919516864e-06
-6.291342729631863e-06 6.461981736250128e-06 1.905126584215776e-06 -4.383544292327839e-06
-5.669985741871825e-06 5.478830348684326e-06 3.897531328881215e-06 -3.689021127069516e-06
-5.179921881844654e-06 4.442539594018241e-06 4.413068363625397e-06 -2.960958022702113e-06
-7.755800373699201e-06 4.663594903472590e-06 5.000783502367392e-06 -3.677390969918669e-06
-8.605792677480080e-06 3.492305527780941e-06 3.490375308808338e-06 -3.744534051882091e-06
-2.214525844006340e-06 5.380443867204816e-07 -5.177159374769596e-08 -2.034941731655617e-06
-2.907214410316622e-06 1.577504619105295e-06 3.202406040999762e-06 1.221091634592000e-07
-2.921152944843671e-06 -4.778314932826190e-07 1.127963936588237e-05 -1.079345167927471e-05
-6.230210664164848e-06 4.437292998331994e-06 3.153877449088686e-06 -3.827743677642862e-06
-4.811263324970183e-06 3.381309284422011e-06 1.965358111282986e-06 -4.812208495450628e-06
-4.076399742677037e-06 1.744084306811014e-06 1.669015673911769e-06 7.573922840238805e-06
-4.414876278393636e-06 1.920188342567425e-06 -6.176502640410758e-07 8.767598388581786e-06
-4.591368926719085e-06 2.292669608128439e-06 -3.120211483944602e-06 6.067574469868308e-06
-7.167870300375899e-06 3.356710872469460e-06 3.370994697327456e-06 -2.561864411657687e-06
-8.068442889377529e-06 2.504088973602070e-06 5.792877841328266e-06 4.868340555724908e-06
-3.554259798083855e-06 6.821545066582730e-07 3.385215185268357e-07 -3.180533709841121e-06
-4.096665102910187e-06 -6.525249634630506e-07 -6.454929578113254e-06 1.121937046063331e-05
-5.545012376983740e-06 2.626415959550363e-06 2.368023795130627e-06 -2.040817174840814e-06
-4.445994776285936e-06 1.187420456771056e-06 3.861626952989182e-06 6.362686699163476e-07
-4.846773647822827e-06 1.786440466233234e-06 -1.945076409350638e-06 5.780220313473095e-06
-6.748846650742558e-06 2.204719725516450e-06 5.247030760021497e-06 -1.553149799492476e-06
-7.726436278210505e-06 1.503838547605099e-06 7.476331363431857e-06 4.108454701385219e-06
-4.471850022812696e-06 2.369400899165018e-08 7.788944980520213e-06 -1.428087440722187e-06
-4.428814786992542e-06 -8.398892857996561e-07 -4.989014575804284e-06 8.993141059399496e-06
-5.760068953684389e-06 9.473867557742281e-07 1.834340702846590e-06 -6.882622359555772e-06
-7.602330403444612e-06 5.156532668994688e-07 2.614767254340063e-06 8.483195449642576e-06
-7.689839327179099e-06 -4.524308045637746e-07 1.584518079231009e-06 3.510909458042202e-06
-5.175663753432500e-06 -6.159843185990705e-07 5.162107000221779e-06 -5.712751900251815e-06
-4.626537956108265e-06 -1.227886776467239e-06 -9.020879857539191e-06 4.637022683354642e-06
-4.864941083131008e-06 -2.264821617617278e-06 -2.218898223746306e-06 1.993573748639372e-06
-6.718037517955472e-06 -5.757214489719942e-07 9.455628637212650e-07 -1.748831550967830e-06
-5.229741902394578e-06 -3.271212455036435e-06 7.167519912933581e-06 9.567590293499538e-07
-7.988768772027886e-06 -1.437263570267227e-06 6.003820779112737e-06 3.745576045965149e-06
-5.808807160959229e-06 -2.296542854301952e-06 8.750883189245878e-06 1.096423183515038e-06
-7.194181909504833e-06 -2.374490977973329e-06 7.505854721591411e-07 4.228343601142941e-06
-5.717978066751034e-06 -4.236257846617031e-06 5.917333701699999e-06 -1.108793951755960e-06
-8.479379518765613e-06 -2.379768155795466e-06 4.078897449611664e-06 3.216502754090148e-08
-8.072674300457718e-06 -3.309957054788955e-06 -8.336393536215551e-08 -5.242869116665729e-07
-7.102074710971084e-06 -3.900600403907666e-06 -3.492335561288665e-07 -2.096708194890416e-06
-6.304345077142650e-06 -5.161422443350980e-06 -2.923640688912192e-07 6.350051449901411e-07
-7.024844339530303e-06 -6.037414561988198e-06 2.726049397170698e-06 2.916127722668653e-06
-9.155287228117582e-06 -3.247577780957527e-06 4.037261113039663e-06 -2.068001832192083e-06
-8.668015368855684e-06 -4.371759763982659e-06 3.108101964070119e-06 2.035531497565251e-07
-8.091668734812523e-06 -5.693535422673399e-06 5.607842918121518e-06 1.934294444199708e-06
-7.847721966946995e-06 -6.840648036095844e-06 5.705301342051935e-06 3.205928178581374e-06
-9.993067839682350e-06 -4.021768129991883e-06 5.308163016166876e-06 7.232935670656970e-07
-9.739563896961067e-06 -5.685415260525098e-06 6.988095927951405e-06 2.487615973414851e-06
-8.773242825552394e-06 -7.547444271428853e-06 5.683195910395166e-06 3.492250895947612e-06
-9.799754297010846e-06 -8.160072318138140e-06 5.109824056601646e-06 2.485818162431801e-06
-1.090199044645500e-05 -8.665036048524027e-06 5.084600091718342e-06 1.686117135285271e-06
-1.098758944612494e-05 -6.047480190627243e-06 6.437660241297045e-06 2.264885054282319e-06
-1.097570281807880e-05 -4.662625515766563e-06 7.088957529929967e-06 3.504702933492102e-06
-1.074035557406705e-05 -7.439156887243861e-06 5.503461048535537e-06 2.001000848222535e-06
-1.207675528193103e-05 -9.036339870407047e-06 4.445383749901108e-06 1.574256058510796e-06
-1.330239322997759e-05 -9.277505767573306e-06 4.490731798863965e-06 2.826795347165922e-06
-1.199460105751940e-05 -6.358261501520456e-06 4.718836132513496e-06 2.223240440509687e-06
-1.208961947134376e-05 -5.133451913631032e-06 4.855884757975369e-06 2.754666230632022e-06
-1.456030187064719e-05 -9.375049381289299e-06 5.482625738186073e-06 3.548036925785459e-06
-1.314829797325793e-05 -7.510371002004605e-06 4.120251999264515e-06 2.908671130533534e-06
-1.329384003918505e-05 -5.408902956982668e-06 5.279138795337434e-06 2.116212533725194e-06
-1.483768885694709e-05 -7.700676900215712e-06 5.944422307664917e-06 3.351500275960655e-06
-1.597461499254873e-05 -9.402482222551833e-06 5.514640995974092e-06 2.889710856122621e-06
-1.455255612813114e-05 -5.489120491845466e-06 6.296714608039512e-06 2.180540339379107e-06
-1.793669208274821e-05 -9.430089929502699e-06 3.833756532085566e-06 2.171278632450460e-06
-1.637675759826248e-05 -6.740859103867134e-06 5.432006521228299e-06 3.382218405487631e-06
-1.597261736913585e-05 -5.458224928190174e-06 5.503502743344537e-06 2.896425499720399e-06
-2.069274407173779e-05 -9.477078722035324e-06 8.070547019497059e-06 1.915531435389281e-06
-1.931591603928799e-05 -7.270722340888125e-06 6.196354675414519e-06 9.944184467594707e-07
-1.793837543063053e-05 -5.421944597825305e-06 6.805993160039251e-06 2.494747253196576e-06
-2.440988506620634e-05 -9.514604438021416e-06 5.467820258308888e-06 2.875489615496655e-06
-2.254196091905327e-05 -7.427602242914387e-06 6.283654998043801e-06 2.817180520939404e-06
-2.069556771698664e-05 -5.377492756526357e-06 5.254592934948643e-06 2.768507595702360e-06
-2.832286614513272e-05 -9.535202085113140e-06 6.275782047347399e-06 2.664827317487791e-06
-2.635930003092188e-05 -7.425568405371962e-06 5.820720089114503e-06 2.362423327743863e-06
-2.440753369399486e-05 -5.339337607435750e-06 6.286881969696578e-06 2.337842840426926e-06
-3.228682267174858e-05 -9.545132889364063e-06 6.435145342128579e-06 2.614638117069876e-06
-3.030039604949119e-05 -7.418577186168306e-06 6.891359067668327e-06 2.584009020696769e-06
-2.832802071425730e-05 -5.308534281970240e-06 6.391371964257253e-06 2.506753538982079e-06
-3.627539241536470e-05 -9.557176651867921e-06 4.856348200246445e-06 3.917639940717822e-06
-3.427744229982910e-05 -7.418223984786344e-06 4.837868367938393e-06 2.655709349264605e-06
-3.228575164682627e-05 -5.292541013782565e-06 6.160512841643441e-06 2.765747464054186e-06
-4.028354649765630e-05 -9.566316860113039e-06 6.195384883813326e-06 2.213205828122864e-06
-3.827676124160014e-05 -7.414290775091601e-06 5.979609966978719e-06 2.584965732990420e-06
-3.627771341485184e-05 -5.275235482906084e-06 4.715416604532530e-06 9.910877069987310e-07
-4.431666298846958e-05 -9.581417041668221e-06 6.499983295003840e-06 3.608469644959384e-06
-4.229479370098909e-05 -7.415883318211193e-06 6.275254179441720e-06 2.492162346354139e-06
-4.028194079629079e-05 -5.263477994152926e-06 6.721894243442206e-06 2.901168041794929e-06
-4.836248006478551e-05 -9.585674057823833e-06 4.214812877944690e-06 2.705552184216855e-06
-4.634034955109729e-05 -7.414365496155691e-06 5.319203310543219e-06 3.348502794634721e-06
-4.431803829982746e-05 -5.249391952851408e-06 5.406133330668531e-06 2.387332048536075e-06
-5.240850111289606e-05 -9.590211535801611e-06 7.097989759499961e-06 9.379372937335602e-07
-5.038318376099338e-05 -7.415325337117288e-06 5.786103109334409e-06 1.291913180964737e-06
-4.836202831389482e-05 -5.243236583167329e-06 5.904268314256784e-06 1.866176798416817e-06
-5.647140112264956e-05 -9.598115139505056e-06 7.606524661849154e-06 4.559390206290684e-06
-5.443727018138168e-05 -7.419548378369993e-06 7.033183174953305e-06 2.921585473615498e-06
-5.240693080782866e-05 -5.244477373589815e-06 5.786460065422508e-06 2.931554422876637e-06
-6.519796521089166e-05 -9.356350163380327e-06 8.544815174920882e-06 1.865944726314804e-06
-6.462151567263818e-05 -9.595845978931324e-06 8.703423228049770e-06 1.957249095338446e-06
-5.829398015240440e-05 -7.422627417253434e-06 6.568914226187163e-06 3.157731527554173e-06
-6.054580880370410e-05 -9.605675079862820e-06 4.378767560424341e-06 4.412848688855197e-06
-5.647010009630612e-05 -5.244632431050931e-06 7.754388805977606e-06 1.895132597369417e-06
-6.543668479546735e-05 -8.779002656751585e-06 8.471736242742505e-06 1.862294377819319e-06
-6.407355356461143e-05 -7.421049760153124e-06 8.870354248395285e-06 2.756955886371022e-06
-6.054658431711684e-05 -5.239181369735947e-06 4.551543492658412e-06 1.287124694953786e-06
-6.543697621129134e-05 -6.062692156568582e-06 8.264905987186136e-06 3.840319341794005e-06
-6.462204050288603e-05 -5.246155057823349e-06 8.539709059739142e-06 3.832481351442014e-06
-6.519833090576497e-05 -5.485538767227395e-06 8.341935191951028e-06 3.900261244652321e-06
