5.864190448350279e-05 -7.604512825674314e-06 2.940331221450881e-05 -4.288182215278620e-06
5.889611296528411e-05 -6.992303253238733e-06 2.958300403938637e-05 -3.734567556091196e-06
5.889640765593523e-05 -4.103041974759458e-06 2.978189046014455e-05 -1.448177896773661e-06
5.864220330307207e-05 -3.490731825581033e-06 2.963330766895594e-05 -9.952156840342821e-07
5.802851950759773e-05 -7.857801610849515e-06 2.894946479631122e-05 -4.547059096646984e-06
5.687726709334612e-05 -5.547878796544217e-06 2.835394565879188e-05 -2.806178736365573e-06
5.802877987382476e-05 -3.237399409801404e-06 2.924679714552536e-05 -7.999157340815467e-07
5.371785298944327e-05 -7.845274276920991e-06 2.560670292460138e-05 -5.956055988630683e-06
5.371715265342822e-05 -3.249048147764551e-06 2.619101856844431e-05 -1.389193023391676e-06
5.135146496437602e-05 -5.545429800174018e-06 2.442695095836783e-05 -4.201922914542463e-06
4.943823406232852e-05 -7.829526862957387e-06 2.416447761565540e-05 -5.844775353025044e-06
4.943613675922654e-05 -3.257452999681050e-06 2.381740896220298e-05 -2.060384229813654e-06
4.730182276069304e-05 -5.541988938415704e-06 2.384711548962603e-05 -3.862064945700528e-06
4.516704017413172e-05 -7.825926587256160e-06 2.291695076722874e-05 -6.757517026396360e-06
4.516989829608956e-05 -3.261620621344729e-06 2.234920345445911e-05 1.803783902373933e-08
4.303553646283281e-05 -5.545802552355631e-06 2.041565722388352e-05 -3.303571316206954e-06
4.090550342594056e-05 -7.824395216857435e-06 1.930408316844738e-05 -5.732690186566340e-06
4.090511086352529e-05 -3.267474392077807e-06 1.846979254388465e-05 -4.884073199642732e-07
3.877876721445103e-05 -5.544774737478441e-06 1.736978447664581e-05 -3.162799799519118e-06
3.666836581731878e-05 -7.800167173015760e-06 1.794838045370031e-05 -3.688216381209253e-06
3.666547241856388e-05 -3.283984169763267e-06 1.756635910064828e-05 -3.505463560711016e-06
3.456313295303763e-05 -5.539710032177057e-06 1.700277640239692e-05 -3.939742898607811e-06
3.247842450771447e-05 -7.764975795511910e-06 1.600944937871722e-05 -4.490756978453232e-06
3.248052607731763e-05 -3.315891089466492e-06 1.582128706545719e-05 -4.317390279295080e-06
3.040528833772782e-05 -5.541784261252337e-06 1.471976698456197e-05 -4.386655743431323e-06
2.835912888511203e-05 -7.719715360360168e-06 1.461288753821593e-05 -3.884983896539979e-06
2.835897060799813e-05 -3.363813463629461e-06 1.419536170189642e-05 -4.475852269876899e-06
2.632986103278489e-05 -5.541325518189020e-06 1.402888574443629e-05 -3.695466247709536e-06
2.434238697018713e-05 -7.652947844228946e-06 1.289773894338835e-05 -3.726674138885987e-06
2.434090109667274e-05 -3.426497058360699e-06 1.279664869496752e-05 -3.155838535259581e-06
2.237578238300120e-05 -5.538591204543473e-06 1.186524756572362e-05 -3.271961329355516e-06
2.046056131318224e-05 -7.569153567093827e-06 1.237456403207071e-05 -2.104489010486326e-06
2.046097683431306e-05 -3.507267553296590e-06 1.238656983355920e-05 -4.242156522600719e-06
1.857256511559045e-05 -5.537522109345456e-06 1.280376466396699e-05 -3.374583297936686e-06
1.674581764429991e-05 -7.467766259134389e-06 1.087688311804113e-05 -5.368295371071892e-06
1.674391164046579e-05 -3.604588958760454e-06 1.131666862186359e-05 -2.532015400738714e-06
1.501995260216648e-05 -5.534092247509540e-06 9.181262917408045e-06 -4.722918203555378e-06
1.336315773867951e-05 -7.352974202913194e-06 8.850518169841406e-06 -5.256067963730517e-06
1.336314430260228e-05 -3.722700832140763e-06 8.914800390120222e-06 -4.595188186875496e-06
1.214325837942328e-05 -5.670851777131885e-06 9.638016489079450e-06 -4.364063963328509e-06
1.097018077330395e-05 -7.241879924889394e-06 9.768952317738307e-06 -4.181035631708852e-06
1.096694563185802e-05 -3.836170018903361e-06 9.588411746743434e-06 -2.859079884494232e-06
9.331735645960314e-06 -7.149220906894864e-06 7.703953630527464e-06 -4.125450750596728e-06
9.623402412955762e-06 -6.095501886876948e-06 8.280569646391537e-06 -2.989210888281182e-06
9.324985326801417e-06 -3.902497383541205e-06 7.169122085313484e-06 -1.928084749157997e-06
8.184032527450854e-06 -3.976693743802578e-06 5.622567970008632e-06 -2.918254116659937e-06
-8.514146274107899e-07 -1.002447755885921e-06 -1.958726782944542e-05 5.910036599167618e-06
-8.451429725858819e-07 -1.053294650315563e-06 -1.122552424400198e-05 -1.027036244918064e-04
-8.741446628405088e-07 -8.570144787410697e-07 2.174854415184321e-05 1.110151092298026e-04
-8.648442350924857e-07 -7.727108929593436e-07 3.327622427704863e-05 -7.653969775782038e-07
8.177993694143622e-06 -7.082737091879598e-06 5.041946664861217e-06 -3.676459786671177e-06
7.194314855851757e-06 -6.966122348853078e-06 5.749604042993052e-06 -3.154173875807227e-06
7.927844991272144e-06 -5.144820122582205e-06 4.975369400263221e-06 -2.893723038111023e-06
7.171351756364904e-06 -3.970435479836435e-06 6.258604000059937e-06 -4.140826159709349e-06
-8.867513547332813e-07 -9.713555528461292e-07 -5.440686047194145e-05 5.847423126410050e-05
-7.526487075671234e-07 -8.797352455041361e-07 1.771066431437994e-05 -8.772253039909201e-06
-8.192407340891553e-07 -7.340302490601492e-07 -8.917927603665188e-06 -4.507963322530928e-05
6.864586990944762e-06 -6.022182634104240e-06 5.970427707722529e-06 -3.204575448456415e-06
6.260285499867528e-06 -6.727760588570057e-06 6.641424468480307e-06 -2.955656234497493e-06
5.402864995231849e-06 -6.414561910403616e-06 7.420237066021785e-06 -3.756825809439775e-06
6.571713122231315e-06 -4.784222686227673e-06 6.924537902522931e-06 -3.755491884631342e-06
6.255149753053510e-06 -3.819043113180740e-06 7.071383826842267e-06 -3.781309173226052e-06
-5.467252638712005e-07 -1.031791344152831e-06 -3.833272884430370e-06 9.768294541825142e-09
-5.810093587227814e-07 -7.927248909347186e-07 -8.610033345979775e-06 1.171641669351269e-05
-4.100551716778414e-07 -8.780668553592260e-07 1.551014761997290e-05 -2.853742887687735e-05
4.629286501232920e-06 -6.002067745476309e-06 6.484645060714858e-06 -5.110450621359599e-06
5.273342812694732e-06 -5.499329129741325e-06 7.696046170641617e-06 -4.305410257024584e-06
5.562128561470727e-06 -4.402319202912145e-06 7.134459046681945e-06 -3.554549467839359e-06
5.435473798315668e-06 -3.540371422515791e-06 6.409891085342303e-06 -2.287907680330818e-06
-2.908393327626061e-07 -1.076913533095447e-06 -3.723694208091824e-06 1.123130221024559e-05
-2.734069095298278e-07 -7.419394876098453e-07 -3.312347263387221e-06 2.022819739412631e-05
-9.094541570393092e-08 -9.182257041909724e-07 -2.625406210547205e-07 -2.466633908101723e-05
3.929605247252174e-06 -5.534982597885607e-06 4.952087191689467e-06 -5.583477139393263e-06
3.334337000712630e-06 -5.022386113495424e-06 3.645586021255746e-06 -3.920970057032482e-06
4.573231819871391e-06 -4.242489067890817e-06 5.583107060852877e-06 -2.748806334317717e-06
4.728222263766777e-06 -3.145825563043337e-06 5.405715952966942e-06 -8.259433523313067e-07
1.250606376018632e-07 -1.124346515548680e-06 3.850178499463790e-06 1.362696245133806e-06
1.080925001294502e-07 -6.737409231556620e-07 -3.216152089896264e-06 9.561111403428419e-06
3.487742621631945e-06 -4.281652387341345e-06 3.786661230412123e-06 -1.895382957510196e-06
2.841529204131172e-06 -4.456305338544106e-06 2.952573244559168e-06 -1.828833211609437e-06
3.731932259062451e-06 -3.498831209059248e-06 3.819003799323843e-06 -1.153496402799741e-06
4.150748441009090e-06 -2.692522606269432e-06 5.378433482126283e-06 -9.112169411006682e-07
3.542134511743701e-07 -9.349306031042219e-07 -2.296921152116126e-06 -1.320939985433554e-06
6.289662705268391e-07 -1.224138556129816e-06 -6.142181273655582e-07 -3.799557729213556e-06
6.287495563469981e-07 -6.033017874462428e-07 5.322191283514071e-06 -1.273247020378124e-06
2.424056165811130e-06 -3.869591750216124e-06 2.473288084186288e-06 -5.445282879285125e-07
2.118778500360858e-06 -3.302653207652510e-06 3.290836652584046e-06 -1.550712757952081e-06
1.912469874660384e-06 -2.724074175504824e-06 4.124689782318006e-06 -1.965001904659289e-06
3.248555270520111e-06 -2.837984876956253e-06 3.124845593285564e-06 -1.883431180429418e-06
3.700707364870005e-06 -2.211448485140157e-06 4.131139775725306e-06 -4.316262070511480e-07
8.513895309563846e-07 -9.120356293161640e-07 4.186878934344023e-07 -2.675447456856780e-07
1.128470004670497e-06 -1.321603359759812e-06 1.952795787150858e-07 8.106492880723773e-06
1.135442547883945e-06 -5.085507003439018e-07 -1.913891614031415e-06 4.789227622369374e-06
2.429747488013586e-06 -2.712652589217550e-06 2.797083417008515e-06 -2.163957482528079e-06
1.773010843057297e-06 -2.167102507028404e-06 5.416038858149270e-06 -1.432494786201341e-07
1.574035059657909e-06 -1.405725432541957e-06 4.047966696716081e-06 -8.089430940985884e-07
1.695364958238936e-06 -1.482349814422907e-06 4.747549835447667e-06 -3.406511824764597e-06
1.741203896686482e-06 -1.647112408471899e-06 6.002038388671821e-06 -3.649611810968989e-06
2.918311182750388e-06 -2.142850590384809e-06 2.630461916806283e-06 -1.231632273575762e-06
3.355533086409082e-06 -1.733854490575265e-06 2.496060182918633e-06 -2.847605799910737e-06
1.379668895550002e-06 -9.778338700298457e-07 2.370286438680526e-06 1.480687791603326e-06
1.624972345364849e-06 -4.358452863874470e-07 5.099668397876367e-06 -3.568125674034425e-06
2.134790768127027e-06 -1.787621245921271e-06 3.259445316082387e-06 -1.776565453964273e-06
1.726044856267777e-06 -1.177014192116982e-06 2.331981562827702e-06 -1.999989450626094e-06
1.865870732917936e-06 -1.423483224451800e-06 4.581560273881858e-06 -3.937620909166924e-06
2.702158460236109e-06 -1.589373030830607e-06 2.323302100561249e-06 -1.507853456525768e-06
3.123991082570609e-06 -1.288207068154291e-06 2.292560557320395e-06 -1.387459040547296e-06
1.770652943450752e-06 -7.028981588232356e-07 1.162079518830526e-06 -1.279808713612797e-06
1.780152495149273e-06 -3.650370530387110e-07 3.141982247286874e-06 -4.355279700061780e-06
2.261146884111582e-06 -1.042627640691382e-06 3.013979840934252e-06 7.087219828471112e-07
3.023885409115549e-06 -8.715499014956173e-07 3.166354926235716e-06 1.461670011865145e-07
2.980838409941848e-06 -5.014682704396537e-07 4.520127376175795e-06 3.357229396248875e-07
2.066863679843672e-06 -4.414940775204365e-07 7.261323703413837e-07 -1.446457072666768e-06
1.877832426722790e-06 -2.315585815228758e-07 3.225563373463679e-06 -3.984265826988468e-06
2.008388091118601e-06 1.050635076273799e-07 2.915631948305608e-06 -1.467563351938339e-06
2.632781679523056e-06 -4.332175690592928e-07 3.127589268661316e-06 3.359487362379670e-07
2.175319859696426e-06 3.877605771855148e-07 2.249665356136792e-06 1.312236166830514e-06
3.013394238412328e-06 -1.446225392610620e-07 5.492522192989471e-06 2.415204491324734e-06
2.331145247754807e-06 1.302758420529749e-07 2.983439879842705e-06 -4.526077331202440e-07
2.756178067195168e-06 1.539125556091340e-07 4.904108395307998e-06 2.736249380910542e-06
2.351303078435230e-06 6.384332345016265e-07 2.526520301362916e-06 3.754409288905979e-06
3.094359648798298e-06 1.549461827347420e-07 4.897096287947831e-06 4.439525891550639e-06
2.972961111638550e-06 4.136383262589992e-07 4.863433868745028e-06 4.529165891028011e-06
2.736287744171647e-06 5.606354562455822e-07 4.880141680245238e-06 3.830903486243743e-06
2.543639598182529e-06 8.348040772626992e-07 3.214110240320860e-06 4.205758456025672e-06
2.729813053730187e-06 9.881741217762739e-07 3.693019232732525e-06 3.774309443380373e-06
3.199826168580555e-06 4.088329388236563e-07 4.482877156597772e-06 4.834395961811513e-06
3.092341517557438e-06 6.597564572958325e-07 5.040481793348776e-06 3.541694675057731e-06
2.972481114307023e-06 9.171078865057360e-07 4.746587658048047e-06 3.063414734209211e-06
2.923528897037620e-06 1.100845885518042e-06 4.105802435716114e-06 3.700303344820422e-06
3.319670810163878e-06 6.035560715400408e-07 4.711496324955984e-06 3.480303605501876e-06
3.268556071681282e-06 9.025208152780755e-07 4.264193424582447e-06 1.673105821324137e-06
3.101233819789561e-06 1.188238188784891e-06 2.873476812815116e-06 3.698364544478535e-06
3.269153929998934e-06 1.245626484861163e-06 2.758121943756995e-06 4.466486693176762e-06
3.425804855404887e-06 1.264108621870715e-06 3.999359606389053e-06 6.098216868930971e-06
3.447811133235593e-06 9.598648449752306e-07 3.314100227498565e-06 2.158870834949083e-06
3.448834139363426e-06 7.442371808662417e-07 3.238849050387109e-06 1.769707452053093e-06
3.418341568872520e-06 1.140973419274895e-06 3.414824128130241e-06 3.683397203811326e-06
3.557794431235450e-06 1.269508188242972e-06 7.295214969478626e-06 6.955414871198881e-06
3.671304455548604e-06 1.254328670113007e-06 7.314262971177368e-06 5.860896416352359e-06
3.569591283084824e-06 1.006006991195919e-06 5.179110607052358e-06 3.894986295412508e-06
3.576675683672083e-06 8.555113503484153e-07 4.231649866058037e-06 1.874255989428238e-06
3.770847166136961e-06 1.229746948905023e-06 5.813590270943943e-06 5.203943238483788e-06
3.678873446299868e-06 1.114784858521447e-06 8.258093439944783e-06 6.331880521221310e-06
3.686741970298032e-06 9.334734203161845e-07 7.892301510419410e-06 4.607729835045685e-06
3.795229723282042e-06 1.121843327224974e-06 6.906187013218813e-06 4.870002652275749e-06
3.848876711643398e-06 1.196844525958827e-06 7.460764178546200e-06 5.113947566822717e-06
3.779404444031018e-06 9.688227887315553e-07 9.400330588045094e-06 6.015315610608039e-06
3.918861108752177e-06 1.164086428582420e-06 1.264885340561178e-05 5.259173178992143e-06
3.876914577382709e-06 1.070942104964272e-06 8.732130740231079e-06 3.157139304859125e-06
3.848643097043647e-06 1.000859705593506e-06 9.347593451492341e-06 4.293884826375728e-06
3.954858352918222e-06 1.106997336293664e-06 1.118287469932741e-05 7.763353200902678e-06
3.952454657820741e-06 1.094272450787714e-06 1.124557826458934e-05 4.660757033682653e-06
3.920400906697828e-06 1.041749277126394e-06 9.243999770007495e-06 1.621375323230679e-06
3.908560193328717e-06 1.040467513670792e-06 1.473841903439863e-05 6.235947427808974e-06
3.949924920894612e-06 1.095800678568079e-06 1.319925672049581e-05 3.739967363621990e-06
3.956733552314752e-06 1.091025627439217e-06 1.279116281893356e-05 1.831843063434942e-07
3.753039523964315e-06 9.921667074999718e-07 1.600023423956720e-05 5.444382759216308e-06
3.845109913440978e-06 1.100811264070475e-06 1.542364866455092e-05 5.190599588761585e-06
3.903866517096723e-06 1.157802208424912e-06 1.350792763719571e-05 2.263514735461725e-06
3.506091526271988e-06 9.338883659911192e-07 1.960359575750886e-05 7.269019355967508e-06
3.648497976359283e-06 1.093070857509244e-06 1.717193825127698e-05 5.112552769277237e-06
3.757444741450143e-06 1.203205961263375e-06 1.609221720896368e-05 5.204077024205702e-06
3.166877204593677e-06 8.903476808523613e-07 2.254287740550904e-05 5.913329649727064e-06
3.349497550053472e-06 1.089058932076016e-06 2.197868813917163e-05 4.110019979982443e-06
3.507745096099668e-06 1.246519565102749e-06 2.029341292185707e-05 1.708339515099162e-06
2.747922355915631e-06 8.536218897869510e-07 2.364821194990318e-05 6.827585930582191e-06
2.969578599474994e-06 1.094662704931542e-06 2.223615648301612e-05 5.197040283373866e-06
3.163610951531255e-06 1.293025417648460e-06 2.158678641780576e-05 3.429656503328476e-06
2.252856660942040e-06 8.157173802182539e-07 2.827269827353392e-05 5.337849381425270e-06
2.512864860181892e-06 1.095953867991529e-06 2.662786271236882e-05 3.984177594370402e-06
2.748227769982987e-06 1.337695197498074e-06 2.452987859020067e-05 2.534407641389215e-06
1.687400253548103e-06 7.807494273304477e-07 3.048975597327773e-05 6.696656237572759e-06
1.981229029549585e-06 1.096260920895766e-06 2.899556516803003e-05 4.361835366506027e-06
2.252573905847769e-06 1.376494715897884e-06 2.815275738417401e-05 2.556388599563587e-06
1.068526763343850e-06 7.582871571428123e-07 3.184665410668847e-05 5.572298619882175e-06
1.384428790079702e-06 1.096241405765327e-06 3.138810238714982e-05 6.026214949701754e-06
1.687566814735778e-06 1.411750254309809e-06 2.935537741288055e-05 4.015827384852025e-06
4.328528856854507e-07 7.494591214186969e-07 3.365280016026587e-05 3.745085562266946e-06
7.515576470322710e-07 1.096385478365017e-06 3.314031580166398e-05 4.071008201632829e-06
1.068236350656251e-06 1.434479453482889e-06 3.315198673963401e-05 4.742463337868484e-06
-1.013876089143680e-06 7.608911411765417e-07 3.849997436813596e-05 5.123429445437266e-06
-9.163885739310532e-07 7.207146623200478e-07 3.871487560092730e-05 5.124470258338580e-06
1.448454389094729e-07 1.094338818549177e-06 3.487919849788420e-05 3.976680732282322e-06
-2.241451196581717e-07 7.292489395925136e-07 3.816616257221984e-05 5.539595123159780e-06
4.335212678729164e-07 1.441620668136061e-06 3.349567644487896e-05 3.875879355950407e-06
-1.054286638217514e-06 8.580630013646169e-07 3.840111669447928e-05 5.208510742881038e-06
-8.216046203895123e-07 1.088398162961511e-06 3.893793084291684e-05 5.448129292591483e-06
-2.222774787830065e-07 1.454389741300586e-06 3.767375243838718e-05 3.771354959869840e-06
-1.054078024885207e-06 1.318317418529253e-06 3.845760944328373e-05 5.686482669838477e-06
-9.156233815436898e-07 1.456453503248419e-06 3.863160201899887e-05 5.557512597493886e-06
-1.013507848349388e-06 1.416003936409264e-06 3.852057508348819e-05 5.629370701576271e-06
