5.591472919521145e-05 -8.529088380441379e-06 -9.454807331210593e-06 2.215795147739611e-06
5.611761163302922e-05 -8.038021092895990e-06 -9.279767120237108e-06 2.377166569382817e-06
5.611965122966643e-05 -5.726744444314351e-06 -9.550271295019434e-06 3.180646030767463e-06
5.591704373508188e-05 -5.236512189336042e-06 -9.743775969458935e-06 3.327164315470347e-06
5.542472893799664e-05 -8.732820338992714e-06 -9.834370736432665e-06 2.205683649252709e-06
5.450800206640700e-05 -6.884525042484188e-06 -1.048987925677186e-05 2.874378495565262e-06
5.542760873723376e-05 -5.033323848814652e-06 -1.013088217310406e-05 3.334804911682551e-06
5.197123878313723e-05 -8.746509012511381e-06 -9.854009691971564e-06 3.708540248204430e-06
5.197557092465050e-05 -5.037269559926564e-06 -1.004537644336682e-05 2.456863281209326e-06
5.006582396616996e-05 -6.895250710110156e-06 -7.524263438892651e-06 3.381996002880881e-06
4.852240670194696e-05 -8.740339292362727e-06 -7.996964183752639e-06 2.020589422482918e-06
4.851983571878190e-05 -5.046688381836491e-06 -7.826912547757224e-06 4.452979653804576e-06
4.679363371444364e-05 -6.891267848467373e-06 -9.143520199660397e-06 3.287518650734025e-06
4.506197577417655e-05 -8.739663211279457e-06 -8.433824899412803e-06 4.878264676721206e-06
4.506357288510102e-05 -5.042618156687913e-06 -7.977076985464702e-06 7.772383670878156e-07
4.333505676052935e-05 -6.891638101786924e-06 -7.192628588535413e-06 3.172708492691054e-06
4.161340504876470e-05 -8.737966480486960e-06 -8.734337438805986e-06 2.480992512415746e-06
4.161293859016056e-05 -5.046349703518911e-06 -7.986907950435479e-06 3.692133872839435e-06
3.989408687629797e-05 -6.891874388933734e-06 -8.435595191906269e-06 2.888597943853946e-06
3.816766600480529e-05 -8.744927571901720e-06 -8.165176040619386e-06 2.988638590479870e-06
3.817081858884547e-05 -5.042303952605101e-06 -7.136888758275976e-06 2.590335655478241e-06
3.644249705811263e-05 -6.894517842694027e-06 -6.884734325633390e-06 2.432060162007114e-06
3.471887363117395e-05 -8.735417819571879e-06 -6.440935127849116e-06 2.820986937667318e-06
3.471648442153379e-05 -5.049946813735303e-06 -7.190311641672151e-06 3.016873743135128e-06
3.299150736033687e-05 -6.891503660019788e-06 -6.646291078984559e-06 3.139080803147913e-06
3.126545655572164e-05 -8.729219155012282e-06 -7.827650947335773e-06 1.852127699208913e-06
3.126463650512421e-05 -5.052072745631275e-06 -6.466005415093249e-06 3.947380175732104e-06
2.954325087500125e-05 -6.887656136315822e-06 -7.142048640825648e-06 3.001121663475769e-06
2.783944305423320e-05 -8.702321009059255e-06 -6.278607329269846e-06 3.926607894132466e-06
2.783677388265289e-05 -5.066379741891819e-06 -6.942977655289692e-06 3.091604767298402e-06
2.614206322872945e-05 -6.881460446919681e-06 -7.125200124555449e-06 2.673475220379064e-06
2.445987936225171e-05 -8.675722155822379e-06 -7.413379913804321e-06 3.596814967131045e-06
2.446262795088628e-05 -5.089318051833175e-06 -7.401467411113722e-06 2.041887749349442e-06
2.278754156652614e-05 -6.884265916467315e-06 -6.449831639623286e-06 2.581196352470245e-06
2.112757569320885e-05 -8.658207070140236e-06 -5.552366828741184e-06 3.340196924230099e-06
2.112602043922348e-05 -5.112494873452921e-06 -7.220292016725089e-06 3.818480275385043e-06
1.954070659867012e-05 -6.888209415949393e-06 -6.595682961275441e-06 4.216580556496238e-06
1.797529802989065e-05 -8.626797863665868e-06 -6.750721221530802e-06 2.953812928869855e-06
1.797944661292847e-05 -5.153305566494286e-06 -3.982648075175396e-06 3.097616917180884e-06
1.681369014423097e-05 -7.022067565921425e-06 -5.047043498114255e-06 2.126690857925756e-06
1.565015867142896e-05 -8.590572479903164e-06 -5.054857618726981e-06 3.103745976936927e-06
1.564656479716287e-05 -5.192732559820836e-06 -5.179738041238577e-06 1.941110346034681e-06
1.398421713396969e-05 -8.560579961657550e-06 -5.948948729499521e-06 3.489374681529316e-06
1.430106019975602e-05 -7.463155399042469e-06 -5.933163459920283e-06 3.740023661514167e-06
1.398891919054635e-05 -5.211264428184268e-06 -3.200569061642728e-06 4.494784434567864e-06
1.279339876771615e-05 -5.235765236156348e-06 -2.778045216859413e-06 -2.463934604860074e-07
-2.087930629356276e-06 -2.176075739498784e-07 4.081363436144144e-05 -5.564505572017031e-06
-2.154965808767240e-06 -1.404138135658035e-07 4.981008597259677e-06 1.487418469197776e-05
-2.183953985915211e-06 2.973761005781660e-07 -1.111084857796437e-05 -3.742105697672872e-05
-2.124343751038958e-06 3.470355837358893e-07 2.740605142076569e-05 7.658301504476351e-06
1.278636321834866e-05 -8.535274425406145e-06 -5.054059793911075e-06 4.624931490889806e-06
1.171923104142461e-05 -8.453447469992673e-06 -6.612863814537637e-06 3.854279751966944e-06
1.254081872983392e-05 -6.475119521932229e-06 -5.730826348715699e-06 3.170669522113374e-06
1.171443520660372e-05 -5.173063956379285e-06 -6.147475421793306e-06 -3.360593406759158e-06
-1.943518051718653e-06 -2.379870355390696e-07 4.908109355186476e-05 5.949598260875875e-06
-1.781634132771407e-06 9.306797661010381e-08 -4.396581251754033e-05 -2.057375888501388e-05
-2.001591874901201e-06 3.525181241222610e-07 6.395588402475727e-05 4.251517179831079e-05
1.137553363759024e-05 -7.439135522880605e-06 -6.969125463353994e-06 3.576021565674762e-06
1.067993572187081e-05 -8.248327518859204e-06 -4.536494767390664e-06 4.297538224596911e-06
9.683364598526988e-06 -7.938963025141466e-06 -2.429872953450512e-06 4.033043639779333e-06
1.105545157503491e-05 -6.065547517333536e-06 -6.566428984173080e-06 -6.792060757240355e-07
1.069501028153014e-05 -4.929523424118382e-06 -7.412145528681118e-06 4.372706477994072e-06
-1.312829730678610e-06 -2.951485304354343e-07 2.091918844787846e-05 2.111249027382063e-05
-1.299722488693619e-06 4.354263565721854e-07 -5.910851748288459e-07 7.441474387538375e-07
-9.631819495274063e-07 1.047580257457695e-07 -1.435856074394851e-05 -2.368954154259792e-05
8.733942522748739e-06 -7.519221401793571e-06 -3.353913694337759e-06 3.753787047444441e-06
9.547816026031039e-06 -6.898662762502412e-06 -3.069263426245884e-06 2.354555246710666e-06
9.889842714388256e-06 -5.604212308240929e-06 -4.216726781224261e-06 3.288642133028112e-06
9.749001283132157e-06 -4.514468863615840e-06 -1.943313276120993e-06 3.928930357933272e-06
-5.665585089934916e-07 -3.350882321960677e-07 -4.765323981019112e-06 1.522479589708483e-05
-5.676836170350512e-07 4.491373497981574e-07 1.842224778201882e-05 1.310908507455798e-05
-1.331473176257590e-07 9.988216180994611e-08 -1.053344418177256e-05 -3.436990697887566e-05
7.844907066902974e-06 -7.004873514264206e-06 -3.970071435235731e-06 3.294243191891993e-06
7.037991123702865e-06 -6.394759215103470e-06 -4.715351546284041e-06 5.293269659581487e-06
8.682275021200794e-06 -5.400555319814793e-06 -2.485482544089477e-06 -5.354781626899273e-07
8.901635466072626e-06 -3.959066002324542e-06 -5.260853966517174e-06 1.896065929535492e-06
3.395048188372037e-07 -4.583574790273551e-07 8.593289822058960e-06 1.698845155749642e-05
3.564581742413336e-07 6.069168344544467e-07 -3.075793027054175e-06 1.786457588646842e-05
7.239596326555684e-06 -5.461151951660002e-06 -4.583313178335341e-06 4.306281394611096e-06
6.318495491416250e-06 -5.698372116466361e-06 -5.391990094378642e-06 5.979951932110900e-06
7.578246952694706e-06 -4.417227497850782e-06 -2.659134020065525e-06 3.273463254007719e-06
8.163326284713064e-06 -3.273552111124773e-06 -8.658390731606134e-06 4.226947611233101e-06
8.959516600945405e-07 9.572733741978909e-08 -6.494757762688285e-06 -1.664027085369874e-05
1.541087728568751e-06 -6.329483198218846e-07 3.595891787044023e-06 -3.315691216546863e-06
1.532509634152766e-06 8.134070717794026e-07 1.716843279155865e-06 -2.755702193214997e-06
5.686250779431910e-06 -4.938299853736457e-06 -5.296570711567510e-06 2.531287644020816e-06
5.167482580885392e-06 -4.143257877755563e-06 -2.755994809437776e-06 1.841200093296227e-06
4.742080328635174e-06 -3.293469237813446e-06 3.519436395432454e-07 3.070716178432067e-06
6.893624530219706e-06 -3.477546185269704e-06 -5.493631671843104e-07 3.281891604025154e-06
7.590843976033507e-06 -2.509469846554240e-06 -5.082936509397658e-06 1.832561824397200e-06
2.042295561215754e-06 8.956309004003730e-08 2.002280724917267e-06 7.225882284476431e-06
2.692162831429227e-06 -8.262075948128611e-07 -1.059557599291038e-05 -2.155473813278383e-06
2.683980999521133e-06 1.016505708644168e-06 -7.266746751255988e-06 -3.379870720325518e-06
5.624490148316785e-06 -3.296284432184919e-06 -3.707423921847041e-06 1.603983653900063e-06
4.414979552166963e-06 -2.399673197819598e-06 1.064728840624893e-06 5.655323500897223e-06
3.716238996437726e-06 -9.904688956289578e-07 -2.554913155518145e-06 8.031837432434789e-07
4.039906161875918e-06 -1.165828513220716e-06 -5.004763552960792e-06 5.209019111348674e-06
4.217231842198355e-06 -1.500454532028323e-06 -6.068920696075954e-06 6.873856754714126e-06
6.416714212899080e-06 -2.394592318956369e-06 -4.413123972448055e-06 5.016056022734110e-07
7.167051936530809e-06 -1.675441019792877e-06 -4.008672561135383e-06 4.838028302309867e-06
3.252511149924684e-06 -6.396425909742101e-08 1.955433300401979e-06 -7.007219601634871e-06
3.725295058557153e-06 1.147374059608928e-06 2.667366823400674e-06 -6.096397901413962e-07
5.013619864451290e-06 -1.779710457880137e-06 -5.307503288826575e-06 -4.610712014027984e-09
4.045452399205043e-06 -5.067514190175516e-07 -1.644039449387822e-06 -2.454108265221008e-06
4.425090190719166e-06 -1.056610379594724e-06 -7.270012402730647e-06 4.369352205589107e-06
6.059800417428679e-06 -1.407971452588252e-06 -1.194178403324482e-06 -2.492571177176690e-06
6.904037616549049e-06 -8.145920487734176e-07 -2.952743405897892e-06 -4.475615983493230e-07
4.058985312497128e-06 5.268390347037242e-07 4.315730945436370e-07 -2.309616019509162e-06
4.011365726188420e-06 1.299601338454229e-06 -9.611652482518463e-06 6.242068620039776e-06
5.208644506302596e-06 -3.023996396729082e-07 -2.287436811165997e-06 -1.445334516962556e-06
6.824590801441968e-06 6.288750771946479e-08 -9.626299097699354e-06 7.130866449392178e-07
6.932933098144835e-06 9.336391783377263e-07 -8.626615863905432e-07 2.535034147506068e-06
4.671081285666313e-06 1.084877532999131e-06 5.132674974936185e-07 6.258714471078057e-06
4.181702366483346e-06 1.637091344152726e-06 -1.834701907182896e-05 8.845935971113179e-06
4.391543153918577e-06 2.578592834710758e-06 -2.095765559424113e-05 -1.801393909900152e-06
6.051228962498523e-06 1.042078092732447e-06 -5.686121651997051e-06 1.408783828525592e-06
4.701321385597780e-06 3.502933599936203e-06 -9.008596711666252e-06 -9.025988479778687e-07
7.219138032983325e-06 1.815694965213465e-06 8.503067778445067e-06 -3.843452034292910e-06
5.232081296703303e-06 2.608110393881252e-06 2.399707767377467e-06 -8.460965517480207e-06
6.484451342933838e-06 2.685619869628563e-06 -9.146133447390726e-06 8.658971884800993e-07
5.122839075974683e-06 4.391596877412213e-06 4.477214264984923e-06 4.584023706089508e-06
7.675473297494928e-06 2.675772013269372e-06 5.336942464629352e-06 1.353759812683066e-06
7.300763588829442e-06 3.552508456068401e-06 -8.600223394498747e-06 3.744612753838579e-06
6.423844834378830e-06 4.090809390828979e-06 -3.552426174480904e-06 -6.370377719874198e-06
5.689149616648393e-06 5.271036662759901e-06 -8.962624356551757e-06 9.379469940904138e-06
6.348373209401803e-06 6.064678991126296e-06 -4.090687240763718e-06 -5.014937431988638e-06
8.306994295411086e-06 3.494497274214868e-06 2.006352249615601e-06 -7.080862107111225e-08
7.853366275359215e-06 4.533454597061420e-06 -7.145080156231202e-06 -5.423426072808031e-06
7.326720105377623e-06 5.750302043221669e-06 -4.774402237696783e-07 -8.616828664660986e-06
7.098786350250677e-06 6.814705434749858e-06 2.319413593510970e-06 -7.569287671830297e-06
9.066190313036447e-06 4.209357175640043e-06 2.218564555184675e-06 -1.952378319759771e-06
8.835512853695668e-06 5.759725645207907e-06 -8.960916081431396e-06 -3.014710182741887e-06
7.951417668325089e-06 7.480787614193167e-06 -7.467024721778181e-06 -3.115067184527113e-06
8.898352104930451e-06 8.040606627348829e-06 -5.145884383625679e-06 -2.266134200512522e-06
9.916441862990575e-06 8.507871248809615e-06 -3.333451988511329e-06 -6.172982171575432e-06
9.991100340230914e-06 6.093612062460035e-06 -8.078218253899064e-06 -3.115617997531154e-06
9.977289726090607e-06 4.806359430932866e-06 -6.773269655652516e-06 4.204351294389020e-07
9.764981837111154e-06 7.379226416528010e-06 -4.502951525470396e-06 -3.260921572010303e-06
1.099443432267716e-05 8.857716860153095e-06 -7.356664461920729e-06 -6.368646035591252e-06
1.213216244714119e-05 9.083305538336057e-06 -8.089672302248959e-06 -4.201562906378245e-06
1.092649768522958e-05 6.379843246179384e-06 -4.676697505543382e-06 -4.716041189346798e-06
1.101441689118769e-05 5.241604860350329e-06 -5.526695420403129e-06 -2.753544384464096e-06
1.330021325158741e-05 9.171498671231740e-06 -5.040382455733654e-06 -5.668678918959149e-06
1.199004457734016e-05 7.443699649332124e-06 -5.909757568924467e-06 -4.846690877036704e-06
1.212854605188203e-05 5.502408077759864e-06 -3.599181106775485e-06 -3.462014174707335e-06
1.354682140315325e-05 7.623297130799187e-06 -6.894503595076912e-06 -4.731405559184800e-06
1.459883114122468e-05 9.211405317547185e-06 -8.278634275888423e-06 -7.683060278734152e-06
1.328187123520376e-05 5.577597661072080e-06 -6.945679025644358e-06 -1.489925156249391e-06
1.641994437582931e-05 9.252797754616849e-06 -9.340829597333203e-06 -1.778056798326068e-06
1.496934977751876e-05 6.734386611091886e-06 -1.108138990975155e-05 -5.518691826564599e-06
1.459827164243054e-05 5.542975743999853e-06 -1.000443392889314e-05 -2.921361356793504e-06
1.900146323077458e-05 9.305388174974435e-06 -1.242159920725620e-05 -6.071021576266745e-06
1.770840997543978e-05 7.224555198515447e-06 -1.070112775904517e-05 -3.612341496958714e-06
1.642421543854496e-05 5.493549088538811e-06 -1.165863859656047e-05 -4.400664589358388e-06
2.251324417981656e-05 9.377710045362950e-06 -1.622687164850308e-05 -6.182406921785605e-06
2.073765523798628e-05 7.381823614053220e-06 -1.438450288356042e-05 -3.597053665569689e-06
1.899993314840886e-05 5.444428282243511e-06 -1.277135960674014e-05 -3.019850469932757e-06
2.630871295020543e-05 9.455425804555864e-06 -1.757813002751002e-05 -6.202898942178003e-06
2.438683809174533e-05 7.390135559873997e-06 -1.686140439956125e-05 -3.476491421795207e-06
2.251111748622327e-05 5.395704071508282e-06 -1.633270377902790e-05 -1.415286541663184e-06
3.021492961586099e-05 9.506865394124508e-06 -2.057230228753660e-05 -5.356017580863479e-06
2.824682462478269e-05 7.390478465302542e-06 -1.891795115675395e-05 -4.708941959953634e-06
2.630907469293641e-05 5.326214706871713e-06 -1.655214411923153e-05 -2.214093456502713e-06
3.420898791888092e-05 9.552921282915500e-06 -2.486970613400290e-05 -6.179066208267867e-06
3.219637928510912e-05 7.394205753830387e-06 -2.264617341133694e-05 -3.863505026245348e-06
3.021280921319515e-05 5.278325394549189e-06 -2.131435992462823e-05 -3.359971721485737e-06
3.829732679130966e-05 9.608994653410144e-06 -2.846261911311191e-05 -3.801353077299873e-06
3.623698898154150e-05 7.398237554480071e-06 -2.755085607243254e-05 -3.365855224937064e-06
3.420822096351084e-05 5.238195265312682e-06 -2.564338200688836e-05 -8.010895207773746e-07
4.246330433060401e-05 9.646134509181659e-06 -3.225100807294167e-05 -7.521273361700658e-06
4.036954414292394e-05 7.399425786797789e-06 -2.904693694335009e-05 -3.984961390777697e-06
3.829738850851636e-05 5.190371216004806e-06 -2.759385439799565e-05 -4.018212476663133e-06
4.667974168137581e-05 9.663749697522863e-06 -3.316217239175762e-05 -6.219878524372837e-06
4.456475605723926e-05 7.397056655613328e-06 -3.361948737898646e-05 -5.159125421295092e-06
4.246383734205184e-05 5.150192998581680e-06 -3.146661601272080e-05 -1.690506232052562e-06
5.093278343495221e-05 9.680796793707584e-06 -3.938153402789154e-05 -6.227397031545883e-06
4.880151896892436e-05 7.400860252229363e-06 -3.572336591155089e-05 -3.239861135282290e-06
4.667768010447895e-05 5.133489020544799e-06 -3.501423158883435e-05 -2.689204870198689e-06
5.519805072850168e-05 9.685661512631962e-06 -4.164734329864663e-05 -6.346717843683805e-06
5.306464638323602e-05 7.399907813794270e-06 -4.109771321934628e-05 -3.802496260423533e-06
5.093440822430001e-05 5.121966312951918e-06 -3.841176642842122e-05 -3.097988495960485e-07
6.436796508643254e-05 9.444453627128973e-06 -4.858168176981403e-05 -3.162227513522142e-06
6.376036114237366e-05 9.696203523438445e-06 -4.891763483335741e-05 -3.337958460733568e-06
5.711296204794149e-05 7.399871118648245e-06 -4.254790583530711e-05 -4.282040698339309e-06
5.948105406808219e-05 9.694278348135603e-06 -4.562499627088057e-05 -7.201486227992416e-06
5.519733030879255e-05 5.112899207200196e-06 -4.159753470976843e-05 -1.716151114339164e-06
6.461961862115568e-05 8.836698245757993e-06 -4.840214635466149e-05 -3.070295429277253e-06
6.318164761316053e-05 7.403671873139216e-06 -4.953886317110621e-05 -3.830562928019120e-06
5.948004569331201e-05 5.109030080044248e-06 -4.581302919610555e-05 -1.089582499284716e-06
6.461940979485758e-05 5.970872373200559e-06 -4.812782775092960e-05 -4.716207151313207e-06
6.375992524758078e-05 5.111024395090193e-06 -4.872756881960104e-05 -4.614544084273346e-06
6.436768696973952e-05 5.362899543737860e-06 -4.831889082190313e-05 -4.739359666775849e-06
