-9.038424963195280e-05 1.376841069706173e-05 -4.117102819538649e-05 4.251232872781044e-06
-9.072941935598270e-05 1.293419441953828e-05 -4.121579548146721e-05 4.011954957457857e-06
-9.072978294062358e-05 8.999246111922523e-06 -4.141044320591450e-05 2.884661693239571e-06
-9.038464906722834e-05 8.165081330274904e-06 -4.136425394390837e-05 2.526884955173118e-06
-8.955069035231951e-05 1.411399561027855e-05 -4.104759341799079e-05 4.385900362413906e-06
-8.798917852549768e-05 1.096703860359546e-05 -4.072018493360674e-05 3.435127816731020e-06
-8.955114234091696e-05 7.819536853082269e-06 -4.119129046556638e-05 2.330021883345998e-06
-8.369158761234616e-05 1.411299023517587e-05 -3.818021209494439e-05 5.263088140114791e-06
-8.369171275225932e-05 7.821978008228084e-06 -3.787741295559101e-05 4.421195631442074e-07
-8.044526201202105e-05 1.096724850572341e-05 -3.513676375534518e-05 2.384430409883445e-06
-7.781624640190305e-05 1.410386635379175e-05 -3.303527858546563e-05 4.759485409685665e-06
-7.781509235012516e-05 7.828992298115020e-06 -3.280549409359882e-05 -4.636469068459550e-07
-7.488296597163269e-05 1.096611274937428e-05 -3.072004419038498e-05 2.200226158923775e-06
-7.195519621500994e-05 1.409225469003496e-05 -2.922315289734399e-05 4.705696149683792e-06
-7.195475592028922e-05 7.840073204612761e-06 -2.933799344110637e-05 5.589748175245608e-07
-6.903327697589464e-05 1.096586667994115e-05 -2.832892566614076e-05 3.112025708253844e-06
-6.613668806720187e-05 1.406042222864375e-05 -2.837861770508967e-05 4.305734744213773e-06
-6.613581597968121e-05 7.871646508662726e-06 -2.766579340879803e-05 1.956788040059663e-06
-6.324974730471109e-05 1.096668806345141e-05 -2.637143649500162e-05 3.199804680324533e-06
-6.037675817695094e-05 1.404128348287016e-05 -2.372949854224189e-05 5.005466667413566e-06
-6.037803818171546e-05 7.897579278572180e-06 -2.273341661847604e-05 4.508320542381318e-07
-5.751297033094173e-05 1.097142646036165e-05 -2.008226447649860e-05 2.255280458361802e-06
-5.467661641832046e-05 1.400284074907609e-05 -2.023972883369029e-05 1.539912906361492e-06
-5.467447960985636e-05 7.939272990756404e-06 -1.987879689928196e-05 2.116210909480981e-06
-5.185120231390874e-05 1.096985260559698e-05 -2.111966110487556e-05 2.081209658435854e-06
-4.905289485976603e-05 1.395658498949017e-05 -1.962166654922421e-05 4.367471056906027e-06
-4.905425229700256e-05 7.983144463062535e-06 -2.064118323630268e-05 1.613025554904496e-06
-4.627012066847796e-05 1.097052527729641e-05 -1.711115599033343e-05 3.747551059060797e-06
-4.352362591962153e-05 1.389829530459590e-05 -1.581797573457301e-05 4.802124350470164e-06
-4.352360632950056e-05 8.043473045361030e-06 -1.400262834634817e-05 1.783044739298387e-06
-4.079420945021868e-05 1.097263268445884e-05 -1.462424803411970e-05 2.312662490757597e-06
-3.809626724904779e-05 1.385154600125815e-05 -1.365339633572441e-05 3.534552581522964e-06
-3.809561222681608e-05 8.096366497991345e-06 -1.535622330276169e-05 1.367593954764766e-06
-3.541599617228262e-05 1.097456722998813e-05 -1.357527476722986e-05 2.736202671301090e-06
-3.277636318317518e-05 1.378728836415800e-05 -1.308148378491868e-05 2.246926657888192e-06
-3.277995728820818e-05 8.163661088413102e-06 -1.336046908441765e-05 3.467705400778024e-06
-3.026501006977026e-05 1.097738234592804e-05 -1.171357039474846e-05 3.867949778605346e-06
-2.779284208873434e-05 1.371723132849999e-05 -8.880057395746533e-06 4.714272096558281e-06
-2.778771069152821e-05 8.234954252509626e-06 -7.546323894390551e-06 5.849705469087058e-07
-2.594724691649488e-05 1.118526420365753e-05 -7.379815424103722e-06 1.829617293375544e-06
-2.410606469267049e-05 1.365422258074905e-05 -8.247024406857656e-06 4.323097629387553e-06
-2.410601047309108e-05 8.295922802980605e-06 -8.671263435523227e-06 3.000955285517867e-06
-2.149185792283259e-05 1.360032955572516e-05 -8.105246027318558e-06 4.073274627023572e-06
-2.198593335283157e-05 1.187739004741464e-05 -8.240921504770911e-06 3.650166360909940e-06
-2.148046681429674e-05 8.338596109907264e-06 -6.479757509803108e-06 1.458999428022128e-06
-1.961103041318011e-05 8.381846583663711e-06 -2.887455581328468e-06 -1.400364204510090e-06
3.065086584553808e-06 7.554791892346546e-07 4.913732107086563e-05 -2.590392989166536e-05
3.159424336436637e-06 5.465840529163050e-07 2.143330260991807e-05 -6.543059889686616e-05
3.174480931011217e-06 6.865311594252636e-08 7.325453391723626e-06 1.676940122056342e-05
3.092664544954264e-06 -1.002826447915663e-07 2.990079772048724e-05 3.005870613431727e-05
-1.961238655985596e-05 1.356284959316343e-05 -5.821679266189072e-06 3.804987718553865e-06
-1.793861815337264e-05 1.343347728962868e-05 -4.243807717850142e-06 3.653373496072271e-06
-1.922093432118970e-05 1.032586448120267e-05 -3.687512101260899e-06 1.946800640652682e-06
-1.793037897002384e-05 8.279580912319811e-06 -4.590019810737703e-06 -5.112387310574480e-07
2.847508170835747e-06 8.423871736915925e-07 1.525222564667899e-05 2.568981915715105e-05
2.703713992256314e-06 3.352919920510774e-07 -3.517745517930595e-05 -1.351132683648600e-05
2.901766759814803e-06 -1.619320854179574e-07 5.124344884154334e-05 3.267800788881484e-05
-1.739792357763041e-05 1.184461050961740e-05 -3.408616336652946e-06 2.880875423370741e-06
-1.630344128376106e-05 1.311042998281470e-05 -5.015045180637786e-07 4.197616371935392e-06
-1.474294455117167e-05 1.262246636568584e-05 3.372227869780103e-07 5.740382331226041e-06
-1.689961528776646e-05 9.679126883363911e-06 -4.452307434524981e-06 2.629986703983244e-06
-1.633093959559194e-05 7.908085601787473e-06 -5.091302163650504e-06 4.066715300795485e-06
1.902986405954435e-06 7.958693944353021e-07 1.587642635346367e-05 1.346495647368666e-05
1.902394071678707e-06 -2.074370448300767e-07 -3.386791367082489e-06 -3.581751872047087e-06
1.393744771936985e-06 3.445748802552532e-07 -6.361518817933595e-07 -1.965690773612531e-05
-1.327792134331219e-05 1.195621728447495e-05 -1.434911091969902e-06 6.579782420957076e-06
-1.453087083031810e-05 1.099748366595680e-05 -1.446642615791013e-06 5.222412017818390e-06
-1.506997932241986e-05 8.962686842778024e-06 -3.864350899366736e-06 2.988080748279515e-06
-1.484766270635446e-05 7.281197403699624e-06 -3.076446226565583e-06 1.440461711568735e-06
8.215463868858152e-07 8.937688871749952e-07 -5.421548476079420e-06 5.990892084406512e-06
8.018236750298924e-07 -2.956627642882504e-07 9.961268616692030e-06 1.948184487615586e-05
1.686952315695642e-07 3.367320735199969e-07 -8.732017215822393e-06 -2.828659689408335e-05
-1.190901054268776e-05 1.114018812463926e-05 -1.959047469996314e-06 4.451138126445793e-06
-1.066023332680877e-05 1.019291655751431e-05 -3.875217124213597e-06 4.367771259015478e-06
-1.319879405950222e-05 8.645207093836931e-06 -1.661073519645001e-06 -8.053314968252716e-07
-1.352720598180190e-05 6.411721197743245e-06 -4.200724845162143e-06 2.437034109299918e-07
-5.909529189968921e-07 1.102205902711657e-06 1.091655365330767e-05 1.652088089116842e-05
-5.845231171732749e-07 -5.014439074148215e-07 -4.567176206355155e-07 8.396652580312736e-06
-1.097718995876417e-05 8.742504827251874e-06 -2.987660275682065e-06 2.987351015666951e-06
-9.558427573172767e-06 9.117851347975609e-06 -4.212553576577341e-06 3.551143574508127e-06
-1.149995075917454e-05 7.120569308630226e-06 -4.231563242018771e-07 2.558313834021147e-06
-1.241309106876173e-05 5.370931991535784e-06 -5.156506014993674e-06 1.792585150104799e-06
-1.387675376889833e-06 3.283397565973473e-07 -8.477623142010652e-06 -9.257900718549094e-06
-2.359070055072060e-06 1.392793672291130e-06 1.430947913628508e-06 -8.433287744433442e-07
-2.362747270386333e-06 -7.946622869572712e-07 3.223108530474457e-06 -2.262105053759869e-06
-8.591280648785688e-06 7.940382435499828e-06 -3.623011130419907e-06 9.447331823826029e-07
-7.790740514084044e-06 6.704718556998014e-06 -2.563619149178068e-07 9.170846403389313e-07
-7.150363866805449e-06 5.398623283259610e-06 2.591958053820429e-06 1.238693297921430e-06
-1.042784394961941e-05 5.677241511554747e-06 -1.013651167686354e-06 2.613310184498725e-06
-1.150916017962347e-05 4.186088363519116e-06 -3.874979173998325e-06 8.513450939515475e-08
-3.146500135151215e-06 3.029004034495624e-07 2.474517145849713e-06 9.233131507991154e-06
-4.089245180561699e-06 1.698182687614537e-06 -5.101560398399510e-06 2.216527191447951e-06
-4.078732986745560e-06 -1.076829658226124e-06 -3.237714961868522e-06 -8.157420241922937e-06
-8.496225228163305e-06 5.393388902469136e-06 -1.329065839079333e-06 9.440021482636273e-07
-6.662766996113900e-06 4.056777949651467e-06 2.305524940198043e-06 -1.151259946594326e-06
-5.662179765042214e-06 1.931969099006687e-06 2.125962873138049e-06 6.462267509199178e-06
-6.103164681813513e-06 2.162855917384225e-06 -4.935555401923071e-06 1.066048595029715e-05
-6.341108999015652e-06 2.648707818816213e-06 -8.437002240964866e-06 9.808205035479018e-06
-9.686759904150804e-06 4.020378416353310e-06 -5.038800891104496e-06 -1.121418769917004e-06
-1.084728832148944e-05 2.924676775164259e-06 -9.643870403449739e-07 4.795024178882907e-06
-4.946825138224103e-06 5.025279084295458e-07 2.357770865299957e-06 -2.739166976615812e-06
-5.648742565468780e-06 -1.277446682457844e-06 -4.110915505232017e-06 2.043253804338056e-06
-7.606394152180928e-06 3.090837914158486e-06 3.004488677353736e-07 -2.244768415636650e-06
-6.138203215407022e-06 1.202768751568258e-06 2.205133139914417e-08 -1.461971354605363e-06
-6.669530494986040e-06 1.989048925971131e-06 -8.332889871257188e-06 7.794633384858595e-06
-9.161184284510360e-06 2.542965428710982e-06 8.356719519521703e-07 -6.348403421033227e-06
-1.044380542604863e-05 1.618167402141987e-06 3.846783746107459e-06 2.074013076176726e-06
-6.159492203188419e-06 -3.583850025359830e-07 2.147888767596069e-06 -4.811451295476093e-06
-6.093677352953692e-06 -1.515427243838855e-06 -1.086659395173504e-05 7.967569359436925e-06
-7.874042424341725e-06 8.903438975867305e-07 -2.293765260543032e-06 -6.858298714507100e-06
-1.030119087754135e-05 3.129498209259491e-07 -5.295718613023112e-06 6.202624024802707e-06
-1.044070694812914e-05 -9.840374868142480e-07 -9.966472249164500e-07 3.024914655410341e-06
-7.080026461018927e-06 -1.205180812764615e-06 5.278222322329547e-06 1.189556789251011e-06
-6.348871565703874e-06 -2.025181330266935e-06 -1.780456587805172e-05 1.039242164160514e-05
-6.649108161959200e-06 -3.426865183654254e-06 -1.807343410625301e-05 -4.060298302333811e-07
-9.138562317072759e-06 -1.142570453617955e-06 -4.618544553630855e-06 -1.356292105442164e-06
-7.122948478732372e-06 -4.805522766868362e-06 -4.853671428114788e-06 -6.492654084700871e-07
-1.086460122816381e-05 -2.308085604136384e-06 9.123292212859367e-06 7.692670502460805e-07
-7.907460205325927e-06 -3.468047067773294e-06 5.845277755903370e-06 -7.382891382486680e-06
-9.801743905136172e-06 -3.574843994207040e-06 -4.667982589750383e-06 1.217288364754320e-06
-7.790996808540417e-06 -6.135322656031720e-06 6.665967707353818e-06 4.320054021519711e-06
-1.155111899460055e-05 -3.592653959220519e-06 5.004708823729466e-06 1.433997389223550e-07
-1.100460204721409e-05 -4.859048559308711e-06 -7.044430712689689e-06 1.594411604299470e-06
-9.678424617465549e-06 -5.673432495558826e-06 -5.827856088936853e-06 -3.199674079131738e-06
-8.589394823063446e-06 -7.402030897114475e-06 -9.572356786607785e-06 7.362909837227645e-06
-9.569974394325552e-06 -8.613234297448674e-06 -3.146390148714380e-06 8.293814268910829e-07
-1.247823892098415e-05 -4.773163653171573e-06 2.184452052335342e-06 -1.487286958908496e-06
-1.181510378838594e-05 -6.316584164675629e-06 -3.673046403789940e-06 -2.893700881735513e-07
-1.102660803106193e-05 -8.140529454346252e-06 2.581821750906753e-06 -2.709733207330433e-06
-1.069288686513473e-05 -9.718998314854607e-06 4.458960153713213e-06 -1.749846491410098e-06
-1.364059266583299e-05 -5.832478775712868e-06 4.087594375686155e-06 2.022378313801540e-06
-1.329106515159993e-05 -8.123862279073959e-06 -1.692854612375799e-06 -2.619496656751513e-06
-1.196242222720909e-05 -1.069174063317601e-05 -2.923472679705811e-06 -2.253634568704738e-07
-1.337244204088534e-05 -1.154429184998756e-05 -3.464580130690578e-06 1.197295015469928e-06
-1.488762818945385e-05 -1.224636262039021e-05 -3.413906775697243e-06 -6.902782698220573e-07
-1.501244309218621e-05 -8.621834546515118e-06 -3.804166687000642e-06 -2.815864543635936e-06
-1.499962109756692e-05 -6.710680091536663e-06 -2.783646019537800e-06 2.235342021357369e-06
-1.466543414501455e-05 -1.055014392860655e-05 -3.180438272646187e-06 -8.206538493941630e-07
-1.651363981546812e-05 -1.275887849982497e-05 -5.209835728356828e-06 -6.793514261609268e-07
-1.820811837516899e-05 -1.309191067917436e-05 -4.279085583691509e-06 1.897538676430181e-06
-1.640232003236710e-05 -9.051333538325079e-06 -3.067863692772474e-06 -2.455886587660765e-06
-1.653493377102638e-05 -7.358241436653640e-06 -4.279051761300208e-06 -1.036068214096729e-06
-1.993925215164777e-05 -1.323207476674902e-05 -9.322759267985490e-07 1.457545285232433e-06
-1.799656586453456e-05 -1.064800704827121e-05 -3.283088992977165e-06 -6.016386462858464e-07
-1.819735289116522e-05 -7.738803544570907e-06 -8.929838623023431e-07 -1.692273813625049e-06
-2.032500552146840e-05 -1.091388488089334e-05 -4.938147697142687e-07 -8.258109901677974e-07
-2.189652383583053e-05 -1.327705112482857e-05 -6.890701676266700e-07 -3.063527970019230e-06
-1.993691531872957e-05 -7.852031584954669e-06 -5.237059086439227e-07 -7.516267260562994e-07
-2.463275123896191e-05 -1.332312198636812e-05 -1.882435534633740e-06 -1.686149494987423e-06
-2.245331436856072e-05 -9.583794004266437e-06 -3.722409047570526e-06 -1.447981705914210e-06
-2.189547598092419e-05 -7.808220555687487e-06 -3.627325571015312e-06 -2.360470443946355e-07
-2.847514314162326e-05 -1.340484416748110e-05 -1.311502367049408e-06 -2.237559053077165e-06
-2.655188355296280e-05 -1.032770676876992e-05 -1.498226684974960e-06 -9.495450134524076e-07
-2.462740683478685e-05 -7.751740891876676e-06 -2.311347098323735e-06 -5.750235147921404e-07
-3.368281590801072e-05 -1.348907946445391e-05 -2.911271895755205e-06 -1.280698853612982e-06
-3.105464099723835e-05 -1.054802417340085e-05 -2.654733697264341e-06 -8.178552054826741e-07
-2.847488631461184e-05 -7.685316432951824e-06 -2.732860403175592e-06 -1.246426447116721e-06
-3.925171187861982e-05 -1.355402187135401e-05 -2.481561169205090e-06 -2.828852512398179e-06
-3.644531484008815e-05 -1.054619045469987e-05 -1.740801838620042e-06 -2.348865364687016e-06
-3.368241059119973e-05 -7.603657154822084e-06 -1.740345192031780e-06 -1.481608891163175e-06
-4.493007822199921e-05 -1.360643116093099e-05 -4.738268517268089e-06 -1.557219250271105e-06
-4.207655816996304e-05 -1.054560228075063e-05 -4.533591747946891e-06 -7.318398554674634e-07
-3.925216620308520e-05 -7.535447829553058e-06 -2.982873576811470e-06 -4.460879425446333e-07
-5.069492234677248e-05 -1.366319141722000e-05 -9.118583485931927e-08 -1.409499474857354e-06
-4.779592913901629e-05 -1.055064173894112e-05 -2.465297552635335e-06 -1.437988395452110e-06
-4.492925131644442e-05 -7.489878603152215e-06 -4.505096838258199e-06 -1.268014268965477e-07
-5.652532080826031e-05 -1.369225172471512e-05 -3.353954077398743e-06 -2.566056266497871e-08
-5.360097246097813e-05 -1.055448209616669e-05 -1.120032149773263e-06 -1.520471001420838e-06
-5.069161558129066e-05 -7.442928665573500e-06 -7.603212818185442e-07 -2.287387683688154e-06
-6.241353719886540e-05 -1.371079214723223e-05 -1.446952203979530e-06 1.035191923673462e-06
-5.946221048075122e-05 -1.054899290615952e-05 -3.467205407959335e-06 -1.866251603141969e-06
-5.652804287926496e-05 -7.410184374732202e-06 -2.200205175547434e-06 -3.222851670034135e-06
-6.834488697261391e-05 -1.372831395881983e-05 -4.198296359442600e-08 -1.983046766143975e-06
-6.537429940464886e-05 -1.054641739022770e-05 -1.962923902887020e-08 -2.606679339796523e-07
-6.241598984729941e-05 -7.383996108571982e-06 -2.995473487092894e-06 -2.481317286849822e-06
-7.429301484751685e-05 -1.374091281164549e-05 -7.115338161536493e-07 -1.368851923296505e-06
-7.131404108662687e-05 -1.055355023795934e-05 -2.247097273146527e-07 -1.114934032329186e-06
-6.833982076721225e-05 -7.371377052893386e-06 7.715909866472129e-07 4.675179385947997e-07
-8.025631164366549e-05 -1.374165789727839e-05 4.168296824720787e-08 -1.874828607731652e-07
-7.727620299468967e-05 -1.055426574440498e-05 -8.948853577507698e-07 -1.351326919928609e-06
-7.429423117048518e-05 -7.367665248974669e-06 -5.987384328791648e-07 -9.844918757731803e-07
-9.305978738458463e-05 -1.341293990655146e-05 1.704094083287035e-06 4.350148255398461e-07
-9.221091905237015e-05 -1.376510233754642e-05 1.351005025176827e-06 4.733125480845045e-07
-8.292449170534801e-05 -1.055527859829367e-05 1.169974639362888e-06 -1.156860761833455e-06
-8.622615054507228e-05 -1.376545734811164e-05 2.091059628906232e-06 -1.078649694487119e-06
-8.025613496288428e-05 -7.367553948976758e-06 -2.275187367650038e-07 -2.412215650324002e-06
-9.341134430836310e-05 -1.256329704327718e-05 1.852598245017679e-06 1.999712486241683e-07
-9.140282332704679e-05 -1.056129707740871e-05 9.300128468018276e-07 -8.738011808142529e-07
-8.622405247648349e-05 -7.349991369179571e-06 2.092439895328544e-06 -9.755136034674420e-07
-9.341144400656492e-05 -8.559537282484232e-06 1.754303562080163e-06 -1.862898589852550e-06
-9.221036551179344e-05 -7.356769588400009e-06 1.263598934010271e-06 -2.118180678052661e-06
-9.305971338942171e-05 -7.709256111279876e-06 1.605218878000274e-06 -2.082233578500574e-06
