-3.775325963698960e-05 5.419173820640459e-06 5.221502711605942e-05 -6.244127345056820e-06
-3.789437017941329e-05 5.079723559732828e-06 5.224862218965490e-05 -5.858044968232990e-06
-3.789520395161661e-05 3.477401018758038e-06 5.236676087278433e-05 -4.948120752661561e-06
-3.775414309270045e-05 3.137877438478636e-06 5.232277586865125e-05 -4.450178683037383e-06
-3.741289539741262e-05 5.559593037866484e-06 5.209051756651343e-05 -6.490084585670190e-06
-3.677349059413566e-05 4.278970851901169e-06 5.173258366755477e-05 -5.395717128868908e-06
-3.741378222058866e-05 2.997445040752348e-06 5.214088092164842e-05 -4.146413351084147e-06
-3.501578236988560e-05 5.554940547182770e-06 4.740118167115017e-05 -8.583138715913810e-06
-3.501623990993836e-05 3.004461061657322e-06 4.690911620334550e-05 -1.052944715928492e-06
-3.369669123711910e-05 4.280222375747870e-06 4.467777309293259e-05 -4.303841496794959e-06
-3.262757796962900e-05 5.554616296795399e-06 4.449031426364225e-05 -5.495504606314752e-06
-3.262619478046541e-05 3.004465118339227e-06 4.418194684541123e-05 -2.501630438503074e-06
-3.143783505329676e-05 4.279687469192498e-06 4.359824840033119e-05 -4.144757614576490e-06
-3.025426249468746e-05 5.551178010692214e-06 4.113332977752511e-05 -6.219075001408445e-06
-3.025631128573489e-05 3.011548773763976e-06 4.224066102342763e-05 -3.239237403053208e-06
-2.907205713861865e-05 4.283848804099936e-06 3.979691909662170e-05 -5.263253356409318e-06
-2.788709845943244e-05 5.548313179673450e-06 3.676881743717113e-05 -7.893503469155327e-06
-2.788563944381542e-05 3.020745054564905e-06 3.705225956232209e-05 -1.661806835643658e-06
-2.670409375517662e-05 4.284842258324607e-06 3.524041589984993e-05 -4.418208623815363e-06
-2.554199201675132e-05 5.528389571525459e-06 3.256787626529406e-05 -7.676096912728065e-06
-2.554087823192673e-05 3.043521621739925e-06 3.326494347042224e-05 -1.502401788541376e-06
-2.439021472108104e-05 4.286719582423124e-06 3.100065921767994e-05 -5.249944345196609e-06
-2.324107467958152e-05 5.525360629480047e-06 2.972676343331144e-05 -6.387448522873422e-06
-2.324453630572171e-05 3.053195767731730e-06 2.905567649589013e-05 -3.107625703689641e-06
-2.209428229095042e-05 4.291117724642312e-06 2.923497390111793e-05 -3.886232190826532e-06
-2.095560886560973e-05 5.504625239780107e-06 2.699407469262327e-05 -6.655645523465611e-06
-2.095302318191418e-05 3.074903815667226e-06 2.879351176359283e-05 -1.387837272350000e-06
-1.981961439066242e-05 4.287843436678774e-06 2.451507430449686e-05 -5.358633390331590e-06
-1.869772182077561e-05 5.485701254068786e-06 2.189527238191440e-05 -7.726896401580937e-06
-1.869672337532015e-05 3.091814137090887e-06 2.080813168483211e-05 -1.547589620354415e-06
-1.757832337595953e-05 4.288924266965127e-06 1.996375450937397e-05 -4.433519830726904e-06
-1.646012552767098e-05 5.484431380645292e-06 1.846477319391245e-05 -7.356275479441228e-06
-1.646449715763282e-05 3.100100162199941e-06 1.924140927693278e-05 -4.083682059072409e-06
-1.534878528763175e-05 4.293755233252617e-06 1.689060900685225e-05 -5.283400150004469e-06
-1.423912693092125e-05 5.482318153842799e-06 1.698431992712648e-05 -4.200275576287538e-06
-1.423595711188784e-05 3.103312541382246e-06 1.426280604533487e-05 -3.716799184474647e-06
-1.317496319064293e-05 4.290778395682162e-06 1.410280028061345e-05 -3.790987825621955e-06
-1.212392948702545e-05 5.462753932089411e-06 1.036930960442951e-05 -6.757498113072830e-06
-1.212421687600109e-05 3.114860291888912e-06 1.459089179614821e-05 -2.800225661638874e-06
-1.133961457778876e-05 4.378714802203064e-06 1.214826613261054e-05 -3.013405783197163e-06
-1.055635312412207e-05 5.439352573302302e-06 1.158030986758189e-05 -5.831217148734390e-06
-1.055157790375747e-05 3.143825133390030e-06 9.790230092248836e-06 -3.687069518169423e-06
-9.432822270718127e-06 5.424451593993806e-06 7.263671680987179e-06 -6.359456030826800e-06
-9.646975673615990e-06 4.679259740133358e-06 7.324047740410858e-06 -6.439497303181590e-06
-9.430335451530211e-06 3.154172764298562e-06 1.019885502531948e-05 -2.809506786992721e-06
-8.621508791103867e-06 3.173560653549234e-06 9.718019246601357e-06 -3.635944877874451e-06
1.388179459010880e-06 -2.813942620030900e-07 -3.491702960294920e-06 -3.068119057970522e-05
1.424194699923202e-06 -4.216253115002801e-07 -1.998605767471916e-05 -5.873486983240360e-06
1.391738013364916e-06 -4.568842193873502e-07 7.458619398246251e-06 1.270329010582193e-05
1.349546217154747e-06 -6.179860804487113e-07 1.946882095879928e-05 -1.646712223536119e-05
-8.621946543557370e-06 5.411299025620085e-06 9.287449514244545e-06 -4.957971987454932e-06
-7.893982146958250e-06 5.358420843470106e-06 5.924644465663246e-06 -8.129182707713655e-06
-8.450710119128666e-06 4.010392526101353e-06 8.030240363372182e-06 -3.829112310619993e-06
-7.889842337632237e-06 3.128512692968365e-06 5.736510023658930e-06 -6.591781724023458e-06
1.275991997050167e-06 -2.089849532474160e-07 3.742834325735011e-05 -4.209805268182273e-05
1.192086491174780e-06 -4.285983026099655e-07 -2.234458640277052e-05 2.498236332713527e-05
1.225063962022237e-06 -6.896275486038694e-07 2.837267333584954e-05 -3.481908810444231e-05
-7.659165849072064e-06 4.668738971079651e-06 6.096967816224303e-06 -4.865170280918878e-06
-7.182474026401182e-06 5.221099830734928e-06 6.178546020646787e-06 -9.977739475886399e-06
-6.498843355013605e-06 5.010329057875940e-06 6.651335464646755e-06 -7.520642891563069e-06
-7.441016989766727e-06 3.732604038116811e-06 4.668388993780121e-06 -7.616975588039718e-06
-7.186774597261646e-06 2.947662077896665e-06 8.140945016066934e-06 -4.178865891886703e-06
8.673460082220016e-07 -2.360148328321725e-07 -1.082532771662070e-06 -6.728896396764023e-06
8.667646658815802e-07 -6.525577463843978e-07 1.041917097669695e-05 -2.378760408273861e-06
6.760617144566034e-07 -4.149018844709077e-07 -1.657721831959717e-05 1.133223841987270e-05
-5.853381905666731e-06 4.720538626417336e-06 5.206666832557565e-06 -4.552869167358142e-06
-6.404955688067242e-06 4.301489112465261e-06 5.974877443784253e-06 -3.706549436685082e-06
-6.637939290670986e-06 3.409420518039282e-06 5.989965534036752e-06 -6.005271261052071e-06
-6.542372172919661e-06 2.669373718582228e-06 5.932770335130678e-06 3.302452620737726e-06
4.033558597090065e-07 -2.088525879886349e-07 9.183258431495452e-06 -4.910156832415860e-06
4.156209659487917e-07 -7.144967447060405e-07 1.472169187627826e-06 -5.976075915931994e-06
1.481068708023736e-07 -3.923912582956935e-07 -3.454830661155877e-06 1.180280170443352e-05
-5.249671212271842e-06 4.362800387445154e-06 5.515953209571427e-06 -5.555882217862301e-06
-4.706164179033230e-06 3.949771383654863e-06 6.725347087112361e-06 -2.896845761564237e-06
-5.816587857011303e-06 3.275417389304169e-06 4.913485782129738e-06 -4.449555834768900e-06
-5.960024480697965e-06 2.290051902063145e-06 8.460354409044723e-06 -3.766835167514849e-06
-1.700119247775542e-07 -1.132207591955869e-07 -2.382962605533493e-06 -6.140960511227202e-07
-1.737754426582973e-07 -8.240708304730071e-07 2.273779029217822e-06 -6.908459793133379e-07
-4.845298336488942e-06 3.317837405037612e-06 5.031091368185073e-06 -2.354596704890453e-06
-4.213859646847612e-06 3.481426764012665e-06 4.020976358220734e-06 3.391552483319353e-07
-5.077788889601834e-06 2.603789950682981e-06 4.547800054173050e-06 -5.327672565431795e-06
-5.474078413405093e-06 1.824901884225534e-06 -2.789669248722908e-06 6.286162818931063e-07
-5.226187909464951e-07 -4.338482376348917e-07 -7.106826208197593e-07 -4.792006352270255e-06
-9.585790740920017e-07 3.277860754031873e-08 7.420583792903183e-06 1.741576680422733e-06
-9.453463869866385e-07 -9.389596734556124e-07 3.256105189482882e-06 -1.995556852719082e-06
-3.778358425602324e-06 2.968917679732012e-06 2.156042880531245e-06 -2.071026486220539e-06
-3.413851924650017e-06 2.419532842109410e-06 2.860724998453088e-06 -4.850404937525190e-06
-3.128663967473261e-06 1.836363389987102e-06 1.651895020592858e-06 -3.362475465438137e-06
-4.604546562484170e-06 1.962964958248304e-06 9.470127777655611e-06 -1.837578998321624e-06
-5.082954369044870e-06 1.295046154363096e-06 1.755254454457014e-06 -1.939369108663791e-06
-1.298447990619614e-06 -4.595765626103771e-07 -1.831803087602830e-06 3.032423962695406e-06
-1.707428690115729e-06 1.697302348856620e-07 -2.925513170424835e-07 -2.682704688418393e-06
-1.717004721055953e-06 -1.071853491486738e-06 4.359681175677317e-06 3.052109112476322e-07
-3.726141137570934e-06 1.837210603353959e-06 2.684246258350849e-06 -4.784251993824095e-06
-2.909495662384334e-06 1.232472606933714e-06 2.713175848312331e-06 8.967337050921911e-06
-2.430398099255854e-06 2.852299574629847e-07 -8.345493205847830e-06 6.323369201199173e-06
-2.638324392719392e-06 3.910660771859841e-07 1.090495308698595e-05 -3.796861272226097e-06
-2.753756071685451e-06 6.096402734171482e-07 2.086524474340102e-05 -8.495342224420911e-06
-4.267094560420268e-06 1.222353490636918e-06 8.962690611963639e-06 7.563230786654724e-07
-4.788813345998058e-06 7.262120658879863e-07 3.153409181868247e-06 -7.615949693700406e-07
-2.109014597240113e-06 -3.558693548124426e-07 3.590832737564092e-06 -7.244938184497125e-06
-2.421470661601662e-06 -1.158867164700364e-06 6.113758280471066e-06 -2.320707099667977e-06
-3.319647833075542e-06 8.106605296333454e-07 -7.655241550560887e-06 4.758929211201951e-07
-2.649947097413756e-06 -4.194791039253375e-08 1.000875718388680e-06 9.981459490029375e-06
-2.897115690635158e-06 3.146339306487310e-07 1.661717160832939e-05 -6.523323588572758e-06
-4.032031460690860e-06 5.618645385823599e-07 2.738223077278051e-06 1.409721041832181e-06
-4.610979738229586e-06 1.512416969025190e-07 3.557517877075261e-06 -5.177220102786167e-06
-2.650972263926342e-06 -7.443304345902792e-07 -2.766296457041969e-06 -4.605793740838311e-07
-2.605709994517600e-06 -1.275127762334987e-06 -2.484020156129614e-06 1.584573978470329e-07
-3.446928967494908e-06 -1.796205199030459e-07 2.267080949399496e-06 8.328982899400199e-07
-4.552895637854301e-06 -4.344337399327701e-07 5.377543217101503e-06 1.010644932114080e-06
-4.647405811166791e-06 -1.035871328243840e-06 6.314149225055164e-06 1.584301407359139e-06
-3.070276150714107e-06 -1.135710810694312e-06 2.301517513553285e-06 1.696374512104766e-06
-2.712261670280513e-06 -1.519006738277219e-06 -1.300287774958531e-06 4.021757622956344e-06
-2.847491050385471e-06 -2.181949522546481e-06 2.572408884460112e-06 1.297072403685585e-06
-4.032716844499585e-06 -1.105438295645361e-06 2.877585595713299e-06 2.531959119376704e-06
-3.076309096369893e-06 -2.846876049467421e-06 2.523032489747046e-07 -2.472509474911024e-06
-4.866695344052200e-06 -1.643262438393362e-06 7.223367456103334e-06 1.151785941030523e-06
-3.464797814376494e-06 -2.195751600131384e-06 7.236869526653966e-06 1.098193443569660e-07
-4.337742066963209e-06 -2.254519717455937e-06 -1.988856173701908e-07 6.523177310389457e-06
-3.389047799781846e-06 -3.487744758569055e-06 -1.041077646846069e-05 -3.782486152471491e-06
-5.196192709134284e-06 -2.258535105337438e-06 5.958601992468989e-06 -6.527377904714205e-06
-4.917973138805162e-06 -2.867730828053772e-06 1.294185029357334e-06 3.298691325379594e-06
-4.284391481269336e-06 -3.244503549412234e-06 7.281487228919991e-06 3.863101202075592e-06
-3.746333445080519e-06 -4.119589884174632e-06 4.963212821127245e-06 1.485175759535552e-05
-4.222834038342746e-06 -4.710725836901762e-06 3.848805644905968e-06 -6.392023916177781e-06
-5.661459681836116e-06 -2.819063110824504e-06 1.223795731033127e-05 -2.697598349805390e-06
-5.323274592063254e-06 -3.566632597889716e-06 3.654017308878338e-06 2.343279251185329e-06
-4.939219736250455e-06 -4.472188131051931e-06 2.178351930372397e-06 -4.486772114473325e-06
-4.775481103166477e-06 -5.270892661023833e-06 1.669669822602562e-06 -9.305678015133015e-07
-6.257702137900679e-06 -3.328842166943240e-06 5.142144971496505e-06 1.120218901689037e-06
-6.066897518582510e-06 -4.478198944423206e-06 4.003088453720984e-06 4.989734995827329e-06
-5.398197599784367e-06 -5.775591276282084e-06 2.077096114690828e-06 9.824291874166268e-06
-6.117641504572441e-06 -6.219690818049101e-06 3.885805990836283e-06 6.732148530103009e-07
-6.896871752681835e-06 -6.592512245194501e-06 7.490507981127635e-06 -1.023757443684118e-06
-6.946691492304956e-06 -4.728432350673890e-06 4.157680050792523e-06 3.936593447901713e-06
-6.942154600023992e-06 -3.763819249933339e-06 1.506417504352156e-06 4.270289769564480e-06
-6.775184734503149e-06 -5.712495917134755e-06 6.652313669558911e-06 4.691103113493325e-10
-7.729014111458397e-06 -6.874130234831628e-06 6.979876480520552e-07 5.215922791256782e-06
-8.611045990964595e-06 -7.066240568579906e-06 3.285074848593690e-06 6.664218127822552e-06
-7.667720683942168e-06 -4.943490070977713e-06 5.909993726641717e-06 3.060254801803785e-06
-7.737413499846257e-06 -4.073117269631615e-06 5.707028123078519e-06 3.050294728921427e-06
-9.531820642258508e-06 -7.148229168600815e-06 1.237437108771656e-05 -6.079453083428926e-08
-8.495959319284362e-06 -5.775288167053648e-06 4.295043458860346e-06 3.474810749124663e-06
-8.608708133630626e-06 -4.252035383251013e-06 8.222771734153761e-06 2.985760488681454e-06
-9.734227597690112e-06 -5.915831739780867e-06 6.662732589052007e-06 2.073285255790420e-06
-1.057970937268955e-05 -7.177878596497742e-06 6.393206925457177e-06 1.786834723873104e-06
-9.524700035076321e-06 -4.300795798851220e-06 6.009653319199824e-06 1.972784573399267e-06
-1.205338210210513e-05 -7.218838963831756e-06 7.892843500407112e-06 7.110121065113753e-06
-1.087626199182025e-05 -5.201283445305435e-06 6.604777509718591e-06 2.032256487199510e-06
-1.058094240961599e-05 -4.258187127608862e-06 7.264744318810717e-06 1.870197752282683e-06
-1.412795282205428e-05 -7.275396466337082e-06 7.590551856796688e-06 3.220002904526201e-06
-1.308464886006161e-05 -5.603615628444770e-06 6.514427306901565e-06 2.791473770296621e-06
-1.204495007302795e-05 -4.213412094469528e-06 4.511945218465679e-06 1.912784175812898e-06
-1.696675155178502e-05 -7.317725139458768e-06 8.354104456834721e-06 3.499680388448644e-06
-1.553687856149793e-05 -5.716876213198432e-06 7.303855876352957e-06 3.663110281288514e-06
-1.413368650075166e-05 -4.162328971523015e-06 7.643500718509883e-06 4.269076319555103e-06
-1.997789948584876e-05 -7.343172880028773e-06 8.206010199537623e-06 3.192657737925759e-06
-1.846107450548829e-05 -5.717239442320139e-06 9.198932709295121e-06 3.801574338789400e-06
-1.696207313854162e-05 -4.113548718764713e-06 7.040549691882467e-06 2.610711394001541e-06
-2.306999466773687e-05 -7.374954177691642e-06 1.103809023033890e-05 3.365147854046299e-06
-2.151285673065776e-05 -5.717060341945400e-06 9.215889252970953e-06 1.494078400077558e-06
-1.997908860871601e-05 -4.091261806260031e-06 1.070937353675804e-05 2.756867903917994e-06
-2.618462280462548e-05 -7.387070496297222e-06 8.677721915297391e-06 3.313903503319510e-06
-2.462840154010011e-05 -5.717571414319270e-06 1.015973053934608e-05 3.696208707580081e-06
-2.307030390646040e-05 -4.060500784761322e-06 9.053089359010113e-06 1.367521286949877e-06
-2.929927507505997e-05 -7.390810819978661e-06 1.006210922069141e-05 2.582354675389461e-06
-2.773894185782939e-05 -5.717544615985845e-06 8.790189015203178e-06 3.094731311652576e-06
-2.618510549981321e-05 -4.048246419218648e-06 9.317938029365060e-06 3.753609348333892e-06
-3.243224295234383e-05 -7.392910120517720e-06 9.700597855830392e-06 2.099333074236817e-06
-3.086451637905271e-05 -5.717324005477137e-06 1.053934994731033e-05 2.800322563330787e-06
-2.929793609959500e-05 -4.044530969996940e-06 9.380040961660396e-06 2.839173794401441e-06
-3.556189644888006e-05 -7.397029947261836e-06 1.056803900489448e-05 3.931095921502963e-06
-3.399829455904749e-05 -5.716351695732041e-06 9.877776537733632e-06 2.256503896269942e-06
-3.243339780954031e-05 -4.039622117277991e-06 1.116943917337882e-05 3.247350578649090e-06
-3.867863726256019e-05 -7.389660502527905e-06 9.388992428052575e-06 3.792557474309361e-06
-3.712212983073194e-05 -5.717017247074048e-06 9.610670110701908e-06 3.575006882992755e-06
-3.556190262965936e-05 -4.038129163602178e-06 9.072706647969563e-06 2.093789481941686e-06
-4.181186957963735e-05 -7.398466887696736e-06 1.105085298686564e-05 2.553061404518567e-06
-4.024002957931109e-05 -5.717653141078218e-06 1.043560303072828e-05 3.342631413089266e-06
-3.867821155443248e-05 -4.044319886985284e-06 9.703896864510638e-06 2.401544204099787e-06
-4.851485057824007e-05 -7.207064216244682e-06 1.071573831197210e-05 1.526879434456686e-06
-4.806861118517270e-05 -7.391345770587155e-06 1.107264680311756e-05 1.432282316855529e-06
-4.321829817939118e-05 -5.719685698500535e-06 1.187937773543456e-05 2.539934691216077e-06
-4.494210345123104e-05 -7.390613789220104e-06 1.212746724943416e-05 2.037311560985249e-06
-4.181064927907142e-05 -4.038879990129981e-06 1.179758016307296e-05 3.537547053703847e-06
-4.869974976800534e-05 -6.761603829493294e-06 1.057131140522089e-05 1.821280539492673e-06
-4.764432461675557e-05 -5.711527266005283e-06 1.146553967061981e-05 2.558716330496311e-06
-4.494491455119113e-05 -4.044017831517354e-06 1.181971003684444e-05 2.554014069125722e-06
-4.870002022949543e-05 -4.660414128785160e-06 1.084808783322408e-05 3.200863449306979e-06
-4.806984099046693e-05 -4.032081405042047e-06 1.119222815798829e-05 3.348808986970431e-06
-4.851538871116551e-05 -4.215868523480346e-06 1.096045527917640e-05 3.326968193014967e-06
