-5.117936714871901e-05 8.173336706966294e-06 -3.871464163964279e-05 6.259081249453064e-06
-5.134952666588395e-05 7.762200367837739e-06 -3.906232658515579e-05 5.726809865839403e-06
-5.135091447049820e-05 5.822505462470818e-06 -3.951413834442221e-05 2.784343633295138e-06
-5.118091894103425e-05 5.411681273459988e-06 -3.916012367634313e-05 1.996997783012535e-06
-5.076849847091446e-05 8.343634693932153e-06 -3.796273946741594e-05 6.420401952577331e-06
-5.000021668232848e-05 6.793378644562503e-06 -3.736486259289852e-05 4.235627016347837e-06
-5.077032200104619e-05 5.241593120145664e-06 -3.829127389845938e-05 1.705210034873347e-06
-4.788680127298986e-05 8.342273207695564e-06 -3.732862767415472e-05 4.971973589132357e-06
-4.788909946602196e-05 5.250390730897363e-06 -3.670362515732134e-05 1.654388729666662e-06
-4.629485067627322e-05 6.797460277450494e-06 -3.638148281094823e-05 3.042666614537706e-06
-4.500720457829189e-05 8.330423189972457e-06 -3.474414227576341e-05 6.639768128553339e-06
-4.500485922524511e-05 5.261187445300974e-06 -3.491781247092251e-05 1.432644834938772e-07
-4.356694613148997e-05 6.794773871704146e-06 -3.264110258097632e-05 3.630550409524156e-06
-4.212719716440935e-05 8.332419709745748e-06 -3.092895080528184e-05 4.968903566135696e-06
-4.212772350506130e-05 5.257448904963281e-06 -3.264711207635484e-05 3.570605305307634e-06
-4.069095723743338e-05 6.793431337694716e-06 -3.183109361840688e-05 4.173519471238628e-06
-3.925337716911130e-05 8.333281688292973e-06 -2.967414049951436e-05 6.379550930428987e-06
-3.925312982161303e-05 5.251082719178928e-06 -2.912155842695378e-05 1.248176456097131e-06
-3.781365109558166e-05 6.791280241978373e-06 -2.645825462810331e-05 3.646061529807000e-06
-3.637047486151388e-05 8.339767309450971e-06 -2.515060167264303e-05 5.787744980399282e-06
-3.637226686640859e-05 5.248612944187752e-06 -2.665188684610326e-05 3.079305556798843e-06
-3.493375713257470e-05 6.796203846492438e-06 -2.676305487918195e-05 4.451081970452328e-06
-3.349514955009878e-05 8.346025662731347e-06 -2.460583108259259e-05 6.407907424259137e-06
-3.349399368344895e-05 5.247827600768724e-06 -2.370304023763172e-05 5.917947160023373e-07
-3.204955940284295e-05 6.796688177689212e-06 -2.104306784009234e-05 3.316329307511975e-06
-3.059662799570039e-05 8.353680045435438e-06 -1.937085607733487e-05 4.268738008715186e-06
-3.059623764684122e-05 5.238145965146035e-06 -2.088688148866074e-05 2.695457882099723e-06
-2.914024167103072e-05 6.792995388939503e-06 -1.890210286327611e-05 3.870034587999116e-06
-2.767970457344475e-05 8.353679432049836e-06 -1.693488521216846e-05 4.406065955889308e-06
-2.767849772035773e-05 5.228580789980164e-06 -1.698008969300859e-05 3.346232268271370e-06
-2.621379022002281e-05 6.789326163699871e-06 -1.487551361280683e-05 4.717302229539281e-06
-2.473857045919568e-05 8.365269870563271e-06 -1.364600552751782e-05 4.497866437199773e-06
-2.474202488815052e-05 5.216089324360266e-06 -1.118793220376793e-05 3.174577437733449e-06
-2.326554043358967e-05 6.794116712293219e-06 -1.259933612997547e-05 3.350845167424992e-06
-2.179196199372990e-05 8.383349911286275e-06 -1.207752475196394e-05 6.764391164995600e-06
-2.178716494322153e-05 5.205588200718971e-06 -1.321152772220372e-05 -7.584974163363526e-07
-2.036983591499848e-05 6.791877325273841e-06 -9.496185027096387e-06 3.180759117183062e-06
-1.892824683637766e-05 8.401254983516138e-06 -7.007622869872755e-06 5.085678121868332e-06
-1.893502762102635e-05 5.187947834817186e-06 -8.804241127112927e-06 2.446567545562900e-06
-1.784965038468531e-05 6.921251535366799e-06 -8.594292462621964e-06 1.768651782009577e-06
-1.674574017304521e-05 8.398973944257798e-06 -8.373407310842182e-06 2.147189183296020e-06
-1.674030718133258e-05 5.178553291096585e-06 -6.513056617763820e-06 6.741266461461742e-06
-1.514779267610818e-05 8.407640663689274e-06 -4.642958184665544e-06 4.406746077624378e-06
-1.546347956117534e-05 7.340454869532580e-06 -4.792560415092809e-06 6.368053879186280e-06
-1.514998702961342e-05 5.182079427097654e-06 -1.170476548091954e-05 3.280047410978145e-06
-1.398849990868427e-05 5.175729564863222e-06 -9.198397837180475e-06 3.232751031503601e-06
2.391955572750476e-06 -5.581725005227504e-07 8.745212745880591e-06 5.606672401754104e-06
2.468646013405987e-06 -7.234627996168579e-07 8.956634227137539e-06 6.379125247855353e-05
2.470900259495433e-06 -9.989444760444543e-07 1.634525847480289e-05 -8.349169858077972e-05
2.391996572858720e-06 -1.167030621160460e-06 6.692274732352146e-06 2.653054008770721e-05
-1.398395096900266e-05 8.412925007532542e-06 -9.047251010026461e-06 2.836636414344569e-06
-1.292541744397090e-05 8.360325329061260e-06 -5.108580446881568e-06 5.521135389083220e-06
-1.375654411032981e-05 6.385096190343021e-06 -5.668745835776934e-06 9.516908801810156e-07
-1.292681062230119e-05 5.078335781580502e-06 -6.266934160373395e-06 5.901806680784457e-06
2.223351872184531e-06 -4.888935237301353e-07 -2.680827232799081e-05 -4.461731000751385e-06
2.092275762111502e-06 -8.289350159371124e-07 -9.522053948563601e-06 -4.080208940545082e-06
2.221841610016503e-06 -1.241691638256818e-06 3.015604732680570e-05 7.740224129185839e-05
-1.259286462734335e-05 7.359235448593844e-06 -3.548657958277331e-06 3.647309067008338e-06
-1.188505827683329e-05 8.187228887889961e-06 -2.997547463751392e-06 5.891134617313593e-06
-1.086193513492419e-05 7.888062409277585e-06 -3.305144491279260e-06 3.234245971766166e-06
-1.227005028303321e-05 5.966702803189561e-06 -3.532085360920172e-06 6.253128730125037e-06
-1.191024318001681e-05 4.804459500238742e-06 -1.587622216584257e-06 -3.553431831253387e-06
1.504162045893025e-06 -4.941038708303095e-07 8.660327741098317e-06 -8.653964101379184e-07
1.513406211564466e-06 -1.234490319231948e-06 -2.078736896333914e-06 -2.032822980470599e-05
1.143512897898227e-06 -8.418975620794563e-07 -2.736983266594202e-06 2.398652199310839e-05
-9.880519851047575e-06 7.472431877111078e-06 -2.436558814112110e-06 2.755992891136046e-07
-1.072647551797017e-05 6.830158605685647e-06 -2.204765188818667e-06 3.552004528920512e-06
-1.108139118989421e-05 5.496519668609390e-06 -4.270303616113928e-06 -1.988788430548177e-07
-1.093760627676149e-05 4.343537159552098e-06 -7.285078960158689e-06 -1.265805177107881e-06
6.959568133326327e-07 -4.289874234665461e-07 7.656561919744053e-06 -1.655678327346028e-05
6.893964206816891e-07 -1.316517445707686e-06 -3.068437604997730e-06 -1.335208346948427e-05
2.271959190402875e-07 -8.627338326829888e-07 -5.539140657639652e-06 3.057168848688295e-05
-8.955609524147546e-06 6.954723597584031e-06 -3.154483239581921e-06 3.481587391429430e-06
-8.090615669373412e-06 6.329183526024208e-06 3.298425610182152e-06 3.059857072732375e-06
-9.834382226649612e-06 5.280499157148861e-06 -4.671284155384018e-06 5.956861632143055e-06
-1.007291146307771e-05 3.745089538850442e-06 4.052264761619805e-06 1.471877390731362e-06
-3.475406555622613e-07 -2.779231700075425e-07 9.770624333658032e-07 -1.587643042765444e-05
-3.417512891885077e-07 -1.482688668031917e-06 5.889302100951433e-06 -2.015800645732658e-05
-8.308963583747652e-06 5.350742806171968e-06 -1.136725854370263e-06 1.734565525430949e-06
-7.309603398661867e-06 5.608447434727790e-06 -3.129366375643971e-07 1.339700036095349e-06
-8.682177545757734e-06 4.233844915268984e-06 -6.143820334343738e-06 2.504174747601212e-06
-9.312968410933209e-06 3.004650604830082e-06 -4.922932522518384e-07 7.872825224787523e-06
-9.569435746662964e-07 -8.737367693616733e-07 -4.267613293629770e-06 3.111765796278662e-05
-1.705329912631050e-06 -2.873721370369211e-08 -1.518932428408241e-06 -7.879422774029161e-06
-1.698626655072985e-06 -1.716548592517295e-06 5.475288759110213e-06 -8.995844382338766e-06
-6.619637912114451e-06 4.806751578025213e-06 -5.114349931822767e-06 -1.180548488989087e-06
-6.027836803959282e-06 3.940489127714312e-06 -3.884713542078709e-06 3.742359560530479e-06
-5.524411626888768e-06 3.006197339933215e-06 -2.562673015835433e-06 4.342688624305975e-06
-7.938425624269488e-06 3.214438633449795e-06 -5.269810859817343e-06 4.905407962355955e-06
-8.702936801932007e-06 2.142774889928187e-06 1.444687550197385e-06 -7.877364395387507e-06
-2.315657804875949e-06 -8.683720092500421e-07 -3.338836768800374e-06 -8.247147856081109e-06
-3.051143913579877e-06 2.174421714819611e-07 -3.001699895983281e-06 1.259691357520770e-05
-3.041822984155203e-06 -1.939725424711392e-06 7.517460166647126e-07 2.080823460237713e-06
-6.534189174651035e-06 3.010729981101336e-06 -1.948161906039252e-06 7.309447108925746e-06
-5.130955222772748e-06 2.013646384942646e-06 -3.942147205455666e-06 -7.844599462931127e-06
-4.264338219632489e-06 3.961073697673210e-07 1.208308540726606e-05 8.355445020342211e-06
-4.647882001420733e-06 5.904821754227093e-07 -7.706785480110870e-07 7.078638975040413e-06
-4.861988937013269e-06 9.739961702136198e-07 -6.247274701292454e-06 3.271770640527321e-06
-7.409538063010060e-06 2.012267769324578e-06 -4.577065863532006e-06 2.444692930640545e-06
-8.267530581257148e-06 1.186798354882577e-06 -6.082896864397917e-06 6.298756029083164e-07
-3.714429349562594e-06 -6.924167745297330e-07 -1.000398907341665e-06 -7.159216481367205e-07
-4.255892190536396e-06 -2.113661681830426e-06 -5.080144109692224e-06 9.399955746823061e-06
-5.823057662857794e-06 1.312920143706240e-06 2.570013401774802e-06 6.602062267329708e-07
-4.658764068340602e-06 -1.674243151057246e-07 -2.758850736210299e-06 -4.669211340709854e-06
-5.104029233029657e-06 4.638069842294683e-07 -6.911478532835654e-06 3.624889052937090e-06
-7.017086373287254e-06 9.001253564227868e-07 -6.024833791671392e-07 2.998841336134782e-06
-8.014311892823651e-06 1.839211163967726e-07 -2.555826439592918e-06 -6.135159418732649e-06
-4.662385561562377e-06 -1.376395221412765e-06 -4.932552323702132e-07 -1.056215228438775e-06
-4.581219520634058e-06 -2.304830134560657e-06 -2.815023710294822e-06 3.273601315312551e-06
-6.024071774389522e-06 -3.746095748396647e-07 -4.099304619904110e-06 4.013385926579622e-06
-7.927862128987982e-06 -8.432397600125136e-07 4.929636962198435e-07 -2.846534390592605e-06
-8.079602079099952e-06 -1.861526667674987e-06 -3.886913202313594e-07 -2.606902565424357e-07
-5.372189054719227e-06 -2.040416631361140e-06 1.776251661649751e-06 -6.322038894891636e-06
-4.763346727546485e-06 -2.722088061521456e-06 -2.224502770658735e-06 -8.534464847009893e-07
-4.982359472581804e-06 -3.874708812146680e-06 -1.928769771672452e-06 2.907335908362294e-06
-7.030492076425229e-06 -1.972992901864668e-06 -4.617119323535141e-06 -4.803312034150495e-07
-5.338113902565676e-06 -5.040428718194172e-06 -1.399385393820251e-06 -2.801713341479487e-06
-8.478430305188041e-06 -2.921476125526465e-06 -3.839081039755168e-06 5.532481037912384e-06
-6.019184810684523e-06 -3.895825221084628e-06 -2.379890347183917e-06 2.710268662483384e-06
-7.596712816789294e-06 -3.984103151309180e-06 -2.710854402198679e-06 6.643916019612059e-07
-5.850040593116958e-06 -6.183432262645950e-06 -2.434657681206732e-06 -7.456603377116620e-06
-9.118119441678066e-06 -3.980444705797362e-06 -7.428942216244779e-06 -1.139830520870885e-05
-8.653035137010387e-06 -5.076508889296754e-06 -8.712701242211369e-07 -2.431043335008276e-06
-7.484867075378925e-06 -5.791460719605474e-06 -3.294756731507335e-06 3.270541313579706e-06
-6.519568799334774e-06 -7.348362100997458e-06 -4.915010545699872e-06 -1.176147134109286e-05
-7.383448562423744e-06 -8.443604705270990e-06 -8.027969049084777e-06 -1.215586300777884e-06
-1.000138150847400e-05 -4.983836746290585e-06 -3.315551774121822e-06 1.796974449007338e-06
-9.398283542662589e-06 -6.366739606098961e-06 4.412350751216401e-06 3.543151186767743e-06
-8.689414216022165e-06 -8.016342177571480e-06 -4.531236485827398e-06 1.686234199880511e-06
-8.387613888324245e-06 -9.497394223267463e-06 -1.070694610414403e-05 -3.760294282768190e-06
-1.108390172508115e-05 -5.907466857041805e-06 -2.018674954535119e-05 -3.952438122247156e-06
-1.076449303157017e-05 -8.018092183581811e-06 3.354473451865874e-06 -1.904993337677877e-06
-9.542438716082664e-06 -1.044129295670526e-05 -3.598455603962001e-06 -9.917975950559000e-06
-1.085740249158086e-05 -1.126523669677980e-05 -7.411018765225778e-06 -4.090024269290482e-06
-1.228871746208537e-05 -1.196745099855845e-05 -1.053964717925583e-05 -7.651901237246380e-07
-1.239652695591138e-05 -8.491078747700450e-06 6.824460812005280e-07 -1.615182549200049e-06
-1.237237256056455e-05 -6.696780185449651e-06 -2.381463631816672e-06 -5.664942969760194e-06
-1.206698549205451e-05 -1.032648932553817e-05 -7.361124256048419e-06 -1.658745351948292e-06
-1.384341342869133e-05 -1.249532896841927e-05 -2.087713012636248e-06 -5.054319951540649e-06
-1.550852826027064e-05 -1.285970208155729e-05 4.860817876624230e-06 -5.385854560071948e-06
-1.373257727907057e-05 -8.894204650773201e-06 -7.879208615945381e-06 2.084468024549464e-07
-1.386569392416830e-05 -7.279658692354439e-06 -9.994313713812365e-06 -4.562264218437494e-06
-1.722763382094796e-05 -1.302566105055375e-05 -7.497405568772462e-06 -3.041264194400445e-08
-1.527899717826551e-05 -1.044398601003641e-05 -2.453221153083519e-06 -2.910365164685283e-06
-1.548685508791179e-05 -7.596731440877139e-06 -4.901721745466875e-06 2.027307719138113e-08
-1.759581642830688e-05 -1.071568415974593e-05 -7.806649910328831e-06 -5.264999730279039e-06
-1.919820178842466e-05 -1.311553291788634e-05 -1.263774213909584e-06 3.447973523364749e-06
-1.720404000443989e-05 -7.673650621871624e-06 -2.351927006713268e-06 -1.856837744783432e-06
-2.197043758930235e-05 -1.320486260805251e-05 -6.530452406270777e-06 -7.700079760480373e-06
-1.974451021569792e-05 -9.380511276592654e-06 -4.718579949085350e-06 -9.519694687885404e-07
-1.919153334874746e-05 -7.589595672568102e-06 -3.945280899765772e-06 -5.679120810463244e-07
-2.594984043664121e-05 -1.332562129118426e-05 -5.833456373741744e-06 -6.826526538878267e-07
-2.394667167656454e-05 -1.011895997220487e-05 -6.689203714975312e-06 -2.233798277411792e-07
-2.197773354611602e-05 -7.479579613284217e-06 -3.065682300883967e-06 -3.770123637875684e-06
-3.144366127022349e-05 -1.346101841234302e-05 -7.142323176474968e-06 -3.304090545525004e-06
-2.865644211971745e-05 -1.034280262471813e-05 -6.616156545844622e-06 -3.367647858843364e-06
-2.595692530942196e-05 -7.357172987764054e-06 -8.827398879097885e-06 -1.416039987073652e-06
-3.739103273608419e-05 -1.357746473101226e-05 -8.286365417528596e-06 -1.443871690960889e-06
-3.438392412753854e-05 -1.034691177320995e-05 -8.519150644551901e-06 -2.502471902572909e-06
-3.144019846119707e-05 -7.226236553923835e-06 -5.011464427713605e-06 -3.601296517156787e-07
-4.350546588970418e-05 -1.365127073773324e-05 -9.595869216578873e-06 -4.247977223418414e-06
-4.042668922085774e-05 -1.034460850569016e-05 -7.634743610926612e-06 -2.100729897970074e-06
-3.739469219026468e-05 -7.117036074970485e-06 -9.563473378008988e-06 -3.385098417694863e-06
-4.974761718934936e-05 -1.372071146231107e-05 -9.279058515605683e-06 -2.860763803408644e-06
-4.660322444001043e-05 -1.034532272871500e-05 -1.045890348884905e-05 -2.817236916360331e-06
-4.350338281140963e-05 -7.039973484936820e-06 -9.267668324457616e-06 -7.170051701695140e-07
-5.610550472576341e-05 -1.377702489381587e-05 -8.979680430471952e-06 -3.151546052259437e-06
-5.291041397589053e-05 -1.034513958239526e-05 -8.281557078026406e-06 -2.682008684275366e-06
-4.974827819272940e-05 -6.968152471645461e-06 -8.377983615467067e-06 -2.798697782102087e-06
-6.254762324372950e-05 -1.381025066361245e-05 -9.366792651501981e-06 -7.907412057911502e-07
-5.931565233249061e-05 -1.034735612468829e-05 -1.000997304268235e-05 -2.215121373939030e-06
-5.610447669047751e-05 -6.917149590779752e-06 -9.585821949121613e-06 -1.007378162996568e-06
-6.904732146284597e-05 -1.383521825021252e-05 -1.036445160836795e-05 -2.717802828154251e-06
-6.578953476476809e-05 -1.034351759727971e-05 -8.998194058613132e-06 -1.959941823418768e-06
-6.255067318191013e-05 -6.881431182256206e-06 -9.548714233552121e-06 -3.701653194878946e-06
-7.559213996137950e-05 -1.385629851223090e-05 -9.466750561806227e-06 3.088454407725261e-07
-7.231201955883378e-05 -1.034404088026669e-05 -1.130258885836905e-05 -2.978845411091374e-06
-6.904467990785582e-05 -6.853339469572842e-06 -9.731432386522297e-06 -2.359749280466199e-06
-8.216593333359584e-05 -1.385883220464802e-05 -9.871674427516229e-06 -2.382462836944148e-06
-7.887855598113689e-05 -1.034078426104354e-05 -8.049449933154629e-06 -1.955281347291918e-06
-7.559486225674237e-05 -6.827037630142300e-06 -1.015555831532762e-05 -5.539116157729093e-06
-9.627090909937697e-05 -1.349192476586561e-05 -1.184818915812179e-05 -3.781812559956831e-06
-9.533249274383083e-05 -1.387954708799771e-05 -1.131392542493044e-05 -3.772939199194275e-06
-8.511306022114609e-05 -1.034197543990423e-05 -1.155310158053797e-05 -1.833095308907433e-06
-8.874703737630052e-05 -1.386415273754399e-05 -1.053550138268952e-05 -1.084593236713737e-06
-8.216606892509178e-05 -6.823822743435079e-06 -9.792294198963075e-06 1.536360560326342e-07
-9.665969774903737e-05 -1.255488147102770e-05 -1.206637086315884e-05 -3.550898938503494e-06
-9.443731556326091e-05 -1.034223821107204e-05 -1.003104387924366e-05 -2.512537336822389e-06
-8.874638901364920e-05 -6.821144719837615e-06 -1.024258841427640e-05 -3.917766877524934e-06
-9.665954817900686e-05 -8.129313626688296e-06 -1.100034437181582e-05 -1.899611015464097e-06
-9.533227657942118e-05 -6.804661205796908e-06 -1.036525034319207e-05 -2.013743524749729e-06
-9.627073019773803e-05 -7.192267838775114e-06 -1.076892341507695e-05 -1.909941262252344e-06
