6.457471031866711e-05 -8.831271024054321e-06 -1.053944772026597e-05 4.799802110275095e-06
6.483266065370953e-05 -8.209011476706616e-06 -1.069074035969171e-05 4.580011600152074e-06
6.483387794658668e-05 -5.276087227404686e-06 -1.064488399410423e-05 2.590360705476924e-06
6.457612536530199e-05 -4.654463278341375e-06 -1.048275427652968e-05 2.319213968489803e-06
6.395212625022402e-05 -9.089010395201669e-06 -1.018989085335059e-05 4.828680146380047e-06
6.278398136007680e-05 -6.743826637434734e-06 -9.878516505940231e-06 3.497193851191732e-06
6.395397579029527e-05 -4.397112628648839e-06 -1.010327496192786e-05 2.258661059183471e-06
5.956350037909148e-05 -9.090782561823978e-06 -1.193692583756893e-05 2.459325347177899e-06
5.956670008186035e-05 -4.406418280010286e-06 -1.167099099942648e-05 3.620542714437829e-06
5.714594049617041e-05 -6.750942777916671e-06 -1.089711257752991e-05 2.748721826689508e-06
5.519009428341763e-05 -9.082881944647112e-06 -9.391165711691130e-06 2.173283279829443e-06
5.518802217564344e-05 -4.416896155037896e-06 -9.367220128064840e-06 3.187526208361970e-06
5.300798860449834e-05 -6.748544138716054e-06 -8.179175156226309e-06 2.930721718770036e-06
5.082978032358796e-05 -9.075161566295235e-06 -9.236686011770742e-06 7.939014134935607e-07
5.082993243207003e-05 -4.421836838847178e-06 -9.080059974397577e-06 5.235634971376208e-06
4.865442283200408e-05 -6.748974703474616e-06 -1.105055617622304e-05 3.439493002380218e-06
4.649311495929647e-05 -9.057340162280510e-06 -1.058546252946984e-05 4.054395070683909e-06
4.649330545623216e-05 -4.442735567945389e-06 -9.761898635928554e-06 2.520473007283121e-06
4.434207347790382e-05 -6.751510338622358e-06 -8.889480116841474e-06 3.239049252022143e-06
4.220919549762122e-05 -9.034134342112650e-06 -7.973887053907714e-06 3.546145351421149e-06
4.221112899857025e-05 -4.474044413194448e-06 -7.074809071265812e-06 2.575493093874861e-06
4.008401531962210e-05 -6.756987440024389e-06 -7.922911601605585e-06 2.916333564746516e-06
3.797265904504568e-05 -9.012550453532977e-06 -8.729810382190429e-06 2.892873687213669e-06
3.797372497125678e-05 -4.504915668530077e-06 -8.654732619303911e-06 3.548242854667660e-06
3.587512776776222e-05 -6.759241443520280e-06 -9.182021440142101e-06 3.106744194319175e-06
3.381109236318699e-05 -8.964774618893400e-06 -8.727958773912793e-06 3.978395720764272e-06
3.380744140075961e-05 -4.548996169060960e-06 -8.142369555280513e-06 1.721142943646264e-06
3.175762268462137e-05 -6.754528491000699e-06 -8.239843128792643e-06 2.397770156528990e-06
2.972953228850804e-05 -8.920174252988489e-06 -8.885707493279806e-06 2.896174703278796e-06
2.973229977951181e-05 -4.591853411417077e-06 -9.318352220138317e-06 2.701723129875339e-06
2.771695667511463e-05 -6.758136993909425e-06 -9.455144874364499e-06 3.283132652043384e-06
2.573482557570402e-05 -8.872903615673097e-06 -8.161232672876056e-06 4.620084575390993e-06
2.573558040389118e-05 -4.647095125902031e-06 -8.959075510131825e-06 3.142999594018404e-06
2.376924340651362e-05 -6.761326662141656e-06 -7.586365006407646e-06 4.194267192730852e-06
2.183609361723460e-05 -8.820267968209351e-06 -8.343722797522426e-06 3.173111325184169e-06
2.183548028430551e-05 -4.702843498474793e-06 -6.626448705973136e-06 3.361161236301762e-06
1.999746240022287e-05 -6.759759071216189e-06 -7.482055846730107e-06 2.480726457368965e-06
1.820085464107496e-05 -8.748981684142315e-06 -6.171167091604225e-06 3.543854687854647e-06
1.820014705866056e-05 -4.772959112349675e-06 -7.399504625643389e-06 1.808856779717915e-06
1.686410833249726e-05 -6.910995608546407e-06 -6.260004297730624e-06 2.782632104572812e-06
1.553848230819422e-05 -8.685448081971601e-06 -6.455931999887316e-06 3.100412639635626e-06
1.553715640613985e-05 -4.841611169415774e-06 -6.407795356936652e-06 2.012075323598891e-06
1.366489310249019e-05 -8.623830809484194e-06 -6.825307414664176e-06 3.494195982111749e-06
1.401120187978977e-05 -7.404237719864437e-06 -6.859451507417507e-06 3.219381782115652e-06
1.366326224270126e-05 -4.889231408259843e-06 -6.912598142908949e-06 2.360682641006020e-06
1.234058394761534e-05 -4.938044404495932e-06 -6.320509004024094e-06 2.690149352863582e-06
-1.760566595897576e-06 -1.824224883397866e-07 4.327906960756943e-06 2.139200531026798e-05
-1.795260439750840e-06 -2.165085643291281e-07 2.078366422395075e-05 -7.976756024509288e-05
-1.883864759941763e-06 1.643279412211362e-07 1.259708729154266e-05 9.963518306093771e-05
-1.834931565894505e-06 2.473852002694389e-07 1.476424046693958e-07 4.269012764105631e-05
1.233501342987674e-05 -8.580256022562992e-06 -6.373833226619946e-06 3.354830427391594e-06
1.116668808730688e-05 -8.476077661430231e-06 -6.558666372727508e-06 2.917971495603324e-06
1.205672045183389e-05 -6.308502317440812e-06 -6.125828929870081e-06 3.324282797410082e-06
1.115312164493972e-05 -4.885622678927666e-06 -5.909104975161979e-06 2.963932305982587e-06
-1.705164291419127e-06 -1.572576587765717e-07 -3.114665294045079e-05 6.685665047604222e-05
-1.531169490307967e-06 1.799402874316169e-08 1.459430556240236e-05 -3.253025271257891e-05
-1.726703013475060e-06 2.803840523403329e-07 -1.753761825751391e-05 -1.251797140329811e-06
1.078540928724994e-05 -7.362608657307167e-06 -6.211741197509034e-06 3.261660329159966e-06
1.003546207019223e-05 -8.233647448267419e-06 -5.715921869274011e-06 3.295333434503510e-06
8.965373285106477e-06 -7.879592507669840e-06 -4.132414309746417e-06 4.360417800880656e-06
1.043442984284416e-05 -5.860484951175787e-06 -5.503188954444976e-06 3.956160457709549e-06
1.004202541256821e-05 -4.647035230401884e-06 -4.551971409860200e-06 1.930096306149206e-06
-1.125901653592175e-06 -2.908808090506892e-07 -3.631221868997277e-07 5.286178671886930e-06
-1.144972223183438e-06 2.930556715318854e-07 -8.618130920591901e-06 1.678208804903642e-05
-8.211296274623809e-07 3.949405073602383e-08 1.582534593204528e-05 -2.310507956407269e-05
7.972863079109445e-06 -7.402422522785887e-06 -3.191999159053439e-06 4.664880564569500e-06
8.814463350711375e-06 -6.754366865492441e-06 -3.933375309185868e-06 4.480003352185031e-06
9.180121914871065e-06 -5.369876862628684e-06 -3.571920215584652e-06 2.709424183697336e-06
9.027722710747913e-06 -4.243730850481879e-06 -3.204228808095172e-06 7.363852356837003e-07
-5.280628546713128e-07 -3.202964078285870e-07 -4.934846615341027e-06 1.268897732501685e-05
-5.043954065597007e-07 3.466606331103754e-07 -2.290445455023243e-06 1.673268917366761e-05
-1.367397477128669e-07 8.332768777153669e-09 -2.020444272420193e-06 -3.027893834269226e-05
7.055913676551528e-06 -6.835440407960185e-06 -1.870327910913848e-06 2.614706121631994e-06
6.240620167455743e-06 -6.191730542337185e-06 -3.738669022235329e-06 2.390383289625110e-06
7.915899279942380e-06 -5.159756722399139e-06 -3.079736265265119e-06 1.337479669462028e-06
8.133639754009730e-06 -3.688495123591285e-06 -4.936956528895450e-06 1.954601060146661e-06
2.760792472376357e-07 -4.243509502432299e-07 7.175583205110492e-06 1.174382816774424e-05
2.827510016140427e-07 5.130187362528752e-07 -1.355946308224628e-06 6.613187413434408e-06
6.448559179227475e-06 -5.223399149646140e-06 -4.513113049732375e-06 2.360300513249190e-06
5.528809129978281e-06 -5.466868253681197e-06 -4.248327640416771e-06 2.757783105854452e-06
6.787809945070521e-06 -4.159970005417881e-06 -6.214262385247402e-06 2.494907793067312e-06
7.375258583580039e-06 -3.021482499461505e-06 -5.863478639567030e-06 2.214060599228012e-06
7.521051771746378e-07 1.565009563138493e-08 -5.719012306068505e-06 -1.679242524488657e-06
1.312259273236592e-06 -5.905939644545209e-07 -3.859721705055242e-07 -6.336001075301576e-06
1.300113302603476e-06 6.720058933702066e-07 2.535665435152895e-06 4.689027369552539e-08
4.908727733380905e-06 -4.685365684496337e-06 -4.417576637231917e-06 3.323518297840601e-06
4.416121472130008e-06 -3.886350879760450e-06 -2.681769668290599e-06 8.209385225027991e-07
4.040082084863628e-06 -3.050511718027141e-06 -2.889261659573457e-06 1.514462484355076e-07
6.091635758356598e-06 -3.222151943202803e-06 -5.696032912232960e-06 1.050767318541771e-06
6.768993879421556e-06 -2.281804949362552e-06 -5.786409077856516e-06 2.941355317314804e-06
1.752910911564098e-06 3.904478734362110e-08 -8.220576408063641e-07 -3.033620481898499e-06
2.308820176304455e-06 -7.748724533374262e-07 -3.584150012882704e-06 2.177411960406733e-06
2.303212644217034e-06 8.298691090957672e-07 -5.539638873536684e-06 7.152226238260078e-06
4.866674338642892e-06 -3.043005991845350e-06 -3.000288227702966e-06 -1.461128531676564e-07
3.761406396970701e-06 -2.205642896622230e-06 -1.959530606854823e-06 4.706892530086673e-06
3.205511067139240e-06 -9.182989108201307e-07 -4.211277734515474e-06 -4.187034042088647e-06
3.468434942711906e-06 -1.058670485073797e-06 -2.478375444845593e-06 -4.117535964740553e-06
3.603120064781260e-06 -1.351161409215837e-06 -7.668728056880342e-07 -1.109877403912950e-06
5.614548622362959e-06 -2.177499118237124e-06 -3.457973089746382e-06 2.128705585586330e-06
6.320180523815578e-06 -1.512364324120908e-06 -5.649959802403825e-06 -1.350898931062308e-06
2.801029190714672e-06 -9.223713219100721e-08 -3.227193620014918e-06 -1.518450130197624e-06
3.223773808038187e-06 9.524073755206394e-07 2.395240900367225e-06 -1.788127345966690e-06
4.338628362327103e-06 -1.608563154858329e-06 -3.243272629276294e-06 3.228389844534238e-06
3.493451868861756e-06 -4.862594386352897e-07 -4.421095376562107e-06 -2.763841477939131e-06
3.803450299824747e-06 -9.542957522974108e-07 -2.036985611514402e-06 -2.668016633467443e-06
5.283972200594430e-06 -1.277084162423492e-06 -3.766453748567570e-06 2.136603601329570e-06
6.042344162433807e-06 -7.384241264589849e-07 -5.677910562316686e-06 -7.391436084902655e-07
3.518427416292688e-06 4.208235642227906e-07 -3.586656823065979e-06 3.780326925179720e-07
3.486821491362871e-06 1.092861955143050e-06 -4.306662658094032e-07 -2.506588742979241e-06
4.513719161002672e-06 -2.909981147525198e-07 -2.045034521783603e-06 4.454381323362112e-06
5.942712023320953e-06 3.399320397188417e-08 -5.150354198205659e-06 -1.322685994142515e-06
6.003324421538759e-06 7.886662115577066e-07 -4.733433650145180e-06 -4.061920858189840e-06
4.063726341564139e-06 9.164804885610923e-07 -4.006465936528151e-06 5.694617141150907e-07
3.643148358442716e-06 1.389665685306442e-06 -1.044573123488944e-07 -1.318280840431905e-06
3.835646417722727e-06 2.191921680971637e-06 -6.061037992461567e-07 9.654011826497922e-07
5.250595322752690e-06 8.889652600480206e-07 -3.829000365646304e-06 -2.406518750571349e-06
4.123079865769028e-06 2.956226856877629e-06 -1.083516002470500e-06 7.088470132935394e-07
6.222069161370947e-06 1.555983789575000e-06 -4.783749529507380e-06 -4.643653704724563e-06
4.557935245820543e-06 2.221247121255413e-06 -2.690768821133626e-06 1.204320915168954e-06
5.610712895115639e-06 2.282072820495040e-06 -4.311972571037835e-06 -1.650982856631978e-06
4.498046436245606e-06 3.682447305243012e-06 -7.898378156963857e-07 -2.509984235552690e-07
6.578333092448336e-06 2.284228135765917e-06 -5.519803332734787e-06 -2.271933780294919e-06
6.267790323368271e-06 2.990712212011244e-06 -5.108494134474418e-06 -1.621654149614089e-06
5.546937039341714e-06 3.432028834861576e-06 -3.378497679168633e-06 -1.013595481917951e-06
4.950938525586911e-06 4.367266170676843e-06 -1.719188430850265e-06 -3.101663717551740e-06
5.486192985316509e-06 5.001889504083321e-06 -2.506854970678715e-06 -4.575112157506814e-06
7.064531021055908e-06 2.945713177823980e-06 -5.874197310413272e-06 -1.570630495111907e-06
6.702017206688311e-06 3.777714391606088e-06 -5.291392948942501e-06 -1.845751362238902e-06
6.274317958820840e-06 4.748576353093996e-06 -4.182150193266773e-06 -3.878392877048556e-06
6.093922659956626e-06 5.578845190877190e-06 -3.797531965186341e-06 -6.062230237240817e-06
7.667613674796815e-06 3.523850006382776e-06 -6.603497594463750e-06 -1.734532394794075e-06
7.479738033235294e-06 4.740126395553877e-06 -7.211853277449513e-06 -3.627135080097896e-06
6.774475419890564e-06 6.083968901186727e-06 -6.410547734802939e-06 -7.132052536282074e-06
7.517014156614342e-06 6.513794331736385e-06 -5.800396500761476e-06 -5.909648000199288e-06
8.311459664175669e-06 6.866934349278202e-06 -5.681926255612567e-06 -5.839781920635686e-06
8.375697266140564e-06 4.997722521680060e-06 -6.793505763889571e-06 -3.451820890713577e-06
8.371545103402815e-06 3.997715846555291e-06 -7.507335735956171e-06 -2.787440767900457e-06
8.197423409178491e-06 5.994428592764450e-06 -5.865922838913114e-06 -5.364219231631106e-06
9.151280156973725e-06 7.126075664751090e-06 -6.606497135413442e-06 -5.807789644223366e-06
1.001898917908417e-05 7.288363258720392e-06 -6.655472474185170e-06 -5.061656599931447e-06
9.093414889626285e-06 5.220414172717380e-06 -6.522466774376414e-06 -4.119725151260170e-06
9.160242541691963e-06 4.343349765936783e-06 -6.462821489045253e-06 -2.951630054765362e-06
1.090413402898848e-05 7.348611544167988e-06 -6.134021659842986e-06 -4.693628137536686e-06
9.915007949193808e-06 6.043056359022171e-06 -7.279615566766196e-06 -5.921645088342705e-06
1.001304607439347e-05 4.553162076435211e-06 -7.620023142505183e-06 -4.072644802953777e-06
1.109946793873272e-05 6.177656827455770e-06 -7.486511926789382e-06 -4.320548940134768e-06
1.188649798396503e-05 7.356742423995009e-06 -8.952346986064733e-06 -5.034296515261524e-06
1.090082804866442e-05 4.623761108385697e-06 -9.820867856170724e-06 -4.770927642276865e-06
1.324856274910830e-05 7.364674905769138e-06 -1.368906348987517e-05 -5.869909437645666e-06
1.217058164740635e-05 5.510405869810008e-06 -1.007191359109189e-05 -2.873708619290626e-06
1.188625514418662e-05 4.616711920974254e-06 -1.042894318887644e-05 -3.708158465119839e-06
1.512781784666598e-05 7.377798941148942e-06 -1.249488453886558e-05 -7.847761823174721e-06
1.419451555874638e-05 5.880593417359262e-06 -1.180636972226533e-05 -5.828705128248686e-06
1.324566497715139e-05 4.608342006125315e-06 -9.337293266303363e-06 -2.688789711131895e-06
1.764355016914787e-05 7.389819197443147e-06 -1.569723057499411e-05 -2.933568501814734e-06
1.638158650731844e-05 5.981836582425079e-06 -1.551751776696560e-05 -3.785891677985252e-06
1.513225247067876e-05 4.592165272081657e-06 -1.462987238632694e-05 -1.378948803274872e-06
2.027618174110394e-05 7.393193582439024e-06 -1.739124447873310e-05 -4.073139662521534e-06
1.895950808568751e-05 5.983566220079279e-06 -1.555971092602873e-05 -4.494760888322659e-06
1.764282861571538e-05 4.572067886421321e-06 -1.448940973693226e-05 -4.884935833384524e-06
2.292156544105016e-05 7.407600642980518e-06 -2.149608741443583e-05 -5.965128586538965e-06
2.159338547006819e-05 5.991778490556948e-06 -1.984472170863018e-05 -3.420416730299204e-06
2.027197472734235e-05 4.583147751765130e-06 -1.834703452337494e-05 -3.701252381784662e-06
2.558110274933793e-05 7.409059977959980e-06 -2.283052621422429e-05 -7.390319961028662e-06
2.425333003102596e-05 5.988099786830258e-06 -2.133450052948373e-05 -4.798404611756853e-06
2.292468815720934e-05 4.573031249214893e-06 -2.038720532665748e-05 -2.033124861387870e-06
2.822636264507256e-05 7.407163090723822e-06 -2.751009741971468e-05 -4.527652005114396e-06
2.690420663331994e-05 5.987717488527589e-06 -2.590761959758297e-05 -4.538820818394232e-06
2.558033221993890e-05 4.566062450594489e-06 -2.320299710059948e-05 -2.212989631835866e-06
3.087163195270169e-05 7.403823405652911e-06 -3.010434615667548e-05 -5.879174265960764e-06
2.955012109169106e-05 5.989160473057874e-06 -2.851676493998442e-05 -4.230936855128688e-06
2.822680304355618e-05 4.569001080460990e-06 -2.766271044625747e-05 -4.090841995848554e-06
3.349514296767001e-05 7.398980496508190e-06 -3.308864149269223e-05 -6.302086969754068e-06
3.218600289119552e-05 5.996308999762199e-06 -3.154337611152953e-05 -4.504290642914516e-06
3.086810487757179e-05 4.581516077378114e-06 -2.971262413475811e-05 -2.993346746523632e-06
3.609851841237538e-05 7.385658118061804e-06 -3.813971170524358e-05 -6.423470167682971e-06
3.480049372484768e-05 5.996278259709444e-06 -3.539530009369826e-05 -3.519002477132692e-06
3.349472853358331e-05 4.595599839088166e-06 -3.389379491029072e-05 -1.627275141867170e-06
3.869816552942970e-05 7.378839683020776e-06 -4.406373852268869e-05 -7.319866203073992e-06
3.739997617686718e-05 5.987807934725074e-06 -4.089912843332910e-05 -4.606483243020900e-06
3.610362478578747e-05 4.597759852906018e-06 -3.733867873064863e-05 -1.571934377158659e-06
4.423265268654340e-05 7.229641557241202e-06 -5.397882424505332e-05 -8.564441737357919e-06
4.386515269534410e-05 7.381944664866860e-06 -5.250386495543236e-05 -8.990586749603896e-06
3.985776937359268e-05 5.991774276931678e-06 -4.570207055047905e-05 -4.530006145755892e-06
4.128789776218524e-05 7.382594998579278e-06 -4.596543295675379e-05 -6.706188531373992e-06
3.869507831024587e-05 4.599373891399511e-06 -4.424930239241109e-05 -2.057735531963346e-06
4.438486038079767e-05 6.861944812326860e-06 -5.460727394125308e-05 -7.337783184932464e-06
4.351661171050435e-05 5.995099193781365e-06 -5.086035266874115e-05 -3.956027297430247e-06
4.128728371615252e-05 4.605787549464056e-06 -4.614901639801455e-05 -1.695647931833348e-06
4.438547903932381e-05 5.127646178864799e-06 -5.451607417180516e-05 -6.465358578416360e-07
4.386563077434953e-05 4.607348880703968e-06 -5.246235360699887e-05 9.218097549916946e-07
4.423325626658970e-05 4.759737050793900e-06 -5.389770273304115e-05 5.217975876554684e-07
