-2.209093129687698e-05 4.300348548115166e-06 -4.203743203814265e-05 1.657919718888330e-06
-2.214703678068248e-05 4.165104999077226e-06 -4.169293150512525e-05 2.186344552461225e-06
-2.214728819519646e-05 3.525557910595787e-06 -4.178954060128385e-05 6.113477578352308e-06
-2.209116458046173e-05 3.390034940498267e-06 -4.214427242242047e-05 6.677233445442500e-06
-2.195553078785908e-05 4.356309307381738e-06 -4.283314547042034e-05 1.554983342914152e-06
-2.170107050388696e-05 3.845238491279612e-06 -4.356533250361327e-05 4.280189255257432e-06
-2.195563889439495e-05 3.333920373598715e-06 -4.296085814698010e-05 6.806065866680707e-06
-2.100205051174857e-05 4.352368030261192e-06 -3.973882967617575e-05 5.823617652444961e-06
-2.100082782838285e-05 3.334196359792151e-06 -3.988790835842826e-05 3.472372382355398e-06
-2.047068744067139e-05 3.841258885908871e-06 -3.695379135802899e-05 4.680518023240960e-06
-2.004441212100272e-05 4.344968367537362e-06 -3.661887952120338e-05 4.994951702528292e-06
-2.004357740062045e-05 3.335801162794189e-06 -3.627368875089162e-05 3.798593033345123e-06
-1.957173623700978e-05 3.840411893053812e-06 -3.685447152661935e-05 3.928400281973028e-06
-1.909810389730110e-05 4.349511407843174e-06 -3.554614955775441e-05 5.551334748258563e-06
-1.910121771754230e-05 3.336668488978622e-06 -3.606627313950409e-05 2.254017664691479e-06
-1.862347697941852e-05 3.845021897043143e-06 -3.397248585065873e-05 3.827353203081725e-06
-1.813893468851372e-05 4.362868119276488e-06 -3.158225337795489e-05 5.162895566596987e-06
-1.813734194069689e-05 3.325438948636949e-06 -3.244355574824992e-05 3.095511268788963e-06
-1.765034031881274e-05 3.842196136752417e-06 -3.129480506295332e-05 4.321071414965858e-06
-1.716233068774035e-05 4.366389980953972e-06 -2.900792304557594e-05 6.468830598839387e-06
-1.716237910593538e-05 3.316240875876000e-06 -2.993939571507534e-05 2.656910941152248e-06
-1.667366326236761e-05 3.841571548196152e-06 -2.795320683248209e-05 4.617322562445780e-06
-1.617523828006332e-05 4.384478059246515e-06 -2.594487915106935e-05 6.180235082531892e-06
-1.617787906667436e-05 3.302366146055824e-06 -2.573952636104134e-05 1.793175260157556e-06
-1.567388129210481e-05 3.845277393446037e-06 -2.456701897906241e-05 3.536729564738946e-06
-1.515942517460585e-05 4.404628798354531e-06 -2.371355584702034e-05 4.540342872527289e-06
-1.515675824558567e-05 3.283417734627208e-06 -2.383895888725318e-05 1.964459551410571e-06
-1.463393481426468e-05 3.842627189076703e-06 -2.228584580429972e-05 3.435961939329500e-06
-1.409452783631983e-05 4.425233940555099e-06 -1.944308221017579e-05 6.344911682652147e-06
-1.409656482159075e-05 3.261640895270713e-06 -1.976172449356709e-05 1.254469439392401e-06
-1.355190538775673e-05 3.844771929777772e-06 -1.739590196462003e-05 4.471087706175189e-06
-1.299596689551846e-05 4.449583538747734e-06 -1.696087971276047e-05 6.030989674040701e-06
-1.299527131955000e-05 3.240299888206731e-06 -1.695386135783437e-05 3.340973838697449e-06
-1.242946036993291e-05 3.844353863809157e-06 -1.684153032921677e-05 4.540215130198211e-06
-1.183812196858509e-05 4.486408747976243e-06 -1.531397589366304e-05 6.574279982493467e-06
-1.183743804538707e-05 3.199111825530643e-06 -1.553642638129311e-05 1.786849049083247e-06
-1.125897824064671e-05 3.840986935581651e-06 -1.329818733657443e-05 4.105646974151774e-06
-1.065833542055156e-05 4.521734526797576e-06 -1.205149425810838e-05 5.358922849362342e-06
-1.065777085965255e-05 3.156663716062617e-06 -1.074000290351677e-05 1.842563636510822e-06
-1.020031396784406e-05 3.896114162543345e-06 -1.018518113085397e-05 3.038556568638399e-06
-9.707905605051517e-06 4.559969502284744e-06 -8.870827978004206e-06 4.693307319068497e-06
-9.710257775543727e-06 3.121525730493303e-06 -9.901104436886709e-06 2.678563202403444e-06
-8.982625308092244e-06 4.590764511250218e-06 -7.614869906546396e-06 6.546027275571250e-06
-9.134372176018202e-06 4.094618832853730e-06 -8.354163128154795e-06 4.748954679397841e-06
-8.986891724240262e-06 3.101145470159525e-06 -8.531378985310001e-06 3.546338252341280e-06
-8.443942322659899e-06 3.074191637019925e-06 -8.563752993376621e-06 3.179380152605900e-06
1.599924213444784e-06 -4.929648813810173e-07 -1.270957531538267e-05 1.410108378651950e-05
1.615547701814065e-06 -5.123788263413883e-07 -1.082990802744495e-05 -1.239714327242272e-04
1.650416962580058e-06 -8.761949721295091e-07 -4.800470855426387e-05 4.152906000934079e-05
1.639847355477887e-06 -9.330619839430312e-07 -3.300163114321337e-05 1.643434696194352e-06
-8.445054030585698e-06 4.615114558731683e-06 -7.880454061876275e-06 8.621690443727339e-06
-7.931196907052660e-06 4.610432409931190e-06 -6.958406604114635e-06 8.311854314154884e-06
-8.344098863617712e-06 3.652476990394578e-06 -8.731554925687314e-06 4.162987788903580e-06
-7.941891585754770e-06 2.998044594443510e-06 -6.836689223649354e-06 2.024296249108822e-06
1.576138701688509e-06 -4.900047172277904e-07 -2.474986151918696e-05 8.058253700131450e-05
1.425229534429373e-06 -6.200414638310833e-07 3.593036522248359e-05 5.042593746895700e-06
1.594793448585887e-06 -9.479357973163504e-07 -4.461950935470426e-06 -3.135901640983415e-05
-7.776347212186369e-06 4.129364262325416e-06 -6.650037559631684e-06 6.161757790506830e-06
-7.410340141326563e-06 4.550429530240551e-06 -5.918903423435301e-06 7.019204618694051e-06
-6.882454271171832e-06 4.414283606265434e-06 -4.732625747868769e-06 5.010750699235961e-06
-7.620020373524079e-06 3.432697759120358e-06 -5.871935624645089e-06 2.390803614907423e-06
-7.429851251015308e-06 2.824750520362318e-06 -5.787762143137133e-06 2.393590166070760e-06
1.024502310073241e-06 -4.484440083019484e-07 -1.765049542285635e-07 -2.247454123430461e-05
1.025528847150325e-06 -9.589695136361614e-07 -1.959489445575937e-05 6.830406368241561e-06
7.395953848567348e-07 -6.717485611387716e-07 1.099093916151110e-05 1.251055044859875e-05
-6.361691775802659e-06 4.219507147147884e-06 -4.881238230945660e-06 3.337131076082752e-06
-6.819465493063631e-06 3.876038322422146e-06 -4.083725333355735e-06 3.369933135002419e-06
-7.006155533730820e-06 3.175694732852605e-06 -4.894719897658580e-06 3.116806696771161e-06
-6.936075241236987e-06 2.559528921490869e-06 -5.402021529814036e-06 2.931275288743967e-06
4.677677201426336e-07 -4.061260104233591e-07 -1.383353551245834e-05 5.714539695442922e-06
4.604219608099375e-07 -1.032709182292504e-06 4.834561107439394e-06 -1.097196411313068e-06
1.308754693631753e-07 -6.790448805862205e-07 9.593237017255687e-06 -1.865592003050809e-05
-5.860586153631634e-06 3.959414502417475e-06 -6.180363721691427e-06 4.396336245499501e-06
-5.378365275472345e-06 3.634858374162603e-06 -4.077988980437336e-06 3.294613722766073e-06
-6.346024666847258e-06 3.058545420722772e-06 -4.566811273819170e-06 4.233729877043707e-06
-6.480626061487677e-06 2.207151952623855e-06 -4.206628963005365e-06 1.876453355346469e-06
-2.799825507976765e-07 -2.934778924190011e-07 -1.691887775197721e-06 1.201635646701160e-05
-2.702016173825558e-07 -1.135951629806149e-06 -4.452716684355772e-06 1.748988709395320e-05
-5.500113665632047e-06 3.104854469707585e-06 -3.390115016365976e-06 2.729357268501664e-06
-4.920006624963330e-06 3.253567704834585e-06 -3.289869184957038e-06 2.432038910176051e-06
-5.709827760886162e-06 2.475877129602257e-06 -2.868267322694388e-06 2.571564325270440e-06
-6.078085967415195e-06 1.763324853238832e-06 -2.905284775667417e-06 1.970359470419352e-06
-6.954821848665417e-07 -7.127672712126810e-07 -1.151238274688837e-06 -2.092192983045055e-05
-1.207015359363591e-06 -1.274394621201055e-07 1.929802902582491e-06 9.448542623589479e-06
-1.211746050421178e-06 -1.275103636138269e-06 -3.314413867271767e-06 6.581618444052977e-07
-4.504785820712114e-06 2.812311350764845e-06 -3.155048735218727e-06 3.503838993323097e-06
-4.130063870407080e-06 2.307768788834159e-06 -4.174692401477285e-06 2.644136814229490e-06
-3.804547309181769e-06 1.755045629856908e-06 -4.110767953635173e-06 1.008189579719816e-06
-5.272701329398240e-06 1.885603260756953e-06 -3.546134448955326e-06 2.432020242839551e-06
-5.740305390585693e-06 1.232378023472694e-06 -3.001359672363856e-06 2.570163921750316e-06
-1.616097221426127e-06 -6.985969788405854e-07 -2.453912044899409e-06 9.198323290488647e-06
-2.110990779594802e-06 3.390333335486433e-09 7.541708817135102e-07 -1.289786605767101e-06
-2.103745411583507e-06 -1.432409070161348e-06 -5.934798709134797e-07 -5.866851136770762e-06
-4.427113176849412e-06 1.762876063525851e-06 -4.331357039728342e-06 2.034102248172407e-06
-3.546397408499619e-06 1.146600731979460e-06 -2.783702142932352e-06 2.518748927357745e-07
-2.939572259451406e-06 1.358858654238120e-07 -3.482485703639105e-06 -3.662800834736636e-06
-3.193551111537606e-06 2.586642857779151e-07 -1.389822774553476e-06 -1.939517414607149e-06
-3.344065947665253e-06 4.986081942680553e-07 -6.720880548877570e-07 -5.671768971149251e-07
-4.961461611146260e-06 1.152320476873657e-06 -4.893184109548222e-06 2.191588482174333e-06
-5.494790285936759e-06 6.447668583611895e-07 -4.069447956211548e-06 -8.539158330766494e-07
-2.555246675749259e-06 -5.968415227508581e-07 1.045684995604378e-06 2.452378440329801e-06
-2.913891922506124e-06 -1.528245638115154e-06 1.294709535715696e-06 -9.691212088702948e-06
-3.972276793213355e-06 7.129623510313337e-07 -1.383934389903780e-06 9.960167432723526e-07
-3.190241523716482e-06 -2.362924051546469e-07 -6.218416801736883e-07 3.245554650578149e-06
-3.491299258873724e-06 1.725683618636016e-07 4.951245380995023e-07 8.804901088617281e-07
-4.719732403311793e-06 4.523149169137084e-07 -4.406370201258545e-06 -2.373021832774892e-06
-5.356987508769455e-06 8.141250968154565e-10 -2.429768891458081e-06 -3.151348436313538e-06
-3.178899553598880e-06 -1.044889277862538e-06 -3.705409117610271e-06 -1.920278335767080e-07
-3.125535648356983e-06 -1.649287983303767e-06 -2.115694138845146e-06 -5.830065498572460e-06
-4.086028740407641e-06 -3.848461305094980e-07 -4.006982735774613e-06 1.214120990649032e-06
-5.326857930550919e-06 -6.721227539540590e-07 -1.748429420952184e-06 -1.604887895084567e-06
-5.464068106550043e-06 -1.359194584435748e-06 -2.186820326083805e-06 -4.524667079187650e-07
-3.640246323293761e-06 -1.477810185508293e-06 -2.745218160029057e-06 3.924844260888685e-07
-3.243294001174424e-06 -1.927008614803637e-06 -2.067759064610347e-06 -1.623593644772290e-06
-3.374348650247133e-06 -2.722623896342214e-06 -4.650037460171403e-06 -2.097306871251332e-06
-4.750282518625763e-06 -1.430401520583778e-06 -2.894293473089881e-06 2.049946937087119e-07
-3.598133688124359e-06 -3.536006950237032e-06 -5.407630816463045e-06 -3.438038618893558e-06
-5.751450689539786e-06 -2.068189868816921e-06 -3.615977967853785e-06 2.366148005315599e-06
-4.066688933495118e-06 -2.736163966991081e-06 -3.852466772969420e-06 -2.979032631545825e-06
-5.140712835552668e-06 -2.793930197841560e-06 -2.377330923832209e-06 -3.732981018435292e-07
-3.941857748678542e-06 -4.329864572512494e-06 -3.638237702334073e-06 -3.450360665064864e-06
-6.197704564193362e-06 -2.792627784941435e-06 -3.624974607893275e-06 2.046958875270684e-06
-5.877985908569796e-06 -3.547715747424863e-06 -2.539036342543563e-06 -1.168466828081542e-06
-5.067743191098759e-06 -4.039758872176756e-06 -2.375377635919091e-06 -2.961749720805748e-06
-4.392554240462467e-06 -5.137930664601430e-06 -3.701373802075997e-06 -2.565800774884131e-06
-4.986733371606558e-06 -5.928969767889305e-06 -4.437423039842512e-06 -2.298306094184371e-06
-6.823629173380682e-06 -3.486066360789832e-06 -3.444492021196956e-06 -8.162654913326343e-07
-6.404695755932672e-06 -4.450705885752587e-06 -3.222152931301818e-06 -2.390819747748845e-06
-5.900022012967908e-06 -5.626301697768806e-06 -4.498634618350881e-06 -2.194568197033835e-06
-5.682225211820964e-06 -6.681265702421197e-06 -4.644156605111703e-06 -2.473179921112043e-06
-7.605418175312890e-06 -4.129347433329309e-06 -4.168138824659569e-06 -1.841678425498064e-06
-7.380902472129414e-06 -5.632347483778914e-06 -4.675597798092147e-06 -2.203946244825247e-06
-6.503233188055624e-06 -7.354933411299167e-06 -3.854797526653610e-06 -2.956401939594899e-06
-7.443652424462530e-06 -7.953318928303573e-06 -5.268241116140783e-06 -4.354544229387301e-06
-8.471949576620000e-06 -8.469274233482319e-06 -5.845746187234220e-06 -3.607547658393125e-06
-8.545344131425688e-06 -5.965321097203680e-06 -6.698424214742698e-06 -3.110384136454874e-06
-8.532731969577270e-06 -4.684066178792193e-06 -6.171123186763984e-06 -2.241398900311555e-06
-8.308678524646013e-06 -7.282541382569540e-06 -6.380203682987097e-06 -3.729266206977488e-06
-9.593338358673609e-06 -8.856469703086301e-06 -5.134091378243211e-06 -2.791202644245875e-06
-1.079150603409206e-05 -9.126278544142191e-06 -6.208407801896819e-06 -3.827320566783668e-06
-9.504247159492252e-06 -6.252751037862579e-06 -6.709076075893030e-06 -3.091726442208174e-06
-9.599934868260336e-06 -5.085629673314808e-06 -7.022101341916306e-06 -3.360545043698308e-06
-1.203515243905868e-05 -9.252656713449089e-06 -7.795500898329175e-06 -5.011498402236078e-06
-1.062256846001831e-05 -7.372755339391306e-06 -5.266978570316761e-06 -1.778949871569770e-06
-1.077344596361944e-05 -5.309717082832518e-06 -5.578350576868496e-06 -2.806998913237663e-06
-1.230447130776346e-05 -7.570327665359357e-06 -6.620864098110935e-06 -3.973915839699717e-06
-1.346151145634742e-05 -9.316351865342651e-06 -7.889176421225875e-06 -6.120909886852582e-06
-1.201518283329778e-05 -5.361137086844210e-06 -3.798618492714625e-06 -1.666720085249443e-06
-1.548081378713582e-05 -9.382313194718550e-06 -5.735592886479378e-06 -5.583357603525616e-06
-1.385861913315642e-05 -6.598694334993389e-06 -7.232935262208447e-06 -4.922058779349347e-06
-1.345600557763967e-05 -5.299070299262020e-06 -6.135948097991296e-06 -2.430645326070441e-06
-1.838375413962862e-05 -9.486056138579251e-06 -7.646283732805943e-06 -2.040064698470132e-06
-1.691922080968380e-05 -7.144470662629316e-06 -8.296801242945596e-06 -2.897716128174093e-06
-1.548111746977176e-05 -5.220522249134693e-06 -9.561722798578152e-06 -3.954393380684951e-06
-2.240428184435963e-05 -9.603539267433674e-06 -7.524550318386287e-06 -5.135911798766863e-06
-2.035988752009753e-05 -7.312312446531826e-06 -6.333749145218528e-06 -4.229644548877266e-06
-1.838281536829546e-05 -5.130583954699651e-06 -6.236517746627616e-06 -5.744475434598498e-06
-2.678393080178280e-05 -9.689565098148712e-06 -1.060806073402104e-05 -4.684162620314001e-06
-2.456719753130454e-05 -7.309182406063330e-06 -9.909533389484979e-06 -2.632591836290409e-06
-2.240627141473648e-05 -5.016248260023132e-06 -9.167124517968972e-06 -2.401697368195025e-06
-3.132335900066125e-05 -9.769164239638067e-06 -9.519207192525784e-06 -4.046502153791976e-06
-2.902844920482110e-05 -7.308794012756846e-06 -9.418182631905450e-06 -4.637409102076063e-06
-2.678386135482372e-05 -4.928666267323271e-06 -8.903178535602612e-06 -2.492362836095515e-06
-3.600331494916949e-05 -9.851427839751695e-06 -1.205812424458680e-05 -1.974200257979015e-06
-3.364059551906662e-05 -7.307389095256098e-06 -1.179828379965406e-05 -3.586562573397439e-06
-3.132527356624385e-05 -4.846198837437250e-06 -1.067839030617219e-05 -4.671679724531496e-06
-4.081247351105477e-05 -9.927442337622243e-06 -1.174948991813821e-05 -6.326777571898994e-06
-3.838301119780217e-05 -7.313428060280546e-06 -1.075066199992205e-05 -3.588259417054868e-06
-3.599916238747732e-05 -4.769494272584041e-06 -1.174783606783259e-05 -4.992229769252848e-06
-4.575632335610998e-05 -9.976629415949000e-06 -1.418904496517662e-05 -4.794050870886059e-06
-4.326803663866570e-05 -7.309996075764765e-06 -1.352436050592018e-05 -3.623359366277799e-06
-4.081503722784605e-05 -4.697135806510906e-06 -1.176805318458419e-05 -9.855872907427414e-07
-5.079035645582241e-05 -1.002252257958542e-05 -1.413179811687782e-05 -4.125278551916892e-06
-4.825927654283841e-05 -7.307156970528605e-06 -1.427954757641490e-05 -3.630434252276730e-06
-4.575725865629162e-05 -4.639765550333103e-06 -1.439680049916939e-05 -2.286896804861882e-06
-5.590719162071102e-05 -1.006611780417210e-05 -1.573062272666686e-05 -5.961093249093057e-06
-5.333480246419099e-05 -7.308656204453888e-06 -1.419050849256066e-05 -4.586625445111785e-06
-5.078951885592931e-05 -4.592852828390567e-06 -1.333367347727685e-05 -4.270128815638953e-06
-6.108712046969849e-05 -1.009517336799892e-05 -1.808116261764798e-05 -4.892777977321346e-06
-5.848940923610102e-05 -7.312278128437690e-06 -1.765966851685229e-05 -3.394230580179508e-06
-5.590660296657477e-05 -4.554125442110910e-06 -1.673642733080541e-05 -2.007391048237145e-06
-7.223958674168132e-05 -9.800667587007641e-06 -1.829187126435700e-05 -3.107386603961234e-06
-7.149767668280537e-05 -1.010785448574712e-05 -1.828930096851883e-05 -3.223075956647305e-06
-6.341353990616255e-05 -7.318442560726944e-06 -1.770311754659420e-05 -4.233306716596390e-06
-6.628706179649393e-05 -1.010867711373997e-05 -1.819615158592654e-05 -5.454214003265024e-06
-6.108352104531373e-05 -4.536348896046770e-06 -1.732353520502470e-05 -2.564338423094934e-06
-7.254691296344134e-05 -9.058887548737564e-06 -1.828601189978439e-05 -2.952106701359201e-06
-7.079268313650312e-05 -7.310954735443604e-06 -1.880523935062209e-05 -3.149155603147110e-06
-6.629022964292182e-05 -4.524743372944916e-06 -1.866796620633798e-05 -2.773080821963063e-06
-7.254797083625067e-05 -5.561526698939138e-06 -1.858797190030150e-05 -2.975684866906813e-06
-7.149970617277403e-05 -4.513840489580398e-06 -1.874298856428413e-05 -2.886647122729609e-06
-7.224094872689952e-05 -4.820564246721590e-06 -1.864650652538611e-05 -2.932388546684404e-06
