7.470131149715002e-05 -1.216603220886163e-05 -2.642205726880859e-06 1.634865866739253e-06
7.494848896167706e-05 -1.156972657491944e-05 -2.597883580001234e-06 1.385782268221998e-06
7.494866435364843e-05 -8.758955917260504e-06 -2.897493047070873e-06 8.756174530850821e-07
7.470156169964512e-05 -8.163023843403559e-06 -2.975244198075416e-06 6.638483616508289e-07
7.410465647037767e-05 -1.241294482313575e-05 -2.681376474514286e-06 1.808871239626472e-06
7.298643217259769e-05 -1.016470341992670e-05 -3.405170371693239e-06 1.339862148762248e-06
7.410512685720480e-05 -7.916321944644045e-06 -3.062763993251573e-06 5.164563905891244e-07
6.990918209013336e-05 -1.241332002715935e-05 -3.442829975333101e-06 3.860546372423551e-06
6.991103420487105e-05 -7.921097268134403e-06 -3.621009811878584e-06 -7.687917726632422e-07
6.759781159568094e-05 -1.016911805129269e-05 -3.614660890995277e-06 1.261109047514389e-06
6.571593675080991e-05 -1.242469697954176e-05 -4.526315728522115e-06 1.422400214808205e-06
6.571587694922334e-05 -7.914027211167748e-06 -3.691216088423471e-06 -2.461965890543147e-07
6.361200975068935e-05 -1.016904357660162e-05 -4.079724422165380e-06 3.391614281602069e-07
6.150654400682188e-05 -1.242881374781926e-05 -3.845200493836688e-06 4.647303153749768e-07
6.150548643005455e-05 -7.907614691025781e-06 -4.232077986923438e-06 1.144661091496257e-06
5.940219091121125e-05 -1.016797571308585e-05 -3.576940549847981e-06 1.571961312946316e-06
5.729993949184528e-05 -1.242783415294551e-05 -4.386590829903277e-06 8.764462989561341e-07
5.730360133123287e-05 -7.912441673993358e-06 -3.667914126229151e-06 2.779028357335461e-06
5.519734816795973e-05 -1.017199073093313e-05 -3.512588398136421e-06 1.841550565624091e-06
5.308186592431474e-05 -1.244078255344989e-05 -3.489795492194661e-06 1.535747296602468e-06
5.308033691241902e-05 -7.899875632617660e-06 -2.825163147891333e-06 1.891705502377946e-06
5.095541846087690e-05 -1.016783439065214e-05 -2.669413819948156e-06 1.173141008379262e-06
4.881811405263050e-05 -1.245423533343747e-05 -4.500264090875675e-06 -3.411729973964734e-07
4.881637764832530e-05 -7.876381612324144e-06 -3.213427185697130e-06 1.446860547974674e-06
4.667556620440829e-05 -1.016375580096007e-05 -4.317358246825046e-06 5.697401844041680e-08
4.452716085769332e-05 -1.246736797234296e-05 -2.601631150748089e-06 1.832256021964312e-06
4.452894411340705e-05 -7.861261697049129e-06 -3.204623277345949e-06 -5.199367881924523e-07
4.237888220668946e-05 -1.016496850308407e-05 -1.490948313185080e-06 1.001329928782796e-06
4.022369662509819e-05 -1.247731743513463e-05 -1.896956310830502e-06 1.137906509796535e-06
4.022133966879641e-05 -7.850151145735684e-06 -2.047676305783421e-06 1.260376860203981e-06
3.806066637675973e-05 -1.016235681707819e-05 -3.470178960223345e-06 1.783753179351424e-06
3.589226133904464e-05 -1.248022264886424e-05 -3.932640202502558e-06 1.974661288517876e-06
3.589255457853755e-05 -7.841482630118160e-06 -4.240933775352160e-06 2.094305701022172e-06
3.372091141319001e-05 -1.015818257918907e-05 -3.319199072028660e-06 1.869663868524514e-06
3.154754160438108e-05 -1.248177587348294e-05 -3.318390690752331e-06 -1.204140143167159e-06
3.154417752196536e-05 -7.827992480952877e-06 -2.171553122577901e-06 2.513844033470932e-06
2.945856075218065e-05 -1.015313672724554e-05 -2.305418039403933e-06 5.025881317801904e-07
2.736499689833974e-05 -1.249243189573663e-05 -7.899543321965501e-07 1.260101837466297e-06
2.736908674103542e-05 -7.819033221574023e-06 -2.800951350196934e-06 1.169000408214069e-06
2.579825650026811e-05 -1.033945025365730e-05 -2.439576616502395e-06 1.538413194009453e-06
2.419437843749079e-05 -1.249709783253736e-05 -3.361743980808852e-06 2.036955194664378e-06
2.419188402923500e-05 -7.814859249448313e-06 -3.146741084259986e-06 1.381681092552185e-06
2.187450597936872e-05 -1.250126594673794e-05 -3.207694370015565e-06 2.800658779887147e-06
2.233034180554020e-05 -1.095412380659728e-05 -3.220367228253838e-06 2.076194881262334e-06
2.187385217642748e-05 -7.810190475756652e-06 -1.145626394590128e-06 2.829850762380014e-07
2.018329298103305e-05 -7.808623424804483e-06 -1.363543959838305e-08 4.251844492050274e-07
-3.487071939066007e-06 4.680165168471496e-07 3.368165914060540e-05 -2.884298522357268e-05
-3.556674637668491e-06 6.886512617589435e-07 1.172502194320867e-05 4.057580353919557e-05
-3.511326923421440e-06 1.121296868662205e-06 3.287440589931620e-05 -2.233497159000931e-05
-3.432746030026121e-06 1.367427958959752e-06 2.544597795630995e-05 2.841358622004559e-05
2.018035371962068e-05 -1.250084012403086e-05 -1.936270209593512e-06 2.246978237291074e-06
1.865057033322015e-05 -1.241264443304361e-05 -2.656700990618556e-06 1.374814118732545e-06
1.984234257870536e-05 -9.569543780075502e-06 -1.347311370494830e-07 5.337626823759705e-07
1.865626589260453e-05 -7.675046553818392e-06 -2.369398915786264e-06 1.183679649825109e-06
-3.304160640913884e-06 3.643130869936667e-07 3.031654657606276e-05 -3.361684295000234e-05
-2.993071601401885e-06 8.253918232179524e-07 -4.450117937140206e-05 -6.001282446782982e-06
-3.229223220921969e-06 1.476043693173237e-06 4.601991869090129e-05 3.211604512517106e-05
1.816670498030175e-05 -1.096585922427097e-05 -2.362959630656161e-06 1.137480520791439e-06
1.714174030495600e-05 -1.215064134709465e-05 -1.364996880026608e-06 2.112560134735789e-06
1.566949093617436e-05 -1.171571462182144e-05 -1.101240251186306e-06 3.752358908656333e-06
1.770682727623579e-05 -8.960041202989582e-06 -3.652594521660236e-06 1.739217314861972e-06
1.717032827508420e-05 -7.276666331019750e-06 -3.301069162827484e-06 -4.612195270259547e-07
-2.180928024783476e-06 3.194266557667736e-07 9.885490122508398e-06 8.074278930595969e-06
-2.177964069128820e-06 1.427315483791169e-06 1.147756269126940e-05 -6.725174752922510e-06
-1.620101022721749e-06 8.499198371205822e-07 -8.494823540787106e-06 2.592207043552482e-06
1.425587879407837e-05 -1.111644961576119e-05 -1.199447969245483e-06 4.007493643845508e-06
1.547565359766165e-05 -1.019232103660233e-05 -1.873769056569482e-06 3.822557029813770e-06
1.598229130509531e-05 -8.267213359031056e-06 -2.440557613313895e-06 -1.921410317673170e-07
1.577518281670736e-05 -6.632828332165597e-06 -1.134982204185124e-06 -1.329477857810202e-06
-9.753101515756098e-07 2.286821622253729e-07 5.361730581940737e-06 -1.415285345832512e-05
-9.989138797268145e-07 1.536584134707541e-06 -1.452130266061698e-06 1.561666568840625e-06
-2.949918527791400e-07 8.347721484290065e-07 -8.232663823179677e-06 2.794923428262480e-05
1.291940527800950e-05 -1.036221823083922e-05 3.421619513551396e-07 -1.639436574354259e-07
1.168214467069065e-05 -9.468253569705179e-06 -1.611935508836938e-06 7.222438193133585e-07
1.418405238769402e-05 -7.959330308259139e-06 -6.842082222527255e-07 -1.899047907500373e-06
1.451978751306500e-05 -5.761800560018116e-06 -1.164334202643306e-06 1.178497937643725e-06
5.245975297979161e-07 -1.197431459643938e-08 1.297699584316877e-06 -1.300635775209273e-05
5.316263187579730e-07 1.749707120931165e-06 2.553054735462498e-06 -2.312179249937850e-05
1.199338628599456e-05 -8.066153258190315e-06 -2.348003738673950e-06 1.003360962557249e-06
1.055563932873823e-05 -8.439890298619746e-06 -2.274548104869659e-06 2.171740901025325e-06
1.251958997048490e-05 -6.461093771157623e-06 -2.713694264773043e-06 1.520100651031796e-06
1.343988386841144e-05 -4.688318515530760e-06 -3.242114609011653e-06 6.075503451880736e-07
1.419513201973160e-06 8.810491871767051e-07 1.851574424816064e-06 2.844503879150583e-05
2.494774826018684e-06 -3.295321263171581e-07 -1.170646131200553e-05 -8.307532910705744e-06
2.495001192272025e-06 2.079950748152090e-06 -7.989590302388275e-07 -6.288688489221296e-06
9.553712224744176e-06 -7.290573388652427e-06 -2.352036954389390e-06 2.248319043071142e-06
8.692365688470496e-06 -6.038182577762202e-06 9.718837364546350e-07 3.614319646260107e-07
7.977942263363706e-06 -4.692356689910831e-06 1.587879783764060e-06 -3.842623668191911e-08
1.143973825188236e-05 -4.998488442377612e-06 -2.148186126774822e-06 3.046597585538232e-07
1.256116472135290e-05 -3.444190157731497e-06 -5.266305951578316e-06 -5.901086485914800e-07
3.356194695524921e-06 8.709978568618259e-07 1.170731454181513e-06 -6.775729931088150e-06
4.415779623993101e-06 -6.456237025678007e-07 7.146182012724747e-06 1.356318903042067e-05
4.416683693902946e-06 2.440679988650245e-06 1.116928180840204e-06 5.421786320102169e-06
9.416256985872137e-06 -4.700350834115823e-06 -6.924601338670457e-08 -1.416481897959973e-06
7.423859501425810e-06 -3.261298344581951e-06 3.312517965065969e-07 1.255996009992968e-06
6.198044609643697e-06 -9.457391252354204e-07 2.052911205627053e-06 1.015568581824347e-05
6.731906216910095e-06 -1.223221828902618e-06 -9.609821963990118e-07 6.224752206255989e-06
7.034072284708472e-06 -1.767239170558199e-06 -2.073717270864223e-06 3.080012885025715e-06
1.067785287700619e-05 -3.257546494904188e-06 6.120344893531358e-07 -1.012708274245219e-06
1.191191868721929e-05 -2.085317115591123e-06 -3.247243288341089e-06 -1.094387182232430e-06
5.377155813733906e-06 6.517482414829230e-07 -2.182844896174002e-06 -3.275636685619707e-06
6.166103825770218e-06 2.662905509330594e-06 -5.418732919623696e-06 1.144823335817624e-05
8.413393798652489e-06 -2.246525965258733e-06 -3.066036351282899e-06 -1.456474548395020e-07
6.740964991134126e-06 -1.340584654124804e-07 -2.202031803454372e-06 -2.426559356012340e-06
7.376765970573027e-06 -1.035799494522588e-06 -4.356709782253809e-06 1.418932691948270e-06
1.011112889418924e-05 -1.650106313194565e-06 8.170199227478877e-07 9.146831325656521e-07
1.152760220690639e-05 -6.445007786494871e-07 -1.105158154819831e-06 -7.966325643329818e-07
6.738008921143611e-06 1.622788197766303e-06 2.405224564658301e-06 -7.854719202427929e-07
6.643244474086841e-06 2.927141582258376e-06 -2.087619868228556e-06 4.644322199645325e-06
8.695927817892715e-06 2.017820014577763e-07 -9.300490571231382e-07 1.936835858565043e-07
1.142163553838979e-05 8.282169075146078e-07 -3.221109849048710e-07 2.425179775046697e-06
1.166109048322024e-05 2.314810262368342e-06 6.145544917720303e-07 -3.669766929884700e-07
7.756951343914438e-06 2.567244812727461e-06 -3.090293328956703e-06 -4.988476949025659e-06
6.914601629167312e-06 3.516226874493244e-06 -4.121412083939383e-06 -3.048839635040753e-06
7.223894642078836e-06 5.183109484743608e-06 -1.679672288777987e-07 -8.698379978029166e-07
1.013764097208422e-05 2.482501345814163e-06 -9.532583489070787e-07 -1.592138031194137e-06
7.725206148789021e-06 6.868279822937615e-06 1.202466753331342e-06 1.361727786650280e-06
1.222189397098372e-05 3.831100848856749e-06 2.567845653522338e-06 -4.269184603912987e-06
8.691040569897145e-06 5.221085401473289e-06 -6.360379884714381e-07 1.176182261387195e-06
1.094180807414302e-05 5.348663791330619e-06 -1.714698638230889e-06 -4.788548999576188e-07
8.469087809312686e-06 8.504951900119602e-06 -2.916363862353868e-06 3.696852739400883e-07
1.311471342169344e-05 5.353310287986595e-06 -2.739651320611338e-08 -4.772004411903913e-06
1.245215909923009e-05 6.917764150540724e-06 -2.438777674896599e-06 -1.346371790159063e-06
1.080248059547982e-05 7.920919162315947e-06 -1.725859395969000e-06 -7.456170560972670e-07
9.429583741128361e-06 1.013294029420808e-05 -2.087656506903662e-06 -3.406176955366778e-07
1.064744385357275e-05 1.169817806851274e-05 -2.056449292128267e-06 -1.306382555419437e-06
1.435296346373407e-05 6.801497498516478e-06 -2.256213154483786e-06 -2.083000450063149e-06
1.350695412920689e-05 8.747396566139918e-06 -2.539072903809855e-06 -1.696025278055147e-06
1.249484043435351e-05 1.109079176992702e-05 -1.455175796184406e-06 -1.904009149042957e-06
1.205919051642076e-05 1.317331085890267e-05 -1.816064729235002e-06 -3.709273133846017e-07
1.588486232258536e-05 8.109511211979474e-06 -1.186927636562402e-06 -1.186317188157550e-06
1.543324969730869e-05 1.109284521004589e-05 2.527334759367196e-07 1.800407685916575e-07
1.369693923341660e-05 1.448923859104888e-05 2.493641105744996e-07 8.776082438909708e-07
1.555821617418451e-05 1.565868561322055e-05 -1.357152653341674e-06 -3.874206651531144e-07
1.758221779180264e-05 1.665558466610065e-05 -2.552624795521465e-06 -7.569451067673842e-07
1.772741755856183e-05 1.175280005553460e-05 -1.180721709160913e-06 -1.900866370898041e-07
1.770246014362877e-05 9.219680139805539e-06 -2.961193070586613e-07 -4.773967280378434e-08
1.726613507746528e-05 1.433956891925334e-05 -2.214486646744524e-06 -8.403992436393402e-09
1.977589864698799e-05 1.740075397661386e-05 -2.966639163497189e-06 -1.021266077538152e-06
2.210793951800778e-05 1.791181317629950e-05 -1.515669846613498e-06 -8.237163232954717e-07
1.960784741008375e-05 1.232314517897233e-05 -1.584203453806220e-06 -3.998145294521425e-07
1.979249658058146e-05 1.003186220051478e-05 -1.583300304062680e-06 -6.688236269012451e-07
2.452066808242712e-05 1.814614249399058e-05 -1.548489913463086e-07 -1.016228578200167e-06
2.178732568680413e-05 1.450858598701146e-05 -1.639580776909639e-06 -1.373330425193455e-06
2.207847311293233e-05 1.049419321918368e-05 -1.050201701551919e-06 -2.365850078061453e-08
2.504460236228968e-05 1.488691234515878e-05 -8.179985097963133e-07 -5.168789118090553e-07
2.728152180473313e-05 1.826066094880734e-05 -1.101951959340253e-06 -1.157359683300452e-06
2.448804305931214e-05 1.060537486263369e-05 -1.855922087168991e-06 2.717289834547913e-07
3.117629015772000e-05 1.837661996519742e-05 -2.726287825799817e-06 -1.352514641779318e-06
2.805347843338412e-05 1.300139422584453e-05 -2.259974345920475e-06 5.590622383232637e-07
2.727531588444979e-05 1.048786421820730e-05 -2.234932267376522e-06 1.369924515896731e-07
3.676992170880575e-05 1.855504671070087e-05 -1.384077828062668e-06 -1.992598821296110e-06
3.395058907017180e-05 1.404773565126686e-05 -1.349530266314608e-06 -2.252798810032703e-06
3.118012036647152e-05 1.033693517530822e-05 -5.132126944831078e-07 -1.827517591415613e-06
4.448698046395911e-05 1.874462825874570e-05 -4.012994892475699e-06 -7.190046277709829e-07
4.057584654424102e-05 1.436656861120376e-05 -3.129312647467265e-06 -1.254850295247780e-07
3.677292837993234e-05 1.016849504013857e-05 -3.047560608516330e-06 -1.114067690037743e-06
5.281655344779722e-05 1.889679668305094e-05 -2.566236175000227e-06 -1.533631177225299e-06
4.860450332713459e-05 1.437133485921637e-05 -2.939933046164393e-06 -1.320709665932799e-06
4.448226240346135e-05 9.993083079168747e-06 -2.477210617345457e-06 4.882097162497003e-07
6.141259641754372e-05 1.901551011955410e-05 -7.020568848163824e-06 -3.789094898060274e-06
5.707758661766094e-05 1.436446832957468e-05 -4.404652536736505e-06 -1.189074577582419e-06
5.282228947003227e-05 9.838956542026728e-06 -3.550916163132207e-06 -1.366516055179388e-06
7.020517554089948e-05 1.911660074669077e-05 -6.893774823530115e-06 -3.258181940820843e-06
6.577825188621397e-05 1.436627540493877e-05 -7.520252505438350e-06 -1.138142892908120e-06
6.141107949665988e-05 9.714963031069643e-06 -6.507750792571725e-06 1.498466291889152e-06
7.914205779206724e-05 1.918040961785383e-05 -8.114252943516624e-06 -1.949652402558177e-06
7.465384023779493e-05 1.436763745665414e-05 -7.174058397757005e-06 -9.728569472005328e-07
7.020423147500081e-05 9.618042584799931e-06 -7.217171813401918e-06 1.341530961069024e-06
8.819439723052703e-05 1.922766650198847e-05 -1.058333390369510e-05 -2.205786981672494e-06
8.365150435724876e-05 1.436367483463662e-05 -9.515388360048653e-06 -1.086824645077590e-06
7.914402490037363e-05 9.551589969983712e-06 -7.797529782468617e-06 -2.511887965841082e-07
9.734555714760127e-05 1.927061575450966e-05 -1.176941162523629e-05 -2.399497659357776e-06
9.275624451133067e-05 1.435858989207868e-05 -1.122406101556879e-05 -5.085375513056563e-07
8.819578209215489e-05 9.494693942513068e-06 -1.132537393810514e-05 9.238173033429590e-07
1.065400472718432e-04 1.928277189721254e-05 -1.163425012106832e-05 -4.984686518082417e-08
1.019413400061190e-04 1.435397911522745e-05 -1.174878200535114e-05 -2.264312488356018e-06
9.734782064472255e-05 9.441296437920504e-06 -1.032079026418299e-05 -5.344869391596209e-07
1.157480573301718e-04 1.929213650647571e-05 -1.405726239779957e-05 3.458835952362640e-09
1.111395818260662e-04 1.435510723930341e-05 -1.312786167971977e-05 -5.497789456947591e-07
1.065387542366138e-04 9.425906077065203e-06 -1.306031644780330e-05 -2.889827476953409e-06
1.355573970841850e-04 1.876242457374521e-05 -1.336572855495095e-05 -3.394277758159414e-07
1.342432341977419e-04 1.930644015373252e-05 -1.347678767062155e-05 -4.859974999283821e-07
1.198841462616232e-04 1.435427759242292e-05 -1.361400128381187e-05 -1.223629741430512e-06
1.249899427948703e-04 1.930109372638255e-05 -1.454274673270826e-05 -3.293664671968163e-06
1.157485606039040e-04 9.417729233740755e-06 -1.332971287645305e-05 -1.460922904780044e-06
1.361017721679144e-04 1.744871657958347e-05 -1.330450111389834e-05 -1.825823218784742e-07
1.329908554872085e-04 1.435118694095840e-05 -1.432659727829977e-05 -5.423118061198555e-07
1.249908999834628e-04 9.404622782774038e-06 -1.484989586139758e-05 7.046077275270873e-07
1.361017512945416e-04 1.125357369725066e-05 -1.366703082614171e-05 -4.940697743634331e-07
1.342434892819224e-04 9.396260115783592e-06 -1.394270116628334e-05 -2.957865232467467e-07
1.355574505465773e-04 9.940136776515477e-06 -1.377006287930972e-05 -3.966312717850445e-07
