7.225831492505309e-05 -1.187405120649813e-05 -7.808610617812820e-06 3.649328205373306e-06
7.249571224662538e-05 -1.129917433233136e-05 -8.044807370688449e-06 2.976245445952177e-06
7.249620710743345e-05 -8.592241089048033e-06 -8.137671865108826e-06 -3.814312410472045e-07
7.225888354670536e-05 -8.017624532890358e-06 -7.912252488674250e-06 -1.006503108668961e-06
7.168485578710093e-05 -1.211258236906072e-05 -7.210163233045243e-06 3.934453053543901e-06
7.060863271289094e-05 -9.946333202312527e-06 -6.418745346846305e-06 1.452279911079675e-06
7.168559101209631e-05 -7.779260292946632e-06 -7.339151427512440e-06 -1.256945741545438e-06
6.762689063585701e-05 -1.212764895825173e-05 -5.189367334017487e-06 3.681241302520969e-06
6.762801684374019e-05 -7.769250991932358e-06 -5.431487576204305e-06 3.513596064278192e-07
6.536881403508118e-05 -9.949311979451927e-06 -5.488660856758591e-06 2.190868890840820e-06
6.354245242352134e-05 -1.212821135967410e-05 -6.533174698464490e-06 7.926264518662555e-07
6.354121152175269e-05 -7.768732403279101e-06 -6.216042046289346e-06 3.016111562271434e-06
6.150908692423353e-05 -9.947348627394109e-06 -6.351793327364853e-06 1.244493749399679e-06
5.947468021873789e-05 -1.213033052162332e-05 -5.416337003693051e-06 8.238748139890097e-07
5.947269393378235e-05 -7.760516134631711e-06 -5.864474492018051e-06 1.418559831303912e-06
5.743717288711803e-05 -9.943573946027972e-06 -5.058860461558054e-06 1.238810970164572e-06
5.540309023048850e-05 -1.212306747695943e-05 -4.641655616107415e-06 1.597499732088575e-06
5.540232129497821e-05 -7.762301266653302e-06 -5.499163065716158e-06 1.561641201828688e-06
5.336797806117211e-05 -9.942377835615482e-06 -4.882908949079240e-06 1.926314948042829e-06
5.132770469417129e-05 -1.212742769385838e-05 -4.441998672102052e-06 2.651317956381192e-06
5.132802488130986e-05 -7.758531477182203e-06 -5.346635927336037e-06 1.017740860811292e-06
4.928952445611718e-05 -9.942721342905838e-06 -4.812385534440769e-06 2.015006878755630e-06
4.725777107527484e-05 -1.212172862567184e-05 -5.219459590163892e-06 2.400937708010026e-06
4.725430062403222e-05 -7.760798737050693e-06 -5.121608089505468e-06 1.071157281234677e-06
4.522150683431676e-05 -9.938582887811640e-06 -5.234071270155047e-06 1.463039993180255e-06
4.317495051375958e-05 -1.213325442504787e-05 -5.003262361941221e-06 1.722401291558287e-06
4.317729543706479e-05 -7.745169461397131e-06 -5.234782610828025e-06 1.323258478222850e-06
4.112832318161285e-05 -9.940197372012337e-06 -4.503013849502181e-06 1.377236990718482e-06
3.907961004174952e-05 -1.213974375391650e-05 -3.839111352512993e-06 1.701992229324251e-06
3.907907799973721e-05 -7.740835503456158e-06 -4.450582614452341e-06 1.765421671312917e-06
3.702711082114173e-05 -9.942002597284693e-06 -3.944631223538770e-06 1.951115205735237e-06
3.496463516639126e-05 -1.215902387839673e-05 -4.256436242645567e-06 4.202418649874053e-07
3.496640586233077e-05 -7.730857396570502e-06 -3.582775512431800e-06 2.570321690582243e-06
3.290238290242164e-05 -9.946692819818709e-06 -3.616204671188453e-06 1.317443773015109e-06
3.083525667987969e-05 -1.216553961924782e-05 -3.459823556161612e-06 2.747118211955931e-06
3.083339486508387e-05 -7.723443430019211e-06 -2.744242978776253e-06 1.721842717155634e-06
2.884326428676336e-05 -9.941337902811190e-06 -3.374439322122614e-06 1.831803925952796e-06
2.684478591734583e-05 -1.216856435796222e-05 -3.265998602981568e-06 1.770321022254326e-06
2.684308793006720e-05 -7.708417569713754e-06 -5.580616531571815e-06 2.601888139516175e-06
2.534364071794979e-05 -1.011376810400337e-05 -4.428492121100532e-06 1.592154157029832e-06
2.380958116727699e-05 -1.217606467097867e-05 -4.106051274236680e-06 1.877529733137279e-06
2.381099938362347e-05 -7.705049279750473e-06 -5.832101673141343e-07 1.502110797611638e-06
2.159752096809462e-05 -1.218748828812875e-05 9.286685713880264e-07 9.630308145896536e-07
2.203333347557625e-05 -1.070923240375639e-05 4.148903405261614e-07 -4.601780855332678e-07
2.159565986248296e-05 -7.694283537120187e-06 -3.323924225273433e-06 1.581781021781546e-06
1.998074795906119e-05 -7.689159328743272e-06 -3.340199641453054e-06 -7.450073250682598e-07
-3.496478078546394e-06 4.110420003990588e-07 6.944181486465341e-06 2.535599359236022e-05
-3.512838314648362e-06 5.063085211965497e-07 2.791681655085652e-05 -4.387071895770519e-05
-3.541082381014907e-06 1.196508564911540e-06 -1.905097731782116e-05 -1.313445768743492e-05
-3.516986874293381e-06 1.372022877574689e-06 -1.232426738625801e-05 6.183139462749078e-06
1.998575864150802e-05 -1.219367093272515e-05 -1.115616571094231e-06 2.673348992108976e-06
1.851121657233099e-05 -1.211408951172133e-05 -3.640195215283104e-06 2.177803241640281e-06
1.965638059850251e-05 -9.377140540338124e-06 -3.966315932520679e-06 2.815789391242652e-06
1.851604113480610e-05 -7.556222936210777e-06 -2.881749816983255e-06 -7.097188338256897e-07
-3.427937447565479e-06 3.643178336944320e-07 -4.874411046718213e-06 3.548637232557087e-05
-3.006374271156135e-06 8.772817244674956e-07 3.795695859293998e-06 -1.181417413372502e-05
-3.407226745859257e-06 1.450947057573436e-06 -1.657903953625814e-06 2.680216013825066e-05
1.804605306606856e-05 -1.071960997912661e-05 -3.741397215196694e-06 4.263161806648326e-06
1.705373420851375e-05 -1.186807667393658e-05 -4.473960356211407e-06 2.024062814181012e-06
1.563249750580273e-05 -1.145661978751704e-05 -3.448818383225255e-06 2.378678268702539e-06
1.760477942774134e-05 -8.790610470009029e-06 -2.169632885025711e-06 2.533761386569554e-06
1.708856355314099e-05 -7.160975895928001e-06 -1.874107191826358e-06 3.756700591159943e-06
-2.181266857201822e-06 3.024020993724187e-07 1.634479766503653e-06 -3.821345769514725e-06
-2.216805565767667e-06 1.450842093035013e-06 -7.521297642684179e-06 5.658445618024162e-06
-1.581225707935270e-06 9.086626678434755e-07 6.295204279231785e-06 -6.701123626780246e-06
1.426081792785365e-05 -1.088695822661018e-05 -3.055953679315649e-06 2.961683418099385e-06
1.544808545592187e-05 -9.987197710223215e-06 -4.136947715867373e-06 1.674480200829126e-06
1.594081829129626e-05 -8.118751010817329e-06 -3.584928108261717e-06 2.094685854953420e-06
1.574325923155095e-05 -6.521465328536945e-06 -3.085190736102579e-06 2.859412957068364e-06
-9.825276462235729e-07 1.805445852957633e-07 -5.972927847661134e-06 8.624901536757090e-06
-9.512183281748311e-07 1.544420701201601e-06 4.970170553941273e-06 1.093267375920909e-05
-2.274109312260515e-07 9.237049746048242e-07 -6.439466545507668e-06 -1.946918438705440e-05
1.295987048213530e-05 -1.016042238956921e-05 -1.815529863323537e-06 1.826846031516831e-06
1.175455748387600e-05 -9.285746991179331e-06 -1.455673330338437e-06 3.022798543067617e-06
1.419285607327715e-05 -7.818131316257242e-06 -2.508498529879407e-06 -5.074083289372279e-07
1.452739610671109e-05 -5.666014888970391e-06 -3.086063150763866e-06 5.131184969710572e-07
6.075552540010974e-07 -3.004706561777186e-08 4.448964923298433e-06 1.005921825186079e-05
5.952777692462795e-07 1.774449588749984e-06 -5.409143769906471e-07 6.172205462496798e-06
1.205707464880784e-05 -7.917146869306000e-06 -3.773548913726425e-07 2.778151636192793e-06
1.064755814217971e-05 -8.279213420933752e-06 -1.962400312021251e-06 3.034769041931699e-06
1.257161085130650e-05 -6.349379573809411e-06 1.892791534934659e-06 1.417815201953967e-06
1.346934184042183e-05 -4.599265863786438e-06 -3.207694039897815e-06 -1.122019609128272e-07
1.526792556004686e-06 9.019218296370049e-07 -4.017538035219040e-06 -2.795104574484427e-06
2.589086561298608e-06 -3.590093279638047e-07 4.224640474448163e-06 -1.198295627611457e-06
2.602535817009255e-06 2.107922959140950e-06 3.127338315344032e-06 -3.178804921096131e-06
9.659981156201026e-06 -7.159716773505972e-06 -2.060617838580290e-06 -5.248319141889821e-07
8.801624337506937e-06 -5.926993261166812e-06 -1.620178656638935e-06 1.289533887733860e-06
8.089762910726572e-06 -4.601083982248334e-06 8.290190515609183e-07 2.757893668984121e-06
1.151332445683945e-05 -4.904779698677954e-06 -7.179700306239308e-07 1.582515880028559e-06
1.261382649706653e-05 -3.364668803458606e-06 -4.256885763085826e-06 -5.947888723877581e-08
3.460869782928340e-06 8.802221521826600e-07 -5.090076991812511e-07 6.842640884327662e-06
4.538380969729340e-06 -6.359025991622874e-07 -6.148108580347257e-06 3.510229995056616e-07
4.531147262777686e-06 2.457695183212877e-06 -8.137005255953468e-07 -7.100152673241289e-06
9.510633168181116e-06 -4.611303713401637e-06 -3.147528924295804e-06 2.219626674416046e-06
7.534284733236336e-06 -3.187764765693038e-06 8.232906802673864e-07 6.370273305321279e-07
6.296403223833382e-06 -9.124034806729773e-07 5.226426289308057e-07 8.298540744529175e-06
6.841507757950349e-06 -1.185586200955137e-06 -4.723046039702031e-06 1.244029098013625e-05
7.149294773449054e-06 -1.721229052488031e-06 -7.774221911678675e-06 1.156199431037691e-05
1.076249005112711e-05 -3.177145396715185e-06 -7.057463583283141e-06 1.161182420230713e-06
1.197834385092912e-05 -2.007012942426834e-06 -2.971359153333164e-06 8.775945498318280e-06
5.478483650303285e-06 6.534267820649076e-07 3.212703710663570e-08 -1.504308685341986e-06
6.256805045474153e-06 2.704124646720933e-06 -6.170846596158791e-06 1.037394048333831e-05
8.504548401107325e-06 -2.187139286096819e-06 -4.271881406714848e-07 6.650876222865976e-07
6.847090630570740e-06 -1.072057358012419e-07 4.230716394675115e-07 1.330132295419850e-06
7.485738666579315e-06 -9.994570655036646e-07 -7.065037357132377e-06 9.701014158176677e-06
1.019998528344326e-05 -1.580650266525338e-06 -8.232242149471841e-08 -2.141968786622625e-06
1.159995309477998e-05 -5.928695043932437e-07 2.131347737556070e-06 5.190519795233571e-06
6.845879057694139e-06 1.645183544968853e-06 3.310267958751903e-06 3.135344209729487e-08
6.738808380177539e-06 2.965527236594023e-06 -1.170617850393094e-05 1.453692254563848e-05
8.798477923648020e-06 2.342348818943331e-07 -9.874623666478175e-08 -5.273925296164117e-06
1.150374216260904e-05 8.670979116598207e-07 -6.553155848974678e-06 5.726468341402649e-06
1.174777955879291e-05 2.352730166132233e-06 -2.168281798216313e-06 1.023970241051575e-06
7.861451731182042e-06 2.591354601017503e-06 5.032997430967178e-06 3.042652851900998e-06
7.009352538425498e-06 3.546756009819551e-06 -1.862798910947585e-05 1.552759087472714e-05
7.330390141241387e-06 5.203363444606650e-06 -1.722238650017672e-05 3.110708603122428e-06
1.022808345246434e-05 2.517065608121365e-06 -6.854545542460413e-06 -3.691699404595162e-06
7.836766070219749e-06 6.877175162787413e-06 -3.672952530653424e-06 -1.144203470462593e-06
1.230106353725692e-05 3.861801043268597e-06 9.475128060929892e-06 1.208640582657985e-06
8.796369456687440e-06 5.244253368709503e-06 3.243826062955538e-06 -3.592949869133834e-06
1.101565257923275e-05 5.377128643368127e-06 -3.833267400402389e-06 3.215473810351362e-06
8.567656334593090e-06 8.497882365775784e-06 7.703111272895184e-06 3.134551898847284e-07
1.316840747119605e-05 5.368582710653332e-06 5.011154991891491e-06 -6.617531849010004e-07
1.250504646995948e-05 6.930599221842803e-06 -6.542993540877703e-06 -5.054005991513748e-08
1.088707550036232e-05 7.921188056826494e-06 -3.270478983376593e-06 -3.601405557103629e-06
9.531549120437744e-06 1.011308478931649e-05 -3.552101211533690e-06 4.581031820691105e-06
1.073120220727822e-05 1.164072714171177e-05 -1.635694421501284e-06 -1.252543313312161e-06
1.438504257025472e-05 6.811632549811781e-06 -1.226195940508720e-06 -4.714495206120453e-06
1.354619039301834e-05 8.732085131175213e-06 -6.615042249120566e-06 -2.322182786789898e-06
1.255139114548030e-05 1.104072309684997e-05 -8.367096298452334e-07 -3.165682263560987e-06
1.212082145345606e-05 1.309356394006736e-05 7.354515454727614e-07 -2.056880930694390e-06
1.589444681506271e-05 8.102588734352159e-06 -9.249867583450929e-07 -8.643889431843078e-07
1.545600203541562e-05 1.104824195883703e-05 -4.024654328577777e-06 -1.678779238105281e-06
1.374327654091931e-05 1.439182047043691e-05 -6.519303947192699e-06 7.499729061457364e-07
1.557858133471472e-05 1.552825918273070e-05 -4.366932253168580e-06 1.378111234011625e-06
1.757127535173319e-05 1.649702817923582e-05 -1.498402359415944e-06 -2.104810317692007e-06
1.771599570451556e-05 1.169383294196719e-05 -2.936801336681243e-06 -1.968030395721480e-06
1.769199136526710e-05 9.202257358231971e-06 -2.760640717775640e-06 1.712927084544050e-06
1.726264007080019e-05 1.423116327757882e-05 -1.662146621139276e-06 -1.260921336980912e-06
1.971740575112543e-05 1.722543599755603e-05 -4.808657633754053e-07 -4.225388498856569e-06
2.200286230865136e-05 1.772665181301069e-05 -1.397184703048974e-06 -2.599820044053329e-06
1.956017541973974e-05 1.225306506346332e-05 -2.121793145024991e-06 -2.415826276587203e-06
1.974169440066934e-05 1.000257716170181e-05 -3.317282065349146e-06 -9.585474602661418e-07
2.436958827434848e-05 1.795368767355338e-05 -3.960968337796426e-06 -1.086545884819259e-06
2.169175822196200e-05 1.439400163464685e-05 -1.402335408860303e-06 -1.241665576863300e-06
2.198166782640095e-05 1.046502582103830e-05 -7.369101554326590e-07 -2.190098975496808e-06
2.488347837980373e-05 1.476726082673715e-05 -4.736188439108422e-06 -6.170780645157856e-07
2.707195696082588e-05 1.806379689221191e-05 -5.350848367370428e-06 -1.363102358054551e-06
2.434044177403862e-05 1.058167632622053e-05 -3.634551109107435e-06 -2.146032480110778e-06
3.087721692834041e-05 1.817954018122787e-05 -4.684752851165127e-06 -1.548276990085244e-06
2.782715824155222e-05 1.293279491668487e-05 -3.674632146538087e-06 -2.235996622656384e-06
2.706461438529486e-05 1.047799620928339e-05 -3.527179245058926e-06 -2.464476040409621e-06
3.632379647595170e-05 1.835922475862825e-05 -4.441742461840762e-06 -1.711095165566021e-06
3.357593048042447e-05 1.396180122104808e-05 -4.434953631038922e-06 -1.919174890898095e-06
3.087318656910670e-05 1.034117912540435e-05 -2.885863837950419e-06 -1.640838379265741e-06
4.385009350902998e-05 1.854499055705804e-05 -3.612205247912587e-06 -3.411575069802060e-06
4.003455669506209e-05 1.426927957455348e-05 -3.290447205074167e-06 -1.779858964191356e-06
3.632814577061761e-05 1.017184194925296e-05 -4.461501037459701e-06 -2.819512643907176e-06
5.199608090887785e-05 1.870461754097076e-05 -6.344006105720314e-06 -3.534047983150706e-06
4.787244011911583e-05 1.426857158765240e-05 -5.456383516757051e-06 -1.290201602967205e-06
4.384652454040222e-05 9.990137210176165e-06 -4.454210670791230e-06 1.400037921934948e-06
6.042600269184256e-05 1.883534875763635e-05 -5.230854160316772e-06 -1.539780585889175e-06
5.617009855088855e-05 1.426720546658611e-05 -5.874763668321779e-06 -2.809163267457414e-06
5.199942189422932e-05 9.829588177892117e-06 -5.471719399351338e-06 -1.168937036383744e-06
6.906682167726649e-05 1.893934436656512e-05 -7.688361584501227e-06 -9.387039199636432e-07
6.471418075951618e-05 1.427087563834374e-05 -6.367849719909974e-06 -9.759143202440949e-07
6.042340633219618e-05 9.703073744712400e-06 -6.019942369889595e-06 -2.745943054726083e-06
7.787857913755486e-05 1.901751857138213e-05 -7.300654022761087e-06 -4.901558321237726e-06
7.344692573170714e-05 1.426991148807593e-05 -7.140036900649088e-06 -1.860885078243113e-06
6.906673416027240e-05 9.601312917331307e-06 -6.857295949079012e-06 -1.298712877595820e-06
8.681705182139440e-05 1.907135120115742e-05 -1.036772190414930e-05 -3.479770926926560e-06
8.233240828274698e-05 1.427118775622743e-05 -8.831108747855580e-06 -2.004024783177127e-06
7.787834339101505e-05 9.523025566385489e-06 -7.994661898199602e-06 -1.205246117835092e-08
9.582332140391380e-05 1.911286138395867e-05 -1.025899713891560e-05 6.408181856207774e-08
9.130993021095934e-05 1.427157552409172e-05 -1.099184784598629e-05 -1.638187303804183e-06
8.681761705203563e-05 9.472449460454261e-06 -9.997085057902022e-06 7.631895557202702e-08
1.048790656284454e-04 1.913804546385647e-05 -1.392214901373859e-05 -3.416352262077181e-06
1.003428473070071e-04 1.427489915547293e-05 -1.124577605850628e-05 -1.648636747237037e-06
9.582120809535984e-05 9.432933860149235e-06 -1.049180343009652e-05 -3.143046726169325e-06
1.139507486630230e-04 1.913631414849730e-05 -1.387274721419820e-05 -3.598237582020489e-06
1.094178123664518e-04 1.427721056724545e-05 -1.442200807699001e-05 -1.991947444588296e-06
1.048792020840707e-04 9.414252348428911e-06 -1.382524833106700e-05 -3.207642608168201e-07
1.333960823638174e-04 1.861054744222493e-05 -1.754816707717397e-05 -2.340555024978769e-06
1.321059063157063e-04 1.914536381980769e-05 -1.730867587282919e-05 -2.457104876184764e-06
1.180075660278889e-04 1.428056221434232e-05 -1.488889807009301e-05 -2.441462144896950e-06
1.230160969776397e-04 1.914922128633738e-05 -1.805476418649468e-05 -3.076915488259184e-06
1.139488661802642e-04 9.421714627799548e-06 -1.347212437302554e-05 -8.535587948729961e-07
1.339304675345285e-04 1.731985924852252e-05 -1.763534265810021e-05 -2.039669386156755e-06
1.308782561326980e-04 1.427934560546986e-05 -1.740219267143374e-05 -1.256208302694747e-06
1.230167983117377e-04 9.412211174734314e-06 -1.854307865622153e-05 -1.151606594369815e-06
1.339310150636875e-04 1.123819920467399e-05 -1.768930830017078e-05 -3.210890550449689e-07
1.321066723280212e-04 9.412941136882703e-06 -1.752611216708953e-05 -1.315835837218450e-07
1.333967100708034e-04 9.947659419795892e-06 -1.764853837106390e-05 -1.694459551782547e-07
