6.502810676380866e-05 -9.492765290855941e-06 -7.389216232390581e-06 1.234665849567218e-06
6.527849349291966e-05 -8.889840570154125e-06 -7.346563372920088e-06 1.135174497801809e-06
6.527780674615021e-05 -6.044517196532328e-06 -7.524619407722447e-06 8.957375602408453e-07
6.502732682085124e-05 -5.441344550704870e-06 -7.587630972552260e-06 8.323058287889284e-07
6.442392228771600e-05 -9.742165831231047e-06 -7.449762789986259e-06 1.308888800976560e-06
6.328976294687869e-05 -7.466570165407753e-06 -8.029267056585044e-06 1.133258211393165e-06
6.442296123447040e-05 -5.191786257769520e-06 -7.680849621058176e-06 7.813796975263850e-07
6.017894034954325e-05 -9.729620394633720e-06 -8.639998080010020e-06 2.659809729386690e-06
6.017756551656479e-05 -5.198904648013641e-06 -8.882853668613469e-06 1.295812232872050e-07
5.784697468663738e-05 -7.462347309667626e-06 -7.801510220133365e-06 1.370193263383391e-06
5.595392379668469e-05 -9.729337808101376e-06 -7.184303475343339e-06 2.628991482325086e-06
5.595305863975235e-05 -5.192663035778867e-06 -6.738222899452684e-06 -7.255533482200491e-07
5.383851626249158e-05 -7.459011258878657e-06 -6.555842972336332e-06 5.941231241211168e-07
5.172041457954304e-05 -9.731574042370037e-06 -7.355532947042476e-06 7.178791683170365e-07
5.172046029548953e-05 -5.185450275845257e-06 -7.396927831159003e-06 4.027829429646946e-07
4.960228277332642e-05 -7.459005314864425e-06 -8.442856701798442e-06 7.578654163270109e-07
4.748348834731843e-05 -9.728309252569891e-06 -8.813824179638904e-06 2.999082874194375e-07
4.748980850769642e-05 -5.197670604088042e-06 -9.363875499924526e-06 1.999814402153972e-06
4.537459517131679e-05 -7.466395547707381e-06 -8.581152452008726e-06 1.481310043897045e-06
4.327397550308225e-05 -9.709930611712953e-06 -7.457721888856734e-06 2.780366039752071e-07
4.327220288075969e-05 -5.219126054217836e-06 -7.371877130894156e-06 2.194558174571993e-06
4.117756557616719e-05 -7.461659992047733e-06 -7.132174033721444e-06 9.636176698109690e-07
3.909391793279538e-05 -9.683390724008729e-06 -8.205026650191994e-06 -7.561036670726510e-07
3.909329993681688e-05 -5.233909927145481e-06 -7.854220336334803e-06 2.216730214208485e-06
3.701801338752071e-05 -7.457031123438020e-06 -8.874883448924085e-06 6.500233762417054e-07
3.495993385561399e-05 -9.654124520191602e-06 -7.350385210642073e-06 2.839644619093030e-06
3.496192295136531e-05 -5.261971705080311e-06 -7.989490037253127e-06 -7.676348907372638e-07
3.291324614726774e-05 -7.460913208155128e-06 -6.673087414903936e-06 1.329047408567887e-06
3.088691985646941e-05 -9.620730591038972e-06 -7.560984984804135e-06 1.834229296530013e-06
3.088839415282779e-05 -5.305833700443825e-06 -6.845012487468810e-06 6.600943481761339e-07
2.887497533844169e-05 -7.463544580956420e-06 -7.904495688444815e-06 1.439450296357144e-06
2.689792983237145e-05 -9.566392874135532e-06 -7.751365250177306e-06 7.638917715250874e-07
2.689518508479837e-05 -5.355858743165292e-06 -9.011882985761672e-06 3.214770231839351e-06
2.493591001101602e-05 -7.458094433571200e-06 -7.522072925043010e-06 1.940721120383857e-06
2.300771620884140e-05 -9.511655996163937e-06 -6.923710351446843e-06 2.490345970166771e-07
2.300647658520211e-05 -5.401730777033256e-06 -5.537963663816630e-06 1.838146913276628e-06
2.117251659062888e-05 -7.454433071430659e-06 -5.591688252196160e-06 3.770521984280715e-07
1.937686606604222e-05 -9.445159099978555e-06 -3.857251665718744e-06 2.546422024347376e-06
1.937568093819010e-05 -5.468171659761192e-06 -5.846271264387634e-06 9.729296799232452e-07
1.803894141647221e-05 -7.608587672136042e-06 -4.886325742800782e-06 2.318138590533393e-06
1.670652540978828e-05 -9.392093175316245e-06 -6.373657282644752e-06 2.075609528009385e-06
1.670700654199176e-05 -5.529203719587660e-06 -4.866750811625173e-06 1.275755013508522e-06
1.481748914430906e-05 -9.344257631188322e-06 -5.057391689163915e-06 2.663218788993750e-06
1.517183337243596e-05 -8.108300744136198e-06 -5.773537070228545e-06 1.176685865181791e-06
1.482102468278960e-05 -5.570821214119021e-06 -4.075730499200792e-06 -2.415810375193078e-07
1.347938657412170e-05 -5.611352343992678e-06 -2.951004368746640e-06 3.781772465372960e-07
-2.067156434831791e-06 -4.211832630479925e-07 2.562652559780648e-06 -1.523581676305298e-05
-2.107521225196273e-06 -3.388905087557756e-07 2.703148322814445e-05 -1.170067240691691e-04
-2.106084223884448e-06 1.151953620736222e-07 -1.336680400877701e-05 6.289850112869565e-05
-2.067357714572506e-06 1.833324386886840e-07 -1.364109939970022e-05 -4.026894462929363e-05
1.347003140457313e-05 -9.310020588482735e-06 -8.526168228002563e-07 2.715100279499673e-06
1.228128450972824e-05 -9.208065431669727e-06 -1.969852680211855e-06 3.795078836826420e-06
1.319376229225296e-05 -7.001943275079757e-06 -2.338988333698647e-06 1.245195367941942e-06
1.226880232673661e-05 -5.548575999717948e-06 -5.544551517579230e-06 7.888046412035633e-07
-1.979039610843319e-06 -4.508683719965449e-07 -1.013014377337719e-05 1.006206562056984e-05
-1.856050404910337e-06 -7.730311111563420e-08 2.931893840497986e-05 4.030783285693692e-05
-1.985743498349581e-06 2.086653078424179e-07 -6.366872417754681e-05 -6.949510859197935e-05
1.189481144887360e-05 -8.076012688076076e-06 -3.388964926120963e-06 3.518944626523195e-06
1.112972858984402e-05 -8.964170220102251e-06 -3.467831029054225e-06 4.844307859486478e-06
1.003267411788435e-05 -8.606391457385897e-06 -3.542804803857218e-06 3.245947403878322e-06
1.153542729674576e-05 -6.540622480351193e-06 -5.120684134817960e-06 1.518954158811461e-06
1.113607746932321e-05 -5.296912177661886e-06 -3.953042126966309e-06 -9.039813275569320e-07
-1.321905021042581e-06 -4.538055873935188e-07 -7.664613284419181e-06 -1.694504455267729e-05
-1.298837468215864e-06 2.346061847073814e-07 -4.671274133622247e-06 3.962487100611260e-06
-9.627774724615024e-07 -7.696748227767877e-08 1.455910016791353e-05 1.116458785970982e-05
9.004981530179495e-06 -8.126582833897935e-06 -2.254595340448716e-06 1.935019921181626e-06
9.878686202787069e-06 -7.456319613803095e-06 -3.150957219092789e-06 1.181631327337659e-06
1.025389510008342e-05 -6.038356208646806e-06 -2.167731744877353e-06 7.318993607325062e-09
1.010096874498626e-05 -4.866561181036800e-06 -1.359860160184704e-06 -1.110804343055333e-06
-5.794671172912313e-07 -5.200010565077256e-07 -1.268570783273782e-05 -9.596624853229235e-06
-5.940831483112465e-07 3.114094278888962e-07 -8.812697866736484e-07 -8.317319884360084e-06
-1.462210518602633e-07 -5.997828065303243e-08 1.264832821887418e-05 -1.594935865300177e-06
8.052494983632572e-06 -7.556703541374555e-06 -1.162660354156409e-06 1.574482476303284e-06
7.187064983432547e-06 -6.893199803652429e-06 -3.309513824923577e-06 1.915586839188631e-06
8.949138154474528e-06 -5.821135827452502e-06 -6.441317106899504e-07 4.554852447444835e-07
9.178708262260275e-06 -4.269222673258193e-06 -2.768495460447803e-06 -4.371060641760275e-07
3.492738347780558e-07 -6.446731964990579e-07 -3.362865010124742e-06 6.004223076451343e-06
3.604551516868811e-07 4.144180857529343e-07 -1.122073540283851e-06 6.232722552087225e-06
7.404986189026382e-06 -5.884781066975803e-06 -3.142871892056155e-06 2.123730548458895e-06
6.425013957676269e-06 -6.141427971403412e-06 -2.582412801908479e-06 1.984903058360237e-06
7.766393288816099e-06 -4.762308040890554e-06 -3.811420205207985e-06 1.669266756614645e-06
8.391620909490052e-06 -3.551071836020623e-06 -6.038212208587573e-06 6.801027162667328e-07
9.066406698069899e-07 -6.978083440446505e-08 3.263471816077277e-07 -2.246506208111741e-05
1.542559618250758e-06 -8.259294649144077e-07 3.312949762504646e-06 8.417153129776363e-06
1.546589593852249e-06 6.346634143194706e-07 -2.618789554356146e-06 8.731022148032501e-06
5.758240445678056e-06 -5.325336993948720e-06 -1.291221956364710e-06 2.468113188172180e-06
5.216115199413940e-06 -4.472531810669830e-06 -3.543839188698789e-07 1.251767072571840e-06
4.782226258914862e-06 -3.569458664214529e-06 -2.831704692913748e-06 -3.777572467139765e-07
7.029415408723011e-06 -3.763844998961350e-06 -4.057802630125955e-06 1.503792457255217e-06
7.764357063772659e-06 -2.743523879535274e-06 -3.098643786357208e-06 -8.847174795411101e-07
2.074673193305266e-06 -9.752831395354109e-08 -2.479021585539574e-06 1.121763546591717e-05
2.726133344799620e-06 -1.009226810069933e-06 -1.246077753698950e-06 -1.127851196152493e-05
2.720138730699416e-06 8.373813920191033e-07 3.190548523844803e-07 -9.812547958187016e-06
5.700795428223250e-06 -3.569121259737834e-06 -5.946056803346716e-07 1.785863671045130e-07
4.449617582162704e-06 -2.640668368666727e-06 -6.023901795148374e-06 -3.756139179648729e-06
3.775211925799347e-06 -1.171653549038571e-06 -4.611350820777634e-06 7.101758951378086e-07
4.078058485630215e-06 -1.337932687030543e-06 -5.998427992432188e-06 5.258395304556433e-06
4.239100503200879e-06 -1.677442277427334e-06 -8.060918612055617e-06 5.113885912790599e-06
6.520871625998085e-06 -2.625723990062957e-06 -3.283564245599633e-06 -1.538843165386975e-06
7.306654742006043e-06 -1.873694891437905e-06 1.428684187643975e-06 4.318839882865927e-06
3.291575642816554e-06 -2.354892747962203e-07 4.637809910867426e-07 3.959713145288845e-06
3.767054576282810e-06 1.000400828880837e-06 -4.670251782279861e-06 -1.435789657464065e-06
5.085543839091572e-06 -1.982343453504711e-06 -1.010357404106168e-06 6.424395523430164e-07
4.101111602175488e-06 -6.942948945606935e-07 -9.105529383814813e-07 6.890086448965742e-06
4.459900966229226e-06 -1.227792065710522e-06 -4.239351625724421e-06 7.135336239898883e-06
6.155676348556370e-06 -1.606533295260811e-06 -2.724958370850484e-06 -5.169145802994949e-07
7.023691037498773e-06 -9.839693251240535e-07 9.844863695158469e-07 5.674375898213156e-06
4.126803561891199e-06 3.594898738957648e-07 -2.030005568473539e-06 2.033617551004887e-06
4.070655057476726e-06 1.153758392936795e-06 -6.392765884351904e-06 3.017765443944928e-06
5.277851525090423e-06 -4.822361747631219e-07 -3.356624739480337e-06 -3.325064342640959e-06
6.926480764043865e-06 -8.906472654660113e-08 -2.662193614469118e-06 2.457946983916139e-06
7.026480658103836e-06 7.852472213130745e-07 -3.667984272962453e-06 -8.363366399851809e-07
4.744444567601986e-06 9.251826750723522e-07 1.020012959273680e-06 1.228727963605729e-06
4.240233307113089e-06 1.488735346880840e-06 -7.450661307317975e-06 6.528667473140665e-06
4.456354696412308e-06 2.438521066072072e-06 -7.855175702453206e-06 1.015191778110807e-06
6.138507209576334e-06 8.896467029807379e-07 -1.567672576514689e-06 -3.239494124614246e-06
4.783644461550321e-06 3.373252131051496e-06 -3.681295518241774e-06 -2.197742939151325e-06
7.318817729714317e-06 1.673587937446583e-06 -2.214062854406878e-06 1.697993407074765e-06
5.315203471387877e-06 2.468474487442170e-06 -1.215291987672681e-06 -2.065016539260178e-06
6.583222494578622e-06 2.541082668676302e-06 -1.082529314492754e-06 -1.046327850198390e-06
5.223015937012710e-06 4.268871426256126e-06 1.897483116536176e-06 -2.069587285562926e-06
7.778752920193019e-06 2.538140015202716e-06 -2.667338058849151e-06 -2.529556402418695e-07
7.401035606386576e-06 3.407028459264898e-06 -3.370776100171372e-06 -3.218283993808530e-06
6.507005795133996e-06 3.955004794350325e-06 -3.615376323073034e-06 -1.714476914871920e-06
5.768310127885277e-06 5.129720042327614e-06 -1.283244386837259e-06 -3.669457520415970e-06
6.434563327802976e-06 5.941172236077557e-06 -1.723205586981099e-06 -3.912074900456546e-06
8.410055506972739e-06 3.346057354215770e-06 -4.486912956905110e-06 -5.005570149044032e-06
7.956652519398167e-06 4.390050317109934e-06 -4.781508811317846e-06 -3.627552487421871e-06
7.424877224876243e-06 5.619837520369793e-06 -3.128782499816874e-06 -3.353181446919713e-06
7.197130278401470e-06 6.695320460340910e-06 -1.770672192960640e-06 -2.980441899249418e-06
9.196901460185759e-06 4.062443021261509e-06 -4.196442016291817e-06 -3.952432993123919e-06
8.964263059909753e-06 5.618514705426064e-06 -3.056953818366677e-06 -3.266114835450343e-06
8.063180406898659e-06 7.362344139152064e-06 -1.960301787978636e-06 -2.248210096809586e-06
9.021121909984048e-06 7.938157095481982e-06 -5.199625067894448e-06 -4.874504775699741e-06
1.005196258050055e-05 8.414869693491258e-06 -7.515413029660448e-06 -5.944584191706096e-06
1.013414167105874e-05 5.957136119857966e-06 -4.739589008636607e-06 -4.254676188136744e-06
1.012356329975816e-05 4.659908711810362e-06 -3.899344211480111e-06 -2.117726530705654e-06
9.899729026316015e-06 7.264420863744215e-06 -6.731013914653731e-06 -4.797343895637305e-06
1.115600231720073e-05 8.765176579358733e-06 -7.656440407897728e-06 -6.736291111971581e-06
1.231076966242009e-05 8.991229190972572e-06 -7.080714104660848e-06 -6.820965127349604e-06
1.108123613832921e-05 6.249075624323452e-06 -6.130645986053928e-06 -4.850608689684970e-06
1.116970050425886e-05 5.097888468387930e-06 -5.863850591348943e-06 -2.454823727517465e-06
1.349171950794303e-05 9.081344559537454e-06 -7.772396077135407e-06 -6.783745717077244e-06
1.216690054981995e-05 7.331181301772134e-06 -6.677283242949277e-06 -5.041779609119233e-06
1.230330329248613e-05 5.360460305441067e-06 -6.709044160882457e-06 -3.097974459805521e-06
1.374893669527316e-05 7.512211716524155e-06 -7.588452150444319e-06 -4.584250389412526e-06
1.480918937165576e-05 9.107082206222350e-06 -9.627994698297589e-06 -7.060249971571424e-06
1.348127544834890e-05 5.439891309316025e-06 -6.312629601913316e-06 -2.236936402706594e-06
1.664195660984916e-05 9.133612035946075e-06 -1.095247334298312e-05 -7.916231133635579e-06
1.518246781714619e-05 6.614050559006699e-06 -9.407079553601006e-06 -3.471060133456793e-06
1.480528570094928e-05 5.412229742848553e-06 -8.744703442615402e-06 -1.833264333447429e-06
1.923002990428321e-05 9.176471310884539e-06 -1.195845679678981e-05 -7.312110080035632e-06
1.793715874234581e-05 7.105171823791076e-06 -1.165871984860582e-05 -6.127342047815393e-06
1.664731131516059e-05 5.372189257602276e-06 -9.909228897319962e-06 -3.028279566398068e-06
2.271771688835074e-05 9.222131189540169e-06 -1.784376948971079e-05 -5.419680501608117e-06
2.096142344690006e-05 7.259122389366742e-06 -1.572060933431251e-05 -3.601516359911487e-06
1.922696906173583e-05 5.331397852088942e-06 -1.454733513223032e-05 -4.333048720056108e-06
2.641963306370964e-05 9.251568049734751e-06 -1.760285136395748e-05 -7.084169254287564e-06
2.455956383468291e-05 7.258932023504019e-06 -1.699674661036470e-05 -5.214031723367129e-06
2.271860937127557e-05 5.298520632311056e-06 -1.589946061511928e-05 -3.424909243511771e-06
3.016318740903427e-05 9.266993369394845e-06 -2.385855800246451e-05 -7.901408989276869e-06
2.828658084409819e-05 7.254536717297783e-06 -2.080148266531965e-05 -4.872694274785743e-06
2.642094383828202e-05 5.261359821056549e-06 -1.875186318050658e-05 -2.945797863006531e-06
3.394603355267698e-05 9.289730639253230e-06 -2.578831826235003e-05 -8.894424140680222e-06
3.204715233894251e-05 7.255140695213286e-06 -2.520011836277535e-05 -5.643348097364688e-06
3.016321714937637e-05 5.242056118067027e-06 -2.343335648212285e-05 -3.095196703056775e-06
3.776595276172587e-05 9.308923406579993e-06 -2.729261173032518e-05 -7.633528488126555e-06
3.585018823200133e-05 7.255269062143473e-06 -2.623274569073161e-05 -5.173351142699301e-06
3.394527514600195e-05 5.221818118264596e-06 -2.597019756402451e-05 -1.968706772368579e-06
4.162133808085534e-05 9.319241949486850e-06 -3.128794059737687e-05 -4.711766373433763e-06
3.968926922587681e-05 7.251191816198056e-06 -2.992443796439151e-05 -4.838547283360384e-06
3.776853172453178e-05 5.197207875761893e-06 -2.748721906056572e-05 -2.414914327792249e-06
4.550246543621503e-05 9.331985202315141e-06 -3.386681848900506e-05 -7.941434857138873e-06
4.355813799673959e-05 7.251600407579820e-06 -3.197262167878286e-05 -4.950607094554699e-06
4.161966130396495e-05 5.183778147873540e-06 -3.133367306808727e-05 -4.916737431241493e-06
4.940131548376916e-05 9.346663241232310e-06 -3.692493417446096e-05 -7.125992719822939e-06
4.744932651015448e-05 7.248213151229182e-06 -3.536086350479419e-05 -5.580660216072714e-06
4.550558107586462e-05 5.167338758698678e-06 -3.329477899075801e-05 -2.790762953668943e-06
5.331752766261048e-05 9.355141445507489e-06 -4.167727247208275e-05 -4.442229387911820e-06
5.135410344387557e-05 7.252830722503760e-06 -3.991091400903828e-05 -4.226916522642554e-06
4.939760279575102e-05 5.154299569015474e-06 -3.788279082769519e-05 -2.671491068940765e-06
6.171815281922565e-05 9.110280949200229e-06 -4.812837831344174e-05 -9.117437983810065e-06
6.116337269621884e-05 9.339905469185204e-06 -4.709255435247835e-05 -9.426553328586230e-06
5.508384788495576e-05 7.249816548123391e-06 -4.229384084466241e-05 -4.897816337496937e-06
5.725374774360286e-05 9.339850125182289e-06 -4.393466391789737e-05 -7.202543637411727e-06
5.331980236585966e-05 5.148498670508515e-06 -4.115639520275479e-05 -4.411985282829989e-06
6.194794845453737e-05 8.555725906679983e-06 -4.856796380186440e-05 -8.221338951619279e-06
6.063446643865267e-05 7.247905447687989e-06 -4.605794133990872e-05 -5.563306040946124e-06
5.725408753141081e-05 5.156381305743466e-06 -4.377217527214144e-05 -3.552686833964768e-06
6.194721114394443e-05 5.940814855548501e-06 -4.873160053580802e-05 -2.752317166985705e-06
6.116270673083227e-05 5.156835596344822e-06 -4.721443567780741e-05 -1.465578541109876e-06
6.171740726691467e-05 5.386412360531760e-06 -4.828675909890305e-05 -1.797756140329284e-06
