9.325316875820788e-05 -1.353666988385737e-05 -7.665265465925762e-06 -6.154881174468611e-08
9.359695194845633e-05 -1.270705328519501e-05 -7.833702638093851e-06 -4.531646243071404e-08
9.359763748598423e-05 -8.794345073432372e-06 -7.399824411433460e-06 -1.260999880157256e-08
9.325392262417859e-05 -7.964758338446162e-06 -7.210352543925251e-06 8.876416918444627e-08
9.242329174596489e-05 -1.388022777525082e-05 -7.336200330555351e-06 -1.441465284035753e-07
9.086688875893509e-05 -1.075112501505367e-05 -6.202038423768559e-06 -2.057123563529442e-07
9.242412725185023e-05 -7.621228459661382e-06 -6.900298544086042e-06 2.075341538870257e-07
8.658336370361121e-05 -1.387556598826863e-05 -4.936918163079247e-06 -1.491634713013186e-06
8.658353282654098e-05 -7.626486618674509e-06 -5.152837960418686e-06 1.468138389584827e-06
8.336296854102824e-05 -1.074944464193318e-05 -5.716325748021720e-06 2.722034983357634e-07
8.075784761240420e-05 -1.386447595423276e-05 -3.842913057606273e-06 3.167578166670269e-06
8.075396160632964e-05 -7.628442189439220e-06 -4.006714320882304e-06 -2.174305591086507e-06
7.784872915278427e-05 -1.074408050628917e-05 -2.355753692963833e-06 3.601688381753592e-07
7.493572369138843e-05 -1.386900429524607e-05 -3.082472806423994e-06 6.607773205397696e-07
7.493698436169437e-05 -7.621578554153915e-06 -2.361884714545485e-06 -6.369303793131823e-07
7.202133446889486e-05 -1.074832069505923e-05 -2.931288313749360e-06 -8.871883386574577e-07
6.910951576237036e-05 -1.386646044269501e-05 -2.383172673817137e-07 4.532207633509104e-07
6.911108240979841e-05 -7.635946648001057e-06 -1.716356554695681e-06 -1.163080361553358e-06
6.620132821203978e-05 -1.075382687435167e-05 -3.006945683420650e-07 2.896349782455742e-07
6.330082400529650e-05 -1.385416941115134e-05 -1.138768503344489e-06 -1.761871999838455e-06
6.329564902111568e-05 -7.648536941790082e-06 -5.752343242467479e-07 1.619220169046082e-06
6.040075651036505e-05 -1.074852388451937e-05 -1.386639308967888e-06 -2.994799462244129e-07
5.751796270256506e-05 -1.383284897323301e-05 8.895297515774872e-07 5.200608064940994e-07
5.751876944034415e-05 -7.664022274183906e-06 5.730549333148011e-07 -1.079472131112754e-06
5.464183808874880e-05 -1.074833267007030e-05 1.712864265807153e-06 2.233699893918237e-08
5.176878245270316e-05 -1.381885321705262e-05 1.951944555559313e-06 5.052725801061487e-07
5.176892401290358e-05 -7.678658728362786e-06 1.257207413619418e-06 -5.440103599606583e-07
4.889505113188393e-05 -1.075063620248672e-05 9.842061780336469e-07 -3.703942208304854e-07
4.603619926355335e-05 -1.379776650052925e-05 -1.490319064312091e-07 -9.568301608140379e-07
4.603711969371800e-05 -7.707265750133294e-06 2.646400717460320e-07 -5.904637482124760e-07
4.319513038063129e-05 -1.075278032193832e-05 -8.746949763978146e-08 1.179276132251923e-07
4.038610909728199e-05 -1.375555740064816e-05 -2.081726615852947e-07 -1.280352654838388e-07
4.038309517151383e-05 -7.743836657829650e-06 4.868800549642345e-07 -9.670836149364712e-08
3.758641508992603e-05 -1.074685692517185e-05 -6.601010076826113e-08 -4.661566365693648e-07
3.480712182315293e-05 -1.371092852366813e-05 8.064115468266653e-07 -1.083493918370691e-07
3.481041223659863e-05 -7.782698839642606e-06 9.586002226719859e-07 -1.391460598332982e-06
3.215325288515185e-05 -1.074489530954741e-05 2.687705974226022e-06 4.196806515543431e-07
2.953381046621705e-05 -1.365524744333305e-05 2.515672149873900e-06 -1.616801001395585e-06
2.952653534855570e-05 -7.834540330634898e-06 9.844700914134763e-07 1.512871279378407e-06
2.757457929856744e-05 -1.096862583164227e-05 -9.502655906800376e-09 -9.354225072588909e-07
2.560848263274139e-05 -1.360601035016912e-05 -9.872854654956656e-07 -9.681523993701035e-07
2.561367754418632e-05 -7.895120902626255e-06 7.676222406754633e-07 1.500515151192068e-06
2.280973348500940e-05 -1.356348607186506e-05 2.243475479202580e-06 5.611027820223175e-07
2.334231427260181e-05 -1.171836282809323e-05 1.838244693005854e-06 9.882746909831952e-08
2.280142897872751e-05 -7.933520097066605e-06 -3.210136016256730e-07 -3.134759985607327e-06
2.079323983609203e-05 -7.982433955332642e-06 -7.987580064331654e-07 -1.254179356606821e-06
-3.297193742991056e-06 1.709426872771060e-07 1.838673088665638e-05 -8.896824727786422e-06
-3.361520867059727e-06 3.108751900354743e-07 1.462486832784037e-05 6.127854392005008e-05
-3.348854318687230e-06 9.049256791121235e-07 3.524294298930401e-05 -2.823325115455718e-05
-3.268775048162535e-06 1.120308425163031e-06 3.354955468328683e-05 -2.104265282605830e-06
2.079452391653019e-05 -1.352925283933623e-05 1.219825494483121e-08 7.704256575789742e-07
1.899874434379594e-05 -1.339225474717108e-05 1.548936599900282e-06 2.886672164803060e-06
2.037233020171706e-05 -1.006175188013361e-05 1.076254035635256e-06 -1.388836216019168e-06
1.898525778998778e-05 -7.874868191983872e-06 1.959593297838352e-06 1.689066950374983e-06
-3.151119471670613e-06 1.102865138539958e-07 -1.521325515989291e-05 -2.973349865654532e-05
-2.941760337358010e-06 6.010747354199986e-07 -1.042813174917961e-05 -7.581222473835328e-06
-3.079694506567359e-06 1.213613836509341e-06 -1.983702404369405e-06 3.674038878529814e-05
1.841907749866830e-05 -1.168720151405913e-05 1.259073499562588e-06 -2.566830098363507e-09
1.724941696474325e-05 -1.304418716363438e-05 7.770918480694953e-07 4.027239954299611e-06
1.557850324011858e-05 -1.251611896666560e-05 -3.825382251916478e-08 1.929545517781422e-06
1.788224675727185e-05 -9.368343180861200e-06 2.304818036038558e-06 1.630846480056550e-06
1.727151816451189e-05 -7.466408645936466e-06 1.492539633713454e-06 -3.245176376409843e-06
-2.085584873238925e-06 1.039684218460357e-07 -6.059650558445988e-06 1.257276634635020e-05
-2.091232743263470e-06 1.164618166929616e-06 7.362995980698700e-06 -5.716750874156402e-06
-1.546833918203932e-06 6.104999143164079e-07 8.577897745982506e-06 -1.595218069921162e-05
1.400796383199813e-05 -1.179722822270024e-05 1.102343576063983e-06 -2.147787299102395e-07
1.534834115294567e-05 -1.077258369574798e-05 5.580350893142776e-07 -1.402336450964641e-06
1.592400515576882e-05 -8.596487060654960e-06 1.019929030676178e-06 -1.857443910903088e-06
1.568878793216264e-05 -6.797835395969167e-06 -1.000732834001896e-06 -7.331242485235704e-06
-9.360861313422457e-07 1.726374731812454e-08 6.270480649613658e-06 8.374111607050883e-06
-9.412158126954965e-07 1.309890648447107e-06 -1.128239043853454e-05 1.571720879200659e-05
-2.747948519606960e-07 5.899181494029994e-07 -2.414918001020433e-06 -1.676648241150959e-05
1.254351526314950e-05 -1.092310058517425e-05 5.506395039386919e-07 1.097729605899589e-06
1.121647268750687e-05 -9.909287773063382e-06 -2.182572746388958e-06 -9.161333052904740e-07
1.392025449864859e-05 -8.264679860306091e-06 2.970110050386441e-07 -1.352340102094372e-07
1.427252204554225e-05 -5.878316930421729e-06 -4.325112096198285e-06 2.968177380217126e-07
5.229333878059906e-07 -1.883541795358934e-07 2.817037361770100e-07 6.792361437404530e-06
5.120028356761305e-07 1.484015582488508e-06 4.822267788744333e-06 -1.099255353845247e-06
1.155273386768489e-05 -8.364630654269062e-06 -4.877367388248868e-07 -6.630206598821773e-07
1.003858831853055e-05 -8.761239718702182e-06 1.591522945794529e-06 -3.006208851397498e-06
1.211097566887292e-05 -6.637913408575425e-06 6.456000582508251e-08 2.674725967543663e-06
1.307630904227335e-05 -4.765482609997895e-06 7.061487796947400e-06 -4.213465679733741e-06
1.356448469742339e-06 6.148025402028554e-07 -1.555556901655797e-06 -1.307451894262877e-06
2.386832441780629e-06 -5.226625239093333e-07 -4.146595890408681e-07 3.885418727652427e-06
2.385779969978907e-06 1.779522093407611e-06 -4.544137565410152e-06 3.285633920020816e-06
9.003886530256286e-06 -7.512451726326835e-06 5.110103433264915e-06 3.166341857787145e-07
8.147293949444265e-06 -6.191485459853203e-06 2.396450910122232e-06 1.624405656486199e-06
7.466781732962845e-06 -4.792235145960590e-06 -9.519592448646356e-07 2.248127522569851e-07
1.097093038653413e-05 -5.095539869962853e-06 -2.211916538503349e-06 -1.234796139442989e-06
1.211680139916746e-05 -3.503702579659397e-06 5.511611234901264e-06 -1.522727499610062e-07
3.213152164532940e-06 6.325061172254043e-07 6.385128555707197e-06 -5.256537647800498e-06
4.197362592182826e-06 -8.178932957753304e-07 -2.900297959069781e-06 -1.001599952162464e-05
4.209771165371203e-06 2.085511043382548e-06 -2.236017840898335e-06 -3.879726379154091e-06
8.898314362297947e-06 -4.790946200107980e-06 3.362145112623333e-06 1.826777906616093e-06
6.946865626224861e-06 -3.348238554106581e-06 -3.582182481487468e-06 -7.152572106153377e-06
5.868375122229311e-06 -1.072980233645245e-06 7.394464737607352e-06 -8.419047327685077e-06
6.344539276156869e-06 -1.323109202114112e-06 -6.404433298764751e-06 1.450740324362321e-06
6.601626335292535e-06 -1.845735600818823e-06 -1.452892632117572e-05 6.852089731174270e-06
1.017274129181654e-05 -3.321326180699971e-06 -2.272625991822720e-06 -2.579233363965495e-06
1.140643954121580e-05 -2.144450090440742e-06 6.755070625347575e-06 6.023716257878790e-08
5.113760545630438e-06 4.148914774553454e-07 -2.929162619329841e-07 9.224279100860121e-06
5.862345218098921e-06 2.318978197525768e-06 -1.529313106925767e-06 -3.339459389038976e-06
7.940813617566517e-06 -2.323024682546344e-06 8.830957318608143e-06 7.759767100971184e-07
6.380795894493633e-06 -3.102629550962020e-07 1.671527238674242e-06 -5.015951608788684e-06
6.947127627982816e-06 -1.143165755127773e-06 -9.526013222969906e-06 5.506368243165448e-06
9.609426994186554e-06 -1.736571000400817e-06 1.013048292022882e-06 -2.008857840600976e-06
1.096904417112603e-05 -7.567032532720303e-07 6.828437542933740e-06 1.063901660515894e-05
6.408572631365852e-06 1.338052957216393e-06 1.787742385795562e-06 1.110554053562391e-06
6.320673895199315e-06 2.575136456994253e-06 6.012687495137812e-06 -2.297986744857592e-06
8.232599840153127e-06 2.775246212741583e-08 -3.304939433942880e-07 -1.947735747788540e-06
1.080926472872438e-05 6.369010882403715e-07 2.450056892268511e-06 4.128941627356815e-06
1.097123321018022e-05 2.010857318820573e-06 -4.236395666974781e-06 -4.353089005329561e-07
7.385705971989565e-06 2.238317684684833e-06 7.250324709818113e-07 1.161202438151732e-06
6.582513719744171e-06 3.118403530471503e-06 7.156972254912030e-06 -1.191111025327447e-06
6.909028982480999e-06 4.610662153459228e-06 8.221863436188540e-07 1.303832209270141e-06
9.575277720638462e-06 2.176464702081721e-06 2.036374559785456e-06 -1.367071228613567e-06
7.428782834522780e-06 6.088775975187513e-06 -4.098443854793052e-07 8.092589084059668e-07
1.143628885028441e-05 3.406862709388797e-06 -5.081106621585652e-06 3.541554754458970e-06
8.281678019830516e-06 4.649279399999532e-06 -6.674393083133010e-06 1.800442946492731e-06
1.027112004472957e-05 4.770169088154956e-06 9.679379041121122e-06 -4.413841885049358e-06
8.134168934306360e-06 7.511956658851417e-06 1.029869945260793e-05 1.348764563353913e-06
1.216794144963135e-05 4.773977511538562e-06 -7.397864624962694e-07 8.110531452776525e-06
1.156542478632114e-05 6.139172739247260e-06 6.488049454836533e-06 -3.853353252040089e-06
1.014801426771119e-05 6.999368691849045e-06 -1.598522596661434e-06 6.481789069817275e-07
8.967207379299833e-06 8.893897478973032e-06 1.830316798671997e-06 -1.121176370999812e-05
1.002958271413015e-05 1.020082734721953e-05 3.512804795370461e-06 8.403765993466263e-06
1.318843648888272e-05 6.039163653414897e-06 -5.293614610866991e-06 6.201354912544364e-07
1.246032126479650e-05 7.702367250540473e-06 2.970512867678944e-06 2.641259229097207e-06
1.161336843122919e-05 9.682100075051095e-06 4.023353982412813e-06 8.592716402321226e-06
1.125057380395789e-05 1.141359057265355e-05 5.583329797728685e-06 6.231287813924619e-06
1.447036101443942e-05 7.174986463186975e-06 1.251321776896616e-06 3.615843766538898e-06
1.408193372357589e-05 9.675349902231422e-06 2.529992771061480e-06 -8.296456431210216e-07
1.262590003022560e-05 1.249103473978366e-05 4.075355848281881e-06 -1.543230262152974e-06
1.417464843154829e-05 1.343337923957552e-05 2.481620837292583e-06 5.572910666038324e-06
1.584976154747757e-05 1.422129792348647e-05 -6.701455397520168e-07 6.386704905411387e-06
1.597562479856578e-05 1.021678637224670e-05 2.538381732905650e-06 1.855079627858953e-06
1.596295326895286e-05 8.125792159083724e-06 2.346256671758950e-06 1.351895737966010e-06
1.559648939172300e-05 1.233856805410577e-05 8.567747107621691e-07 4.805701324057084e-06
1.764866940553052e-05 1.480585909398508e-05 5.319793930976728e-06 9.416554431530945e-07
1.953411993932723e-05 1.519677715749858e-05 6.196823578292781e-06 7.654574654405443e-08
1.751513832139142e-05 1.068578443549241e-05 3.062741659155916e-06 3.490280570904785e-06
1.766215746793528e-05 8.814509497577900e-06 3.280218684874639e-06 4.913603074903311e-06
2.147089188333947e-05 1.536466294914649e-05 1.987425651317834e-06 5.635183330449129e-06
1.929019596479508e-05 1.246409707038264e-05 4.466438106436739e-06 1.254637947072032e-06
1.951796209242462e-05 9.219443164269859e-06 2.294832628754323e-06 2.575226070747779e-06
2.189682756800292e-05 1.276452470784027e-05 5.276469155908213e-06 3.110285284336305e-06
2.366449794578256e-05 1.542428022280273e-05 7.424810691721424e-06 6.597302398675323e-06
2.145801096361165e-05 9.336659232262027e-06 4.159306320222900e-06 -3.238905458211069e-07
2.674380769020567e-05 1.549047861045215e-05 4.843008441606782e-06 4.013935825637250e-06
2.428798520463551e-05 1.126545952514372e-05 6.040261746917202e-06 2.720022986643984e-06
2.366454969139426e-05 9.270736102857622e-06 4.945741977470977e-06 -3.211869149340722e-07
3.111134050656469e-05 1.559840431120922e-05 6.454371249454901e-06 5.853848237323462e-06
2.892061889141795e-05 1.209552888625471e-05 6.963024146114355e-06 2.867259471300703e-06
2.674749848679658e-05 9.186468489157693e-06 8.617832980887399e-06 1.085507805457263e-06
3.704995307180299e-05 1.570899052133048e-05 9.176576077523556e-06 4.189744398635514e-06
3.405089821572313e-05 1.234676723962763e-05 7.760735816726106e-06 2.613664346625187e-06
3.110922352057848e-05 9.086692247668072e-06 6.609806867534228e-06 8.389182448470994e-07
4.341636685989605e-05 1.578635870484685e-05 1.228236427846243e-05 4.831869301030170e-06
4.020485191753573e-05 1.234134642073637e-05 1.047141274711952e-05 3.049484185619671e-06
3.705097494772587e-05 8.978656821722655e-06 9.294773663668081e-06 3.084326010010511e-06
4.992727697361819e-05 1.583620970419752e-05 1.416093015221039e-05 3.157247564383769e-06
4.665703264375207e-05 1.233482183546490e-05 1.391099201213274e-05 3.062592151802888e-06
4.341920648198047e-05 8.888900319259315e-06 1.228746747703655e-05 1.576183784610718e-06
5.652928549019594e-05 1.590076270928244e-05 1.579827697279578e-05 4.490435990819936e-06
5.320957260857584e-05 1.233423780515606e-05 1.421607639618227e-05 2.975515929281463e-06
4.992808944158179e-05 8.830344685012967e-06 1.384188335934099e-05 2.626793491958771e-06
6.323772338018344e-05 1.594565042847935e-05 1.990986275386328e-05 3.375444531598435e-06
5.986677833009663e-05 1.233670594404931e-05 1.873189865650805e-05 2.580828395812159e-06
5.652689337566734e-05 8.773019767475519e-06 1.680934641610524e-05 9.841847288827143e-07
7.002956025940055e-05 1.597394249661347e-05 2.161911988028361e-05 5.904361363083489e-06
6.662517626869959e-05 1.232963503688183e-05 1.994533162304355e-05 2.484453689810352e-06
6.324080908100958e-05 8.720651087203481e-06 1.933636062582859e-05 2.604772394105599e-06
7.686547918297562e-05 1.600436971410875e-05 2.333090931929501e-05 3.952714667273611e-06
7.344018458333794e-05 1.232856094379629e-05 2.296569193824618e-05 2.623889803372873e-06
7.003061689520391e-05 8.682050468504961e-06 2.167267594647466e-05 -1.241371001324797e-06
8.374846625031041e-05 1.602943283932507e-05 2.673455937730224e-05 3.290314589538084e-06
8.029740622962044e-05 1.233214179517276e-05 2.480896786525029e-05 3.969057353427225e-06
7.686388793199486e-05 8.656764371359544e-06 2.295773729955234e-05 2.983164763013122e-06
9.066303164115940e-05 1.603552732233885e-05 2.849053410359921e-05 3.021592291032855e-06
8.720424790495343e-05 1.233356166957624e-05 2.809413694173975e-05 2.613327884167872e-06
8.374656089253241e-05 8.636366983123503e-06 2.731299033252930e-05 3.525251380189848e-06
1.054875624747984e-04 1.561696646397692e-05 3.371541449243774e-05 4.043636248181290e-06
1.045087719604385e-04 1.602347603939494e-05 3.363226301311938e-05 4.200035659966911e-06
9.376719539261505e-05 1.232759421891721e-05 2.965359166685632e-05 2.180377358619222e-06
9.759576880191168e-05 1.603546522397080e-05 3.303036122578470e-05 4.841779486786634e-06
9.066720989419511e-05 8.626181940212431e-06 2.858298539501014e-05 1.252209308678661e-06
1.058928667086963e-04 1.463670593885306e-05 3.372465514130840e-05 3.757186489280670e-06
1.035777631283131e-04 1.232882188504869e-05 3.371764490366110e-05 3.094117330024418e-06
9.759448451911737e-05 8.618045181057552e-06 3.270413088342972e-05 3.849769765810221e-07
1.058921496943021e-04 1.002189797609966e-05 3.357794947831580e-05 2.521422259347360e-06
1.045076041139701e-04 8.634599912899221e-06 3.341905545434095e-05 2.003099531364853e-06
1.054866952849885e-04 9.041304182551731e-06 3.354440911350330e-05 2.187759218852248e-06
