9.042630967015773e-05 -1.368688417711509e-05 -6.293072814077337e-06 8.555746608957229e-07
9.075890056102140e-05 -1.288380974495286e-05 -6.269167155948188e-06 5.533968578199638e-07
9.075863534006582e-05 -9.097718123998631e-06 -6.796880904507025e-06 -1.026231855280634e-06
9.042595199059310e-05 -8.294238414199408e-06 -6.856641253095436e-06 -1.378309626095558e-06
8.962333833763739e-05 -1.401954524816222e-05 -6.288248033904028e-06 1.044092431208882e-06
8.811689210480001e-05 -1.099028787794826e-05 -6.811304266125123e-06 2.326389616385507e-08
8.962272446059698e-05 -7.961349191676787e-06 -6.862280062038638e-06 -1.582170503290563e-06
8.396978752135201e-05 -1.401651171551619e-05 -6.614211940710696e-06 2.023385182210706e-06
8.396797436396640e-05 -7.959391246305395e-06 -6.553020521608296e-06 -2.069411175441795e-06
8.085191139744431e-05 -1.098687724140908e-05 -4.831104465777718e-06 -4.538159729341275e-07
7.832608739142855e-05 -1.400415808624607e-05 -6.567955388113078e-06 -3.163692449031938e-06
7.832832129248201e-05 -7.971702992029444e-06 -5.698868067035033e-06 7.787269393407355e-07
7.550932477823803e-05 -1.098921175364323e-05 -7.599964110031403e-06 -1.546385058919673e-06
7.269982184498533e-05 -1.398956243069991e-05 -5.901296409607374e-06 1.334544757902458e-07
7.270035970652145e-05 -7.988538578963069e-06 -6.628734414402747e-06 -2.471163890349777e-06
6.989645852068808e-05 -1.098779733864332e-05 -4.618805682137759e-06 5.945851515754292e-08
6.710488055359370e-05 -1.397076765860560e-05 -6.030067585296611e-06 1.816625713801011e-07
6.710175502029976e-05 -7.998477031311818e-06 -4.963369413206882e-06 -1.120106670285834e-07
6.431759937407148e-05 -1.098106131476203e-05 -5.189675826852218e-06 -9.953712776565015e-08
6.154963005005366e-05 -1.394204959682306e-05 -3.904588156022850e-06 1.674230739467104e-06
6.155376815096643e-05 -8.022469146921766e-06 -3.416818827946670e-06 -2.191849727817105e-06
5.879788562190209e-05 -1.098346717171873e-05 -2.263829853274430e-06 -5.976923456201492e-07
5.606681026806525e-05 -1.390650720470029e-05 -4.298190900240389e-06 -1.547478777366357e-06
5.606458693201321e-05 -8.057164295141054e-06 -4.187199034311059e-06 3.103218483418008e-07
5.334107600195348e-05 -1.098026408342701e-05 -5.516428077555872e-06 -9.242842305320708e-07
5.063531271281068e-05 -1.387506635736149e-05 -5.445200818210529e-06 -1.465374404557295e-06
5.063420781587786e-05 -8.082786063442990e-06 -4.791550219088927e-06 -2.216822582823614e-07
4.793870123857325e-05 -1.097633745370828e-05 -3.402079050673302e-06 -1.769730079935103e-07
4.526166276521158e-05 -1.383892909902178e-05 -1.174488481484126e-06 6.671617609644429e-07
4.526004324180446e-05 -8.108046564520925e-06 -1.754003573205415e-06 4.568316098185672e-07
4.258999271264046e-05 -1.097084315971904e-05 -1.354242906720485e-06 -1.852664939815631e-07
3.994098374545155e-05 -1.379732064138380e-05 -2.205376922907786e-06 -2.489869197929493e-07
3.994274269313958e-05 -8.145643561767028e-06 -2.302283565910326e-06 -7.458822014237125e-07
3.730875727229023e-05 -1.097172787556313e-05 -2.202369924722044e-06 -6.210213536015105e-07
3.470820047233471e-05 -1.375572238092900e-05 -1.221854047789275e-06 1.353076458871230e-07
3.470341039819962e-05 -8.184069941259734e-06 -2.107419601987014e-06 -7.453028600366894e-07
3.221850830687049e-05 -1.096883547607711e-05 -1.644831514432531e-06 -1.663637211346614e-06
2.974078346013960e-05 -1.372705773424360e-05 -1.536605211018648e-06 1.639496911881014e-07
2.974622499718832e-05 -8.215789730741582e-06 1.313364751947784e-06 -3.356845074914892e-06
2.788919263211429e-05 -1.118333936943549e-05 1.302247144148553e-06 -6.047906592932752e-07
2.601954970932929e-05 -1.369056907725394e-05 2.267580100423538e-06 -1.048064968306125e-07
2.601428810100455e-05 -8.249061256746151e-06 -5.925670880811147e-07 -2.495733089967848e-06
2.334425470725482e-05 -1.365207234780661e-05 -1.444224812715853e-06 -1.156131241721748e-07
2.385639732811225e-05 -1.188577729379431e-05 -1.232483110984904e-06 -6.469472103302628e-08
2.334792607073854e-05 -8.276839918133093e-06 2.197471819314797e-06 1.729187167732397e-06
2.142563336695761e-05 -8.297187002399722e-06 3.161729735518456e-06 9.465898139347231e-07
-3.584234802512208e-06 2.159302533534535e-07 -2.464598586939470e-05 1.122487340618312e-05
-3.650104064804389e-06 4.078842603074540e-07 -2.060208615144598e-05 -5.480991383371972e-05
-3.654716352197488e-06 1.028533126538946e-06 -4.299889971634249e-05 3.320344106363466e-05
-3.603384734532509e-06 1.145209177915541e-06 -4.463905856798186e-05 -3.969949622739197e-06
2.141815389630224e-05 -1.362698561892014e-05 1.319695796431381e-06 2.871231537050794e-07
1.968920527738145e-05 -1.350806248617590e-05 3.342272164232592e-07 -1.838250398291670e-06
2.102997133148211e-05 -1.030209105534210e-05 1.547113061487682e-06 8.174964029635778e-07
1.968707680360347e-05 -8.170248815518991e-06 3.812841875235095e-07 -1.549920995894142e-06
-3.413849560911529e-06 1.368551025202128e-07 1.034113740450743e-05 3.065889917862595e-05
-3.043397925988227e-06 7.211289840403859e-07 1.973213466498297e-05 1.420949242891206e-05
-3.474476862305707e-06 1.192116764364967e-06 -1.623516892685553e-05 -4.795176227100429e-05
1.913585649073798e-05 -1.187113340561319e-05 8.500202817310687e-07 2.110239280620698e-07
1.799173395101449e-05 -1.319127282388251e-05 1.228596285533699e-06 -3.264767846833684e-06
1.635304614251251e-05 -1.269400332159985e-05 1.694514302047427e-06 -1.528693940294259e-06
1.861455864280945e-05 -9.622636817904042e-06 -5.427827746336307e-07 -2.080886530744044e-06
1.801947977865574e-05 -7.764872494156930e-06 3.000247462817584e-07 1.713435045175024e-06
-2.257555540256991e-06 1.085571376051671e-07 2.875801700459176e-06 -1.396021118139819e-05
-2.240119225287349e-06 1.274966817486855e-06 -8.407380657598881e-06 7.121606402867189e-06
-1.633928428720869e-06 7.178684120616776e-07 -7.403711335773543e-06 2.064879017823364e-05
1.479840658851372e-05 -1.201330889301508e-05 3.603616316829767e-07 6.412658599693339e-08
1.613425993248899e-05 -1.099480367596636e-05 1.239303344588252e-06 1.641723421066643e-06
1.669834358510828e-05 -8.866138185754122e-06 5.301993296281978e-07 7.962497531893743e-07
1.646722702820103e-05 -7.078142316271803e-06 2.240604994872603e-06 5.997526811293111e-06
-9.956360111273244e-07 3.521601737632660e-09 -6.790866934137355e-06 -1.123814535315400e-05
-1.003938210963520e-06 1.340506545796303e-06 1.026349984904248e-05 -2.397848262009313e-05
-2.523120452350178e-07 7.336736953491912e-07 4.659841438095841e-06 2.447260639510515e-05
1.333873546730331e-05 -1.116984081670889e-05 7.008947525308805e-07 -1.786634659947455e-06
1.200411404908389e-05 -1.017729479932861e-05 3.796416706680062e-06 -3.155370736223288e-07
1.472030657535984e-05 -8.525661975443456e-06 1.444632977705547e-06 -6.314195547619106e-08
1.508533452759412e-05 -6.140892605124092e-06 6.928361714242117e-06 -1.645864030747528e-06
5.664167417354360e-07 -2.303098753192055e-07 -2.063575126739099e-06 -1.133331422039722e-05
5.812737054631527e-07 1.592922971834757e-06 -4.173402205161745e-06 -1.669916555516901e-06
1.234269444077407e-05 -8.639018393177670e-06 2.144015104876149e-06 -5.738139110056771e-07
1.080799388839774e-05 -9.041526386007787e-06 6.450400844358612e-07 1.637950118928491e-06
1.290950185816110e-05 -6.899764941938990e-06 1.718846131479873e-06 -3.959978334746785e-06
1.390003877128264e-05 -4.999582642886208e-06 -4.208089160434258e-06 2.656309860337621e-06
1.513013849727021e-06 7.138399056799372e-07 4.156116898363639e-06 3.959281006013530e-06
2.603410558881444e-06 -5.395078374411372e-07 1.064074644215758e-06 -4.225070210958340e-06
2.597165583667389e-06 1.943152289302655e-06 4.488857312658402e-06 -3.348196548816825e-06
9.750992596913757e-06 -7.784592540695530e-06 -2.326258784418917e-06 -1.133264529786460e-06
8.853941071297168e-06 -6.442129374616633e-06 3.509131773024382e-07 -2.685080504051799e-06
8.118584651290592e-06 -5.011368730876085e-06 2.720311861293801e-06 -1.493849429671104e-06
1.175715470046766e-05 -5.331400186603751e-06 4.781228582584148e-06 -2.565514098853351e-07
1.294289683259393e-05 -3.694128303144777e-06 -2.468370968090926e-06 -1.782517781723051e-06
3.479930847696608e-06 6.855639335986392e-07 -7.233434078954251e-06 2.819933280431770e-06
4.579166803843398e-06 -8.740933611749533e-07 6.047164544727007e-06 7.285407873813705e-06
4.571021288364201e-06 2.289674570161050e-06 3.190287376011288e-06 5.509054244655061e-06
9.624544041821973e-06 -5.014126447790354e-06 -4.144640562284397e-07 -3.058248763402838e-06
7.553192073870239e-06 -3.515115014137616e-06 4.808158722316019e-06 5.970360977212748e-06
6.361956296368662e-06 -1.144942935131678e-06 -6.047770748902949e-06 5.476752041819043e-06
6.896809081527862e-06 -1.420469069025818e-06 9.427289232755154e-06 -5.437805961358245e-06
7.189985146977623e-06 -1.971981193274686e-06 1.831795930316660e-05 -1.079970046740190e-05
1.095022048985688e-05 -3.498327572167134e-06 5.858022522055885e-06 1.057703364655043e-06
1.223255186613164e-05 -2.281081746448017e-06 -3.893881491927690e-06 -3.087891514234289e-06
5.541108830187842e-06 4.704624227769740e-07 1.106818335100291e-06 -1.021772482065479e-05
6.349875224190241e-06 2.529436132131861e-06 3.653653033685091e-06 4.088194435117175e-06
8.591662095406714e-06 -2.450991168583191e-06 -7.290443693984871e-06 -2.086810744397752e-06
6.917334054175367e-06 -3.111501134735336e-07 2.426047523076072e-07 3.717392156245904e-06
7.550392704967639e-06 -1.224060002163304e-06 1.329691557160328e-05 -9.062336560850640e-06
1.034884622438403e-05 -1.828064741210573e-06 9.285988270937885e-07 1.320261494726820e-06
1.179496622781895e-05 -8.026683392885874e-07 -4.652472490820025e-06 -1.284131644048159e-05
6.934439971903554e-06 1.471987201790190e-06 5.156946007297266e-08 -7.231201674290388e-07
6.858057435140513e-06 2.790859640230786e-06 -1.590672270391059e-06 1.713573551804185e-06
8.899040951324015e-06 4.497680649426522e-08 2.767164498879257e-06 1.099325665422747e-06
1.166697373482988e-05 6.843818056854754e-07 1.924343824871301e-06 -6.432950920660088e-06
1.185883708958368e-05 2.173808068812871e-06 7.825441330119609e-06 -9.479161583714542e-07
7.974038773948140e-06 2.426893647874707e-06 1.063547087464971e-06 -1.619487854204242e-06
7.149767347893745e-06 3.371395633457654e-06 -1.037666834985788e-06 -1.352606038698218e-07
7.483662965802196e-06 5.009894125135433e-06 4.814664557609482e-06 -1.248754199910697e-06
1.034998601800227e-05 2.352003762411500e-06 1.435929777863239e-06 6.369228520885924e-07
7.991323590580192e-06 6.633141221887960e-06 1.914641033407108e-06 -4.835950018124750e-07
1.237028666198634e-05 3.691564179815223e-06 7.411972469264096e-06 -4.004978270900635e-06
8.911637857567737e-06 5.059072399727799e-06 6.652614480413269e-06 -6.871110256960027e-07
1.112871165785051e-05 5.175182312947169e-06 -4.960309635912360e-06 3.852082350328426e-06
8.722502840267828e-06 8.198864046993876e-06 -1.176146109266102e-05 -1.018310038492357e-06
1.320809484873872e-05 5.177818533583419e-06 5.045101336889142e-06 -8.899238470172858e-06
1.257404982129472e-05 6.687151587816347e-06 5.669417768790046e-08 4.257511619793699e-06
1.099133588757220e-05 7.657993120404932e-06 6.026168911993504e-06 2.080215888683264e-06
9.687660528550212e-06 9.736598123154634e-06 2.367789374439851e-06 1.231332280572210e-05
1.085104885088268e-05 1.120992865978054e-05 2.493424888565329e-07 -5.404599987282387e-06
1.435669250840074e-05 6.582534668781557e-06 1.043824820633294e-05 5.126465171716035e-07
1.356162036614915e-05 8.434543708614290e-06 3.077363418215513e-06 -9.629715222841440e-08
1.260082675762160e-05 1.064118646103425e-05 -1.797405746507004e-07 -5.038729810211737e-06
1.218866517328663e-05 1.258172507496610e-05 -2.685997261249931e-06 -1.649726883486859e-06
1.576991095212331e-05 7.836556806790697e-06 2.110318379392555e-06 -2.040861294936201e-06
1.535776582324374e-05 1.063503311724135e-05 2.563830702275078e-06 4.227681920561900e-06
1.373772987933574e-05 1.379418717579669e-05 1.008683069466665e-06 6.673211998982560e-06
1.546706054144904e-05 1.485710850179417e-05 2.851728651985415e-06 -1.430198545299381e-07
1.733692669677909e-05 1.575373492413652e-05 5.836488340098000e-06 -3.839267623756570e-07
1.748378284783445e-05 1.124903892938239e-05 3.459700707891019e-06 2.451286155935955e-06
1.745960302180197e-05 8.890273387020837e-06 2.847050658922016e-06 4.654203889492222e-07
1.705391947827374e-05 1.363619792089230e-05 4.593697924927649e-06 7.670831759605316e-07
1.935516578439130e-05 1.641724299621688e-05 3.540936144599856e-08 5.193271035667047e-06
2.149161150905072e-05 1.686204686083813e-05 9.028864758241565e-07 5.943132961303260e-06
1.921468644830199e-05 1.177861114329033e-05 3.476821170875834e-06 1.346248862246294e-06
1.938308167359071e-05 9.668860058921079e-06 3.552786008455612e-06 -1.440340911714956e-06
2.368939088591550e-05 1.705893816165086e-05 6.945991944649872e-06 5.724846284103870e-07
2.120794508036799e-05 1.376990048098273e-05 2.077089784982775e-06 3.084588959354226e-06
2.146920337806697e-05 1.011941392060012e-05 4.617653081827828e-06 1.379611794938288e-06
2.416636762308677e-05 1.411442718116163e-05 3.526372041407635e-06 1.726343483685290e-06
2.618217306136865e-05 1.714936182232648e-05 3.306759421162128e-06 1.105360171694842e-06
2.366086976048508e-05 1.023669614904753e-05 3.617417945205350e-06 3.458438270480344e-06
2.967023444200581e-05 1.723217257202138e-05 6.668047913665507e-06 3.710875575531859e-06
2.688120294549636e-05 1.242430156820805e-05 4.478092161060572e-06 2.248304827128539e-06
2.617370476244045e-05 1.015521135219506e-05 5.005913911412347e-06 3.482056423404549e-06
3.463125292237472e-05 1.735603015909512e-05 5.916405664738651e-06 8.268365749616462e-07
3.214080265592437e-05 1.336263246293067e-05 5.125115578690374e-06 2.226046218785800e-06
2.967317727695113e-05 1.004849424014544e-05 2.766388765754062e-06 1.958950563422894e-06
4.143824363282705e-05 1.749110951911431e-05 7.898707249506725e-06 1.923475947890734e-06
3.799378829193914e-05 1.364380788296865e-05 6.695297262970843e-06 2.141451389098029e-06
3.463527063640703e-05 9.927372346925152e-06 6.371896792173954e-06 2.585904503469231e-06
4.875756455196585e-05 1.760697292536414e-05 9.226780672041810e-06 2.386860244741173e-06
4.506581037116831e-05 1.364439723095495e-05 9.313109907059560e-06 2.337728759515232e-06
4.143896533315815e-05 9.796730765363561e-06 7.736854307456208e-06 9.839987451129942e-07
5.624862783975338e-05 1.770327321918837e-05 9.695353970220368e-06 6.313037253325092e-06
5.247309161735632e-05 1.364444202819389e-05 7.980750773921208e-06 2.956688138521212e-06
4.875709087194185e-05 9.682888751379687e-06 8.891241898226534e-06 2.824583354902608e-06
6.390864184657528e-05 1.777082251516924e-05 1.420574693273633e-05 3.044499337943502e-06
6.005493278565520e-05 1.364065054331589e-05 1.289240179280100e-05 2.571852594752974e-06
5.624896638199773e-05 9.583647319865014e-06 1.001912371933414e-05 -7.737000889213946e-08
7.169684910682497e-05 1.783244522099862e-05 1.480087234707342e-05 4.008003066552523e-06
6.778563208028768e-05 1.363483880188909e-05 1.416599376615249e-05 1.950003952839712e-06
6.391259609130916e-05 9.501950714710094e-06 1.390394151339864e-05 9.910134442347641e-07
7.957842242306594e-05 1.788673132811074e-05 1.617881080913854e-05 2.942510235916856e-06
7.562078727640089e-05 1.363884302823967e-05 1.578859781212473e-05 3.059413818015020e-06
7.169469786944078e-05 9.441521433049389e-06 1.487059687479741e-05 1.124439773055278e-07
8.754065763250174e-05 1.791722665622999e-05 1.988331641826040e-05 4.089077210053449e-06
8.354861965042247e-05 1.364168024447984e-05 1.738275953499569e-05 3.194166696423284e-06
7.957684161972530e-05 9.394653648534012e-06 1.589422275880020e-05 4.075285580199810e-06
9.555177205557051e-05 1.793704437056095e-05 2.105478700099838e-05 3.489047286207874e-06
9.154083568553281e-05 1.364334656165226e-05 2.132391952699193e-05 1.472495984531924e-06
8.753974909182907e-05 9.368112009944487e-06 2.038899708353125e-05 2.285539049220053e-07
1.035998074059826e-04 1.795179777345843e-05 2.353152279878595e-05 4.147350515226230e-06
9.957045983657065e-05 1.363879942262966e-05 2.156285089879504e-05 2.049925774574835e-06
9.555518287985425e-05 9.346165792583897e-06 2.107775067269071e-05 -1.121797855715192e-07
1.208558886804968e-04 1.748662215604460e-05 2.682134353290858e-05 4.774341367742734e-06
1.197101283829305e-04 1.796064597478263e-05 2.574166526280531e-05 4.930449245681558e-06
1.072102293735043e-04 1.364027920242822e-05 2.394167036234248e-05 3.155256074920109e-06
1.116588760744914e-04 1.795408034706147e-05 2.202886737214672e-05 2.406613607689734e-06
1.035976898125930e-04 9.325866069968073e-06 2.282349844523912e-05 1.362454955025478e-06
1.213305247982591e-04 1.634155935789008e-05 2.731134963101360e-05 4.120702968082958e-06
1.186192769184920e-04 1.364074524147195e-05 2.446418649292290e-05 2.112170154260218e-06
1.116591704382227e-04 9.328468840921420e-06 2.252734299529207e-05 3.357779270586492e-06
1.213308758777000e-04 1.093941826524360e-05 2.756875517215263e-05 -1.394380691347731e-07
1.197106518884705e-04 9.320505387687965e-06 2.613251286382132e-05 -7.974223655320919e-07
1.208563001136446e-04 9.794463249842281e-06 2.712551388094127e-05 -6.978115280245270e-07
