-1.260956392807529e-04 1.733420287398663e-05 -2.335500752538488e-05 -2.105176193714045e-07
-1.265916501672885e-04 1.613667582052318e-05 -2.325324303022442e-05 2.274031988518017e-07
-1.265918313726961e-04 1.049275972511276e-05 -2.295908837872272e-05 3.343153365593710e-06
-1.260957836236171e-04 9.294883581920862e-06 -2.303084833167737e-05 3.738360767403890e-06
-1.248982001900915e-04 1.783031579295105e-05 -2.365293408275082e-05 -3.904605273492752e-07
-1.226515585294543e-04 1.331445805260359e-05 -2.363860485841054e-05 1.569940624193706e-06
-1.248981691931582e-04 8.798576520895135e-06 -2.328548155835827e-05 3.885584741549195e-06
-1.164589623179585e-04 1.783298820978984e-05 -2.214139369054751e-05 5.739623153894307e-07
-1.164577593610643e-04 8.791699696552814e-06 -2.179574514582000e-05 1.464600028013464e-06
-1.117973305093672e-04 1.331083046717831e-05 -2.209218536916037e-05 7.633314552694196e-07
-1.080141229882385e-04 1.783106430359809e-05 -1.969442482047487e-05 3.761430915203990e-06
-1.080140621875101e-04 8.789989462658187e-06 -2.009820151001146e-05 -1.834907517095335e-06
-1.037935262605999e-04 1.331080529284160e-05 -1.742492525694078e-05 9.975834805004935e-07
-9.958704684128032e-05 1.781380670280869e-05 -1.748110384021573e-05 1.485697098187860e-06
-9.958849282949693e-05 8.811161777066841e-06 -1.801730800197645e-05 7.842629622426096e-07
-9.539185263462197e-05 1.331494975725447e-05 -1.910359405952735e-05 1.529601533482610e-06
-9.120726023530575e-05 1.779663873418186e-05 -1.683002354228799e-05 4.646483750680353e-06
-9.120738018820912e-05 8.835798532144757e-06 -1.784657020702434e-05 -8.523576345334786e-07
-8.702492664764989e-05 1.331705836551567e-05 -1.507432610496273e-05 1.915107729239007e-06
-8.285461424556114e-05 1.776936246616173e-05 -1.417831272908061e-05 1.145571252468168e-06
-8.285221788079317e-05 8.860451130023549e-06 -1.416696447096150e-05 1.169554741779929e-06
-7.869272846816753e-05 1.331262582274871e-05 -1.450291291922417e-05 5.912821989076289e-07
-7.456440611650872e-05 1.771750181673483e-05 -1.268906179502539e-05 2.042689879308108e-06
-7.456395673572093e-05 8.905293407085552e-06 -1.371186475873050e-05 1.433331567176083e-07
-7.045397202271819e-05 1.331164716992168e-05 -1.151246206702158e-05 1.599518350898941e-06
-6.637811253174680e-05 1.766021225313480e-05 -1.101977451286370e-05 2.290605365809390e-06
-6.637965882734005e-05 8.966463004421841e-06 -1.047204694539421e-05 9.912914742026824e-07
-6.232303947501006e-05 1.331440117607585e-05 -1.096856352566366e-05 1.497416908283121e-06
-5.832215950695201e-05 1.757861004614113e-05 -8.754783621004500e-06 4.824668808161893e-06
-5.831782270693412e-05 9.046178879284269e-06 -9.658186146808205e-06 -1.465069399976191e-06
-5.434963201244606e-05 1.330852837401871e-05 -6.836081030437310e-06 1.543600292266981e-06
-5.044582928455866e-05 1.746577037369448e-05 -7.583662806753989e-06 7.276405143462765e-07
-5.044997340212529e-05 9.151373528254388e-06 -7.115883878332329e-06 1.807082391858849e-06
-4.657806828685559e-05 1.330986620107066e-05 -8.278657616031496e-06 1.315600211135420e-06
-4.278045278605335e-05 1.734526867313229e-05 -6.950587281162293e-06 3.698838918012271e-06
-4.277933296835346e-05 9.276204670778156e-06 -5.711835590689956e-06 -1.073408868722071e-06
-3.916931145409257e-05 1.330893487840393e-05 -4.542351062834190e-06 -2.400407449736117e-07
-3.564470585825049e-05 1.720331305545555e-05 -3.946393734304276e-06 2.337669848680344e-06
-3.564132543257660e-05 9.418472332698087e-06 -5.965498436570024e-06 5.890372560326040e-07
-3.302749896492126e-05 1.359999555605407e-05 -4.351683595805182e-06 1.788019309344986e-06
-3.044865360601715e-05 1.706028097492357e-05 -3.745848953806201e-06 7.694635294546635e-07
-3.044304385480997e-05 9.563133139433982e-06 -2.720788166081408e-06 1.034411906920278e-06
-2.679497842672743e-05 1.694310583121270e-05 -1.187357784685997e-06 1.611276421981446e-06
-2.747301157873273e-05 1.455865743099562e-05 -2.071040360553594e-06 4.422446795577075e-07
-2.679164361795968e-05 9.646067596147532e-06 -5.621715748155131e-06 8.604398202133607e-07
-2.420284852277980e-05 9.739960106853391e-06 -6.116083864801683e-06 3.281181036613472e-06
3.542594832392146e-06 4.988051653749029e-07 -3.805828586228338e-05 1.857311886940200e-05
3.588074728018882e-06 3.552222182644544e-07 -2.286563962577627e-05 7.639000033302924e-05
3.574138704722174e-06 -2.932366137895764e-07 -1.549098694310443e-05 -3.010419772590125e-05
3.524334774213929e-06 -4.276620476916255e-07 -2.932677576008994e-05 -3.178474497516284e-05
-2.419297424640595e-05 1.686069564712848e-05 -1.600749048863093e-06 2.350715817769416e-06
-2.190444976458030e-05 1.665725904261870e-05 -1.130360976784452e-06 3.202677194347570e-06
-2.364655069076063e-05 1.241555077301429e-05 -4.077764802529729e-06 1.921606965054435e-06
-2.188013513229415e-05 9.643400996844249e-06 -1.077895792955655e-06 3.152576463645913e-06
3.417812696012397e-06 5.601158651545071e-07 2.029780550363349e-05 -4.023668725572321e-05
3.002189350119723e-06 1.455302977595325e-08 1.668777674774948e-05 2.873201222644140e-06
3.402002476096784e-06 -4.907729845483847e-07 -3.155350160812324e-05 -3.304694318910455e-05
-2.115784351273971e-05 1.447704143783131e-05 -1.738787195258510e-06 2.032996137061735e-06
-1.969139798693072e-05 1.618114195636072e-05 -3.875269487610026e-06 2.608873860414715e-06
-1.760399072379631e-05 1.549156711536073e-05 -3.795615143680332e-06 3.910275901045647e-08
-2.047431118236997e-05 1.154826788864934e-05 4.118363895857701e-09 1.133064210204955e-06
-1.971093384136289e-05 9.183515839956054e-06 6.812311006703642e-07 -2.532801691282705e-06
2.226685038039462e-06 6.375035993664221e-07 -9.681401386213442e-06 6.403142489093250e-07
2.205513000070688e-06 -5.323475570430153e-07 5.126556499922837e-06 6.414415742557780e-06
1.609342413833015e-06 -1.320137843636031e-08 -3.474474422905198e-06 2.586310086783906e-06
-1.566724414281285e-05 1.456301099900277e-05 -2.671284914726939e-07 -1.649078955912136e-06
-1.730964323348585e-05 1.329676821216030e-05 -1.791733466986769e-06 -1.890829409112207e-06
-1.802564284712835e-05 1.059612848437868e-05 -3.226553433863842e-08 -6.640485257210457e-07
-1.772843223694174e-05 8.394274515522010e-06 -1.595015109191068e-06 -1.560342258585506e-06
9.665917974457007e-07 7.157850292246878e-07 6.580912417522063e-07 1.082903318480851e-06
9.958731941285853e-07 -6.309721987717493e-07 -2.994466915795415e-06 -1.439399066762095e-05
2.388532855678935e-07 -9.423369436867008e-09 6.096155195490368e-06 1.482465839552847e-05
-1.387839336495922e-05 1.345939727952102e-05 1.354954619803605e-06 4.431994179766899e-07
-1.229791335453330e-05 1.219809782014286e-05 2.194994607252384e-07 -5.425896567841960e-07
-1.555197719051702e-05 1.018770754131582e-05 -2.702182369215261e-07 3.710998499785883e-06
-1.598355818887021e-05 7.316023523277329e-06 -1.000977916394896e-06 2.303860499672209e-06
-5.802786111433073e-07 9.589880985387391e-07 -5.075121677617346e-06 -8.262391378485884e-06
-5.951723447446697e-07 -8.733063740499737e-07 1.301981843111840e-06 -4.052445985903453e-06
-1.270034503563941e-05 1.030969256464569e-05 -7.549262334871180e-09 7.632443765139125e-07
-1.091753932139308e-05 1.077982951618692e-05 7.919061264459801e-07 -9.862471220672439e-07
-1.336250677764054e-05 8.240640258590936e-06 -2.794317436586741e-06 1.827001016960394e-06
-1.450863064921707e-05 6.021657985432870e-06 3.022839991192985e-06 -4.071425575749527e-07
-1.533576358840843e-06 9.342411996401914e-09 3.333913068065952e-06 1.496975858411513e-06
-2.627537638419546e-06 1.285694351724311e-06 -4.010145723421978e-06 5.803033144948438e-06
-2.616182717164182e-06 -1.210083716684886e-06 -2.848507472522265e-06 6.422552741607816e-06
-9.716205470182775e-06 9.264964052277241e-06 8.262191475163750e-07 2.351179769046490e-06
-8.754279521450783e-06 7.709098620997541e-06 -1.366632951048343e-06 1.264530259729799e-06
-8.013705978212026e-06 6.075462326438450e-06 -4.129076023537787e-06 -1.198275502220753e-06
-1.202812512106327e-05 6.419997638091667e-06 -5.041555594174766e-06 1.626835020158062e-07
-1.334732640693920e-05 4.588780724919671e-06 -9.867553976829565e-08 2.555716727873028e-06
-3.497130072513944e-06 5.214290118025007e-08 7.091514080445460e-07 -3.194051680856655e-06
-4.594347256716867e-06 1.606199713844359e-06 4.773319841455666e-06 -5.781390416095631e-06
-4.601301427514011e-06 -1.559388086139865e-06 -2.162437125210769e-06 5.881640922841453e-06
-9.632242712022720e-06 6.067327197818030e-06 -3.109368165489257e-07 5.182090188628484e-07
-7.461864865564292e-06 4.414415940562099e-06 -4.079706014115590e-06 -3.991743147128484e-06
-6.363294659342787e-06 1.892074889386545e-06 7.278506212984875e-07 -8.613377039972386e-06
-6.891501576031254e-06 2.183984228363882e-06 -3.539779539039256e-08 -8.746366668690757e-06
-7.163120261064131e-06 2.764960980282839e-06 -2.659278492355602e-07 -6.589320816282612e-06
-1.110489463591531e-05 4.377367938637637e-06 -5.951881231158637e-07 5.785268208654954e-07
-1.247649860895491e-05 3.071400151547751e-06 -5.345846910183198e-07 -4.623007524911514e-06
-5.562903456147299e-06 2.864872907556545e-07 -9.742342014827952e-07 7.511274042033195e-06
-6.403815519157023e-06 -1.800738684473129e-06 7.555493143240057e-07 -7.367756970686654e-06
-8.576226514156677e-06 3.257816462729937e-06 2.883564749758543e-06 1.339804338053600e-08
-6.928664217035616e-06 1.055011192329455e-06 -1.536872837300559e-06 -8.265661289009240e-07
-7.548302754643267e-06 1.986177458780246e-06 1.650287796087783e-06 -5.375930746287169e-06
-1.044700211593604e-05 2.591400801796683e-06 -2.383845694762997e-06 8.193932691712619e-07
-1.192313077289030e-05 1.547695331278294e-06 -1.506293599928018e-06 -3.679928131427017e-07
-6.984012130571902e-06 -7.373332046119034e-07 -5.110991057269930e-06 2.200309986307742e-06
-6.924980780934143e-06 -2.057195689128583e-06 8.511334986362756e-06 -1.043460553451896e-05
-8.938653949069974e-06 6.600282742890388e-07 -6.676686257307804e-07 9.134761483939491e-07
-1.173399466748982e-05 3.323447544820956e-08 4.332923138111552e-06 -5.204090110676550e-06
-1.184976191264199e-05 -1.446810845692452e-06 -2.853908459124632e-06 -3.329643330677474e-06
-8.043805825209532e-06 -1.699145562581512e-06 -5.999302058395988e-06 -1.368872232744794e-06
-7.233779740087687e-06 -2.616294737880021e-06 1.516966304442112e-05 -1.065617687537263e-05
-7.624322960536733e-06 -4.174204848718610e-06 1.175605426281653e-05 -1.987419225992465e-06
-1.037491434465455e-05 -1.647898979910299e-06 3.128771230934705e-06 -1.462542583766117e-07
-8.179855540326342e-06 -5.661816269192474e-06 5.901131942365141e-08 -1.122192780554909e-06
-1.226786820449763e-05 -2.930977268232915e-06 -1.186552364369550e-05 6.937522571951753e-07
-9.018179314803624e-06 -4.238156649804584e-06 -9.554224557040447e-06 3.299152740900750e-06
-1.106882532146791e-05 -4.352191662634333e-06 6.992055322465802e-06 -4.866421335631384e-06
-8.893896178103546e-06 -7.069096120885349e-06 -2.971698792565387e-06 -2.596875818143206e-06
-1.295888528314316e-05 -4.342821084201010e-06 -5.691967797328954e-06 2.290634128955263e-06
-1.235626341155755e-05 -5.733883380047131e-06 7.322236008831609e-06 -4.022618407831604e-06
-1.096288787829835e-05 -6.589268782963030e-06 2.639661453014343e-06 3.502393205861626e-06
-9.806317983585056e-06 -8.412044984047003e-06 6.847895337445771e-06 -9.695317718804390e-06
-1.085070769164654e-05 -9.636395394147018e-06 1.281208261064375e-06 9.188629715752584e-07
-1.391041200266589e-05 -5.649088060622849e-06 -5.627651038037823e-06 -7.928698178992362e-07
-1.320809315320240e-05 -7.264436211818787e-06 1.429430083293064e-06 -1.018272698265757e-07
-1.238297217948388e-05 -9.145980527201577e-06 -4.229948237668687e-06 4.089031394155466e-06
-1.202987006323846e-05 -1.075689624330607e-05 -4.622671455433190e-06 1.971378111299964e-06
-1.506967404310094e-05 -6.771386134557921e-06 -4.477374789822968e-06 -2.316115206582876e-06
-1.471318974499996e-05 -9.138384810128704e-06 -3.666147558189734e-07 -2.751900474503884e-07
-1.335078177578979e-05 -1.173862646480521e-05 1.062549000040588e-06 -1.993445001102841e-06
-1.479309168744549e-05 -1.256209092487956e-05 -5.905888257061576e-07 -7.104060080319233e-07
-1.632839177179817e-05 -1.322953540608597e-05 -2.573150616465047e-06 2.514034399956173e-06
-1.645221555704152e-05 -9.640919943283788e-06 2.225796951650145e-07 -1.560114103301247e-07
-1.643937616477556e-05 -7.697162931267242e-06 3.939599908410415e-07 -3.685937989035840e-06
-1.611152202483594e-05 -1.156190316080278e-05 -2.178317926876034e-06 3.856808838790715e-07
-1.793561598232237e-05 -1.371966076974024e-05 1.760173119018514e-06 1.609671188933194e-06
-1.960253323331428e-05 -1.402700930123275e-05 1.289919912897341e-06 -2.243638712611798e-06
-1.783720916894967e-05 -1.007099382415104e-05 -6.444279881817576e-07 -3.806101616790652e-08
-1.796690550812758e-05 -8.377276055076672e-06 6.446198019048659e-07 -7.491546786801222e-07
-2.130157361874360e-05 -1.414034290787928e-05 -2.982164289040543e-06 -1.888760852556579e-06
-1.940449289459282e-05 -1.163823149785378e-05 1.249791728169458e-06 1.104212758664392e-07
-1.959936422998862e-05 -8.789097933812476e-06 -1.651490316372012e-06 -1.230112689495265e-06
-2.167131485349570e-05 -1.189481786279714e-05 -8.465167123635914e-07 -5.582009642049401e-07
-2.318876244736679e-05 -1.416710464124155e-05 -2.189817904056818e-06 -2.016588975332631e-07
-2.128771683505942e-05 -8.917299756363419e-06 1.314261444846681e-06 -1.422056871331884e-06
-2.580328367792832e-05 -1.418723178476503e-05 6.257166260710818e-07 -2.869719308053820e-06
-2.373649655256911e-05 -1.061321680080798e-05 4.408362039632250e-07 -5.466793407804975e-07
-2.319127873148333e-05 -8.894250716178502e-06 5.764467021178112e-07 -5.110395098147847e-07
-2.942540069033916e-05 -1.420710757249981e-05 -1.499594714245346e-07 4.544834037998761e-07
-2.762853258911737e-05 -1.131981312530320e-05 -5.692569869995278e-07 7.038172144751079e-07
-2.580750818582293e-05 -8.870866877823154e-06 -1.288780011486528e-06 7.595825623947647e-07
-3.424882296427983e-05 -1.423271440302040e-05 7.559270676663566e-07 -6.867464147405099e-08
-3.183058299933207e-05 -1.152900316928273e-05 5.022873746545518e-07 -8.194911842424869e-08
-2.942757922390020e-05 -8.850725696728560e-06 7.876101445678204e-07 1.120486484151026e-06
-3.932590477367511e-05 -1.426479430368477e-05 7.059231851848275e-08 -1.292047139168682e-06
-3.677669116906258e-05 -1.153051899323154e-05 4.000684775725145e-08 4.118031503126504e-08
-3.424767177685945e-05 -8.827359363164625e-06 2.485214763400943e-08 -7.760248652729427e-07
-4.445259141214595e-05 -1.428399480263348e-05 1.092364678099964e-06 -1.176359844130635e-06
-4.188487289783164e-05 -1.152733582370946e-05 1.056738891994956e-06 -1.055365072510890e-06
-3.932798222348363e-05 -8.793802790816449e-06 1.960919309948241e-07 -3.430036427782634e-07
-4.959534352726362e-05 -1.430456212420991e-05 1.528581581297806e-06 2.648489117227994e-06
-4.701757132725218e-05 -1.153281392463242e-05 5.148076180452389e-07 -1.472635024492583e-07
-4.444923545078271e-05 -8.774195137542199e-06 1.328600335697231e-06 -6.318603490427713e-08
-5.480095436678389e-05 -1.432841174488984e-05 1.754120503199707e-06 -2.795792979685741e-07
-5.218831490200707e-05 -1.153611616319278e-05 2.257278227518212e-06 3.275155598789312e-07
-4.959598154374300e-05 -8.766376846000984e-06 1.167658400896691e-06 -1.932992506447880e-06
-6.003668484444522e-05 -1.434423131404728e-05 1.764955315058749e-06 8.410689216649121e-08
-5.741601684647634e-05 -1.153470519772032e-05 1.308255872672351e-06 -1.994321427921665e-07
-5.479986326151988e-05 -8.744377342862524e-06 1.498238729165559e-06 -4.220966197327932e-07
-6.532157370240778e-05 -1.437672488025869e-05 4.740737477999567e-06 1.067254116742239e-06
-6.266726147302822e-05 -1.152736010652248e-05 3.534223895029193e-06 -6.820594783395094e-07
-6.004080285314891e-05 -8.716036239223800e-06 2.868034387012710e-06 -1.318880920414282e-06
-7.066747965391719e-05 -1.439569190115740e-05 3.905948992960295e-06 7.305966627823030e-08
-6.798838046843616e-05 -1.152778843699599e-05 3.811352290207703e-06 1.022836493541418e-06
-6.532087626995625e-05 -8.678087427784002e-06 3.104936505350000e-06 -4.054011428690018e-07
-7.602574965737336e-05 -1.440052206150488e-05 7.685200543559540e-06 -1.962800971000638e-06
-7.334601110339439e-05 -1.152785320693735e-05 6.462578435492730e-06 -2.455858830362568e-07
-7.066680685309121e-05 -8.660168074797361e-06 4.862610688630905e-06 7.895324677552390e-07
-8.754581681692085e-05 -1.408778578936953e-05 1.040581338223676e-05 -9.462210676720913e-07
-8.678134827747651e-05 -1.440412521484408e-05 1.093708067432716e-05 -8.021036130095963e-07
-7.842968824804405e-05 -1.152487320805498e-05 8.017690912990712e-06 -8.866217530674149e-07
-8.139422634630993e-05 -1.440052458005180e-05 1.060279325278601e-05 2.786247744419361e-06
-7.602745890885229e-05 -8.652254426196658e-06 8.018591296005692e-06 6.621671706345090e-07
-8.786251967421258e-05 -1.332383050431790e-05 1.015111801855209e-05 -9.150329678979602e-07
-8.605218733107250e-05 -1.152269195235358e-05 1.206296881672801e-05 1.022182479226319e-07
-8.139459843772011e-05 -8.646755132947047e-06 1.013293229238163e-05 -3.880974715581990e-06
-8.786242755167011e-05 -9.721576653520686e-06 1.028681252544142e-05 1.089356314204102e-06
-8.678136499567210e-05 -8.641471781774711e-06 1.091637698073660e-05 7.379462265730881e-07
-8.754575033213577e-05 -8.957746655742018e-06 1.050421154748245e-05 9.588118448927111e-07
