-1.196314610383159e-04 1.670780835773477e-05 -3.113746756085812e-05 4.379987942317288e-06
-1.201057282029007e-04 1.556289463079408e-05 -3.128286052376949e-05 4.020822335238062e-06
-1.201057292587723e-04 1.016546067961053e-05 -3.124351519544763e-05 2.316733266369388e-06
-1.196314610858741e-04 9.020522583484754e-06 -3.109562369937410e-05 1.964522096248112e-06
-1.184864942453319e-04 1.718203229866765e-05 -3.078210060522939e-05 4.528940952737398e-06
-1.163389439647051e-04 1.286415743238891e-05 -3.007506099611783e-05 3.163649347937040e-06
-1.184864863257392e-04 8.546283458204038e-06 -3.074148888300194e-05 1.818856888282799e-06
-1.104251263434395e-04 1.718097206786822e-05 -2.823447340649354e-05 4.476568986641998e-06
-1.104249841285567e-04 8.546800182181961e-06 -2.820340466988972e-05 1.852108495973909e-06
-1.059750016850691e-04 1.286349157769111e-05 -2.693009160193131e-05 3.161847181389887e-06
-1.023656979015227e-04 1.717734594865186e-05 -2.581618147215442e-05 4.501731530677531e-06
-1.023654579558587e-04 8.549381782220872e-06 -2.584524144274968e-05 1.919317636500248e-06
-9.833774013499930e-05 1.286255950593086e-05 -2.460986395454342e-05 3.167112375070600e-06
-9.431389575976976e-05 1.716864299162364e-05 -2.349865057378400e-05 4.417925502323410e-06
-9.431436207441691e-05 8.556392784945713e-06 -2.364962278133843e-05 1.908509474493073e-06
-9.029346017238487e-05 1.286159524942840e-05 -2.215799316796734e-05 3.168701802713779e-06
-8.628159459404052e-05 1.715097278477324e-05 -2.118709241393577e-05 4.485535872293766e-06
-8.628281231594784e-05 8.571655668682825e-06 -2.141479834269264e-05 1.860054493321937e-06
-8.227731081578142e-05 1.286053042627719e-05 -1.959679070563924e-05 3.160240372358679e-06
-7.828994250148084e-05 1.711925011033702e-05 -1.859884358160277e-05 4.543196849466559e-06
-7.829116656019649e-05 8.600181913163721e-06 -1.882696151529180e-05 1.751594653339805e-06
-7.431517878034790e-05 1.285932371146202e-05 -1.703672823037082e-05 3.148391964298307e-06
-7.036891151331571e-05 1.707007490997434e-05 -1.596395850568105e-05 4.455571855478757e-06
-7.036912488876821e-05 8.646167950652649e-06 -1.610680862464085e-05 1.864379524316292e-06
-6.644011527697986e-05 1.285772035899620e-05 -1.469916348551369e-05 3.183628533773715e-06
-6.255390570807624e-05 1.700030260080496e-05 -1.359640878696343e-05 4.291964161177439e-06
-6.255336068341533e-05 8.712695865927083e-06 -1.365784563038766e-05 2.018482586506165e-06
-5.869125698696723e-05 1.285581909402564e-05 -1.262940913364619e-05 3.266662903178738e-06
-5.488609525297452e-05 1.690776011176350e-05 -1.174090561555714e-05 4.148522948813025e-06
-5.488540198754404e-05 8.801644640512711e-06 -1.171014310453053e-05 2.241105833523110e-06
-5.111158984949921e-05 1.285369107266782e-05 -1.089374265976693e-05 3.271822085202356e-06
-4.740911318357149e-05 1.679210769780314e-05 -1.011101698163552e-05 4.114360268950004e-06
-4.740850201637678e-05 8.913158783578668e-06 -1.010212980193670e-05 2.404876226931871e-06
-4.374425681546163e-05 1.285143162935412e-05 -9.304525706109173e-06 3.276648768698030e-06
-4.016450706280954e-05 1.665426782559755e-05 -8.511721877434624e-06 4.076470214698891e-06
-4.016335028296510e-05 9.046792190270520e-06 -8.531449138656917e-06 2.450315039471590e-06
-3.676918795119828e-05 1.284810758743084e-05 -7.771120319550449e-06 3.269805989801906e-06
-3.346620229074552e-05 1.649965138126258e-05 -7.036906514987333e-06 4.038362732712976e-06
-3.346439934993428e-05 9.202138961763020e-06 -7.026925352085411e-06 2.503609532564478e-06
-3.101436265577729e-05 1.312351193597616e-05 -6.486179677940124e-06 3.332532991687723e-06
-2.859918331214144e-05 1.636010294171111e-05 -5.934926176321935e-06 4.046377685496954e-06
-2.859457430752241e-05 9.342066587726767e-06 -5.949231896530184e-06 2.522656610725825e-06
-2.518731006458203e-05 1.624216368765517e-05 -5.173796157996545e-06 4.041000405234053e-06
-2.581738839655812e-05 1.401764774669347e-05 -5.315552331369352e-06 3.550044462854418e-06
-2.518121400015659e-05 9.429055533454204e-06 -5.172723961884367e-06 2.537724818963278e-06
-2.277167201406789e-05 9.520419954583970e-06 -4.653140652052373e-06 2.559928398255091e-06
3.373239611735001e-06 8.566159664936369e-07 5.825470506847872e-07 6.360514371552575e-07
3.441400393418392e-06 6.925249276224415e-07 6.006444940197910e-07 5.926956614710978e-07
3.440956968731738e-06 8.175258282992321e-08 6.012273973648881e-07 4.318129035950769e-07
3.373155263405284e-06 -7.983964119328436e-08 5.834941610336975e-07 3.893879115501692e-07
-2.276324744594793e-05 1.616089152417900e-05 -4.649297271553097e-06 4.031675537647152e-06
-2.063399053145562e-05 1.596648939822552e-05 -4.202343503282661e-06 3.982320302850820e-06
-2.225371118440332e-05 1.201579366586110e-05 -4.541704504589367e-06 3.108231896723520e-06
-2.060811761985152e-05 9.428474968207240e-06 -4.192778182386188e-06 2.539188769827691e-06
3.209895427756037e-06 9.245705640751701e-07 5.390447526508250e-07 6.540941666926416e-07
3.045349322503322e-06 2.548817547996963e-07 4.946752514918062e-07 4.791056297421434e-07
3.211400830272596e-06 -1.471489939800941e-07 5.408222425720814e-07 3.727075344208106e-07
-1.993761761439504e-05 1.393550882911571e-05 -4.054075009235329e-06 3.536041636359804e-06
-1.857373987128446e-05 1.551924797982343e-05 -3.763132460973735e-06 3.881712717881053e-06
-1.662819919302461e-05 1.487523064597843e-05 -3.342085822410839e-06 3.734598956850746e-06
-1.929920850156277e-05 1.120294945652725e-05 -3.916772979158709e-06 2.923527239649785e-06
-1.858703513579180e-05 8.999795939243035e-06 -3.766516954850670e-06 2.447165344463936e-06
2.103015664063838e-06 9.430354019987784e-07 2.428484603876783e-07 6.613898850082109e-07
2.102448917155139e-06 -1.653365994232263e-07 2.483081546272738e-07 3.886903599769753e-07
1.529194140422988e-06 3.891340434968165e-07 1.085389815883186e-07 5.335343624006018e-07
-1.482326974927108e-05 1.400923639797596e-05 -2.951552334646757e-06 3.540655302664941e-06
-1.635307388033662e-05 1.283096821078377e-05 -3.282438046714796e-06 3.282456621595804e-06
-1.701831276966606e-05 1.031598685565160e-05 -3.431085766671074e-06 2.733054437659971e-06
-1.674193999169447e-05 8.266116227086217e-06 -3.377676157653397e-06 2.295452082187049e-06
9.083435291314690e-07 1.044106269368243e-06 -2.702437284539311e-08 6.744678115280819e-07
9.087014789956661e-07 -2.648844303137192e-07 -2.327313823930907e-08 4.077274876086856e-07
2.038656791857715e-07 3.900214741359155e-07 -1.578046258132370e-07 5.483431204495117e-07
-1.315646726450610e-05 1.298233339423820e-05 -2.595676728352119e-06 3.321942916043663e-06
-1.167300440621803e-05 1.181070957650390e-05 -2.278920801733198e-06 3.073228935984910e-06
-1.471854862931381e-05 9.935372423114785e-06 -2.940462518999170e-06 2.660026525261593e-06
-1.511776782843808e-05 7.250839417913266e-06 -3.033393062591561e-06 2.080909045389756e-06
-6.024424994534852e-07 1.261136448280449e-06 -3.059685627340957e-07 7.194109098198854e-07
-6.023439966760010e-07 -4.804666052632841e-07 -3.010795143065179e-07 3.952736506430394e-07
-1.205150202989619e-05 1.004920684953578e-05 -2.362349407511087e-06 2.694577140852421e-06
-1.037829637009309e-05 1.049201269010549e-05 -2.000522639602264e-06 2.792132882788566e-06
-1.267350768718598e-05 8.111070236830467e-06 -2.500436926784680e-06 2.271510044161986e-06
-1.374963817541907e-05 6.033443549207478e-06 -2.735083180377059e-06 1.808930232317244e-06
-1.487354042499574e-06 3.908439060438823e-07 -4.673400325416417e-07 5.690268096339836e-07
-2.536125229660511e-06 1.572779792653687e-06 -6.697848850089365e-07 8.060864268797803e-07
-2.534191319146985e-06 -7.930427732236601e-07 -6.557016073580640e-07 3.693270929324435e-07
-9.250575951974370e-06 9.075413766587965e-06 -1.757786665929155e-06 2.484934350148563e-06
-8.343016403020819e-06 7.613226435314390e-06 -1.564746764596426e-06 2.148448996033636e-06
-7.641300703814046e-06 6.078089176998589e-06 -1.435421041771206e-06 1.800362364094214e-06
-1.141593930276479e-05 6.402071737603654e-06 -2.224121024044757e-06 1.884294376252837e-06
-1.266064844155376e-05 4.676267652210890e-06 -2.488244943159064e-06 1.498365745162108e-06
-3.377413705920700e-06 3.949550174165082e-07 -8.207941730803239e-07 6.051054582387115e-07
-4.406058919844775e-06 1.878173057008751e-06 -1.013860878709434e-06 8.856477327182817e-07
-4.406612591519484e-06 -1.111444735137119e-06 -9.974235850476302e-07 3.566404127781424e-07
-9.168625183281500e-06 6.069330470692182e-06 -1.746871493181904e-06 1.798166494916133e-06
-7.116954970251234e-06 4.519328081883796e-06 -1.352610643140529e-06 1.446375820187767e-06
-6.087581981586102e-06 2.135584659389285e-06 -1.277509286824489e-06 9.437178106329510e-07
-6.569129568981578e-06 2.399074879443735e-06 -1.333894975794066e-06 9.970098659901274e-07
-6.817074374262221e-06 2.943118633969840e-06 -1.348227701502963e-06 1.108166680927487e-06
-1.054611899528792e-05 4.480153057490733e-06 -2.030975849625221e-06 1.444050464943379e-06
-1.184901544099676e-05 3.242743406826494e-06 -2.293071995787892e-06 1.181783164763194e-06
-5.329501727352058e-06 6.136000592738708e-07 -1.166956280533331e-06 6.794878803069350e-07
-6.116349382779947e-06 -1.342460225336156e-06 -1.309873613625156e-06 3.500861739061683e-07
-8.177641877338109e-06 3.422178460518889e-06 -1.576101857644626e-06 1.203596849908027e-06
-6.613595775299520e-06 1.347173863731758e-06 -1.358925271650198e-06 8.119454419129708e-07
-7.184549334569988e-06 2.210896013496193e-06 -1.427642798416515e-06 9.659368427605235e-07
-9.933934916566393e-06 2.800895719989517e-06 -1.907514968109580e-06 1.083306373861369e-06
-1.133637171577708e-05 1.797341060145797e-06 -2.158999906826547e-06 8.917387276231525e-07
-6.666943009346238e-06 -3.424589806464443e-07 -1.396968896288244e-06 5.233359413193182e-07
-6.611602004756278e-06 -1.594071560356269e-06 -1.411316171038344e-06 3.167598278060940e-07
-8.507468369859198e-06 9.776161361864449e-07 -1.661235268144982e-06 7.351449036695751e-07
-1.115023824195097e-05 3.652549244115034e-07 -2.103451699933630e-06 6.294219624238736e-07
-1.125509617846000e-05 -1.028676445431349e-06 -2.071545617631662e-06 4.005097328331593e-07
-7.675911454947922e-06 -1.261167039943161e-06 -1.576206456708891e-06 3.665147313498600e-07
-6.903024412733330e-06 -2.128330243226348e-06 -1.476995248744406e-06 2.493284627730935e-07
-7.266378579730481e-06 -3.591880790660348e-06 -1.577876558163512e-06 7.710611197786475e-08
-9.868814602053431e-06 -1.214622556111082e-06 -1.883042141125767e-06 3.560196090060960e-07
-7.798120658442607e-06 -4.994482315132783e-06 -1.694878697593690e-06 -3.931664247716182e-08
-1.165343535406871e-05 -2.430160021830290e-06 -2.068132420900684e-06 1.926310015375223e-07
-8.592381946961836e-06 -3.647937386161285e-06 -1.749810031478280e-06 5.464558598896192e-08
-1.053044304958503e-05 -3.758461175777846e-06 -1.944403733257982e-06 3.994897050037434e-08
-8.489075752907983e-06 -6.326628181917453e-06 -1.796328192554796e-06 -1.292580847700168e-07
-1.230763879529242e-05 -3.761174092544662e-06 -2.067488203972200e-06 3.808124717602158e-08
-1.173937841227182e-05 -5.061462344172398e-06 -2.012855273192628e-06 -6.829104570687786e-08
-1.041957414394018e-05 -5.869658787020849e-06 -1.944721672811081e-06 -1.126575703355519e-07
-9.330116159877400e-06 -7.582816614102898e-06 -1.891118950280616e-06 -1.718086852454366e-07
-1.032120602705087e-05 -8.744233985263520e-06 -1.956200758613325e-06 -1.816801852713451e-07
-1.320083742778032e-05 -4.982681995195572e-06 -2.051567410604733e-06 -7.821013514044961e-08
-1.254177053728615e-05 -6.508364468277455e-06 -2.029574435250267e-06 -1.436384763193177e-07
-1.176962478966037e-05 -8.281115052138199e-06 -2.015356088725462e-06 -1.735461811212775e-07
-1.144146638864936e-05 -9.793932370380425e-06 -2.010656927653441e-06 -1.549259186055969e-07
-1.430185459200063e-05 -6.048432032869261e-06 -2.022380426987976e-06 -1.591051092107516e-07
-1.396440952613896e-05 -8.268423259902646e-06 -2.020153349389713e-06 -1.720861136071107e-07
-1.268474884778447e-05 -1.071100764161474e-05 -2.031922217409219e-06 -1.165125888342888e-07
-1.403585955512631e-05 -1.148652621791393e-05 -2.000930262984813e-06 -5.022690305339358e-08
-1.547158476212023e-05 -1.210877004998517e-05 -1.940446165029654e-06 3.304274236294405e-08
-1.559250383119307e-05 -8.742192058508884e-06 -1.951701168292131e-06 -1.651992605744552e-07
-1.558242285040569e-05 -6.921673256856308e-06 -1.961509144273632e-06 -2.056907607617509e-07
-1.527131696236099e-05 -1.054664695979595e-05 -1.968780288035233e-06 -8.293813062644116e-08
-1.697870815199152e-05 -1.256149318926134e-05 -1.827879141159023e-06 9.753359147353408e-08
-1.853465776461541e-05 -1.284181959755457e-05 -1.692439680012957e-06 1.459404842173390e-07
-1.688833111966478e-05 -9.148395374886361e-06 -1.859548412434948e-06 -1.530766949411557e-07
-1.700803249784395e-05 -7.565181152466386e-06 -1.851356113956749e-06 -2.394498361592284e-07
-2.011648593636472e-05 -1.294242815220163e-05 -1.534956321434494e-06 1.685454097585481e-07
-1.835480294469703e-05 -1.061652637498873e-05 -1.724958098559943e-06 -4.616461746376443e-08
-1.853390036501970e-05 -7.956578056226349e-06 -1.706141342452632e-06 -2.626200960016297e-07
-2.046562517549889e-05 -1.085382422767144e-05 -1.498199839221437e-06 -2.534147053896198e-08
-2.186741709453552e-05 -1.295403297371679e-05 -1.348864227376781e-06 1.647805159891356e-07
-2.011276385242387e-05 -8.084517985149220e-06 -1.540402697018209e-06 -2.764049834857921e-07
-2.428501397548355e-05 -1.296514677832447e-05 -1.099560068382249e-06 1.349616686283798e-07
-2.237276867574521e-05 -9.664816047865882e-06 -1.285054472664786e-06 -1.434902052010760e-07
-2.186667779261806e-05 -8.073083246796459e-06 -1.338922225241473e-06 -2.968435740187203e-07
-2.762767701078775e-05 -1.298127580058071e-05 -8.312255167487904e-07 5.213567841634346e-08
-2.596938059386573e-05 -1.032097561715826e-05 -9.348429722840743e-07 -1.123689369034604e-07
-2.428523056754907e-05 -8.059114999780861e-06 -1.087416102427948e-06 -2.989863457830521e-07
-3.206837899523469e-05 -1.299842728235163e-05 -5.938560298408807e-07 -3.650783168891730e-08
-2.984321079305810e-05 -1.051298333803508e-05 -6.921739299073281e-07 -1.406991414472406e-07
-2.762785801209282e-05 -8.043814415188909e-06 -8.136130645347264e-07 -2.821831583935878e-07
-3.672481964764061e-05 -1.301329831542401e-05 -3.637619750176074e-07 -8.768729864396583e-08
-3.439199861487211e-05 -1.051265779274603e-05 -4.750442368994879e-07 -1.887953987796108e-07
-3.206850420515106e-05 -8.027037085800127e-06 -5.783295420198530e-07 -2.922462575224740e-07
-4.140712728584330e-05 -1.302623397854544e-05 -1.308399804534529e-07 -1.584278136305109e-07
-3.906193785777133e-05 -1.051249280101496e-05 -2.329067830853668e-07 -2.353651932143149e-07
-3.672487357540256e-05 -8.011820616311203e-06 -3.487982391145017e-07 -3.368390158113230e-07
-4.611187297711066e-05 -1.303772517236254e-05 9.963727705352672e-09 -2.534674152485038e-07
-4.375594803978792e-05 -1.051245749222283e-05 -3.207578816610407e-08 -2.766811104843611e-07
-4.140713269132827e-05 -7.998699487241933e-06 -1.164504156273283e-07 -3.555609738444545e-07
-5.083704301563477e-05 -1.304834844167607e-05 1.380343570659201e-08 -3.207966007845355e-07
-4.847110900689778e-05 -1.051246489153735e-05 3.375979350874467e-08 -2.986186569765836e-07
-4.611186365170683e-05 -7.987199809160525e-06 1.737905906661508e-08 -3.258181353557215e-07
-5.558158217379014e-05 -1.305787231385352e-05 -7.840646811472475e-08 -3.368730460056933e-07
-5.320622114043395e-05 -1.051240464227006e-05 -2.442215437784646e-08 -2.965543146560097e-07
-5.083705901499455e-05 -7.976538416489806e-06 1.213607693997451e-08 -2.774806872573822e-07
-6.034302216990628e-05 -1.306524673835012e-05 -1.807867999867786e-07 -2.933313224510859e-07
-5.795986584360635e-05 -1.051222555398062e-05 -1.404698966219311e-07 -2.831875470489862e-07
-5.558164275628921e-05 -7.966775595996427e-06 -8.336963806915517e-08 -2.436507229501232e-07
-6.511619965624495e-05 -1.306945380304083e-05 -1.538976622650500e-07 -1.845231948363264e-07
-6.272824706917552e-05 -1.051197988049336e-05 -2.031462192018717e-07 -2.678197705386507e-07
-6.034311005157361e-05 -7.958959376112846e-06 -1.852087461758799e-07 -2.582217461626323e-07
-6.989414965062003e-05 -1.307046421735050e-05 9.525948311380527e-08 -6.047328798220220e-08
-6.750494821495059e-05 -1.051180059265320e-05 -6.895555550747607e-08 -2.451817512426699e-07
-6.511626360890215e-05 -7.954305752261768e-06 -1.607758462231542e-07 -3.302529106314506e-07
-8.012395570567880e-05 -1.278839468375019e-05 9.182420642554021e-07 2.027226845343810e-09
-7.944582850610047e-05 -1.306930312802792e-05 8.665286189863998e-07 2.351712162729804e-08
-7.203432210111292e-05 -1.051177414298048e-05 2.550455994569692e-07 -2.135831268858666e-07
-7.467124011764327e-05 -1.306970155030244e-05 4.861395959394134e-07 6.772857878046578e-09
-6.989415311255920e-05 -7.953087853572441e-06 8.355752434285549e-08 -3.975953408938764e-07
-8.040484256992366e-05 -1.211023905491815e-05 9.396367744832631e-07 -4.986789270254029e-08
-7.880031408710382e-05 -1.051186066966292e-05 8.139844072035416e-07 -1.759593090173351e-07
-7.467121002284440e-05 -7.953912782673293e-06 4.759448484204018e-07 -3.979847503800991e-07
-8.040483866991879e-05 -8.913489705314815e-06 9.388231017802504e-07 -3.002574480339755e-07
-7.944581579234482e-05 -7.954413142351061e-06 8.626882511761123e-07 -3.779818997819209e-07
-8.012394926083112e-05 -8.235325940178859e-06 9.165714374353806e-07 -3.549952006044863e-07
