6.152864769917649e-05 -6.999696413452003e-06 3.152699050726329e-05 -3.127355212362608e-06
6.180266756918082e-05 -6.337781454264281e-06 3.146457024740370e-05 -3.363778844932979e-06
6.180287927107963e-05 -3.218511493203109e-06 3.181745380179788e-05 -4.043364299773236e-06
6.152887408824608e-05 -2.556629838842732e-06 3.188546207136610e-05 -4.158657239231409e-06
6.086705069302281e-05 -7.273969899221324e-06 3.171186108728719e-05 -3.025731965756900e-06
5.962609252571162e-05 -4.778336949808898e-06 3.197573731895705e-05 -3.802285842066461e-06
6.086729527209249e-05 -2.282387617937376e-06 3.201918100241495e-05 -4.205853074953749e-06
5.620758827255940e-05 -7.273195836071867e-06 3.224280186658318e-05 -3.398091148538612e-06
5.620794053333468e-05 -2.285038205245804e-06 3.212800761965809e-05 -3.967654641680215e-06
5.364951337865317e-05 -4.779754737370360e-06 3.189418777311818e-05 -3.724158789700698e-06
5.158313290821021e-05 -7.252425011339528e-06 2.993006373293642e-05 -5.696743244592705e-06
5.158293880159676e-05 -2.306449520802471e-06 2.951764298833323e-05 -1.332651464871629e-06
4.927450654529642e-05 -4.778930611575179e-06 2.744740601759104e-05 -3.650456796909994e-06
4.697067847957490e-05 -7.232813551139863e-06 2.637298358787564e-05 -6.060113661457483e-06
4.696972010686651e-05 -2.321053200802079e-06 2.719301243844080e-05 -2.309333807095191e-06
4.467466744266453e-05 -4.774540258177258e-06 2.661489733179760e-05 -4.735243860959430e-06
4.240649229833218e-05 -7.190821895266267e-06 2.705611138666851e-05 -4.655623623559797e-06
4.240770014785968e-05 -2.354845399407622e-06 2.590957397708858e-05 -3.941265919838167e-06
4.015594085944773e-05 -4.772532427702843e-06 2.526158331248850e-05 -3.830635636551972e-06
3.792624460229478e-05 -7.149893470610441e-06 2.404926797827349e-05 -5.766728728972459e-06
3.792977934886818e-05 -2.399142680488538e-06 2.385546934804042e-05 -2.381383550894586e-06
3.571214692168941e-05 -4.777285047942358e-06 2.300223465401667e-05 -4.018426401710156e-06
3.353576482840307e-05 -7.090993990219257e-06 2.159055358410951e-05 -8.182626520411925e-06
3.353299622135763e-05 -2.460213541754944e-06 2.181707679329228e-05 2.377274082103445e-07
3.137990778330009e-05 -4.773213397874879e-06 2.001524311997533e-05 -3.905919455185867e-06
2.926017455328424e-05 -7.030080570091764e-06 1.930803724304112e-05 -4.109382611640388e-06
2.926479244276664e-05 -2.516611032282746e-06 1.966501394920780e-05 -3.733836337152338e-06
2.716223853035942e-05 -4.775031994441052e-06 1.913007923435281e-05 -3.756004364555736e-06
2.510970922387179e-05 -6.957604373402269e-06 1.890266453084068e-05 -4.730015819631596e-06
2.510481058876357e-05 -2.584360582588746e-06 1.770522268816655e-05 -3.682784724745343e-06
2.308055507297891e-05 -4.767322218962245e-06 1.667012503698668e-05 -3.813574284912493e-06
2.111355880570926e-05 -6.856502142473041e-06 1.435528713369206e-05 -5.068517652659613e-06
2.111261233210309e-05 -2.676722354135659e-06 1.571028511728974e-05 -3.637251432035070e-06
1.917375672851460e-05 -4.764756569051574e-06 1.406873769192948e-05 -4.468230766044241e-06
1.730174796546800e-05 -6.743443235147795e-06 1.323558128373670e-05 -5.548116749703108e-06
1.730040003616189e-05 -2.789464901312978e-06 1.185713729906831e-05 -3.195255371873571e-06
1.553446528241595e-05 -4.768145327821588e-06 1.176612993920303e-05 -3.237376358724267e-06
1.383304292568258e-05 -6.635904345591725e-06 1.118086461854678e-05 -4.930678424741868e-06
1.384019592081164e-05 -2.911766437339377e-06 1.223667457222058e-05 -6.210422749017162e-07
1.258189570243664e-05 -4.907537194769271e-06 1.010850389502692e-05 -4.256034189537297e-06
1.136469729193534e-05 -6.530519863410706e-06 1.002534776189249e-05 -5.493693242838731e-06
1.135733524772898e-05 -3.016916570397087e-06 8.626020942014943e-06 -4.159972098314198e-06
9.660245203382568e-06 -6.434313099569088e-06 9.976032680395429e-06 -5.401374735825761e-06
9.961142491706150e-06 -5.346356722675032e-06 9.590507403895599e-06 -3.570808773559401e-06
9.657979639306930e-06 -3.080902912633693e-06 8.130382956066918e-06 -2.700408394005695e-06
8.483265244867542e-06 -3.159838569731381e-06 8.073183519695497e-06 -6.155083717361461e-06
-9.671117925718042e-07 -1.732055477248840e-07 -3.029747303156125e-05 2.271352402884003e-05
-9.978076197022865e-07 -3.633055153756830e-08 -2.529085484573304e-05 7.642325225186872e-05
-9.440501660694771e-07 6.429532575622985e-10 -6.212826951140483e-06 -8.205617977761998e-05
-9.175628212693447e-07 7.884815739549779e-08 -5.051993195430870e-06 7.201786326545050e-06
8.475977430387869e-06 -6.363473855620460e-06 8.910621630227307e-06 -5.000464157254633e-06
7.454756841202081e-06 -6.247306135052825e-06 8.344347410861425e-06 -3.388949973536355e-06
8.216115169511888e-06 -4.361697541350166e-06 6.751547928037149e-06 -3.530813620561809e-06
7.432032453356236e-06 -3.157371744888213e-06 8.753636240609682e-06 -7.083798269716391e-06
-8.654925443998695e-07 -2.422349993170393e-07 -1.996507523337217e-05 -9.717340597820684e-06
-8.480890400396056e-07 -4.817337042634467e-09 6.761498349530070e-06 -1.919550273365141e-05
-8.472648176656702e-07 1.121096663736158e-07 2.897144333510530e-05 5.290880214785466e-05
7.113544539349407e-06 -5.269415739812336e-06 7.052777465810907e-06 -4.035350281795690e-06
6.488680376252526e-06 -6.003409434009719e-06 6.703523465276036e-06 -2.040394345480521e-06
5.603761668944852e-06 -5.679261497424439e-06 5.747101967914794e-06 -3.947896106699911e-06
6.809939804785771e-06 -3.996662152375207e-06 8.348814206753740e-06 -5.097875792314334e-06
6.484660464861918e-06 -2.997580298410446e-06 2.614310903708290e-06 2.807281436798475e-07
-5.977066604149061e-07 -1.797559983940714e-07 7.312742389402865e-07 9.792496825998048e-06
-5.951432154960010e-07 1.152720079664783e-07 -7.532656317465259e-06 6.912851698092822e-06
-4.731828040318703e-07 -4.675979880546452e-08 -6.687907927070040e-06 -2.482771159421788e-05
4.805296220073706e-06 -5.251365016785076e-06 5.119054618357001e-06 -4.815105180647366e-06
5.469457466332330e-06 -4.732742997785794e-06 5.569713601294000e-06 -6.325993545093588e-06
5.770030231481660e-06 -3.602534996260599e-06 5.004484378514758e-06 -1.710296795673899e-07
5.642904281860737e-06 -2.714159629290632e-06 5.480704908352098e-06 -4.500570991166371e-06
-2.704135664253060e-07 -1.997342300757156e-07 3.584233130078218e-06 2.103462834769302e-05
-2.737224958481292e-07 1.460978440568616e-07 1.242931064429490e-06 2.104558964551811e-05
-9.376284605352624e-08 -5.117997563870539e-08 6.866870983581604e-07 -4.069106309018525e-05
4.085961501719599e-06 -4.772209355268947e-06 2.872585114114774e-06 -5.232319757687211e-07
3.472777931747277e-06 -4.241839298448987e-06 2.901692247870154e-06 -3.801669450526994e-07
4.750345102719244e-06 -3.446334592471465e-06 3.277666582416848e-06 -3.702332322528361e-06
4.908870319703931e-06 -2.322058910045826e-06 -3.182531546955051e-06 -5.310066725190768e-07
1.318142592351186e-07 -2.552012890167063e-07 2.273436691863502e-06 1.493560291377107e-05
1.306890023430731e-07 2.164255031863467e-07 -3.617134545459401e-06 1.949797236628625e-05
3.627778370492538e-06 -3.482571768748279e-06 3.893844202140605e-06 -1.733782473541073e-06
2.965446588350051e-06 -3.658162143053230e-06 3.649843200712822e-06 -2.394368440633853e-06
3.876911881889620e-06 -2.686903725777284e-06 4.892894586858834e-06 2.274259262695705e-07
4.295683552296854e-06 -1.855837095778447e-06 5.557605268953153e-06 -2.113500136105515e-06
3.751659949513129e-07 -5.328353508860500e-08 -4.237564054536389e-07 -1.257541039595795e-05
6.771218175782925e-07 -3.558104271759931e-07 1.677395704609049e-06 -1.428754132880396e-07
6.707998947832131e-07 2.945110802282529e-07 -2.958502108121740e-06 -4.437839585013566e-07
2.536983111288081e-06 -3.064391331817637e-06 3.624851511343647e-06 -4.337900210228453e-06
2.230881741281356e-06 -2.491719286087698e-06 9.685790914626864e-07 -2.242875914469215e-06
2.022876482970410e-06 -1.900997396123461e-06 3.959429742567827e-06 -1.192960368791420e-06
3.384832760384458e-06 -2.010982171611657e-06 3.519864736000646e-06 -2.785100069734931e-06
3.836992614781999e-06 -1.371991023013959e-06 7.735781962543372e-06 1.094474373222997e-06
9.050224908751992e-07 -2.303079275047603e-08 6.062391402112836e-06 4.454761914897857e-06
1.189715391248381e-06 -4.604087157081666e-07 -7.751817576139170e-06 -7.055651960671624e-07
1.201363869758804e-06 3.983732678841762e-07 -5.721412796827400e-07 -1.176792186903267e-06
2.546924414889050e-06 -1.891945833960931e-06 7.596513400049619e-07 -1.887390414384487e-06
1.882501899245215e-06 -1.319904689905212e-06 5.091285347243459e-06 -3.203282971713182e-06
1.660117975604283e-06 -5.303202531731830e-07 8.643288185052158e-06 -5.027761510436263e-06
1.798202740057508e-06 -6.178399056105101e-07 -4.707105561739616e-06 4.555574581261307e-06
1.854425894221892e-06 -7.952321210161654e-07 -1.129470363195776e-05 8.941748683438145e-06
3.048965287963674e-06 -1.306217704003114e-06 -1.910191273461094e-07 -3.098439086369566e-06
3.489294036122067e-06 -8.846605464371892e-07 6.826325556251155e-06 3.435227525377635e-06
1.470714956358397e-06 -1.023117307512320e-07 5.471355648459395e-06 5.296713712946057e-06
1.722073738286788e-06 4.593284881757352e-07 2.161999390752155e-06 -5.880352506022242e-06
2.238627470956442e-06 -9.415627786580872e-07 6.828606816352231e-06 -1.261055625444198e-06
1.822447532868653e-06 -2.936878323302150e-07 3.711768582559466e-06 -5.448366141508942e-06
1.977715209654813e-06 -5.617852499989021e-07 -9.152739936747809e-06 6.999227030281272e-06
2.826437809398323e-06 -7.367952188068561e-07 4.746205824074681e-06 -2.109853926453086e-06
3.252681336081594e-06 -4.305924368165694e-07 4.144532160467202e-06 3.845057180325092e-06
1.863779115738912e-06 1.842974649558532e-07 3.253917232989837e-06 -1.126162349364193e-06
1.870153065823445e-06 5.353723759591250e-07 -1.399499589866048e-06 -7.549741420872560e-07
2.375942335753800e-06 -1.674952146589437e-07 2.902158510170992e-06 7.856200081832544e-07
3.147182630396740e-06 -1.633610179227282e-10 -7.120258583568234e-07 -1.790068285057376e-06
3.114255005867764e-06 3.865028485966207e-07 6.515082573318300e-06 3.967843753158287e-06
2.172095288264686e-06 4.590034285733915e-07 8.277738770728262e-07 5.245378537799162e-06
1.967871099470990e-06 6.740212059403194e-07 -6.898228392457393e-06 1.333211708459141e-06
2.102237030880697e-06 1.006174348293881e-06 -1.096779858473494e-05 3.738319502653637e-07
2.750326966435850e-06 4.581539988045737e-07 3.706807948287391e-06 4.236688473059859e-06
2.275588797429545e-06 1.295379588022930e-06 -4.141173958525609e-07 6.724745555633994e-06
3.158212621875182e-06 7.452844792621327e-07 1.066609597025603e-05 -4.550399777748502e-07
2.445812933375953e-06 1.027407696708227e-06 3.543377278332303e-06 -1.993553563145677e-06
2.876902161916806e-06 1.061171445037948e-06 9.674538060710193e-07 2.726851961727958e-07
2.458785320158582e-06 1.557555354579711e-06 1.603095168711158e-05 1.176718590970229e-05
3.244461255061309e-06 1.054733284602178e-06 8.070861629490713e-06 1.164707837532934e-05
3.107057604255879e-06 1.330944032875393e-06 2.338185709485051e-07 3.967252946642456e-06
2.870478897589822e-06 1.475509430090547e-06 -4.051046744440088e-07 -5.965944472007264e-06
2.667589472259702e-06 1.779968633472959e-06 -5.002503480627736e-06 4.354789172714465e-06
2.865184513005476e-06 1.910566772946428e-06 2.734379143492617e-07 9.817379423688389e-06
3.358404692927350e-06 1.319706639624292e-06 3.155570252242433e-06 5.514514728470052e-06
3.234947427454301e-06 1.580116434447172e-06 7.214126167804408e-07 -1.592206882122966e-06
3.116982406061891e-06 1.837198419571324e-06 5.154207555395033e-06 4.940869071949364e-06
3.069899869105388e-06 2.025586669567512e-06 7.876757257552563e-06 3.981490318105174e-06
3.481681948892783e-06 1.529317077917910e-06 1.549581543246127e-05 4.758120282623107e-06
3.418132030613022e-06 1.835959937562022e-06 2.444245557731760e-06 4.132408863802494e-06
3.249678229626740e-06 2.122450966479221e-06 2.647771369429044e-06 -2.311181760556313e-07
3.416651001077533e-06 2.163619877944405e-06 5.527567253543400e-06 5.993703546737488e-06
3.573646987525377e-06 2.173728995368095e-06 6.318287972445589e-06 5.102451977115659e-06
3.588708689375134e-06 1.889193925322434e-06 2.726669870367901e-06 4.102131741813689e-06
3.592864343083799e-06 1.681338790134946e-06 7.544350992272829e-06 6.815340495311965e-06
3.565372852077897e-06 2.059434084647301e-06 5.261479765883131e-06 4.917777900782522e-06
3.691579381331559e-06 2.181877801541473e-06 5.837311561972338e-06 3.199518023659696e-06
3.795508073573612e-06 2.163480424652454e-06 2.737030899579175e-06 5.188189164465056e-06
3.707203046940676e-06 1.932418750034199e-06 4.992700210616930e-06 2.878211285085803e-06
3.711870096162602e-06 1.790438554874576e-06 4.932046338120339e-06 4.620064751575217e-06
3.893863129777362e-06 2.125440756910553e-06 3.509052450088873e-06 7.793909599869997e-06
3.809330981870241e-06 2.038933156757217e-06 4.668422080393640e-06 3.198137476890442e-06
3.815402066355112e-06 1.872701252179349e-06 4.904977321292961e-06 3.316597991847051e-06
3.908609424519631e-06 2.044990678879069e-06 7.289930490925967e-06 4.005138651193968e-06
3.936026335895501e-06 2.082143386511019e-06 8.053284722283310e-06 2.618859295551200e-06
3.893989794938265e-06 1.917705785546942e-06 6.301551225655573e-06 5.179532212997334e-06
3.975853049640168e-06 2.046922160650390e-06 1.112751047194567e-05 5.151114812777091e-06
3.961425197168636e-06 2.007354255610303e-06 7.359580080304552e-06 5.552397778899053e-07
3.938305850006472e-06 1.957772908611901e-06 7.045582356237580e-06 2.323622049398910e-06
3.949449522804278e-06 1.962459077553373e-06 9.306352121740142e-06 6.801970771355317e-06
3.984198713047172e-06 2.018645345527644e-06 1.025607936182724e-05 5.684422053138925e-06
3.976287413812377e-06 2.009665233780146e-06 7.873450230754091e-06 2.746109892575376e-06
3.779332871904704e-06 1.892196195908134e-06 1.431696567639859e-05 6.440064285340330e-06
3.883233986965091e-06 2.018204447878010e-06 1.203206180001624e-05 2.828152685353973e-06
3.947699270260757e-06 2.078058010764290e-06 1.114095101650428e-05 2.159987478085266e-06
3.480613740574365e-06 1.831900757601873e-06 1.295040452031474e-05 2.292183778984352e-06
3.650680659590054e-06 2.022948281862477e-06 1.330451694555143e-05 4.210579605894533e-06
3.775662735298453e-06 2.147940868646247e-06 1.135662212126379e-05 5.473897817638189e-08
3.053144937791984e-06 1.762642750055140e-06 1.808502074392223e-05 3.928497331707784e-06
3.289498949473542e-06 2.018115412314616e-06 1.560419710883741e-05 2.549402573268082e-06
3.485338986902010e-06 2.211593875822273e-06 1.487720395620433e-05 4.417367152816405e-06
2.510787746213785e-06 1.704971632071004e-06 1.837318646629596e-05 7.048310886502603e-06
2.797650034553701e-06 2.016028137505592e-06 1.826488006678291e-05 4.177307124109403e-06
3.051639153134488e-06 2.271398759612809e-06 1.703496809166311e-05 3.189641977444633e-06
1.897078255596779e-06 1.658385144051014e-06 2.144912094852620e-05 4.681823312008454e-06
2.216939389360801e-06 2.009526015031949e-06 1.938540357121711e-05 3.929074378915845e-06
2.514222779115695e-06 2.320116681977182e-06 1.896570845387680e-05 1.396789276595286e-06
1.208084166453633e-06 1.629605271053769e-06 2.326679550414649e-05 2.057397941147482e-06
1.562630616656507e-06 2.010624557902157e-06 2.357394833175405e-05 3.701189478348172e-06
1.894882389977980e-06 2.359965490963503e-06 2.077306558219014e-05 3.025392379440726e-06
4.755490577552951e-07 1.610245801554034e-06 2.437160079288727e-05 7.988377988172103e-06
8.479208625763954e-07 2.011514099946593e-06 2.243467356183501e-05 3.125926886414928e-06
1.209891219238396e-06 2.393543761099112e-06 2.403211544305800e-05 4.065924651982369e-06
-2.937862586122260e-07 1.594227461902764e-06 2.677062718116570e-05 3.783888592202503e-06
9.536855099475640e-08 2.012844897848998e-06 2.653307055790841e-05 3.954315061984516e-06
4.733474246132914e-07 2.414871103688717e-06 2.386562969374511e-05 2.436990145969421e-07
-1.084339623945333e-06 1.583452770189619e-06 2.803140562482312e-05 2.765284887498730e-06
-6.858118238956220e-07 2.011161082684466e-06 2.728691957363050e-05 3.043764438241236e-06
-2.930105836690974e-07 2.428526452692130e-06 2.707232023809376e-05 3.097948588095783e-06
-2.789845873552585e-06 1.625395936353355e-06 3.450590771273273e-05 7.348717458639556e-06
-2.674009209719763e-06 1.578009854148666e-06 3.337839006685960e-05 7.525152444870587e-06
-1.437723357425565e-06 2.007544609160655e-06 2.860254833182240e-05 3.000170450742970e-06
-1.871122738492450e-06 1.582965573900650e-06 2.834838358270525e-05 3.558570810284153e-06
-1.081475615608010e-06 2.435345251937362e-06 2.832278711030982e-05 2.849781078593149e-06
-2.837883897912863e-06 1.740414646066342e-06 3.500179250495950e-05 6.629733934705498e-06
-2.563442027050171e-06 2.012252864002467e-06 3.157170176982970e-05 4.127829272804341e-06
-1.873530647355954e-06 2.433750410064377e-06 2.782184208484751e-05 3.572945153544040e-06
-2.837871537768286e-06 2.284703105550094e-06 3.471902263466640e-05 1.762577452191540e-06
-2.674866364892817e-06 2.445882095890721e-06 3.299076444160080e-05 7.755071671832665e-07
-2.790068869755410e-06 2.398909212410643e-06 3.418194385907432e-05 9.857815351670425e-07
