9.235232086390821e-05 -1.400158872437213e-05 -8.820337914994755e-06 -1.707617730511869e-06
9.268553946801034e-05 -1.319667054594916e-05 -8.753312098637028e-06 -1.338096737210373e-06
9.268517835526102e-05 -9.400185764815377e-06 -8.959065729568222e-06 7.314181847186683e-07
9.235195235616557e-05 -8.595495370991145e-06 -9.022178583181698e-06 9.905140572000357e-07
9.154767996819148e-05 -1.433493247294180e-05 -9.055130779656309e-06 -1.853675104144302e-06
9.004068271117962e-05 -1.129850044016387e-05 -8.815638945749080e-06 -3.398891535133506e-07
9.154738526580626e-05 -8.262283340051474e-06 -9.201627025014312e-06 1.082328156174613e-06
8.589816624448921e-05 -1.433136148528079e-05 -6.512443418239402e-06 -1.022494018057471e-06
8.589919626648863e-05 -8.269481147682194e-06 -6.584047505999511e-06 2.495006197880441e-07
8.277680682626806e-05 -1.130224376555688e-05 -8.819763252111453e-06 -3.263288812090083e-08
8.024982939487602e-05 -1.432407902717310e-05 -8.703460999702933e-06 1.307135192094742e-06
8.025023448385087e-05 -8.280408770080461e-06 -8.446202308878538e-06 -1.458095774023384e-06
7.743288473696408e-05 -1.130170117772017e-05 -7.302163384428228e-06 -5.327754128194905e-07
7.461635307086549e-05 -1.431744917805290e-05 -6.786297434895474e-06 3.358281087687157e-07
7.461324132689079e-05 -8.279712644686826e-06 -7.577343706401958e-06 -1.164107745052472e-06
7.179432662516365e-05 -1.129717332857658e-05 -7.150592048121663e-06 -4.231874528854644e-07
6.897377845481006e-05 -1.431793453302133e-05 -6.945500428401507e-06 -2.662058356721368e-07
6.897252988331529e-05 -8.277610621849925e-06 -8.074836162471663e-06 6.717895762035616e-07
6.615641419544320e-05 -1.129879085255766e-05 -7.296105905892719e-06 3.593794481756236e-07
6.334415423263431e-05 -1.431397224618381e-05 -7.538950482345655e-06 -3.091732048218417e-07
6.334600228200203e-05 -8.287427579723722e-06 -6.426255497378645e-06 9.270284750177916e-07
6.053912471915342e-05 -1.130204885750730e-05 -7.135344967118759e-06 -9.886472612014104e-07
5.774254533597829e-05 -1.429632392947362e-05 -6.371555269279675e-06 -4.636963083938853e-07
5.774216860116009e-05 -8.306234913410582e-06 -8.168606731365623e-06 -1.005136296413093e-06
5.494703087403188e-05 -1.130117847332741e-05 -5.979983107959276e-06 5.821551347270464e-07
5.215614123341847e-05 -1.428441351045883e-05 -5.008236390097476e-06 1.790906412598577e-06
5.215164486949220e-05 -8.309221908647050e-06 -4.947750120996292e-06 -6.911761141605251e-07
4.936358575987454e-05 -1.129320295770833e-05 -5.606474467218974e-06 8.815363178850528e-08
4.658903324152469e-05 -1.425743807540233e-05 -4.849396329751057e-06 1.625761917654148e-06
4.658957054948785e-05 -8.329849812892844e-06 -4.683636609669712e-06 -2.455226052034109e-06
4.382519523362264e-05 -1.129510019851949e-05 -2.909344485927084e-06 1.353537932051725e-07
4.107656248048002e-05 -1.423031251419145e-05 -4.839596908240858e-06 -1.864900685608353e-06
4.107676739641511e-05 -8.358568774324209e-06 -2.572844697337534e-06 3.305384410101876e-07
3.833741132113946e-05 -1.129373516513713e-05 -3.043209843974661e-06 -1.208555246222790e-06
3.562711975535159e-05 -1.418311962670872e-05 8.198552735666985e-07 6.971341593087856e-07
3.562837334221831e-05 -8.399205419996204e-06 -2.223173273029587e-06 8.190348551892511e-07
3.303648795694807e-05 -1.129186522786796e-05 -4.366390574626590e-07 7.104531080850086e-07
3.046053725920723e-05 -1.415688677446129e-05 -1.986227316473340e-06 -3.709915499448456e-06
3.045823313420344e-05 -8.431896526814275e-06 3.648719863795794e-07 1.513162523452296e-06
2.853680486230521e-05 -1.151625311289425e-05 -8.541228857380093e-07 9.111285618049440e-07
2.659598435639986e-05 -1.412263653035749e-05 2.561850942599325e-06 2.484515728834199e-06
2.658926984159561e-05 -8.462629437859505e-06 -2.214945828309704e-06 -4.246379109671590e-06
2.381466701641178e-05 -1.408658135799634e-05 6.750023669997916e-07 1.615449322399860e-06
2.434628476982287e-05 -1.225242240742912e-05 3.727089680802336e-07 2.292388744957073e-07
2.381084923526754e-05 -8.490518044240074e-06 4.303319793203455e-06 2.243006619988758e-06
2.181046770987040e-05 -8.524648175513029e-06 1.189529728640815e-06 -4.744634408837781e-07
-3.576651894301518e-06 1.304303816184786e-07 2.573631705268363e-05 -4.965335745730621e-05
-3.656159575069519e-06 3.929334620182204e-07 4.562452550891598e-06 -5.543783609758760e-05
-3.654317162833911e-06 8.718851291222281e-07 3.195394009311702e-05 9.221223682085827e-05
-3.585630077997455e-06 1.090992021924853e-06 3.218170490169533e-05 -5.945829486382896e-06
2.180918154523040e-05 -1.405341401547557e-05 2.780308930613066e-06 2.329932099560004e-06
2.000993624981243e-05 -1.392663975189426e-05 1.408304615022866e-06 -3.332943735329703e-07
2.139363373253945e-05 -1.059712214886247e-05 -2.337539398716059e-06 1.269062103623882e-06
2.000240354308620e-05 -8.409043118624052e-06 6.037593550101814e-07 -5.476427617840580e-06
-3.368617265833608e-06 1.077833673170623e-08 -6.577276900806134e-07 -1.110194137615835e-05
-3.148023419548943e-06 6.113389957851500e-07 -5.992604871040517e-06 1.296488693734718e-05
-3.401532198766073e-06 1.185990940151263e-06 -1.823833135024335e-05 -5.355806158498023e-05
1.943253423252492e-05 -1.222336540813441e-05 4.305842735516559e-07 -6.374850804184087e-07
1.825655097424498e-05 -1.359005641100771e-05 8.931822068051563e-07 -1.680572715624167e-06
1.657250914524686e-05 -1.306949566842886e-05 1.294580924157143e-06 -4.907430864589532e-07
1.889381827301540e-05 -9.908525926568216e-06 5.466689770444033e-07 -4.219486433292234e-06
1.829006301557922e-05 -7.991091185110722e-06 -4.022822199550500e-06 4.474869974061234e-06
-2.281414961251371e-06 7.593683941833376e-08 -1.267787695813450e-05 6.161617247504782e-07
-2.260404609237143e-06 1.195348407711409e-06 1.751574904720011e-05 1.094920021901841e-06
-1.701812179168632e-06 6.174534400894113e-07 5.045006432096833e-06 -1.738788080183590e-05
1.497701300181578e-05 -1.235908149375613e-05 2.866473168612566e-07 1.461866307334488e-06
1.634346054948132e-05 -1.131822420611963e-05 1.012176127633294e-06 -3.871515794462837e-07
1.692519639615151e-05 -9.132642232934140e-06 1.557075812750127e-06 3.962739896027452e-06
1.668746262514519e-05 -7.279107214286636e-06 4.646210577992526e-06 -6.180036930218674e-07
-1.036220559726681e-06 -4.115728867392299e-08 3.801061607293296e-06 1.673688960756544e-05
-1.039368459057696e-06 1.314467542273907e-06 -1.216333379079204e-05 2.270102058089819e-05
-3.161061977153674e-07 6.124453087320215e-07 6.369165201024768e-06 -3.721742384064167e-05
1.348487648593743e-05 -1.149453354558873e-05 1.730685795353878e-07 1.134596880817246e-06
1.210954245982498e-05 -1.047193198241461e-05 -5.225953345228330e-07 4.349996546129394e-07
1.489435590613679e-05 -8.785750225143209e-06 3.049487688006584e-06 -2.749784226681045e-06
1.526483623193743e-05 -6.330019463108990e-06 -5.807907353935251e-06 -1.516218394043209e-06
5.494395121824011e-07 -2.858880184957839e-07 -5.513388998698217e-06 1.539286108366330e-05
5.579986216356819e-07 1.547896317408141e-06 3.743589239855542e-06 1.922857464567558e-05
1.245675175076899e-05 -8.892712921659972e-06 2.305879474249196e-06 -5.484559745175519e-07
1.087730173978273e-05 -9.301989747708647e-06 1.683936730675668e-06 2.738485955000943e-08
1.303930201562413e-05 -7.111189239085048e-06 4.494795892705886e-06 -3.245823004324414e-07
1.403489455540810e-05 -5.167064688047165e-06 -9.981586258683028e-07 -9.251977630708648e-07
1.475581045176262e-06 6.121557866838737e-07 2.840089766579388e-06 -2.630930299414458e-05
2.580494614936525e-06 -6.175656580671289e-07 3.741602308416036e-06 3.738925060074514e-06
2.570675852335449e-06 1.874307048202970e-06 -9.570156372899858e-06 9.594435167821428e-06
9.792091523610343e-06 -8.012148712307326e-06 3.060149836590975e-06 1.520760389480059e-06
8.886841049825561e-06 -6.646163224170278e-06 -4.392435712197266e-07 4.444337327462109e-07
8.148465646767237e-06 -5.187705280831205e-06 2.050143029380246e-06 1.651110177105947e-06
1.185525473465310e-05 -5.501995432930851e-06 3.103699083406135e-06 7.430307391251294e-08
1.304466714001567e-05 -3.832207669603910e-06 5.713330573369012e-07 9.747104014398667e-06
3.472821621056257e-06 6.232942729639723e-07 2.934340414937191e-06 5.383111386271206e-06
4.562470113770572e-06 -9.684955652940064e-07 -4.095465495022605e-06 -9.895545118826727e-06
4.565428821377677e-06 2.217507776640466e-06 9.906523922057775e-07 -3.563846463506207e-06
9.674849642460343e-06 -5.188042629476265e-06 -1.925967503821853e-06 -1.222515593988125e-06
7.583902600483553e-06 -3.657876227343913e-06 6.002579289312239e-06 1.063155023989405e-05
6.366901642497871e-06 -1.230109521093692e-06 -8.905952184862264e-06 -7.115893175423926e-06
6.921360850904522e-06 -1.516744377273639e-06 -6.850769450928206e-07 -3.393375704677178e-06
7.222648043639385e-06 -2.085963661908533e-06 3.369191287724545e-06 1.084977636284937e-06
1.102652185516087e-05 -3.639074623526241e-06 2.521146758869371e-06 -2.040215267344510e-07
1.232810435893366e-05 -2.399691766824288e-06 5.220396091161801e-06 -1.129719963032857e-06
5.556428394649466e-06 3.864256880951836e-07 5.296482302491441e-07 2.197186773436997e-06
6.371672946016408e-06 2.467504500178382e-06 3.623033182913446e-06 -1.333509510850338e-05
8.633849125240919e-06 -2.584533209371931e-06 -2.436820525791518e-06 1.636538636455240e-06
6.943366834413231e-06 -3.893634590142657e-07 1.722002936737427e-06 5.087380446305661e-06
7.588530636373499e-06 -1.324690617072505e-06 2.956037796837459e-06 9.577106947529987e-07
1.042484541947269e-05 -1.964101787943059e-06 -1.265693936792118e-07 -1.208312251053579e-06
1.190246517866965e-05 -9.092519622379763e-07 -1.193917788048398e-06 1.840164724197453e-06
6.957504640478949e-06 1.397615814508866e-06 -1.053938943041798e-06 2.706256925010735e-07
6.859433496885317e-06 2.743872264937916e-06 1.834701149062728e-06 -6.064285920235117e-06
8.946499645445276e-06 -6.230920519806523e-08 1.884483440760963e-06 3.610871598549579e-06
1.175949772635175e-05 6.131862469507784e-07 -3.904411850774190e-06 -4.189493061265606e-06
1.195731093253211e-05 2.115743441921853e-06 3.295263897186876e-06 -1.754612630358985e-06
8.007512615031838e-06 2.370958025900019e-06 -1.073360302989441e-06 6.274821462779130e-06
7.140348204668503e-06 3.344442918900474e-06 2.033574206920462e-06 3.475663421137933e-07
7.488993786620366e-06 5.006005658927342e-06 -6.437117280570359e-07 1.314740576742822e-06
1.042570034588472e-05 2.290672986912776e-06 1.580611262943125e-06 6.238197369631167e-07
8.031776529510974e-06 6.653598451976035e-06 2.789804656141620e-07 7.740776988763552e-06
1.249638677667361e-05 3.662675777294868e-06 7.008260404833470e-06 -7.091406760471400e-06
8.983612615317233e-06 5.049690052602283e-06 1.560675653332140e-06 1.314006898065035e-06
1.122361747150893e-05 5.183160488005958e-06 -4.085489291343847e-06 2.461530816933234e-06
8.781977000752997e-06 8.249961830999785e-06 4.186309773823458e-06 1.052479532310406e-05
1.334949820017953e-05 5.180028737531184e-06 6.519060726347754e-06 1.187628481079877e-05
1.268514224892821e-05 6.715567332223331e-06 -2.902980586911371e-06 4.700025301197731e-06
1.107585878042428e-05 7.700918914035617e-06 -6.612570567757759e-09 -5.687083713610935e-06
9.741429288730901e-06 9.842959613480537e-06 6.904613707361109e-07 7.608629100765171e-06
1.093096670749971e-05 1.132263735184059e-05 4.470903360194243e-06 -5.647581599980213e-08
1.452406652563180e-05 6.593079985279140e-06 3.665191812772619e-06 2.593123419067807e-06
1.369239567030765e-05 8.491304327593581e-06 -3.450392265901645e-06 -3.720847066342152e-06
1.271662014574185e-05 1.074078502422879e-05 3.458687704703155e-06 -3.654596668729100e-06
1.230306612861351e-05 1.272940897562675e-05 7.454465912417466e-06 8.132278069237531e-07
1.598214950226614e-05 7.880594880461444e-06 1.938820016676306e-05 5.480659030214219e-06
1.554073223361836e-05 1.074084203549937e-05 -4.408747247322122e-06 5.402531921955083e-07
1.387310679523095e-05 1.398314209754770e-05 -1.741166689110039e-06 5.469781482237122e-06
1.565003601481387e-05 1.506293759852110e-05 2.846301595355513e-06 2.853315615806413e-06
1.757863588103539e-05 1.598021521637364e-05 7.118524677057530e-06 -2.524405350812469e-07
1.772419249855130e-05 1.136593082653188e-05 -5.151364496257972e-06 1.234224149769380e-07
1.770192343089462e-05 8.965180994641807e-06 -1.637847573586278e-06 3.971187087482064e-06
1.728514267362266e-05 1.380276624877753e-05 3.731146385716565e-06 7.417096431430808e-07
1.965171063953750e-05 1.666785811434422e-05 2.158881296454853e-06 2.049331956433104e-06
2.183364971386478e-05 1.712108359895728e-05 -3.902933259929171e-06 2.126399165005471e-06
1.949932510467656e-05 1.190422491758624e-05 5.803982913045272e-06 1.544908302649916e-07
1.967202995610163e-05 9.757206588998150e-06 5.491939961271340e-06 6.563847038446277e-07
2.407867623846961e-05 1.731084995885899e-05 3.887590414104084e-06 -1.031662292323327e-06
2.154959339791132e-05 1.396064811335168e-05 2.697959785375241e-06 1.418190753441959e-06
2.181005353416772e-05 1.021149768130126e-05 5.755310927347917e-06 1.340913992998938e-06
2.456348668765796e-05 1.430918717160414e-05 3.213649711384212e-06 4.176318627712025e-06
2.661489322230098e-05 1.739176448913149e-05 1.003938261513467e-07 -1.703218539020721e-06
2.405694758919657e-05 1.034348500492422e-05 -2.583344859476789e-06 2.459486168381209e-06
3.019161489321402e-05 1.747827778663712e-05 5.440737089344452e-06 8.317474528002259e-06
2.733427397769927e-05 1.257646878555256e-05 6.004697724448182e-06 -3.949387630071147e-07
2.661369555961025e-05 1.026543900016823e-05 4.686528678129400e-06 -1.337969311463167e-06
3.525816198154839e-05 1.760353894411706e-05 2.552039535595467e-06 2.436455013500226e-06
3.271180063808087e-05 1.353830440959413e-05 3.887252453097787e-06 9.300024282733880e-07
3.018433970422238e-05 1.016286952559777e-05 3.575006975285648e-06 3.313157029737447e-06
4.215964259239755e-05 1.772769846981543e-05 7.877044993452040e-06 7.499237710920754e-07
3.867469749594214e-05 1.383203589727866e-05 7.221605909544006e-06 7.505601812014062e-07
3.525979372812302e-05 1.004692255740374e-05 5.467091282256410e-06 -8.468093552867392e-07
4.955118470358670e-05 1.782313840803324e-05 7.804638422718518e-06 3.086123208188705e-06
4.582480625983040e-05 1.382767286893532e-05 7.275825309340462e-06 1.692209979328613e-06
4.215888168011220e-05 9.927524495216955e-06 6.453135768648791e-06 8.852230872395778e-07
5.708286255081739e-05 1.788545277724506e-05 1.107097702676604e-05 1.467070896212474e-06
5.329960351622602e-05 1.382561446428243e-05 8.988142537358182e-06 1.513892911669294e-06
4.955025641695620e-05 9.829653042921511e-06 8.816632177363992e-06 1.708108600307518e-06
6.473298015222871e-05 1.795389417525695e-05 1.079551106982919e-05 2.712926260421361e-06
6.088523230713409e-05 1.382195067025024e-05 1.132138342523066e-05 1.614271837604521e-06
5.708640072900408e-05 9.759748838485916e-06 9.832646765687234e-06 7.657881731733864e-07
7.250428016889218e-05 1.800295177883911e-05 1.493890113000434e-05 2.003123722364161e-06
6.860302331925956e-05 1.382330388721893e-05 1.328262700680900e-05 4.258500547174352e-07
6.473150584140179e-05 9.691945458882340e-06 1.275037492080831e-05 -3.555164433552387e-07
8.035987658079574e-05 1.804350902832706e-05 1.444895109947365e-05 1.602264132234524e-06
7.641905109156989e-05 1.382213665585777e-05 1.422593834015645e-05 1.724232042451178e-06
7.250510637475850e-05 9.641588974248304e-06 1.384014473674147e-05 1.377382828660861e-07
8.825784106763938e-05 1.806209540381180e-05 1.820027836643813e-05 2.413467940627800e-06
8.430466974383968e-05 1.382420848270523e-05 1.647340072946943e-05 1.500022873803169e-06
8.035780307665673e-05 9.602277862558868e-06 1.483108526439006e-05 1.365224233139822e-06
9.620199004693350e-05 1.808495741745842e-05 1.848434672782780e-05 3.306214731381320e-06
9.221999235059351e-05 1.382550617429241e-05 1.810714474768368e-05 1.646014765864613e-06
8.825820424712736e-05 9.587535362784338e-06 1.750492519177896e-05 8.047766907004807e-07
1.041869441252028e-04 1.808771559526199e-05 2.064509561246549e-05 1.479871153249536e-06
1.001942143544447e-04 1.382188028671936e-05 2.005753346656978e-05 6.451316183836292e-07
9.620404507906189e-05 9.564146577856322e-06 1.957538302494268e-05 -1.325311816892486e-06
1.212926412255176e-04 1.762440870771679e-05 2.450692161711396e-05 5.163101225677504e-06
1.201588093153617e-04 1.809465906721901e-05 2.350504951708951e-05 5.398914125319455e-06
1.077599054335482e-04 1.381894642991114e-05 2.116838415795661e-05 2.193915816449125e-06
1.121696385935622e-04 1.810061040352758e-05 2.347757674836123e-05 2.989934832979251e-06
1.041862445872480e-04 9.550914460865507e-06 1.964899386401515e-05 2.154240526122143e-06
1.217622377352123e-04 1.648975964458181e-05 2.495991596196820e-05 4.369478436569016e-06
1.190806341318053e-04 1.381732338032402e-05 2.298760327262643e-05 1.488942724514236e-06
1.121705615038758e-04 9.535659215580855e-06 2.383479143778299e-05 9.160960615974733e-07
1.217627095340380e-04 1.114461233454975e-05 2.631612772609245e-05 -2.196910116608510e-06
1.201595122489687e-04 9.539914075686171e-06 2.477655809141907e-05 -3.535420189305345e-06
1.212931978623785e-04 1.001009466019599e-05 2.589526308834761e-05 -3.224735345511199e-06
