9.821670234119427e-05 -1.323079816775315e-05 1.280728900484319e-05 -4.209143996588252e-06
9.861344518980169e-05 -1.227193175314565e-05 1.330771006362995e-05 -3.623507522716814e-06
9.861368497044843e-05 -7.752545388084107e-06 1.389414987665357e-05 2.791484017034469e-07
9.821687544090143e-05 -6.793009874314348e-06 1.341854270553915e-05 8.743687039795560e-07
9.725871479018422e-05 -1.362822524760895e-05 1.174732265199977e-05 -4.339809495528831e-06
9.546032715568485e-05 -1.001141282704990e-05 1.014630830781305e-05 -2.158534860881074e-06
9.725856264653881e-05 -6.395189098784729e-06 1.235529964991001e-05 9.758843137174458e-07
9.049727980762002e-05 -1.363200433011718e-05 9.413341376711978e-06 -2.327169271960461e-06
9.049515803109440e-05 -6.382636255483397e-06 9.653843750311969e-06 -4.435574616384089e-06
8.676025311620729e-05 -1.000615285395068e-05 1.152477383514865e-05 -3.909345036209371e-06
8.373539262240109e-05 -1.362478070173548e-05 1.103501240278183e-05 -4.592080564412826e-06
8.373754054444134e-05 -6.392810790110094e-06 1.080559884695421e-05 -2.504255587241720e-06
8.036687001207102e-05 -1.001013056498885e-05 9.914345921306524e-06 -2.483386584035320e-06
7.699901989999219e-05 -1.362221664638395e-05 9.995431724989946e-06 -2.850311943343384e-07
7.700125563012829e-05 -6.400837806851169e-06 1.058255121223317e-05 -3.883407437846131e-06
7.363447374169977e-05 -1.001208992526122e-05 1.019048248943584e-05 -2.941426947107103e-06
7.028143406325614e-05 -1.359946140693726e-05 8.760868896263141e-06 -3.244696530202778e-06
7.028176038704685e-05 -6.423126072831158e-06 8.304106151195192e-06 -1.687837100432028e-06
6.693397339930055e-05 -1.001152239656824e-05 8.778990313628288e-06 -2.115667293136435e-06
6.360153578318815e-05 -1.356296639866312e-05 7.382676954604442e-06 -4.487041659359087e-06
6.360148600960343e-05 -6.457174755433310e-06 8.570770543862771e-06 -3.995104391784705e-07
6.028074882889353e-05 -1.000977264883280e-05 8.160282901136602e-06 -3.466432984879771e-06
5.700083972593350e-05 -1.350644915509751e-05 7.706237378191478e-06 -5.162674941317514e-06
5.700117882386709e-05 -6.513563060534096e-06 8.388376343632749e-06 -1.729086237747462e-06
5.374056625851237e-05 -1.001080646177838e-05 8.496816621091369e-06 -3.300634350880941e-06
5.050811428357377e-05 -1.346034051450394e-05 9.562648816299904e-06 -2.602435488338814e-06
5.051142443948638e-05 -6.565479694902583e-06 9.759866834580653e-06 -2.361015793977656e-06
4.729883582301432e-05 -1.001390155616676e-05 8.823855556589130e-06 -2.431951914157567e-06
4.413981555088027e-05 -1.337406271526725e-05 8.071370778718207e-06 -1.539209229353029e-07
4.413774581935173e-05 -6.645270962423438e-06 6.173942896206268e-06 -3.111760638270473e-06
4.100565653864854e-05 -1.000953366720655e-05 7.800411259714561e-06 -1.707456696868759e-06
3.793907772518017e-05 -1.327420116533820e-05 7.035324202677551e-06 -4.725739993388538e-06
3.793763009393998e-05 -6.746498112638620e-06 8.651971622841595e-06 -2.602598011354769e-06
3.490292190183668e-05 -1.001092672511932e-05 5.973686123703412e-06 -3.958705765454987e-06
3.193513568541561e-05 -1.316253197749542e-05 6.481246094724294e-06 -4.972332726462734e-06
3.193536931420269e-05 -6.859600970005582e-06 6.257714683754250e-06 -1.874018630975883e-06
2.912284291306707e-05 -1.000686894767856e-05 7.435611569086445e-06 -2.633999418353352e-06
2.638599397535260e-05 -1.302382015401296e-05 6.856954309088046e-06 -2.850899465879640e-06
2.638554581630938e-05 -6.997146671293203e-06 5.118344703260256e-06 -2.936000208553142e-06
2.435266434688997e-05 -1.023865098002130e-05 7.470400215586082e-06 -2.284617013623634e-06
2.236110265163286e-05 -1.289704995061821e-05 4.882185785849743e-06 -1.331333520236803e-06
2.236146111406675e-05 -7.126484897031112e-06 8.342488779007212e-06 6.011894716476671e-07
1.956745365111055e-05 -1.278501432115805e-05 4.336221316235418e-06 -4.997043520583646e-06
2.007953484089539e-05 -1.096675530722953e-05 5.168118200292232e-06 -5.451777915103055e-06
1.955840005297908e-05 -7.214515492730220e-06 4.796966767230429e-06 -6.451698251671973e-06
1.759803208676228e-05 -7.298409535465957e-06 6.441104693455738e-06 -6.957588529553825e-06
-2.445431813143655e-06 -7.060799047367844e-07 -1.239395381083832e-05 -1.536713251553309e-06
-2.485350387091860e-06 -5.773723143116945e-07 -4.231492532079008e-05 -2.709450818924766e-05
-2.494625247135082e-06 -1.736162997491917e-07 -7.547236490184810e-06 5.002721041662359e-05
-2.444903205339214e-06 1.226611603941758e-08 6.307801603759148e-06 2.969264623335369e-05
1.758762907559874e-05 -1.271194223593443e-05 4.204789510661677e-06 -2.182473479424246e-06
1.585885272333700e-05 -1.254225446067561e-05 2.232819202876273e-06 -3.514726240575325e-06
1.717564034233495e-05 -9.334923338273111e-06 5.496300803906870e-06 2.333888018815001e-06
1.582989527410423e-05 -7.229578004842252e-06 2.295159056060117e-06 -6.638785348028757e-06
-2.340002470292237e-06 -7.721684174387258e-07 7.557806289944998e-06 3.772793605615257e-05
-2.205491637749602e-06 -3.970988172172412e-07 -7.482703243107416e-06 -1.808918072966865e-05
-2.312332173735033e-06 9.842507953558693e-08 5.039840822629423e-05 -1.468301268956624e-05
1.529108269916483e-05 -1.089025840713142e-05 2.003244743903205e-06 -6.802069420861096e-07
1.419452145238170e-05 -1.216624119927052e-05 4.711305435676095e-06 -4.494724896798966e-06
1.262267702515651e-05 -1.163795516885726e-05 4.150781045895010e-06 -3.417138988821587e-06
1.476680535533405e-05 -8.670558380296021e-06 9.163243155123064e-07 -3.334076928114863e-06
1.419531488880988e-05 -6.909433662470805e-06 8.983906226401390e-06 -2.364712057900728e-06
-1.526860000375231e-06 -7.489934272088560e-07 6.407969606702626e-07 4.346044792690339e-06
-1.560869398708315e-06 3.429307232248848e-08 -1.760290032356595e-06 1.497014812500089e-05
-1.145268116395287e-06 -3.581236166133576e-07 -4.046271572220608e-06 -2.818095053299485e-05
1.117652705077053e-05 -1.092992271965537e-05 4.631257462039305e-06 -2.077792946276114e-07
1.239725108970255e-05 -9.982040866579733e-06 2.050235033239841e-06 -3.899645631593595e-06
1.292723049666458e-05 -7.968554285980445e-06 4.316571600723160e-06 -7.461679100517423e-06
1.269860599595200e-05 -6.337408624789038e-06 3.941546148603368e-06 8.961516446144712e-06
-6.870849380103542e-07 -8.724153622800808e-07 4.447920639527814e-06 2.083586727062335e-05
-6.638464345715248e-07 1.248706270789447e-07 1.453322260460637e-06 1.369302949201290e-05
-1.715317295207280e-07 -3.404115995576141e-07 -5.552838678203284e-06 -3.173958732035411e-05
9.849016006905306e-06 -1.009616501366622e-05 7.547616201147641e-06 -3.499257827713637e-06
8.685898639892496e-06 -9.152831105713471e-06 -1.884931508354520e-06 -1.588940909885857e-06
1.108798139817047e-05 -7.662153639281972e-06 4.219453655818612e-06 -7.135845784094606e-06
1.140963224835291e-05 -5.549591997964583e-06 3.701077256196447e-06 2.275657846862448e-06
4.380912505983421e-07 -1.009001268591693e-06 3.169909698305302e-06 1.210450405557473e-05
4.242730950491036e-07 2.570724199141882e-07 2.103147974940282e-06 8.617949157940435e-06
8.979103752370154e-06 -7.751924180634252e-06 7.557607111270080e-07 -4.263337431212210e-07
7.674306342543136e-06 -8.097339694003531e-06 -2.059010555169453e-06 1.101238165427139e-06
9.462216605133042e-06 -6.227576305449578e-06 6.845394659214496e-06 -2.791736178161781e-06
1.030468990774360e-05 -4.594503984117632e-06 -2.615158429959055e-06 -5.004215897485611e-06
1.071391328991797e-06 -3.454848973725726e-07 3.351525294213437e-06 -1.247600755732722e-05
1.843524017676331e-06 -1.241178004625396e-06 -6.168822901593594e-06 3.235867747547003e-06
1.856726603276486e-06 5.012841593689705e-07 -5.841365328014087e-06 -1.523555890090943e-07
6.797591104028038e-06 -6.979236855313552e-06 1.270593574625203e-06 7.505741966918811e-07
6.106861304085222e-06 -5.830971237797396e-06 1.353163603794709e-06 -1.947784135466096e-06
5.584070201138089e-06 -4.636023328080221e-06 -3.151899632862920e-07 -2.018512032490464e-06
8.483925166578509e-06 -4.886314977423556e-06 5.152372895539957e-06 -3.281912135367239e-07
9.445570049722780e-06 -3.568434695309899e-06 -9.404853592796483e-06 2.505830108712836e-06
2.476092984797328e-06 -3.639700313808972e-07 5.467880550557701e-06 1.003113493228128e-05
3.220594616175922e-06 -1.440376802553432e-06 -1.482197994769222e-06 -1.043007950680808e-05
3.221527204214206e-06 7.515685688577931e-07 -6.493533814120263e-07 -2.643280092456634e-06
6.750483426980390e-06 -4.623599809484034e-06 2.766694863407497e-06 -2.198096826092313e-06
5.194283102550332e-06 -3.449560003521020e-06 -4.543235218468467e-07 2.879591199338298e-06
4.463148944338221e-06 -1.638486349601000e-06 -1.282623557368742e-05 6.714481292931487e-06
4.809215430432663e-06 -1.835863106717986e-06 1.579607116706376e-06 5.549109354683383e-06
4.982998786564574e-06 -2.246943778893140e-06 4.840887899249116e-06 1.949925635148609e-06
7.803541080388741e-06 -3.406660650947110e-06 2.747371105359090e-07 -1.388377657515395e-06
8.792970115590451e-06 -2.461176870508941e-06 1.079097192831489e-06 1.004881506563694e-05
3.899559097067776e-06 -5.301705578795784e-07 2.497925149550362e-06 -9.210836801504711e-07
4.481771935562728e-06 9.379449743692888e-07 -2.389840206893340e-06 1.719647163067465e-06
6.006066096011394e-06 -2.607448449722307e-06 -1.640929080482424e-06 -2.511109194471379e-06
4.847311416588275e-06 -1.067860056355633e-06 7.246506382617205e-06 1.127585113630429e-05
5.261598607050938e-06 -1.699016450490393e-06 7.886716779527070e-06 4.478596581482337e-06
7.338371986588907e-06 -2.132773105741705e-06 2.537918482180179e-06 -4.615301098028324e-06
8.387775728714506e-06 -1.391059876143044e-06 1.051553220375272e-05 1.111276914325603e-05
4.899957830662228e-06 1.829942079664561e-07 5.521051623666302e-06 -3.457789688646439e-06
4.858394779992489e-06 1.125964828422267e-06 -7.365935295803036e-06 7.974346832692588e-06
6.259702052906548e-06 -7.780170809749220e-07 4.506967348038809e-08 -1.363943325291448e-05
8.234808139408994e-06 -3.273156041485249e-07 1.126827927850335e-06 9.099949367331130e-06
8.289956305792262e-06 7.040878318650043e-07 -8.534470181016076e-06 -1.032223391874255e-07
5.661680201039314e-06 8.731625120313673e-07 -2.715114811608917e-06 3.512186265102671e-06
5.079788658445422e-06 1.519236635358698e-06 -1.426308227694190e-05 1.267576869491397e-05
5.363101882112772e-06 2.582062841337621e-06 -7.609280554821364e-06 1.051338328952117e-06
7.271664371616750e-06 8.478732168250542e-07 2.816573120803258e-06 -2.817591367680343e-06
5.773282854365636e-06 3.581292619244875e-06 2.020802529746335e-06 -7.151657535638877e-06
8.559672485803337e-06 1.740885807135169e-06 -2.618381383768119e-06 1.479798904535491e-06
6.343918073484163e-06 2.625343318160583e-06 1.650036866760619e-06 -3.238322947985462e-07
7.746304500744614e-06 2.705710309151209e-06 1.247790680734602e-05 1.883945276368622e-06
6.286819516862687e-06 4.530068544672046e-06 2.524509002027581e-06 -6.808494563675604e-06
9.005869741839219e-06 2.694698364388887e-06 4.023422634253847e-06 6.657911537619423e-06
8.599777365431142e-06 3.639940275013270e-06 1.960729553604808e-06 1.614114240047579e-06
7.667546607538518e-06 4.222140701730910e-06 4.159170319334463e-07 7.049164851264239e-06
6.892957813229892e-06 5.414309767068768e-06 2.350943071800040e-06 1.157839861649440e-05
7.595741422425341e-06 6.217765173390634e-06 5.676062924687737e-06 -1.296045508292194e-06
9.621357355964200e-06 3.585877257357662e-06 3.929416925539254e-06 -7.264044918194089e-06
9.162194698731400e-06 4.663328134542419e-06 -4.574523885553954e-06 2.153663345727019e-06
8.619674987331197e-06 5.895323973734727e-06 3.310643333783889e-06 -1.337286561880717e-06
8.387494533029056e-06 6.936140667123717e-06 1.107361819418909e-05 2.579879516658335e-06
1.035819522068158e-05 4.334877890398652e-06 1.431967387138965e-05 1.086999062256507e-06
1.014347999866931e-05 5.880096835342664e-06 -1.616775998484722e-06 -2.165520939956219e-06
9.255995705374028e-06 7.560606776844660e-06 4.367394755101518e-06 9.788948955664657e-06
1.018485261787598e-05 8.091624852416038e-06 3.590302950156157e-06 5.740064840500888e-06
1.116346307902585e-05 8.504318278788775e-06 3.912914978948751e-06 3.518873241330708e-06
1.125968995725750e-05 6.209950126281165e-06 1.965163905746761e-06 2.063491757144269e-06
1.124855188128329e-05 4.949792079191834e-06 1.873051731487229e-06 6.897379349798486e-06
1.103482375984304e-05 7.447193278404630e-06 3.323955338329861e-06 8.443483540011122e-07
1.218808373984825e-05 8.798931614470722e-06 3.415071424785065e-06 6.242000152802815e-06
1.325198216616468e-05 8.981005869889613e-06 5.381549632780076e-06 6.334490414920529e-06
1.213290847566963e-05 6.490014924090719e-06 4.385564910029665e-06 -1.103008663888517e-06
1.221212877117931e-05 5.406546574785743e-06 7.491861827942225e-06 1.211115237072539e-05
1.431446351576163e-05 9.042212211869675e-06 8.100115041261125e-06 2.558592721308977e-06
1.312822759112351e-05 7.481983536278892e-06 7.179295491508365e-06 4.762194558441866e-06
1.324983991482564e-05 5.683576322029694e-06 3.990364280423311e-06 -2.407170153549392e-06
1.455084093404396e-05 7.634584072430191e-06 6.029126082670180e-06 5.819336148505710e-06
1.549417904772945e-05 9.036939590305230e-06 7.585255443105198e-06 -7.512802236888062e-08
1.432582370956904e-05 5.776484245463275e-06 9.909303121026448e-06 -6.601083763278166e-07
1.709198856542211e-05 9.024639707699665e-06 8.649133838338561e-06 6.448392246842401e-06
1.582614799578516e-05 6.843489749119440e-06 4.459350993486335e-06 2.845538508492160e-06
1.548869395628262e-05 5.781117132817236e-06 5.706528760604925e-06 1.005651731788298e-06
1.929513973264673e-05 9.027445706378992e-06 1.139699277439983e-05 5.838301805279571e-06
1.820760872737171e-05 7.280639538399738e-06 7.487274941392666e-06 2.783232850118483e-06
1.709877461540205e-05 5.778423856228144e-06 6.683172592705796e-06 2.408493497933915e-06
2.218631363256227e-05 9.029977000514703e-06 1.326987664491646e-05 6.744588140720099e-06
2.073806641597797e-05 7.407412416069862e-06 1.121360875983224e-05 3.644325789484619e-06
1.929210093606070e-05 5.786183891919709e-06 1.221698183794362e-05 1.656118557712307e-06
2.520413123993778e-05 9.020565642967247e-06 1.445528837253250e-05 2.043254398556255e-06
2.369801325523076e-05 7.413009798041495e-06 1.538103606098053e-05 3.993213281136606e-06
2.218716485897622e-05 5.794216790887420e-06 1.187529919239245e-05 -3.707432874768799e-07
2.820146151843680e-05 9.016054533068919e-06 2.007942721893254e-05 3.261632461531442e-06
2.670668758608706e-05 7.413183857072718e-06 1.675818821647287e-05 1.712210102797514e-06
2.520460888758823e-05 5.802188300927313e-06 1.585040570671969e-05 3.880158440264309e-06
3.118236651791873e-05 9.002061436701659e-06 1.954454034471940e-05 4.145316837744536e-06
2.969384952220714e-05 7.414186686774834e-06 1.945563122310807e-05 3.793344293079635e-06
2.820018593216212e-05 5.812833260658346e-06 1.894210755725799e-05 1.511822463960025e-06
3.414363850708326e-05 8.984636743299487e-06 2.559107772217575e-05 3.183168118355576e-06
3.266780515703637e-05 7.411142268757483e-06 2.269299566582634e-05 2.700295068153624e-06
3.118358097188293e-05 5.822268446517871e-06 2.055375665230088e-05 2.676840843054982e-06
3.706546731188543e-05 8.970948965305425e-06 2.565229958738113e-05 3.718746313768896e-06
3.561118725940345e-05 7.418567841900261e-06 2.598792948988416e-05 3.250408410785389e-06
3.414011018691544e-05 5.842644431029119e-06 2.416192416046789e-05 2.314736563261021e-06
3.993884598934310e-05 8.945107539826209e-06 2.990195324184584e-05 7.422103528795082e-06
3.851103405248892e-05 7.419393623579042e-06 2.639654093567542e-05 3.381093818804655e-06
3.706641192511194e-05 5.869742251493761e-06 2.640713492600684e-05 2.309373474628399e-06
4.277499727788478e-05 8.933107788396041e-06 2.937851574354234e-05 3.439039001899578e-06
4.136036285708249e-05 7.415992943236096e-06 3.166960386244043e-05 4.188071921239302e-06
3.993977577103396e-05 5.888488859460495e-06 2.941508456178461e-05 -1.011299262681279e-07
4.558239917878617e-05 8.910259575416667e-06 3.390098575447351e-05 4.850685381281967e-06
4.418504092224647e-05 7.414665582462284e-06 2.952544057982115e-05 2.928722637140626e-06
4.277473288313745e-05 5.898087490152327e-06 2.985306330970911e-05 4.364376824115561e-06
5.155470684442454e-05 8.739480089580199e-06 3.693350893369581e-05 3.011924907093803e-06
5.115968519778178e-05 8.903230468237252e-06 3.670601019333996e-05 3.000676523580586e-06
4.683604264714476e-05 7.412952740516233e-06 3.623254258121934e-05 2.672539686335356e-06
4.838091259069145e-05 8.903374523989369e-06 3.534671927992237e-05 2.823939587811147e-06
4.558364663140592e-05 5.916225024058516e-06 3.336901943057164e-05 8.218936709895839e-07
5.171821113702569e-05 8.344118460452387e-06 3.706472539254038e-05 2.978604275430475e-06
5.078293777217467e-05 7.411883819760470e-06 3.666524843824903e-05 3.036753458614621e-06
4.838094381393241e-05 5.923047867290332e-06 3.553225558106704e-05 2.986973496804080e-06
5.171559513006210e-05 6.480686107089604e-06 3.764935933673673e-05 2.783237226953345e-06
5.115757640950645e-05 5.922712856100650e-06 3.730077837753830e-05 2.650748723875919e-06
5.155211886493181e-05 6.086125615609769e-06 3.754620913845279e-05 2.669896401819108e-06
