-3.745511070304436e-05 6.374371137086310e-06 -4.202802072232434e-05 5.936452688593496e-06
-3.756689551180714e-05 6.105857352509124e-06 -4.220023918879962e-05 5.504522569199694e-06
-3.756685430417743e-05 4.838330287615325e-06 -4.203656422584709e-05 2.684474322198039e-06
-3.745513437779983e-05 4.570226977609493e-06 -4.183092705154380e-05 2.137164676176220e-06
-3.718548716969557e-05 6.485274320376770e-06 -4.160061844634544e-05 6.095599383509343e-06
-3.668121734159701e-05 5.472314018660690e-06 -4.058500059210355e-05 3.810894955478446e-06
-3.718573892231559e-05 4.459546149349520e-06 -4.132090911466174e-05 1.908794105207846e-06
-3.530327786771984e-05 6.479287830147490e-06 -3.875143591040551e-05 4.788306785411167e-06
-3.530522447352213e-05 4.470468798918406e-06 -3.859900482753293e-05 1.936247840355106e-06
-3.426765356267614e-05 5.477222538715883e-06 -3.590150280536214e-05 3.897204133704455e-06
-3.342008066270813e-05 6.490986023621067e-06 -3.394413028434931e-05 5.888193669133976e-06
-3.341952238328018e-05 4.463869230672940e-06 -3.491585568066013e-05 3.223443474921998e-06
-3.247479044422172e-05 5.476723816924465e-06 -3.370993435834798e-05 5.229867003729053e-06
-3.154155681641188e-05 6.477873849999689e-06 -3.326828083316005e-05 7.249279243217809e-06
-3.153830404928049e-05 4.469635387651341e-06 -3.159429945075522e-05 8.538744692293567e-07
-3.060708459918303e-05 5.471662312961688e-06 -3.149697232297175e-05 3.332200169427358e-06
-2.966620655863067e-05 6.481795559804313e-06 -3.033666379686939e-05 4.183587142581753e-06
-2.966833301584032e-05 4.462643464559472e-06 -2.976523168249163e-05 2.204074786659242e-06
-2.872008719793802e-05 5.474358046500973e-06 -2.821003863776572e-05 3.168877194333130e-06
-2.776857346529096e-05 6.494487180389582e-06 -2.644699381937889e-05 4.470795091810291e-06
-2.776780127749503e-05 4.456685412177697e-06 -2.596902067708785e-05 3.215240758452955e-06
-2.681503121873205e-05 5.476950930371685e-06 -2.591082420865796e-05 3.999087080971906e-06
-2.584992558320195e-05 6.519532564325510e-06 -2.388403858141457e-05 6.959280663557744e-06
-2.585160309728458e-05 4.437419734510474e-06 -2.454213937288507e-05 1.781576788216365e-06
-2.488121755117846e-05 5.478370751966615e-06 -2.247029293764776e-05 4.526691480798056e-06
-2.389922225618111e-05 6.538065449232142e-06 -2.164816183329422e-05 6.111181833962684e-06
-2.389876252271332e-05 4.416383189625650e-06 -1.969123603046115e-05 1.550178293120254e-06
-2.290538078170820e-05 5.478336074025332e-06 -1.902192232542953e-05 3.132838064106428e-06
-2.189048075717049e-05 6.569640366347521e-06 -1.758989684642152e-05 6.904378479698227e-06
-2.189100414293718e-05 4.388623398134274e-06 -1.875029305145110e-05 1.197719197677757e-06
-2.086812155950126e-05 5.479894671901742e-06 -1.763432362837574e-05 3.787418383015606e-06
-1.982475823523920e-05 6.608278108980221e-06 -1.620955583397693e-05 6.278587894089840e-06
-1.982435382179671e-05 4.354382008872410e-06 -1.597669487846214e-05 1.506702246862665e-06
-1.876700935357609e-05 5.481890080061501e-06 -1.406750683462886e-05 3.060856698194717e-06
-1.767965929394811e-05 6.654904301031999e-06 -1.261586181719517e-05 4.286630994403135e-06
-1.768268178951491e-05 4.314536682166791e-06 -1.388770033671113e-05 3.540946961473029e-06
-1.662701820105128e-05 5.487252036054701e-06 -1.184092630952302e-05 5.998899343136284e-06
-1.554874559751018e-05 6.697783262326149e-06 -1.142974900702086e-05 3.553875783102841e-06
-1.555107135610812e-05 4.283306146796599e-06 -1.002634319069045e-05 4.534936222161847e-06
-1.473804890266081e-05 5.588706676666669e-06 -1.082845810915260e-05 1.575358647458003e-06
-1.389341339220657e-05 6.724055239729260e-06 -1.149615291654566e-05 3.172336783774000e-06
-1.389301984405533e-05 4.257401682739355e-06 -8.364872157200740e-06 5.427642617359511e-06
-1.266212044349181e-05 6.743113901256990e-06 -6.760392203750037e-06 6.492383516469070e-06
-1.290956691826573e-05 5.916487602912015e-06 -7.502324499837153e-06 5.470060769640519e-06
-1.265558608990746e-05 4.244791071843850e-06 -7.815254139758107e-06 2.779865859930156e-06
-1.174373167914403e-05 4.227146119213019e-06 -6.724114173917600e-06 1.486184884770213e-06
2.136633506624211e-06 -5.491555818262798e-07 -5.257798370896522e-06 1.797449174227465e-05
2.151665327576667e-06 -6.135716646541364e-07 3.255837899368046e-05 3.596643531133089e-05
2.109407083766303e-06 -1.097926208357703e-06 2.858737357776437e-05 -5.590476578317739e-05
2.096309693581561e-06 -1.117627358998087e-06 -1.761169205620042e-06 2.242523547419001e-05
-1.175013627817104e-05 6.755378839636506e-06 -6.708153912515644e-06 5.956373459471112e-06
-1.091421078659317e-05 6.720005352516807e-06 -6.604988024667425e-06 6.916300072572819e-06
-1.156814099809230e-05 5.177348421373391e-06 -6.043871204893449e-06 2.176663097703207e-06
-1.092125585508652e-05 4.141146200546687e-06 -5.804950635806874e-06 2.970474878064139e-06
2.074948929813324e-06 -5.219681151950669e-07 -2.693648019720412e-05 -1.902688909552448e-05
1.801505131053276e-06 -8.800874298251305e-07 -2.516375465610362e-06 -2.868043008102523e-05
2.057468409496634e-06 -1.118944997603639e-06 -2.607852994050467e-06 5.804143149248345e-05
-1.065337853795344e-05 5.937938581866506e-06 -7.208336446274514e-06 3.267765111651055e-06
-1.008511513722794e-05 6.591005545407845e-06 -6.645074894476761e-06 8.347229475426593e-06
-9.274157649049646e-06 6.365274014075000e-06 -5.702153753418517e-06 6.503999470702422e-06
-1.040464350535773e-05 4.843122039690585e-06 -6.145422082303243e-06 3.831594486838151e-06
-1.011330712782792e-05 3.919976622834403e-06 -8.592406630706358e-06 1.347369120227909e-06
1.333413001001865e-06 -5.079282640821551e-07 9.475853061802895e-06 2.475936090938947e-05
1.326907618810543e-06 -1.170598668277409e-06 -8.579422076642043e-06 -2.255406413554345e-07
9.531034214456424e-07 -8.671752143491493e-07 1.042287369680871e-05 -2.475952997334932e-05
-8.488340641107477e-06 6.049505329821290e-06 -3.741015297588719e-06 4.453434491704887e-06
-9.172338896189404e-06 5.532225750363456e-06 -5.122223085987685e-06 2.255785396008425e-06
-9.455051548415364e-06 4.464564659197815e-06 -5.505538822006154e-06 3.147330323085740e-06
-9.338231310039417e-06 3.542618832068895e-06 -5.285454658949378e-06 -4.392069301752140e-06
5.919910660782520e-07 -4.344843625544086e-07 -1.079929687924273e-05 6.888654570634770e-06
6.077711755777488e-07 -1.236564367318752e-06 4.484352777711997e-06 1.951923884588017e-05
1.529973562363379e-07 -8.972714476668568e-07 -2.796204539323832e-06 -2.232536097028720e-05
-7.736454807611490e-06 5.636945556835697e-06 -3.833831940324556e-06 6.264125154120651e-06
-7.024807133663623e-06 5.138648607613333e-06 -7.563066509592468e-06 4.582533929589512e-06
-8.447800265260357e-06 4.282724961019370e-06 -3.337855270756476e-06 2.794437810165102e-06
-8.638797233930381e-06 3.033579854520674e-06 -8.596008453785517e-06 3.171391209622226e-06
-3.343764209493515e-07 -3.015628819046536e-07 7.733177754931431e-06 1.169417030072137e-05
-3.422147962137811e-07 -1.386593569195706e-06 -2.455548768187882e-06 7.528070429140224e-06
-7.201058177713862e-06 4.345402540420622e-06 -5.861002673507481e-06 3.562270161199984e-06
-6.375884389937418e-06 4.561558991774686e-06 -3.803853626553435e-06 1.088922759320884e-06
-7.498952592055994e-06 3.429290637403209e-06 -3.790701601423254e-06 5.663760426794638e-06
-8.030424655668066e-06 2.415606724198806e-06 1.931865255646292e-06 -6.377019034543392e-07
-8.943123232316205e-07 -8.815104106323124e-07 -1.522114662981597e-06 -4.377228283919942e-06
-1.532307995512981e-06 -1.296508826950304e-07 -5.890846163644479e-06 1.504673490980820e-06
-1.540547348084206e-06 -1.607975338312535e-06 -6.238786284157247e-07 1.865245297879710e-06
-5.796653480473262e-06 3.909015955844075e-06 -2.041764159724909e-08 -8.669366548441507e-07
-5.290592651203420e-06 3.191543149948926e-06 -2.173490603774408e-06 2.204153961766604e-06
-4.862719561077699e-06 2.419740182350149e-06 -3.152674273928032e-06 3.197785482582822e-06
-6.875714443450094e-06 2.592146341264143e-06 -5.526977268251026e-06 1.304900027754794e-06
-7.529260159596679e-06 1.693801196619450e-06 3.498794040496957e-07 2.069027609826140e-06
-2.059630613444780e-06 -8.562492407003629e-07 5.598159210033746e-06 -2.872727570485131e-07
-2.710665180289102e-06 6.120798734713023e-08 -3.986730509211241e-06 -2.154787732268948e-06
-2.709636925812639e-06 -1.804970186618442e-06 -7.573191875013438e-06 -3.812310096916110e-06
-5.709131549102429e-06 2.422685748067628e-06 -7.331578778242407e-07 4.132248133451744e-06
-4.528800693297019e-06 1.598298352503497e-06 -4.808404349719981e-06 -3.108854268777950e-06
-3.780294002696920e-06 2.299541574305450e-07 8.335458603425928e-06 -7.384698336251536e-06
-4.105481026955204e-06 3.947435318276770e-07 -9.940508946927604e-06 5.584341353924292e-06
-4.290506567131682e-06 7.172898135551445e-07 -2.068756176501739e-05 1.325146566493916e-05
-6.442854127818404e-06 1.586017396944887e-06 -6.417794206501083e-06 -6.631249648269197e-07
-7.167097340032255e-06 9.026538714648446e-07 5.373532564903789e-07 1.030016852870288e-06
-3.276349450163661e-06 -7.378387745514926e-07 -2.114411793149873e-06 5.551792010343390e-06
-3.741146283996474e-06 -1.943139315541889e-06 -3.169389398049374e-06 -6.569605634915611e-07
-5.117864316305532e-06 9.983207212032355e-07 6.083605362607438e-06 3.581037195458114e-06
-4.107737402429660e-06 -2.610062707832334e-07 1.039852905566916e-06 -1.000149735624465e-05
-4.494546525224421e-06 2.814996204379306e-07 -1.615869266242665e-05 8.837283066421957e-06
-6.111830153417119e-06 6.464341657911321e-07 -1.555230540361742e-06 -2.781816008973635e-06
-6.956801963255682e-06 4.751170127236302e-08 4.138078947944263e-07 5.684947370505065e-06
-4.097133059045264e-06 -1.313502384185649e-06 3.708669916201285e-06 -7.602380803089657e-07
-4.039753218956304e-06 -2.092611795566476e-06 2.376471871943623e-06 1.102595876786344e-06
-5.272007973342719e-06 -4.474946722772617e-07 -3.162414596466037e-06 -3.954864227523137e-06
-6.905627014063615e-06 -8.318565532669837e-07 -4.598238204516930e-06 9.393981248790336e-07
-7.050461104273193e-06 -1.721591363327976e-06 -5.500186624952740e-06 1.461725260818612e-06
-4.702463690309381e-06 -1.866305198528113e-06 -5.722699642796218e-07 2.338926282909616e-06
-4.205609934439993e-06 -2.440107405089298e-06 -1.168024151663422e-06 -4.602866716097651e-07
-4.386253788169114e-06 -3.452413138025016e-06 -9.270452959032308e-06 -2.526498287626323e-06
-6.136744058852310e-06 -1.816266988721072e-06 -3.017893363030814e-06 5.980455807223610e-08
-4.670010843385343e-06 -4.484383253030729e-06 -6.629123638768102e-06 1.342091372942096e-06
-7.394346798887201e-06 -2.642118447588951e-06 -3.344675098100356e-06 1.215316009219398e-06
-5.253113340136777e-06 -3.477580660583925e-06 -8.601771508138204e-06 -3.954745449322209e-06
-6.639477753553873e-06 -3.550656400205095e-06 2.410608509426645e-06 -6.010620841234073e-06
-5.109516542307518e-06 -5.490295688673563e-06 9.966863875486315e-06 6.711841376153874e-06
-7.956515305383218e-06 -3.554940301264234e-06 -1.318184446625712e-06 8.815041277088428e-06
-7.567915996594690e-06 -4.509852412083149e-06 -4.357209743806316e-09 -1.492509580921190e-06
-6.545622037309593e-06 -5.142977746256365e-06 -6.430032784166706e-06 -1.916464072292036e-06
-5.705868781801133e-06 -6.492605347089428e-06 -6.352917713375971e-06 -1.062709236917306e-05
-6.444011101581504e-06 -7.478593757991099e-06 -4.037153083330195e-06 2.354607720523503e-06
-8.730189154528379e-06 -4.437712813789161e-06 -1.015524304583583e-05 2.247574846895066e-06
-8.215555778026882e-06 -5.646616365504601e-06 -4.932576104368165e-06 -2.446176709442586e-06
-7.577227912640193e-06 -7.105396703316927e-06 -2.053479154396023e-06 4.208447834330660e-07
-7.302541473445460e-06 -8.405020361222728e-06 4.204103730749018e-07 -2.504526128148313e-06
-9.685367469082503e-06 -5.240280958794185e-06 -2.589739656601627e-06 1.085795602060846e-06
-9.414688611252953e-06 -7.096408292774943e-06 -4.570086780077300e-06 -4.795497914708815e-06
-8.323333623152928e-06 -9.227568915204085e-06 -1.363132003619773e-06 -9.963198221242002e-06
-9.482108642333640e-06 -9.969738326534406e-06 -2.468586153725066e-06 -9.122507144876978e-07
-1.075322272869131e-05 -1.061668410728558e-05 -6.678335588622988e-06 -2.137684967788545e-06
-1.085330307322930e-05 -7.508931824594569e-06 -4.841309435497264e-06 -1.045957684057564e-06
-1.083715761309225e-05 -5.919338736756084e-06 -3.399447356216756e-06 3.069856426851175e-07
-1.055212174582506e-05 -9.140657475565213e-06 -5.412105163134940e-06 2.660643599590225e-08
-1.215537360663916e-05 -1.109635154656392e-05 -3.215606913776290e-06 -9.162729463337741e-06
-1.364084635213232e-05 -1.141976988261849e-05 -3.108320413417380e-06 -8.305379848417878e-06
-1.204158074539848e-05 -7.870243344287531e-06 -4.868947450204363e-06 -1.657294819108176e-07
-1.215948588201509e-05 -6.421177921309958e-06 -4.788748421315117e-06 2.799701987863756e-06
-1.516811305520706e-05 -1.157033693800561e-05 -6.620145794586021e-06 -1.539085807755904e-06
-1.343461384940652e-05 -9.258020027937062e-06 -4.792869175029137e-06 -5.369379444366515e-06
-1.361816836969693e-05 -6.706564157098205e-06 -5.778273161890657e-06 1.660776310972707e-07
-1.550455779738307e-05 -9.493369753340896e-06 -2.929904401195041e-06 -3.788469924290195e-06
-1.692563948828032e-05 -1.164673178774126e-05 -2.010657290289341e-06 -1.746689367720007e-06
-1.515745423993587e-05 -6.770882675713124e-06 -3.845988958511255e-06 -1.966255035316609e-06
-1.941803989979042e-05 -1.172103900384727e-05 -6.548320496474827e-06 -1.286298883844293e-06
-1.741575125099859e-05 -8.290267681172081e-06 -7.891165060815472e-06 -2.990019993180023e-06
-1.692316606084255e-05 -6.691947612412205e-06 -7.980438466903344e-06 -2.691011405622297e-06
-2.300587735643107e-05 -1.185420405671347e-05 -8.174136351109119e-06 -2.478579058206340e-06
-2.119279649764982e-05 -8.958733496047654e-06 -6.323308298085651e-06 -1.679390184071527e-06
-1.941513183255875e-05 -6.583782380158121e-06 -6.529357045850139e-06 -4.035104764869178e-06
-2.797608889779989e-05 -1.199131984518300e-05 -8.350810124197269e-06 -4.523154486400699e-06
-2.545045294639235e-05 -9.162057408392628e-06 -8.734739779888186e-06 -4.102523977358752e-06
-2.300613028314856e-05 -6.464365946866163e-06 -8.485616330341712e-06 -4.679710200241777e-06
-3.336632468408386e-05 -1.209232816769781e-05 -9.441285240872997e-06 -4.275047129359444e-06
-3.063900839969638e-05 -9.164346781099198e-06 -8.521265923588707e-06 -2.774180871155992e-06
-2.797214797350551e-05 -6.332324090334640e-06 -8.664649976779142e-06 -2.344745025339650e-06
-3.893803355322237e-05 -1.216983202884632e-05 -1.039660944129085e-05 -3.009080149483777e-06
-3.612847371898586e-05 -9.160042649396075e-06 -1.020235463720065e-05 -3.041416836231391e-06
-3.336979120759841e-05 -6.232769295887366e-06 -8.632598589411265e-06 -1.783698684370724e-06
-4.463589478074560e-05 -1.224435634863843e-05 -1.081635293268369e-05 -4.561771846774910e-06
-4.176588834941077e-05 -9.157846838735284e-06 -1.056768687577348e-05 -2.579109273155195e-06
-3.893962420223002e-05 -6.146018980822283e-06 -1.126603308463729e-05 -2.939301935826895e-06
-5.043824916471654e-05 -1.228939297961562e-05 -1.029870793996774e-05 -2.302381313163635e-06
-4.752134810846077e-05 -9.163314358898574e-06 -1.106005403109603e-05 -3.066060853321136e-06
-4.463226790469025e-05 -6.077730040451280e-06 -1.079983248208205e-05 -7.782814577046677e-07
-5.630789024611835e-05 -1.231314739214642e-05 -1.243089977694909e-05 -3.120239931506507e-06
-5.336594151392456e-05 -9.161937166620285e-06 -1.065079781744281e-05 -2.358526323023351e-06
-5.043826179758632e-05 -6.036283518074888e-06 -1.042223482717749e-05 -3.678808954429995e-06
-6.223982936168555e-05 -1.234832387013917e-05 -1.044565769675669e-05 -2.714847351987244e-06
-5.926281117356395e-05 -9.160490483503431e-06 -1.206641766387184e-05 -3.347880825433065e-06
-5.631051628553810e-05 -6.008491512595162e-06 -1.143370007940950e-05 -2.288100926774445e-06
-6.820149125914707e-05 -1.235627202944505e-05 -1.392019478555650e-05 -4.006739233353564e-06
-6.521852723072097e-05 -9.163210779353620e-06 -1.145210911815665e-05 -2.521614008533896e-06
-6.223733561590053e-05 -5.976292114597759e-06 -1.181906098356086e-05 -3.803620916216916e-06
-7.418733482706649e-05 -1.236466362437234e-05 -1.448188803762320e-05 -3.671052452430852e-06
-7.119059001996926e-05 -9.160793514738269e-06 -1.474117363526038e-05 -3.017200866916502e-06
-6.820234424656347e-05 -5.966838410264945e-06 -1.303244309978577e-05 -1.566982731290416e-06
-8.702270819300746e-05 -1.202423144189751e-05 -1.692000465248601e-05 -2.695115167837934e-06
-8.617115854930694e-05 -1.237646140153020e-05 -1.700687938771168e-05 -2.756481807635534e-06
-7.687321653713330e-05 -9.158787157317976e-06 -1.445268779256471e-05 -2.301458871098592e-06
-8.017969595112756e-05 -1.236694336970770e-05 -1.464599574107441e-05 -3.482577245733727e-06
-7.418939456998707e-05 -5.954612881966710e-06 -1.501827239258560e-05 -1.375615915409992e-06
-8.737548141374818e-05 -1.117334102194402e-05 -1.686407245738156e-05 -2.652067092981315e-06
-8.535877784940303e-05 -9.165291467020395e-06 -1.688831493940058e-05 -2.829825483267836e-06
-8.017687960226074e-05 -5.954628550274247e-06 -1.441783234688669e-05 -1.272857661359774e-06
-8.737514761738901e-05 -7.157970825572694e-06 -1.634441252637962e-05 -3.390242579836862e-06
-8.616992303820875e-05 -5.953625213067886e-06 -1.646439693113153e-05 -3.323269939543504e-06
-8.702211531155693e-05 -6.306274601223586e-06 -1.637336349251010e-05 -3.384015080777870e-06
