-1.128593710838264e-04 1.616666506814475e-05 -3.074830855341516e-05 1.955420323436906e-06
-1.132988647170085e-04 1.510640531767739e-05 -3.045559869457548e-05 1.967549230865712e-06
-1.132982583537448e-04 1.010456436562007e-05 -3.034979689467790e-05 3.013163470566802e-06
-1.128586850228615e-04 9.044103273282602e-06 -3.063638827945203e-05 3.045547874468846e-06
-1.117984519905415e-04 1.660559066867495e-05 -3.130786114352224e-05 2.094252484117422e-06
-1.098083602692181e-04 1.260476416101435e-05 -3.204777291479041e-05 2.475765330455889e-06
-1.117976077423575e-04 8.605044969653325e-06 -3.119881366017448e-05 2.917633436212817e-06
-1.043384561230998e-04 1.659540907189644e-05 -2.944924410455447e-05 5.926432631645288e-06
-1.043381771008477e-04 8.611849508028373e-06 -2.950896932310681e-05 -6.649483664689518e-07
-1.002224461696211e-04 1.260440469082092e-05 -2.585820414788071e-05 2.808329046946791e-06
-9.688425216297099e-05 1.659193562669716e-05 -2.501238120340511e-05 3.308011060197673e-06
-9.688568942912954e-05 8.618434271578185e-06 -2.575701448707885e-05 3.241417323864192e-06
-9.316487475363379e-05 1.260555994745212e-05 -2.564142892687158e-05 3.433976387461755e-06
-8.945892585941607e-05 1.657466582121728e-05 -2.448929785186221e-05 4.854330939345633e-06
-8.945438125745592e-05 8.629948369754486e-06 -2.395070713654991e-05 1.379936935561694e-06
-8.575457546688719e-05 1.260028829866226e-05 -2.201432051157588e-05 2.258165852729905e-06
-8.206088412956068e-05 1.655070113953465e-05 -2.121710409960204e-05 3.688225714124546e-06
-8.206137483884285e-05 8.652130289135835e-06 -2.058264073430340e-05 1.617056383811569e-07
-7.837050204617981e-05 1.260283770842303e-05 -2.062186538524057e-05 1.689547898687047e-06
-7.469762094176209e-05 1.652450688715945e-05 -1.857383468660454e-05 5.124008408170628e-06
-7.469545840551106e-05 8.682589125125174e-06 -2.019902304854429e-05 5.670191954712961e-08
-7.103734852355316e-05 1.260239091412549e-05 -1.711923902437512e-05 3.386701733970866e-06
-6.740306742887286e-05 1.648669838470870e-05 -1.696416608775969e-05 3.116748786277208e-06
-6.740313000161945e-05 8.716489896071889e-06 -1.641423272707519e-05 3.670213218033311e-06
-6.378236766288998e-05 1.260093121708481e-05 -1.599812231681909e-05 3.738842440800834e-06
-6.019171179776647e-05 1.643683826331558e-05 -1.398169078908445e-05 6.230949435684594e-06
-6.018839880683262e-05 8.763356836102493e-06 -1.347941231899492e-05 1.385489188221175e-06
-5.661355704616476e-05 1.259952619119911e-05 -1.304887196634430e-05 2.667331861229596e-06
-5.307479708002626e-05 1.637894658251271e-05 -1.319827310995588e-05 5.015164822898492e-06
-5.307894641099634e-05 8.828234360104437e-06 -1.346405122092527e-05 2.927798423490087e-07
-4.956299213380910e-05 1.260482005520629e-05 -1.240033818517554e-05 2.928312557930091e-06
-4.610003812725053e-05 1.629892409795344e-05 -1.071123293236386e-05 4.422403698646148e-06
-4.609787419883475e-05 8.908403560919808e-06 -1.092267075759677e-05 5.245925231139143e-07
-4.265968154889536e-05 1.260122818608829e-05 -9.445139684035951e-06 3.303666624846949e-06
-3.927104639854823e-05 1.620810321307432e-05 -7.453213863658013e-06 4.408753122088313e-06
-3.927469218959768e-05 8.999257635527912e-06 -8.163335697650948e-06 3.299345953855883e-06
-3.604624462849114e-05 1.260666296282451e-05 -6.319164968002329e-06 3.900909561779197e-06
-3.288730092560977e-05 1.609724223846731e-05 -7.343414882820281e-06 1.766479562447514e-06
-3.288246162068568e-05 9.115279090226427e-06 -5.436874781794049e-06 3.839407378892911e-06
-3.053498164805284e-05 1.286685205591914e-05 -5.357582137345861e-06 3.322546150843752e-06
-2.820577547967125e-05 1.598897275580498e-05 -2.878467863694557e-06 3.648350622560441e-06
-2.819721756248556e-05 9.228926906492638e-06 -4.506798289213162e-06 2.797881357804219e-06
-2.489584640799892e-05 1.590088831446925e-05 -2.188448268080465e-06 4.631225856637583e-06
-2.551296807149161e-05 1.373929155237109e-05 -2.566904454946577e-06 2.831592199650308e-06
-2.489061648802068e-05 9.292940764261047e-06 -4.174421003529149e-06 1.306402767740912e-06
-2.254408032148445e-05 9.369994243128631e-06 -4.987400402985876e-06 3.960931887932550e-06
3.405871739179391e-06 6.149632559802225e-07 -4.985754051288597e-06 -3.478023380450972e-05
3.507742334602931e-06 4.225099701244563e-07 -1.743091982564177e-05 -8.028899653566649e-05
3.503710143299351e-06 -1.041175850055306e-07 5.669487845211907e-06 8.586918747664327e-05
3.405416402460322e-06 -2.647140292332649e-07 1.165670227745942e-05 -2.593994642746376e-05
-2.253729280936368e-05 1.583176423036475e-05 -2.855283335403821e-06 5.123375278823476e-06
-2.046029525559437e-05 1.565086845988042e-05 -4.125316190110645e-06 3.312129042443215e-06
-2.204205865895541e-05 1.179337420057847e-05 -3.575996974852788e-06 2.443719606425040e-06
-2.043760623703752e-05 9.272560941605828e-06 -4.106150655679431e-06 3.639108263009550e-06
3.191328127478107e-06 6.863500331092668e-07 -2.190015780211526e-05 1.016196627678096e-05
2.980584365944981e-06 1.604937375903810e-07 2.253472207593702e-05 3.418009529343715e-05
3.205073812593864e-06 -3.290536944400173e-07 -2.958644867353870e-05 -7.715758385468712e-05
-1.978381639643561e-05 1.366879370885293e-05 -3.649692775367639e-06 3.708704263516783e-06
-1.844821652895156e-05 1.522476204621732e-05 -4.583113871597528e-06 1.828032554639955e-06
-1.654090551053081e-05 1.460103305010364e-05 -3.200405056849709e-06 2.344430179102287e-06
-1.916166270886220e-05 1.100166087996416e-05 -4.060276080375044e-06 1.585999350717290e-06
-1.846522340658773e-05 8.832274269146329e-06 -6.178707165593938e-07 -2.631641755861388e-06
2.160889705602349e-06 7.304720438417673e-07 -1.127783294212932e-05 -1.535033394464437e-05
2.140830461529787e-06 -3.576661894404149e-07 1.977523119035543e-06 -2.377361340526746e-06
1.621727706728337e-06 1.711527474147082e-07 6.933295111396255e-06 3.399635052428443e-05
-1.476173936883273e-05 1.375955886373876e-05 -1.519970570425442e-06 2.578116970747254e-06
-1.627278541717945e-05 1.259775577048660e-05 -2.703333507254223e-06 3.006766860564376e-06
-1.692622493808664e-05 1.012496485872003e-05 -3.365700240451516e-06 -1.563004275534712e-06
-1.665661114937939e-05 8.094494709975189e-06 -5.604266961978264e-06 3.767452414952250e-06
9.754494153326277e-07 8.039869682627232e-07 4.691207347778794e-06 -1.548409824240669e-05
9.911846195295533e-07 -4.620443541557781e-07 -1.144712491583046e-05 -1.983885130492955e-05
2.993646484905116e-07 1.872738838918181e-07 6.295450675921014e-06 4.668809585864730e-05
-1.311578169262053e-05 1.275764359552509e-05 -2.505559947538962e-07 1.765622089736710e-06
-1.164679670995957e-05 1.160231017132495e-05 8.439095605703607e-07 1.403496452753434e-06
-1.465971558527657e-05 9.752023696580169e-06 -3.973474715995071e-06 4.338816330203453e-06
-1.505571507358557e-05 7.090668522290881e-06 1.005917862162505e-06 2.661799573530160e-06
-5.010658726765144e-07 1.042568456099085e-06 -6.291937766227090e-06 -1.931964501378319e-05
-5.058748313366806e-07 -6.962118368100765e-07 1.335059379883328e-06 -1.478479264524541e-05
-1.201980382660599e-05 9.862125554149015e-06 -6.851334446516157e-07 2.094350837362119e-06
-1.035110362876783e-05 1.029744504121648e-05 -8.718852388622546e-08 2.052845391922963e-06
-1.263413276716086e-05 7.941714039648745e-06 -2.880119162047081e-06 7.576507671260811e-07
-1.369232686878396e-05 5.869428987435956e-06 -2.228434388292346e-06 3.274014465968496e-06
-1.382064426428253e-06 1.924072162144930e-07 4.220266070175880e-06 1.502735216441244e-05
-2.440073788462762e-06 1.368384610779883e-06 -2.118731085739016e-06 -2.776395524478234e-06
-2.424195979130487e-06 -9.972852159212887e-07 9.093708511299434e-07 2.618273844723698e-07
-9.219566640863150e-06 8.890201746388944e-06 -9.724005271077491e-07 1.552284161961109e-06
-8.313464469077640e-06 7.441298859763216e-06 -1.703909539843627e-06 5.227132790152024e-07
-7.609996314922160e-06 5.915032216319603e-06 -4.361728591798213e-06 1.180706484429398e-07
-1.138236712935483e-05 6.236401967205088e-06 -8.663506713031050e-07 2.159840541765488e-06
-1.261719127767224e-05 4.514308389569332e-06 -2.159266314942620e-06 1.892366952815024e-06
-3.265588215303672e-06 1.833417795034540e-07 -7.212118057503941e-06 -7.546650118346936e-06
-4.295017728671165e-06 1.684107458387086e-06 7.118744227504897e-06 1.141657902429177e-06
-4.306217309159368e-06 -1.329284894269832e-06 7.115089433484392e-06 3.040048193436591e-06
-9.132418816099565e-06 5.909400029839249e-06 -8.042475126482243e-07 1.018016380443111e-06
-7.081248323199908e-06 4.353135473278130e-06 -4.193162129492310e-06 3.490738912863061e-06
-5.994478749351436e-06 1.947223347392602e-06 -5.322082051512211e-06 5.496717645124376e-06
-6.504180509018955e-06 2.226558785582630e-06 6.811396907117513e-06 -3.511349877146735e-06
-6.772973308309849e-06 2.784619327832645e-06 1.276019655979133e-05 -7.294366330824137e-06
-1.051417184370132e-05 4.319083605228740e-06 3.449316686312998e-06 5.372378085148559e-06
-1.181705913126397e-05 3.074470505160534e-06 -2.152408000542559e-06 -7.963070394010308e-07
-5.236309992778132e-06 4.163680753750626e-07 -3.744206572241419e-06 3.642232082371926e-08
-6.026954913592136e-06 -1.560858174473720e-06 -2.717123215525868e-06 4.102666678677065e-06
-8.127508802867043e-06 3.265872910231869e-06 -4.545970913721948e-06 4.127595718655099e-06
-6.535478395804276e-06 1.147106336651549e-06 -1.692098593500938e-06 8.029789543596940e-06
-7.135807507912452e-06 2.040955666923467e-06 1.092289872633579e-05 -4.729454120571713e-06
-9.901576929837407e-06 2.634584052879245e-06 -2.563224935999564e-06 6.699681049472421e-06
-1.131671796860247e-05 1.625511686955788e-06 -2.196610338607312e-06 -1.132325471526430e-06
-6.576378882984048e-06 -5.524432162616070e-07 -4.157136361265816e-06 3.167712465837033e-06
-6.507171892558375e-06 -1.821768182162207e-06 2.952573242120228e-06 -2.103500131302921e-06
-8.463520342924286e-06 7.887643564311276e-07 -2.669319866040232e-06 4.282714136561558e-06
-1.113983606508562e-05 1.761846723669990e-07 4.482757743521789e-06 4.234161532592985e-06
-1.127908126899102e-05 -1.242238632680931e-06 -3.360512276453710e-06 2.829699653788191e-06
-7.600968446663719e-06 -1.482825883019460e-06 -3.556065736328818e-06 -4.078403709909005e-06
-6.794781093075253e-06 -2.377214048652581e-06 1.004260216106381e-05 -5.244612224447879e-06
-7.157086619967170e-06 -3.890875332195783e-06 1.497689317775686e-05 -6.946363421940344e-07
-9.849835246275564e-06 -1.426081876440607e-06 -1.913167247107163e-06 3.405077852955254e-06
-7.695770743889299e-06 -5.361993286161362e-06 2.676070950118607e-06 -3.650625093790962e-06
-1.171992662465666e-05 -2.673529665831566e-06 -1.118399612594651e-05 6.512028517254565e-06
-8.541351670995799e-06 -3.940579195910120e-06 -3.376902162126641e-06 4.312032325171507e-06
-1.053853463142943e-05 -4.063661992294175e-06 1.408257792316540e-07 1.969706209233169e-06
-8.399408916916521e-06 -6.767669570586345e-06 -1.598024605608761e-05 -8.505183235866747e-06
-1.242639179080887e-05 -4.055070112719596e-06 -8.831735883591475e-06 -6.714126779381734e-06
-1.182282871049946e-05 -5.430277022381810e-06 1.559137416231550e-06 -1.800305274162920e-06
-1.043468286568548e-05 -6.278430562223452e-06 1.545964096450687e-06 6.994764898696594e-06
-9.274886807058550e-06 -8.133350169526257e-06 5.402535743241054e-06 -3.508449410576234e-06
-1.032043798835384e-05 -9.367994593938072e-06 -7.504511976644499e-07 -5.332409945282667e-06
-1.340654382028134e-05 -5.335420012221745e-06 -2.371205660029707e-06 -1.433326595891017e-06
-1.269013246158231e-05 -6.961301297173040e-06 1.534839007521612e-06 4.083414404808008e-06
-1.186223967574580e-05 -8.868405271341967e-06 -5.752759721295373e-06 -5.740628271678874e-07
-1.150771586902811e-05 -1.051835259599167e-05 -9.247715245146540e-06 -1.817106626458863e-06
-1.460222180274118e-05 -6.454415799037058e-06 -9.954782534724079e-06 5.173015335949301e-08
-1.422304607106900e-05 -8.857883291556107e-06 1.866046629359633e-06 2.854591326992960e-07
-1.282885347898378e-05 -1.153752302150618e-05 -7.512816268976287e-07 -1.021332329745551e-06
-1.430257845513910e-05 -1.240114306483881e-05 -2.625469196870346e-06 -5.748796661606578e-06
-1.588954505748186e-05 -1.312200650356067e-05 -2.445581876312249e-06 -1.765801121553674e-06
-1.601138704384528e-05 -9.365919574336605e-06 3.744251497275112e-07 3.263833844440045e-07
-1.600078626109775e-05 -7.377334243972069e-06 -2.599836280899550e-06 -1.503661182952698e-06
-1.565581014079418e-05 -1.136426692698192e-05 -2.088561087605908e-06 -3.823294469741651e-06
-1.756963390863970e-05 -1.365941611592523e-05 -1.348598403308090e-06 2.394897618704343e-06
-1.932060347834073e-05 -1.399612441686366e-05 -1.549893751209799e-07 5.072415738616669e-07
-1.745865141375257e-05 -9.808716038257722e-06 -2.614943582885045e-06 1.942474284513945e-06
-1.759367564700942e-05 -8.047433853069382e-06 -2.425069228936499e-06 3.393280303915327e-07
-2.111541761026761e-05 -1.411932301830218e-05 -1.366288243218702e-06 -2.269319174376846e-06
-1.911113224358066e-05 -1.146939858894417e-05 -1.384288922714816e-06 1.570778422439745e-06
-1.931788800935751e-05 -8.457203136634559e-06 -1.608507934769700e-06 2.163929301024949e-06
-2.150537962191167e-05 -1.174019143076624e-05 -2.990340897882482e-06 -1.315849240788805e-06
-2.311049331508739e-05 -1.414959128267497e-05 -3.710209025853162e-06 1.091782273557457e-06
-2.110451978144274e-05 -8.589112906587132e-06 -9.432716348182510e-07 -9.853659020066802e-08
-2.590694727504661e-05 -1.418587376266094e-05 -8.315165707776118e-07 2.013845611936944e-07
-2.369286882644418e-05 -1.037218086314207e-05 -3.623075438957385e-06 2.142432423314093e-07
-2.311939405639713e-05 -8.551852372705101e-06 -2.944282660851189e-06 7.098261361548545e-07
-2.981724006715836e-05 -1.424160836272813e-05 -1.734626032105723e-06 2.308713488293780e-06
-2.786616175688766e-05 -1.112392528266058e-05 -2.109150159603093e-06 1.460150804164760e-06
-2.590952831841311e-05 -8.506060666532744e-06 -4.946689314447498e-06 -5.103049147112728e-07
-3.505844738968916e-05 -1.429565041893995e-05 -5.894511150191421e-07 1.169344005740546e-06
-3.242593965780910e-05 -1.135264391535086e-05 -2.023568086873712e-06 -7.556853042108383e-07
-2.981682083314405e-05 -8.456083950305259e-06 -8.409472392625614e-08 3.519714343498264e-07
-4.059700226338160e-05 -1.432836104791174e-05 -1.670118856249868e-06 -9.944618677796695e-07
-3.781526100834777e-05 -1.134831805963793e-05 -6.652154983315816e-07 3.883491459332883e-08
-3.505973986113640e-05 -8.405824161079682e-06 -2.644228178482743e-06 -3.512588162267483e-06
-4.619282253902914e-05 -1.434740939566834e-05 1.773863821887004e-06 -1.235083680886461e-06
-4.338921861858671e-05 -1.134470147843696e-05 -2.744295900608193e-09 4.809830383426604e-08
-4.059691429015918e-05 -8.364681577330541e-06 -8.439029636585389e-07 1.598869575718394e-06
-5.182496983613617e-05 -1.436989417700518e-05 9.883444485145202e-07 2.071230623842340e-06
-4.900308180798985e-05 -1.134199117988154e-05 1.419609590185301e-06 -1.133821548990451e-07
-4.619570840347713e-05 -8.339064164670240e-06 1.962366830586235e-06 7.991038827344181e-07
-5.747398888353711e-05 -1.437373112021887e-05 2.176003937765217e-06 8.194494901405759e-07
-5.464795342872468e-05 -1.134562582283041e-05 1.054284387024082e-06 3.527915917606323e-07
-5.182255875072409e-05 -8.317753210651195e-06 6.490240714088027e-07 -1.563757603105776e-06
-6.314549956721902e-05 -1.437628138376983e-05 1.870258023379704e-06 -1.489137895831648e-06
-6.030688869128110e-05 -1.133964387496166e-05 2.827980105700933e-06 -1.244750622214256e-07
-5.747689851952236e-05 -8.313415099067012e-06 1.611178534716981e-06 -6.249629922431235e-07
-6.882963262072236e-05 -1.438167112584335e-05 5.794251571630807e-06 2.761091567710848e-06
-6.598599075971406e-05 -1.133763430548232e-05 2.723074438886703e-06 -6.018929659716145e-07
-6.314497170454120e-05 -8.299275563970883e-06 3.164957470491442e-06 6.292878657439852e-07
-7.452241412629106e-05 -1.438290023978292e-05 4.653646605380050e-06 -1.362671405457325e-06
-7.167628882609533e-05 -1.133761963354417e-05 6.640895632588478e-06 4.267777337067421e-07
-6.883105072524984e-05 -8.294582505921327e-06 4.828395480940337e-06 -2.487042243626963e-06
-8.021070009156272e-05 -1.438450798437935e-05 5.749937287701088e-06 4.693074733336763e-07
-7.736568411181962e-05 -1.133692589944429e-05 3.887525240673218e-06 2.596126206544274e-07
-7.452120225279286e-05 -8.292891745949150e-06 4.705697296503006e-06 1.273072047782725e-06
-9.242394597720556e-05 -1.404833478139459e-05 7.802329659509884e-06 9.233895617861253e-07
-9.161521515548225e-05 -1.438347218154174e-05 7.282887431716396e-06 9.780010073425307e-07
-8.276496406170863e-05 -1.133084559380212e-05 7.361840239603283e-06 2.621000908743874e-07
-8.591401068385454e-05 -1.438345854616437e-05 6.905121750452856e-06 -4.871285712983289e-07
-8.021403890499277e-05 -8.282351501013447e-06 6.063701993794259e-06 2.247087243991129e-07
-9.275888734503279e-05 -1.323938607830744e-05 8.038429877486482e-06 6.252281146961605e-07
-9.084442313578749e-05 -1.133269249853935e-05 6.664798856395229e-06 -5.075814448496159e-07
-8.591287648415063e-05 -8.277837869192901e-06 6.961186507412273e-06 3.547534496155167e-07
-9.275743560277760e-05 -9.427267264446522e-06 8.225663421582996e-06 -1.817407640873828e-06
-9.161352025904984e-05 -8.283019290168960e-06 7.460574116311818e-06 -2.180829477870976e-06
-9.242237117524079e-05 -8.618246877626834e-06 7.993429122615468e-06 -2.130739223778640e-06
