9.102777855061386e-05 -1.316126481355980e-05 2.512366690333614e-06 -2.843979261519234e-06
9.137230325306855e-05 -1.232897815142186e-05 2.663787375339237e-06 -2.784469494663674e-06
9.137180764048883e-05 -8.405178176454841e-06 2.649291305410037e-06 -1.927950578349973e-06
9.102715394304993e-05 -7.572362889616549e-06 2.507161723017555e-06 -1.904582165243808e-06
9.019591373439820e-05 -1.350612235274509e-05 2.202067683993946e-06 -2.790250453968802e-06
8.863400170075753e-05 -1.036639629590940e-05 2.014607711183540e-06 -2.346584600915232e-06
9.019495240269819e-05 -7.227203115922568e-06 2.224560391222852e-06 -1.973718138340967e-06
8.432865611385400e-05 -1.350710185027086e-05 4.198193857217037e-06 -9.240414223753734e-07
8.432614880459486e-05 -7.219210773124855e-06 4.344211627378900e-06 -3.825357043776617e-06
8.108590967536898e-05 -1.036168366660568e-05 5.471147537579239e-06 -2.402993025113488e-06
7.845617146079446e-05 -1.351023199767191e-05 4.605888444950908e-06 -3.995507149874623e-06
7.845825918961279e-05 -7.216370015677462e-06 4.478995450923280e-06 -7.764530273649806e-07
7.552061787713740e-05 -1.036582624447764e-05 3.394715482551888e-06 -2.683912147337371e-06
7.257017089315520e-05 -1.353177676252748e-05 3.633387151699962e-06 -2.767375548509123e-06
7.257129027654063e-05 -7.203846402703252e-06 3.052964441830618e-06 -2.501155406827617e-06
6.961816091066245e-05 -1.036884742746294e-05 3.834617719311939e-06 -2.571736191965110e-06
6.667457029604504e-05 -1.352188494736393e-05 4.383567920706917e-06 -1.632356853788547e-06
6.667230561814436e-05 -7.212563417562298e-06 3.988238622843111e-06 -3.627744255900728e-06
6.372850176146062e-05 -1.036537658641670e-05 5.203578410087912e-06 -2.766429303211198e-06
6.077803425910787e-05 -1.352112063385710e-05 5.414150404343323e-06 -2.459953772106573e-06
6.077814391214089e-05 -7.208350333259151e-06 4.435865734978691e-06 -3.312209965684096e-06
5.782467121818232e-05 -1.036492844336280e-05 4.840062557848076e-06 -2.509816069028354e-06
5.488066738843288e-05 -1.350773451645652e-05 4.083097964414672e-06 -2.749767948081068e-06
5.488041126347810e-05 -7.224925013233906e-06 3.856178672184442e-06 -2.920730027737590e-06
5.194426058585352e-05 -1.036711164596230e-05 3.596475689463302e-06 -2.674941086185003e-06
4.902561263649364e-05 -1.348402508121695e-05 3.891850966278480e-06 -2.041015973509886e-06
4.902897753299416e-05 -7.255201923253515e-06 3.703228283965980e-06 -3.186921491706638e-06
4.612349471256699e-05 -1.037063970277643e-05 4.674999454009595e-06 -2.717872588359731e-06
4.324628869921295e-05 -1.344477885918303e-05 5.453899614992647e-06 -1.741365257166828e-06
4.324341050827274e-05 -7.292872110244982e-06 5.112658207943966e-06 -3.008173278716367e-06
4.037584621623073e-05 -1.036782523136498e-05 4.327191141802610e-06 -2.385148509984865e-06
3.753363309114127e-05 -1.339652618231047e-05 3.013120740282620e-06 -2.711657362720816e-06
3.753490088832851e-05 -7.341358437138266e-06 2.941680002071225e-06 -2.333730860762804e-06
3.471506302192768e-05 -1.036991099045709e-05 3.281302034083617e-06 -2.384054503413382e-06
3.195274860048705e-05 -1.331146369920653e-05 3.878546939141730e-06 -5.977956252642973e-07
3.195044941998361e-05 -7.427753493585862e-06 5.359774895966459e-06 -3.502439982882837e-06
2.932419737589929e-05 -1.036601215824495e-05 4.688586346929808e-06 -2.833250584641105e-06
2.675293646361281e-05 -1.320702671245132e-05 5.141100785684090e-06 -2.014825145128103e-06
2.675364479911962e-05 -7.527809547064205e-06 2.580011742028653e-06 -9.569768346546302e-07
2.484339972988329e-05 -1.058233362642858e-05 4.187160110146974e-06 -1.180466699905648e-06
2.295635492016922e-05 -1.311350661578455e-05 4.417692220723888e-06 -2.501811626933438e-06
2.295178741294263e-05 -7.627098002766541e-06 5.703764439549830e-06 -2.336245334741489e-06
2.028174991227583e-05 -1.303596009801354e-05 5.131559208917599e-06 -2.710533451911873e-06
2.078004101880086e-05 -1.128624809081421e-05 4.748955226589241e-06 -4.003623598160444e-06
2.027392604811692e-05 -7.679240481067875e-06 3.837581439330248e-06 5.066301365484239e-07
1.837194344507714e-05 -7.737019950171344e-06 3.739785734295181e-06 -1.808005994150681e-06
-2.787660651461226e-06 -7.374529352260227e-07 1.821483613628245e-05 2.882685252072207e-06
-2.857701802962268e-06 -5.466103232198594e-07 5.140796747973049e-05 -3.845350812021519e-05
-2.809223644783886e-06 -4.936670955341452e-08 1.416868577874886e-05 -3.652459925456873e-06
-2.749972516307767e-06 3.922490108238864e-08 -3.286537451633568e-05 2.275131896059796e-05
1.837271304395414e-05 -1.297970884125694e-05 5.862234876637027e-06 -2.005387126711499e-06
1.668749712485750e-05 -1.282789266642153e-05 4.072027617192059e-06 -2.815593100837101e-06
1.796819697386848e-05 -9.706128684654849e-06 2.500848575305753e-06 -1.237939827017518e-06
1.666598078745170e-05 -7.656885355729491e-06 5.722703248112910e-06 -4.534365608079034e-06
-2.624043451666361e-06 -8.165142832311511e-07 -7.924718974543698e-05 3.325349061526054e-05
-2.449936066787351e-06 -3.220961783062212e-07 3.870069042930384e-05 -7.800199943934198e-06
-2.638017764759682e-06 7.547360820221837e-08 -7.493963644446131e-05 2.758108622426752e-05
1.613604326162829e-05 -1.122304251762565e-05 4.225026073068307e-06 6.880053293478369e-08
1.505289117257413e-05 -1.247691544678423e-05 1.963417448052386e-06 -3.752890602270198e-06
1.350748260966601e-05 -1.197366217701495e-05 2.977093831082673e-06 -4.606031848290204e-06
1.563066550479132e-05 -9.062250769125025e-06 6.429898259178466e-06 -3.181897255364346e-06
1.506565999564454e-05 -7.315490505131156e-06 5.573256107359736e-06 -1.141892640772350e-06
-1.744968468253017e-06 -7.857430744294822e-07 1.268400507813484e-06 -9.023302032315382e-06
-1.744784736538095e-06 1.340600135464501e-07 -1.802713201633424e-05 -1.583457373967596e-06
-1.283156507748340e-06 -3.345971253230181e-07 1.713178921602041e-05 3.287964704521054e-05
1.206988987581497e-05 -1.129471852516292e-05 2.811490297700380e-06 -5.724643271260184e-06
1.329139980357147e-05 -1.035547718254672e-05 3.767258232652304e-06 -3.553018517424721e-06
1.381987637991583e-05 -8.358443562747886e-06 4.253327148222881e-06 -1.261494668580867e-06
1.359795978392081e-05 -6.725777434304525e-06 4.708585563349140e-06 2.220039257980235e-06
-7.655298850067510e-07 -8.796303913637852e-07 -1.332653352556629e-05 -2.057420898596218e-05
-7.608393376290931e-07 1.963524968451054e-07 -4.948879695385386e-07 -1.725009334729245e-05
-1.898407933313069e-07 -3.150369958900606e-07 5.368844164822858e-06 3.437510827342192e-05
1.073707245134270e-05 -1.047975772310645e-05 2.437410282994774e-06 -6.209845377855255e-06
9.550089168534200e-06 -9.550537725153382e-06 6.431270510423392e-06 -1.946230936237431e-06
1.198263443813144e-05 -8.052767335531070e-06 1.874893326085201e-06 -1.708840359956579e-06
1.230187454682075e-05 -5.912121349373843e-06 6.609931596256624e-06 -9.579341945342247e-07
4.610436654395213e-07 -1.049641165296025e-06 -2.670818170425144e-06 -9.857837989319126e-06
4.626028891153997e-07 3.838793025222791e-07 -3.595396897573667e-06 -2.100100151823857e-05
9.850291389809907e-06 -8.147749871518787e-06 4.714919419868692e-06 -2.490900148226187e-07
8.511155683865688e-06 -8.502038416043070e-06 4.742176640206858e-06 2.310546566526257e-06
1.034358515968410e-05 -6.601154167230191e-06 3.475687661291565e-06 -2.979271248031665e-06
1.121251463661591e-05 -4.933977433174605e-06 9.590903352224542e-07 9.433802522524561e-07
1.194855322810051e-06 -3.286734283615315e-07 9.450762992646144e-06 2.312470657292944e-05
2.050497200704093e-06 -1.287152513888163e-06 -8.225003294436848e-06 -1.140091775481759e-05
2.060907007917975e-06 6.667963178825901e-07 1.398720715480740e-07 -7.627921153822750e-06
7.603510382530743e-06 -7.370782066549978e-06 2.420171864736960e-06 4.277845133587892e-07
6.863330896549715e-06 -6.201634305567806e-06 3.114937139976840e-06 -2.104423710748147e-06
6.283619136387824e-06 -4.970338452492056e-06 5.696199312137422e-06 -3.238723624750610e-06
9.335719249237745e-06 -5.232050516866815e-06 5.413067899228224e-06 -2.074681434157070e-06
1.034417096252047e-05 -3.830918388287120e-06 8.060470552971162e-07 -2.512524376714557e-06
2.751913427929954e-06 -3.143254737255146e-07 -3.812801895407348e-06 -5.681633979470688e-06
3.599227234754110e-06 -1.532801888280686e-06 1.377019662991606e-05 1.767800715258890e-05
3.588420024138808e-06 9.386569095354907e-07 9.194840824573367e-06 8.316048783634463e-06
7.526898771433969e-06 -4.964053151792556e-06 1.142555243484509e-06 -5.029789392517881e-06
5.851294266060519e-06 -3.705343614389314e-06 7.374190412676873e-06 1.165550935846364e-06
4.983019084533746e-06 -1.763507003074439e-06 -1.190493726837351e-07 7.923217571925290e-06
5.391951075473283e-06 -1.987139559718478e-06 9.206283824604066e-06 -2.035190564140062e-06
5.605783870292161e-06 -2.432361693330997e-06 1.475569678910086e-05 -7.946490818321946e-06
8.640799749760838e-06 -3.672141404434321e-06 7.972688642912875e-06 -1.271423506576988e-06
9.693624027181776e-06 -2.670676312567966e-06 -5.715832211604016e-07 -4.217190675938153e-06
4.350523216460145e-06 -4.872221059167383e-07 -3.047767415484676e-07 -8.177299361676175e-06
5.001169744558831e-06 1.102924709785015e-06 -1.468985361633760e-06 1.163036817527377e-05
6.714633041564987e-06 -2.812312280200513e-06 -2.606259683062593e-06 -2.982440229705109e-06
5.417528786549934e-06 -1.104777186184117e-06 2.479678422739765e-06 6.352352331127904e-07
5.904059239301772e-06 -1.830163634931120e-06 1.014349114869670e-05 -5.920162567796567e-06
8.139374737315036e-06 -2.301108236439940e-06 4.589757235246413e-06 2.833516882610605e-06
9.281956683351230e-06 -1.488115261182257e-06 -2.137873016154158e-06 -1.069634364908631e-05
5.446835415512530e-06 2.905312775422631e-07 4.016594648329364e-06 1.201871144286611e-06
5.412958548543181e-06 1.303911751118874e-06 1.293506585060445e-06 4.641875764084493e-06
6.978812549909719e-06 -8.058733659679510e-07 4.203743229473406e-06 6.173024252177720e-06
9.148075382289843e-06 -3.172446246360431e-07 4.124375154911762e-06 -6.597712097733145e-06
9.243941029181529e-06 8.395760961622772e-07 9.861574309870740e-06 -3.721102664574155e-08
6.274546141147203e-06 1.039225274084354e-06 -1.356133585123641e-06 -2.418442066945654e-06
5.657757507633030e-06 1.742096986848041e-06 1.973549212956723e-06 -2.838100364043930e-06
5.949251020958595e-06 2.963779265180355e-06 8.778937218913501e-06 -9.144819899070668e-07
8.103402359651539e-06 9.956114485636721e-07 6.081820192161126e-07 2.160841201898239e-06
6.368183721507186e-06 4.143440297131529e-06 5.198113831375110e-06 9.448511542803541e-07
9.572659013259952e-06 1.996915484241265e-06 9.044387809149701e-06 -3.778886211626455e-06
7.028465523760418e-06 3.013411502890937e-06 2.554171766615730e-06 2.891531500070795e-06
8.654939929715293e-06 3.098515949208932e-06 -2.392024874098346e-06 3.400734652886601e-06
6.931984053588694e-06 5.264605597353226e-06 -8.043167182486973e-06 -2.022005796250484e-06
1.013410313274264e-05 3.106856880669877e-06 3.589633738869687e-06 -7.857564448161630e-06
9.672563502953954e-06 4.196550958884512e-06 9.297420188337900e-07 2.658055935165695e-06
8.561491108355192e-06 4.882160315818583e-06 7.929602579327251e-06 -4.641727286593864e-07
7.643840801329972e-06 6.326623345582373e-06 6.617689534677081e-06 7.096813879194145e-06
8.470423849477741e-06 7.320593819245809e-06 4.543600263338500e-06 1.241992228687606e-06
1.090178499495955e-05 4.132036842671097e-06 6.093284416912170e-06 2.180403838450875e-06
1.034935404129044e-05 5.419557261688610e-06 4.465074585575724e-06 1.156829765380140e-06
9.689406686948774e-06 6.929489592384837e-06 3.871493733981874e-06 8.516077887415934e-07
9.409376829058242e-06 8.224603357858463e-06 5.497492696297127e-07 3.168059614369185e-06
1.184545658609304e-05 5.022544968538581e-06 3.421736679509012e-06 1.037636001356115e-06
1.156140274551972e-05 6.919775487925805e-06 5.448545188170745e-06 5.961078197986942e-06
1.047221191634213e-05 9.015110334603500e-06 3.179377837199649e-06 6.307233182967937e-06
1.162953433947861e-05 9.692151032829809e-06 3.717463789014941e-06 6.177899175945628e-07
1.286106926577572e-05 1.024328490054473e-05 6.644839816940555e-06 1.113162120907739e-06
1.296383793949405e-05 7.328584514622819e-06 4.356208214794187e-06 3.444076485231135e-06
1.295311571653641e-05 5.759431310989257e-06 5.342517195261836e-06 1.839338297393498e-06
1.268621199642232e-05 8.887078117913083e-06 4.979404853457919e-06 1.421419319933805e-06
1.415786160725124e-05 1.064752049903942e-05 6.741216357575005e-06 4.304751298757411e-06
1.550871786602092e-05 1.090293831599240e-05 7.262521089297293e-06 5.762656325120940e-06
1.408111004862622e-05 7.678777045223135e-06 4.956685331350496e-06 2.698245905282534e-06
1.418872058140049e-05 6.307513567284942e-06 4.858196153489761e-06 -1.281281798393267e-06
1.689110180621206e-05 1.100182852333185e-05 7.326243994232163e-06 4.957049968536345e-06
1.534718176443626e-05 8.954846105995858e-06 6.906879358635547e-06 4.097309998110910e-06
1.550918133876725e-05 6.633720913488905e-06 8.088526542905596e-06 1.282359743427224e-06
1.719836667082471e-05 9.162820025642924e-06 5.890851678062163e-06 4.205151505580499e-06
1.843915386760489e-05 1.102660472692502e-05 5.206479600243303e-06 5.580475910988406e-06
1.689023625642424e-05 6.732942772146081e-06 6.207230192005823e-06 2.332878864068157e-06
2.058627135451750e-05 1.105120512257623e-05 8.877812651313738e-06 4.946496657494894e-06
1.888134835988566e-05 8.111983681858576e-06 8.744735142233527e-06 3.383829264019572e-06
1.843864365036153e-05 6.708309085472630e-06 8.542338976643286e-06 2.649022172876124e-06
2.358829773750862e-05 1.109065403525847e-05 9.493650045405576e-06 3.662962928088977e-06
2.209059642919859e-05 8.692543564001544e-06 9.588952085205260e-06 3.061616627325478e-06
2.058413269601497e-05 6.674195294909422e-06 9.745910307994888e-06 2.758456469707708e-06
2.762061384445863e-05 1.112845216593770e-05 1.236311583117409e-05 3.647783452050548e-06
2.559397959674494e-05 8.863552512622118e-06 1.066163502228875e-05 3.648404200608987e-06
2.359002709735021e-05 6.636142931293571e-06 9.850761275408308e-06 2.439847128571318e-06
3.187555817971183e-05 1.116381981566595e-05 1.513794379413730e-05 3.770770588606651e-06
2.973670288796872e-05 8.867880454613181e-06 1.346017581833205e-05 3.977395172123660e-06
2.761478861631240e-05 6.601787707123106e-06 1.107736488672375e-05 4.873875736232920e-06
3.620907345456585e-05 1.119664107072359e-05 1.746216515955127e-05 5.115338416877742e-06
3.403214879377174e-05 8.862026257482090e-06 1.681452487600278e-05 2.968495970968115e-06
3.188210859185293e-05 6.565187627001050e-06 1.607398595559007e-05 2.500435612518936e-06
4.059705357411033e-05 1.122668488437577e-05 1.913509594154812e-05 8.107376572248636e-06
3.839264793578959e-05 8.866940023254887e-06 1.736573817416171e-05 4.071462002398067e-06
3.620438491179996e-05 6.532744313405459e-06 1.718075511793298e-05 1.312264949721171e-06
4.501837179768763e-05 1.123613834706558e-05 2.387288373705105e-05 4.627997797280198e-06
4.280591186330764e-05 8.866248502879290e-06 2.204130115975470e-05 3.749103343977386e-06
4.059751861343469e-05 6.506539798248038e-06 1.913331360320055e-05 1.015599061175892e-07
4.946274318180828e-05 1.125331238775728e-05 2.413843140685383e-05 4.214844415051421e-06
4.723517727261169e-05 8.867929043502007e-06 2.424042371527134e-05 4.019239718600899e-06
4.501847892499656e-05 6.498071752052647e-06 2.332303697352785e-05 2.564743773533846e-06
5.393463628350476e-05 1.127423377088880e-05 2.979040549435019e-05 6.872309560595690e-06
5.169344852182834e-05 8.869877619796557e-06 2.613530640450021e-05 3.045374095635831e-06
4.946197750729297e-05 6.485116361355857e-06 2.501095753932907e-05 3.424537632678256e-06
5.842305238007641e-05 1.128167837059056e-05 3.221453732648124e-05 2.674322514709082e-06
5.617678519872226e-05 8.871832079362816e-06 3.203630950413250e-05 2.596987524945789e-06
5.393329359535379e-05 6.467409551274477e-06 2.982262006592420e-05 -1.519366468838423e-06
6.292132579855575e-05 1.127962034012976e-05 3.797111576021952e-05 4.303762840356858e-06
6.067216040500008e-05 8.869521145329232e-06 3.416338362114215e-05 3.740919787735204e-06
5.842469883505732e-05 6.460347631374865e-06 3.160473405453754e-05 3.569188443517031e-06
7.258546181126895e-05 1.101670763057218e-05 4.604739818657948e-05 5.761532746320686e-06
7.194662897183647e-05 1.128178992046433e-05 4.527643939431568e-05 6.039862162590558e-06
6.494025419281156e-05 8.868652604635859e-06 3.915929848354719e-05 3.771290777965603e-06
6.743588974948507e-05 1.128582625861484e-05 3.854115678179066e-05 5.554580114527003e-06
6.292144127023429e-05 6.457952176987416e-06 3.816026251478511e-05 3.466346230863608e-06
7.285002947753163e-05 1.037725563816520e-05 4.638156410887243e-05 5.086074083132121e-06
7.133846987422002e-05 8.871113970519385e-06 4.431396693724010e-05 3.668939920065749e-06
6.743498653162945e-05 6.453452437421803e-06 3.854678112835258e-05 1.719718726525650e-06
7.285000747500618e-05 7.365090235080627e-06 4.636693566721024e-05 2.299378797325786e-06
7.194635496394638e-05 6.460186387165990e-06 4.524810960494631e-05 1.329297354937732e-06
7.258537046560016e-05 6.725394914992702e-06 4.602863109345125e-05 1.613680934322856e-06
