-5.555946371061902e-06 2.094093875862603e-06 5.095006716068900e-05 -7.545834395587312e-06
-5.559246803151337e-06 2.086097911424447e-06 5.142017189067082e-05 -6.793145416595725e-06
-5.558878287589719e-06 2.048942853349768e-06 5.135614868511323e-05 -3.039518626324810e-06
-5.555565738113342e-06 2.041027980963220e-06 5.089640581167919e-05 -2.395924635089884e-06
-5.547958112987480e-06 2.097402415353541e-06 4.989524370290730e-05 -7.789894357361230e-06
-5.533083736913006e-06 2.067269205384616e-06 4.776914523693652e-05 -4.992010862327911e-06
-5.547602546648440e-06 2.037750430006288e-06 4.989429629697443e-05 -2.212957583329900e-06
-5.492409105762926e-06 2.097890911776840e-06 4.382612644820678e-05 -6.348350003864633e-06
-5.493005965337018e-06 2.037521690407776e-06 4.425991721130812e-05 -5.088700930883038e-06
-5.461875726122648e-06 2.069002433619178e-06 4.358092718017704e-05 -6.225568550367311e-06
-5.434865568196459e-06 2.099937188548836e-06 4.257742274523432e-05 -7.939179680863947e-06
-5.436135967593571e-06 2.040466595537338e-06 4.240633251673043e-05 -4.388722696338458e-06
-5.406224093402479e-06 2.071441956976774e-06 4.092752954039294e-05 -5.743942096148253e-06
-5.384767538879874e-06 2.090210379628656e-06 3.915524683503336e-05 -7.319470952715741e-06
-5.381852855844654e-06 2.050021056636921e-06 3.852898359882379e-05 -2.688362448349736e-06
-5.363103314847403e-06 2.069118266868111e-06 3.679317057723578e-05 -4.368197897389031e-06
-5.345751392720169e-06 2.084239061651433e-06 3.401815614011299e-05 -5.516105663676310e-06
-5.344781154900522e-06 2.053353430824769e-06 3.451252334046573e-05 -3.742666638237550e-06
-5.328466842197592e-06 2.068821067087297e-06 3.276544531719579e-05 -5.211588948137743e-06
-5.317397906013916e-06 2.079300856452862e-06 3.158691014730437e-05 -4.911665982074591e-06
-5.315360884991303e-06 2.057035910462252e-06 3.179844940236454e-05 -6.493380698410623e-06
-5.308922184199000e-06 2.067336092476593e-06 3.117510603888032e-05 -5.773632816682958e-06
-5.305604413741335e-06 2.075059985272113e-06 2.765501842179173e-05 -9.795966488181331e-06
-5.303548750935082e-06 2.057524540835159e-06 2.791308452899289e-05 -1.995853284224198e-06
-5.296823998967810e-06 2.064304589166376e-06 2.577396622201895e-05 -5.841208948949814e-06
-5.279646994278975e-06 2.082622758317823e-06 2.545346923000959e-05 -8.668050904535953e-06
-5.277710985941788e-06 2.041468824307271e-06 2.422327235915710e-05 -1.308941099759120e-06
-5.255548234701223e-06 2.059347073451295e-06 2.340631165560946e-05 -4.044232210731006e-06
-5.225010300714458e-06 2.095536299330590e-06 2.061782155853583e-05 -7.814659783637282e-06
-5.224660246589638e-06 2.019774434496836e-06 2.210729360199807e-05 -1.358830630917264e-06
-5.193146028031420e-06 2.056751007006730e-06 1.974476977321556e-05 -6.071172490673445e-06
-5.150813793853926e-06 2.114672945767492e-06 1.964405252900742e-05 -7.119956731392496e-06
-5.149968203493940e-06 1.999196661495139e-06 1.877047530421047e-05 -4.086307689040844e-06
-5.098868313423357e-06 2.057383563665785e-06 1.761258575550722e-05 -5.596056099535399e-06
-5.024342998392661e-06 2.149599572159396e-06 1.471707823991506e-05 -7.223114120608601e-06
-5.028678052253200e-06 1.970301153264651e-06 1.519133936399409e-05 -4.620319022610434e-06
-4.943773700879582e-06 2.060080285202029e-06 1.300672248188287e-05 -5.748202918881574e-06
-4.831213950994210e-06 2.197219285306280e-06 1.382997533027161e-05 -4.178566558486591e-06
-4.825555898228343e-06 1.912844613018478e-06 1.209872704073840e-05 -5.748894539301327e-06
-4.732039932889841e-06 2.069100716422755e-06 1.272665744174958e-05 -4.147782667064359e-06
-4.601100628118986e-06 2.245246894457048e-06 8.910505840169222e-06 -6.365615161377943e-06
-4.607161297353913e-06 1.865714104896413e-06 1.228998302894065e-05 -3.470415956189505e-06
-4.399645428567466e-06 2.283303946571032e-06 8.560114822308628e-06 -6.011593287313456e-06
-4.449981869924156e-06 2.132379460735454e-06 8.204478429413985e-06 -7.082713930665662e-06
-4.396210466028284e-06 1.837540145889204e-06 6.446964195648844e-06 -4.429049406960677e-06
-4.233019679572255e-06 1.805986112900761e-06 7.294010310961223e-06 -4.975252013412636e-06
9.722393501656076e-07 -4.112925077223640e-08 1.666008514654410e-05 -1.203576883540604e-05
9.608971819959227e-07 -6.998411735785322e-08 -1.385880295974991e-05 -7.052653719165780e-05
9.465859058483482e-07 -3.327432874332332e-07 -4.006610971889650e-05 1.372035808145004e-05
9.676274166894090e-07 -3.207179931367447e-07 -2.167813190834547e-05 -2.633627282080558e-06
-4.242664743831349e-06 2.311044031069441e-06 9.282884386696566e-06 -6.185815365433346e-06
-4.068083489810812e-06 2.323660425476685e-06 5.868121973081195e-06 -7.867122959581408e-06
-4.212588648946682e-06 1.990891478888835e-06 7.630694050117667e-06 -5.380399497786950e-06
-4.075090079362177e-06 1.754893443572489e-06 5.951038281977885e-06 -3.723982489510116e-06
9.814231902798024e-07 -3.208819369618663e-08 4.482324254072768e-06 5.046087922190176e-05
8.077413389162976e-07 -2.715120301415954e-07 7.865102418750406e-06 1.045611406919706e-05
9.930047662436791e-07 -3.144252898119101e-07 1.055149383283929e-05 -2.803082878184436e-05
-4.018785212122437e-06 2.160336733418885e-06 5.692407485712463e-06 -5.749934815895699e-06
-3.875263221637691e-06 2.321655712397980e-06 5.336448721831553e-06 -7.501364481733895e-06
-3.666926033282875e-06 2.285765462250047e-06 5.856448826487236e-06 -5.440496507391040e-06
-3.964602773227685e-06 1.905982600309905e-06 5.103171304854550e-06 -3.480625049506753e-06
-3.893599314037374e-06 1.664559898402698e-06 5.953956910253601e-06 -3.662723868157563e-06
6.321996024703334e-07 -4.901027798632270e-08 5.546778699243290e-06 -1.488652364493277e-05
6.012059255810165e-07 -3.600005181264293e-07 -1.174872009458494e-05 7.808499109918384e-06
4.247765457879564e-07 -2.201509024179300e-07 2.021417044640625e-06 1.844107055010712e-05
-3.452852519474033e-06 2.227255479620295e-06 5.442797575248354e-06 -4.481730814775339e-06
-3.647005476484966e-06 2.085168929986956e-06 5.087697987894811e-06 -4.190677296991602e-06
-3.725871689566336e-06 1.801755025091640e-06 5.592983185830747e-06 -5.104249094905714e-06
-3.701089197571253e-06 1.532840404017060e-06 7.456441850129282e-06 -3.549735150060661e-06
2.615282200284192e-07 -3.767261152118301e-08 -5.488203377781458e-06 -1.411784057090466e-05
2.830187157302053e-07 -4.020905752894883e-07 1.499727983456004e-06 -1.997910064295640e-05
6.273338394343903e-08 -2.089769986358863e-07 1.975580143595046e-06 3.273396260456722e-05
-3.239619931145358e-06 2.135849130929529e-06 6.259657966992389e-06 -7.620573162540978e-06
-3.008330981138490e-06 2.004725648410012e-06 3.434971411915842e-06 -5.007552852361728e-06
-3.452853473736754e-06 1.750349563980549e-06 5.756951989794034e-06 -7.324835419742576e-06
-3.512751000167939e-06 1.360996384304491e-06 7.138357254763823e-06 -1.989047235496062e-06
-1.421219962297786e-07 7.213209429819368e-09 2.649536372370222e-06 -1.801838228081714e-05
-1.501628624008717e-07 -4.582770840115322e-07 -6.751273957671890e-06 -1.799683880711963e-05
-3.065034656733297e-06 1.771624124909201e-06 2.976751114104553e-06 -3.774476894604813e-06
-2.778542771564816e-06 1.843179885046021e-06 2.548037718706585e-06 -2.600127328731755e-06
-3.164118873360080e-06 1.479426191530990e-06 3.896298375839462e-06 -3.266249714106069e-06
-3.338195519588659e-06 1.141939184452707e-06 2.558682956645592e-06 -2.040077871371409e-06
-3.859554110148692e-07 -1.960299533934693e-07 9.237219673812987e-06 2.139553131796953e-05
-6.885833684485993e-07 9.962817575493166e-08 -1.371969499379461e-05 -1.032307810390269e-05
-6.698992900020998e-07 -5.385167182268726e-07 2.327239860202012e-06 -7.653811579444641e-06
-2.567203552085252e-06 1.639701545598227e-06 2.430124165895881e-06 -4.088606174585727e-06
-2.372104568620060e-06 1.398114725241654e-06 3.490373624397832e-06 -2.077262749264343e-06
-2.190818848325879e-06 1.128994851118707e-06 5.659572281756726e-06 -3.758860683938556e-07
-2.947500277985094e-06 1.195727151671667e-06 2.890039703439187e-06 -2.006688133540352e-06
-3.188134270050026e-06 8.684188746275799e-07 -1.540548543443132e-06 -2.388814804488789e-06
-9.091786611379387e-07 -2.127191207440223e-07 -3.263810730022944e-06 -2.643309185690247e-06
-1.184291864148613e-06 2.111793496929664e-07 6.645727410069861e-06 8.497713535907206e-06
-1.198836805502749e-06 -5.947976640343558e-07 6.214247110364836e-06 4.714839311891128e-06
-2.518523130419393e-06 1.134621257482055e-06 1.807837503296527e-06 -1.806237032702511e-06
-2.040851411076415e-06 8.260971512626842e-07 4.756103429608752e-06 -2.401662656393658e-06
-1.672403995886810e-06 2.737397949696410e-07 3.307255910515906e-06 7.216191827783242e-06
-1.820202568555129e-06 3.366703332658534e-07 1.940412435268885e-06 4.665893168532750e-06
-1.908877169989963e-06 4.684611750640794e-07 9.099914906620925e-07 1.002499021128844e-06
-2.791333201483695e-06 8.264952105009144e-07 2.008192458740921e-06 -1.728964264466329e-06
-3.084404782163858e-06 5.468006103835469e-07 -6.632346703232760e-07 1.375528697970650e-06
-1.448543457777523e-06 -1.506685098943465e-07 -1.574856508415476e-06 -4.752440801337280e-06
-1.638559983925874e-06 -6.694993444496234e-07 -7.081362594703302e-06 1.982674218802809e-05
-2.270499786888478e-06 5.953485903583938e-07 1.065613465984453e-07 -4.138048346581385e-06
-1.820496817717429e-06 5.846073637284423e-08 3.151893020151297e-06 -3.502728672378873e-06
-1.991520011012660e-06 2.884669410766744e-07 -5.216336213273982e-07 2.662538795534328e-07
-2.669336186609282e-06 4.576723326137927e-07 4.425233767894412e-06 -1.415814151333093e-06
-3.031963621111769e-06 1.958466559271521e-07 2.904600475705675e-06 -8.313309840797394e-07
-1.800019979475544e-06 -3.941066351381585e-07 8.541298597462118e-06 4.289127640733761e-07
-1.750137174962972e-06 -7.460041850987128e-07 -2.469932763180336e-06 1.268177537433478e-05
-2.320116559179973e-06 6.785197759229208e-09 3.593463300718327e-06 -3.494332698370388e-06
-3.025164658342420e-06 -1.793373118360110e-07 1.788190143713760e-06 5.044526916206819e-06
-3.125443729154187e-06 -5.760172406510648e-07 2.893672799965928e-06 3.029658293594132e-06
-2.061485694201227e-06 -6.373717273844637e-07 3.170983145212436e-06 -4.024213660135836e-06
-1.808511778700573e-06 -9.174497751288246e-07 -5.976025840480658e-06 2.893808595566209e-06
-1.877858736545543e-06 -1.397115335751108e-06 -2.074785447488885e-08 -3.204040993963991e-08
-2.708276818418537e-06 -6.050306835906591e-07 -6.019949947134472e-07 -3.045635818453121e-07
-2.014097058625492e-06 -1.893696779388317e-06 4.208723938039102e-06 2.404670413966142e-06
-3.317802128643853e-06 -1.003701612662617e-06 7.356217880822001e-06 5.565370697503721e-08
-2.307734263452996e-06 -1.398753392119753e-06 4.441020065162853e-06 5.665730850475688e-07
-2.951878647043807e-06 -1.439487785076876e-06 2.147320729677534e-07 3.147439297400686e-06
-2.223295237565639e-06 -2.384466136912353e-06 1.176924424471471e-06 3.184240884877712e-06
-3.605485688114355e-06 -1.440736664700386e-06 5.981426327038326e-06 -2.204698538858987e-06
-3.409568357413357e-06 -1.897082807916931e-06 1.901777280458873e-06 2.468496572636344e-06
-2.901241959162463e-06 -2.202404237959334e-06 4.002544482292622e-06 1.814546417375092e-06
-2.481833294609489e-06 -2.892229894394119e-06 3.111618033371264e-06 6.228817073283277e-06
-2.854312134440985e-06 -3.403211962056399e-06 3.578192888586574e-06 3.065811685236738e-06
-4.011750249655607e-06 -1.854016108644725e-06 4.083509554600195e-06 7.343932409218404e-07
-3.747696924240322e-06 -2.461713385403904e-06 2.658450680191434e-06 9.676627642098968e-07
-3.431030429309883e-06 -3.210715211963837e-06 4.203779429037884e-06 1.610726837299389e-06
-3.294597353980596e-06 -3.891957084415118e-06 3.185427664468377e-06 2.183496492880242e-06
-4.522275593266330e-06 -2.251922354651694e-06 2.530648976173860e-06 1.635373893126341e-08
-4.380491212364557e-06 -3.213170132923853e-06 3.000111025580139e-06 1.425888547571320e-06
-3.816443951845173e-06 -4.331534888822083e-06 1.437635121869023e-06 2.625729842702626e-06
-4.422614150586575e-06 -4.729313326284088e-06 1.860645957663979e-06 2.684539592981106e-06
-5.093599486495952e-06 -5.081244947194039e-06 2.902512189037634e-06 2.638398148068192e-06
-5.140626728936945e-06 -3.428245221326414e-06 4.228557168774098e-06 5.857111727525082e-07
-5.131048848373473e-06 -2.599738627711754e-06 4.990494930499503e-06 3.920277430364318e-08
-4.982911626409482e-06 -4.291405122066255e-06 2.820930476141806e-06 2.238629564976797e-06
-5.838316438943408e-06 -5.347348571846758e-06 3.981737008167380e-06 2.703593580717532e-06
-6.640009924388238e-06 -5.538056983504736e-06 5.711252499299876e-06 2.815334764289575e-06
-5.774123145399727e-06 -3.616326174249524e-06 5.096986236059435e-06 6.718896584738141e-07
-5.838010407931970e-06 -2.849790839308537e-06 5.105808245712730e-06 -1.325327365161250e-06
-7.476162633804379e-06 -5.631482301314463e-06 6.265145879358994e-06 2.660232697621006e-06
-6.521768895526077e-06 -4.364165613207055e-06 6.079083193437903e-06 1.747162597309993e-06
-6.623872861757795e-06 -2.986670974158458e-06 7.138393466398736e-06 4.404589052905555e-07
-7.657096037319710e-06 -4.500818023448952e-06 5.868483798431289e-06 2.303595051362330e-06
-8.439070002826916e-06 -5.680872199485480e-06 5.086206435839742e-06 3.092237560299379e-06
-7.461963839773973e-06 -3.016682985730384e-06 6.585860024185491e-06 1.782983070122581e-06
-9.801313352602934e-06 -5.730022672527640e-06 5.564400850128835e-06 3.743805675442097e-06
-8.705573479821720e-06 -3.846451680136368e-06 4.671008340757224e-06 2.505769676606804e-06
-8.435498862695613e-06 -2.969057858226988e-06 4.993305038810143e-06 2.463657183083460e-06
-1.178819034037542e-05 -5.807009066876622e-06 8.585013054636079e-06 2.695788314738660e-06
-1.078385439752250e-05 -4.207051087980998e-06 7.064513757023479e-06 2.281925634812423e-06
-9.809405135032495e-06 -2.905742308809594e-06 5.842480434801043e-06 1.488675395272783e-06
-1.454162709873450e-05 -5.893351227065865e-06 8.223527310574729e-06 2.141773312191538e-06
-1.313948673834277e-05 -4.323446191879411e-06 8.128315390145096e-06 2.651645563530947e-06
-1.178374616252865e-05 -2.832357670823869e-06 6.773497450722370e-06 2.525775854948846e-06
-1.755376398078054e-05 -5.957314969288621e-06 1.227164794075060e-05 1.455163690822808e-06
-1.602737457099555e-05 -4.321270173771729e-06 1.075695915593005e-05 1.915711232256833e-06
-1.454261557024711e-05 -2.751122473178508e-06 1.003784748920783e-05 1.986040169165794e-06
-2.065608485208224e-05 -5.994850773848809e-06 1.279003892280652e-05 4.044792201006892e-06
-1.909557441664625e-05 -4.319632331327869e-06 1.188843891283291e-05 3.003365426622977e-06
-1.755512636879499e-05 -2.684239864202239e-06 1.088850707753263e-05 3.705153998445388e-06
-2.382178233610713e-05 -6.033273912337978e-06 1.376105546267652e-05 2.553268730385798e-06
-2.222552182023795e-05 -4.315743228945849e-06 1.375699842137610e-05 1.966333677226446e-06
-2.065696012983750e-05 -2.641772749766758e-06 1.345604171593012e-05 4.220255037433282e-07
-2.706927077865447e-05 -6.061405477591476e-06 1.375927000681134e-05 2.640404961329613e-06
-2.543516661602840e-05 -4.309726876620746e-06 1.355371711383072e-05 2.874121543367783e-06
-2.382360245681905e-05 -2.591511869390717e-06 1.297643731785852e-05 2.132057256096879e-06
-3.037757847617655e-05 -6.089664798068342e-06 1.519217874168643e-05 2.077912193404539e-06
-2.871498753570653e-05 -4.306754833920701e-06 1.464565276718292e-05 1.599196122114515e-06
-2.707136498197352e-05 -2.554337878767360e-06 1.475994723383213e-05 2.052111164715728e-06
-3.372035455586958e-05 -6.106880752285583e-06 1.639479046091973e-05 1.517393072960847e-06
-3.204316612798987e-05 -4.308734778886072e-06 1.557461060707669e-05 2.303450766397594e-06
-3.037475509459077e-05 -2.526349432212025e-06 1.453272995459474e-05 1.356652653330675e-06
-3.710498209346946e-05 -6.114815819050876e-06 1.616255689616825e-05 1.265455214527071e-06
-3.540869249007003e-05 -4.302572837105987e-06 1.694076420718960e-05 2.861304422192608e-06
-3.372476402982731e-05 -2.504483884781691e-06 1.629378213043312e-05 3.870064199154156e-06
-4.050613225614869e-05 -6.127981346865575e-06 1.563747357624781e-05 3.922074476850052e-06
-3.880315314014851e-05 -4.303729140718448e-06 1.486818059474208e-05 2.406980098341091e-06
-3.710283818316963e-05 -2.490892215439619e-06 1.628652529934279e-05 4.094234794111293e-06
-4.780764060474728e-05 -5.923279651235904e-06 1.727595283371136e-05 3.840034914145557e-06
-4.732400696132619e-05 -6.124075680684665e-06 1.697017666065942e-05 3.808051975675762e-06
-4.202918582569495e-05 -4.301594848622558e-06 1.760385676806123e-05 1.785425432258529e-06
-4.390512049973825e-05 -6.130395747484614e-06 1.854021562274092e-05 1.719569809307354e-06
-4.050758316495374e-05 -2.477899154419466e-06 1.599854873682531e-05 1.765171607235072e-07
-4.800793750680299e-05 -5.439123639283316e-06 1.741163820133216e-05 3.724112371163191e-06
-4.686367219990804e-05 -4.300294626563550e-06 1.650030288457605e-05 2.724381911591673e-06
-4.390543443068573e-05 -2.470404942515877e-06 1.816737460821784e-05 2.317623547934719e-06
-4.800731495330491e-05 -3.162071652142580e-06 1.727346925931435e-05 1.914348860237734e-06
-4.732345850188438e-05 -2.477301025055464e-06 1.671757790823994e-05 1.680198910190537e-06
-4.780701498421421e-05 -2.678053449991594e-06 1.710147639191785e-05 1.703065638428395e-06
