-1.002816325301995e-04 1.450916692108011e-05 3.743089828047395e-05 -4.626017034724628e-06
-1.006680786721303e-04 1.357620823463762e-05 3.758137488603253e-05 -4.273288780375407e-06
-1.006680625295318e-04 9.178142610194794e-06 3.758113472655021e-05 -2.583557704801072e-06
-1.002816112849201e-04 8.245161119912864e-06 3.743007353741271e-05 -2.225612517214190e-06
-9.934866977896554e-05 1.489560915399811e-05 3.706994483623052e-05 -4.770026942832616e-06
-9.759882709158277e-05 1.137714596875886e-05 3.638217851419813e-05 -3.424914484095801e-06
-9.934863436040422e-05 7.858705794309985e-06 3.706682374000011e-05 -2.078499957176411e-06
-9.277981967120357e-05 1.489542753133061e-05 3.457177493717613e-05 -4.652204101127393e-06
-9.277971761439190e-05 7.858534316689216e-06 3.453724748879398e-05 -2.102881262803031e-06
-8.915332676589580e-05 1.137688444467298e-05 3.326911570908221e-05 -3.310515321907202e-06
-8.621082307165946e-05 1.489531382981381e-05 3.227953725388969e-05 -4.400489562337374e-06
-8.621085693852091e-05 7.858502564040056e-06 3.227485256704309e-05 -2.074718351655897e-06
-8.292616931989485e-05 1.137709667978217e-05 3.124833014583486e-05 -3.179660972684000e-06
-7.964135954464473e-05 1.489485678889632e-05 3.059038193988023e-05 -4.188832632456090e-06
-7.964146722287270e-05 7.859727659262701e-06 3.014122187741609e-05 -1.924101589203425e-06
-7.635701710299890e-05 1.137772149838212e-05 2.918829016118636e-05 -3.013688150024624e-06
-7.307437652113914e-05 1.489081388768995e-05 2.887232509281897e-05 -4.100442229200295e-06
-7.307457674955927e-05 7.865553812032758e-06 2.801167202263888e-05 -1.754295515368339e-06
-6.979459131545223e-05 1.137880914917459e-05 2.704898208764651e-05 -2.886104734685537e-06
-6.652185754636001e-05 1.487875403766389e-05 2.660964078194415e-05 -4.157996999318264e-06
-6.652222098004997e-05 7.880439113336007e-06 2.576102220233024e-05 -1.557077509133269e-06
-6.325552633968771e-05 1.138036871418743e-05 2.463729315545513e-05 -2.796412786132113e-06
-6.000337631961904e-05 1.485613647781579e-05 2.361730997659056e-05 -4.282545899447566e-06
-6.000390745805324e-05 7.906593994298662e-06 2.320521399677640e-05 -1.327036573010403e-06
-5.676112287520272e-05 1.138221281940155e-05 2.182446873741906e-05 -2.745906143627380e-06
-5.354071987196941e-05 1.482165380166263e-05 2.026576547016094e-05 -4.354151887824478e-06
-5.354126057124672e-05 7.944601549337364e-06 2.032263834508011e-05 -1.200588108361689e-06
-5.033352693432522e-05 1.138385500269307e-05 1.881689666021613e-05 -2.798923824094350e-06
-4.715655737563114e-05 1.477305734040083e-05 1.736552432901821e-05 -4.373975962505318e-06
-4.715678411265577e-05 7.995526209768524e-06 1.741275587681700e-05 -1.349829456222996e-06
-4.399682592796444e-05 1.138454839922281e-05 1.600597674271422e-05 -2.953760459076022e-06
-4.087853049322487e-05 1.470578277614141e-05 1.464866018149884e-05 -4.511282034971298e-06
-4.087844515645981e-05 8.063220778555643e-06 1.473851526396679e-05 -1.646748306369850e-06
-3.778349170809870e-05 1.138420945417232e-05 1.338339613717309e-05 -3.210459021200211e-06
-3.474457708807406e-05 1.461449921596862e-05 1.197386971864284e-05 -4.813550553955187e-06
-3.474385483618767e-05 8.153208723732967e-06 1.205723806213804e-05 -1.863775065449048e-06
-3.185645991873323e-05 1.138217147624875e-05 1.065199121793986e-05 -3.450921883433511e-06
-2.903655689943489e-05 1.450068240372278e-05 9.240134043666510e-06 -4.991205886851008e-06
-2.903506542823096e-05 8.267890594726134e-06 9.291608345054495e-06 -2.089711367030893e-06
-2.694104003664685e-05 1.161805213256963e-05 8.230546961545520e-06 -3.688492210418612e-06
-2.487022186779418e-05 1.439279943643172e-05 7.321804071538272e-06 -4.866867792694087e-06
-2.486648131165960e-05 8.375795424983936e-06 7.320573912030203e-06 -2.368457002382713e-06
-2.193989476801265e-05 1.430074836249721e-05 6.197149539890735e-06 -4.647302332839837e-06
-2.248393697380209e-05 1.238674530814830e-05 6.336272627760571e-06 -3.996986901946469e-06
-2.193506623130666e-05 8.443536168452563e-06 6.192254824606624e-06 -2.535932206882942e-06
-1.985993727026737e-05 8.515025067384475e-06 5.581957088523582e-06 -2.638837006775018e-06
2.992644769831733e-06 8.100452998310962e-07 3.343562125382915e-05 -4.346941950582519e-05
3.037779985829099e-06 6.713157427866813e-07 3.020279309115245e-05 -4.448149582284360e-05
3.004279472052775e-06 1.949949909269499e-07 2.208193656391847e-05 -3.515360508501753e-05
2.958347321407353e-06 8.039172170317887e-08 2.517685698342655e-05 -2.952965973274855e-05
-1.985361773569066e-05 1.423709609577979e-05 5.562598336359071e-06 -4.513608345094188e-06
-1.801480098441068e-05 1.407518654025634e-05 5.124719599490880e-06 -4.373786667387282e-06
-1.941637907108265e-05 1.066503081787666e-05 5.426973539333095e-06 -3.351610666577760e-06
-1.799422030732692e-05 8.428630221531796e-06 5.110489291816074e-06 -2.617134851456320e-06
2.878041036492599e-06 8.704718360808432e-07 3.928426144677407e-05 -4.203745577741745e-05
2.528025999232457e-06 5.225993503453461e-07 -5.498903718867548e-05 5.520541035241926e-05
2.852266936893391e-06 2.947575949891802e-08 3.329137376044733e-05 -2.778888982238658e-05
-1.741508299152431e-05 1.232344581471052e-05 4.964627981902414e-06 -3.838168822851671e-06
-1.623245429616823e-05 1.369552869578063e-05 4.678892460697641e-06 -4.220038095854561e-06
-1.454436734441651e-05 1.314234894473801e-05 4.249890869579816e-06 -4.054128281464340e-06
-1.686274764791185e-05 9.961221237126860e-06 4.862580629304774e-06 -3.064679967663953e-06
-1.624462640169498e-05 8.050725658803528e-06 4.725196090761776e-06 -2.377102696549458e-06
1.862124715465604e-06 9.560915479106294e-07 4.647945621274751e-06 -7.645163792990024e-06
1.892797018304254e-06 -3.238648826894519e-09 2.022388528926905e-05 -2.075262160761472e-05
1.365478648032349e-06 5.023169984907664e-07 -2.673793585954807e-07 2.369374727418459e-06
-1.297507273891631e-05 1.239648286578250e-05 3.733315904762634e-06 -3.856107432537934e-06
-1.430675899158546e-05 1.137235523039264e-05 4.208416595521295e-06 -3.506772857915598e-06
-1.488357777473644e-05 9.191059226768798e-06 4.372215331070777e-06 -2.710075853933816e-06
-1.464304225974238e-05 7.408761272853410e-06 4.303896978250577e-06 -1.932472883396988e-06
8.459274820433919e-07 1.042038214786593e-06 -2.564286818024586e-06 3.679623744570304e-06
8.281028231869569e-07 -6.728563061848034e-08 -4.842119701645304e-06 5.449609026551442e-06
2.393828652426931e-07 4.694377596391471e-07 -6.172303974135541e-07 3.088626689924044e-06
-1.152324519516504e-05 1.150760076267582e-05 3.191899241026177e-06 -3.540601800185055e-06
-1.022877958477953e-05 1.049143779740403e-05 2.570450973007858e-06 -3.067638908985219e-06
-1.288345473308630e-05 8.859750259872442e-06 3.698609842620469e-06 -2.465896569172383e-06
-1.323083188586211e-05 6.523274827476703e-06 3.778937860456537e-06 -1.356507159039749e-06
-4.562133548464349e-07 1.217301686797085e-06 1.973086216933361e-06 1.479238836098493e-07
-4.581218810719122e-07 -2.953767263297109e-07 6.837888222664275e-07 1.695497710075389e-06
-1.055833767358475e-05 8.960029118111579e-06 2.700577317314541e-06 -2.372203369482461e-06
-9.097003476351751e-06 9.346562420973619e-06 2.046387676992708e-06 -2.504729261098291e-06
-1.110094774662937e-05 7.272393847634312e-06 2.876090989020989e-06 -1.568851148507146e-06
-1.204035522779021e-05 5.461253016772740e-06 3.197856146916759e-06 -7.495568133544084e-07
-1.229423871342434e-06 4.587239105965672e-07 1.039916658265310e-06 -8.418192322903000e-07
-2.149365408579790e-06 1.498955118916936e-06 6.487994522961832e-07 -1.590877067976326e-06
-2.144137633106058e-06 -5.768696418963839e-07 4.127916946137359e-07 -1.601304099789973e-06
-8.110054090294740e-06 8.115191527282287e-06 1.598705398143265e-06 -1.791068813504431e-06
-7.312524812106169e-06 6.841677327683331e-06 1.373162869379733e-06 -1.201808652983722e-06
-6.690297040574329e-06 5.501928805344018e-06 1.391833260634784e-06 -7.141415552197961e-07
-1.000283240623360e-05 5.783974954928049e-06 2.338856397728316e-06 -7.967448228961455e-07
-1.109346132353498e-05 4.274863466819651e-06 2.686595615182136e-06 -3.272008575566085e-07
-2.884297596968040e-06 4.692990469814651e-07 3.517020504786896e-07 -1.842724228264406e-06
-3.792721691268132e-06 1.784423735693591e-06 4.885995195198314e-07 -1.935246100377346e-06
-3.789112142639904e-06 -8.575217915210673e-07 8.046473067459270e-07 -1.155763598902149e-06
-8.033840421927676e-06 5.495214486678698e-06 1.632947742776947e-06 -6.532288645023131e-07
-6.222382549999814e-06 4.137525508738849e-06 1.432739615702521e-06 -5.499894006266855e-07
-5.285453983432841e-06 2.027719034393557e-06 1.223372092164775e-06 -1.320394127605415e-06
-5.718241988646534e-06 2.265455036282600e-06 1.421698226614784e-06 -1.022624428950194e-06
-5.944834565127273e-06 2.749343260085058e-06 1.487157901174382e-06 -7.311801756772322e-07
-9.242975609115424e-06 4.104381217927637e-06 2.050431299440844e-06 -3.355573490071058e-07
-1.039039778352533e-05 3.016807883951632e-06 2.362646388874793e-06 -1.606391372326432e-07
-4.606137738276561e-06 6.708693448772948e-07 1.007005553657499e-06 -1.351956434634854e-06
-5.298635787522545e-06 -1.062727646037364e-06 1.450468467550961e-06 -3.701309045641959e-07
-7.154571886118396e-06 3.175090081289288e-06 1.579070365591886e-06 -5.024891119195065e-07
-5.752396819307510e-06 1.329654411632617e-06 1.468028887197017e-06 -1.050533020893863e-06
-6.267530699479023e-06 2.100667976284831e-06 1.527009386260058e-06 -8.417951020853755e-07
-8.705165280692529e-06 2.628629132042071e-06 2.013289459633033e-06 -2.754292455770794e-07
-9.950613369628190e-06 1.740416637801082e-06 2.328882695301952e-06 -1.670021105581022e-07
-5.790225653307873e-06 -1.728623902890428e-07 1.576285400508303e-06 -5.978110255195592e-07
-5.733515176109334e-06 -1.287885849289331e-06 1.593357379198366e-06 -3.653218450270233e-08
-7.439590652990854e-06 1.012389405609259e-06 1.923893569752091e-06 -5.190918279060154e-07
-9.794968042908678e-06 4.685244504792613e-07 2.529718280881705e-06 -2.868876767774088e-08
-9.907136801440956e-06 -7.786686582331903e-07 2.723776345376196e-06 4.061301069653411e-07
-6.685179411530139e-06 -9.879307199662243e-07 1.945954275639120e-06 3.355114548050998e-08
-5.987851124863158e-06 -1.770134168107433e-06 1.711300713033508e-06 4.164654224887061e-07
-6.301336487263947e-06 -3.098622884092501e-06 1.848236758071958e-06 1.255470970525634e-06
-8.657375954468432e-06 -9.400887188464465e-07 2.416398594805399e-06 3.787729324823659e-07
-6.768837523065611e-06 -4.385562268413789e-06 2.126447486599835e-06 1.661384915507905e-06
-1.028509622149062e-05 -2.039827195335550e-06 2.845854534154328e-06 1.010262920416967e-06
-7.499456261212519e-06 -3.145326085744189e-06 2.305320860014274e-06 1.352660306956931e-06
-9.265193172954336e-06 -3.247037544070719e-06 2.590850923057569e-06 1.482645429478154e-06
-7.390896576288791e-06 -5.613958018382036e-06 2.329373611599231e-06 1.939093767520610e-06
-1.090006562136661e-05 -3.250336763724178e-06 2.803429979702319e-06 1.511215165551917e-06
-1.038142487400730e-05 -4.444164119187550e-06 2.657965158640699e-06 1.768024745966357e-06
-9.162599844306944e-06 -5.190210095429216e-06 2.566345351980020e-06 1.882768397524161e-06
-8.154941827436956e-06 -6.783376975677379e-06 2.458661731850050e-06 1.975214708151594e-06
-9.067407816897990e-06 -7.872450808975309e-06 2.458915858772407e-06 1.926681649604902e-06
-1.174110296610605e-05 -4.369194903554642e-06 2.652340460269009e-06 1.748986875017881e-06
-1.112918670488182e-05 -5.785101989173465e-06 2.563221196153022e-06 1.840452182395725e-06
-1.041002761759370e-05 -7.440950490246714e-06 2.478896632698681e-06 1.900519404183045e-06
-1.010348932701785e-05 -8.864601055007896e-06 2.450215522939267e-06 1.926441193982322e-06
-1.277844178410672e-05 -5.352078439893529e-06 2.553526420955793e-06 1.782851904438618e-06
-1.246273206492724e-05 -7.432071362543770e-06 2.478556267858060e-06 1.837032558372925e-06
-1.126259127384008e-05 -9.735004333848245e-06 2.407199340429804e-06 1.939660159201880e-06
-1.253241092634086e-05 -1.047790901439377e-05 2.462643449733287e-06 2.002825671978114e-06
-1.388855259338090e-05 -1.108266879510745e-05 2.559928464185853e-06 2.082038013694827e-06
-1.400012603568196e-05 -7.879021841324500e-06 2.565353595229450e-06 1.835577706706745e-06
-1.398970034962101e-05 -6.162578363014969e-06 2.569050999058487e-06 1.753387925793355e-06
-1.369483414610387e-05 -9.590556247955220e-06 2.526671608354907e-06 1.946398173416806e-06
-1.532204818905398e-05 -1.152571378116673e-05 2.742522324579298e-06 2.123547365782607e-06
-1.681181215908326e-05 -1.180762146889491e-05 2.909462785040594e-06 2.102168986104711e-06
-1.523133437433944e-05 -8.263025203182727e-06 2.710364284835320e-06 1.850272624117186e-06
-1.534669270895933e-05 -6.758558185298191e-06 2.712332934392374e-06 1.736372391603260e-06
-1.833216637964874e-05 -1.191653144239881e-05 3.076048879318751e-06 2.041381419739096e-06
-1.663227757397611e-05 -9.667451108559513e-06 2.909643686882060e-06 1.952867496823693e-06
-1.680678390175163e-05 -7.116935492167945e-06 2.912152310919619e-06 1.756457355239099e-06
-1.866638517382095e-05 -9.899222926462886e-06 3.124966843740850e-06 1.936084525629021e-06
-2.002798797234124e-05 -1.194209866673474e-05 3.157564402506833e-06 1.922485646438657e-06
-1.832441600118461e-05 -7.229267517487658e-06 3.103184326294221e-06 1.792885012208095e-06
-2.238163817679396e-05 -1.196720404554008e-05 3.104627379206129e-06 1.798226058534438e-06
-2.051384760343883e-05 -8.747594112977422e-06 3.206809145714675e-06 1.893763570051659e-06
-2.002613130479679e-05 -7.205417444119889e-06 3.173694362470208e-06 1.858451943858176e-06
-2.566233897649635e-05 -1.200379168545060e-05 2.840026536716433e-06 1.716765306638584e-06
-2.402898205309641e-05 -9.385758342958276e-06 2.992519429771293e-06 1.868647926486739e-06
-2.238175068388426e-05 -7.175312959253972e-06 3.110308383056476e-06 1.967341460486059e-06
-3.005612986885813e-05 -1.204288568682200e-05 2.600118080346561e-06 1.811925374766012e-06
-2.784844298476266e-05 -9.574903013597071e-06 2.674304030650092e-06 1.856557605094306e-06
-2.566221957256182e-05 -7.142581127041399e-06 2.842639830871120e-06 2.005599465900507e-06
-3.469809992167970e-05 -1.207699050767907e-05 2.640407915827429e-06 1.928604558397820e-06
-3.236665829384581e-05 -9.575853198951968e-06 2.577836389068120e-06 1.884541492846569e-06
-3.005584296032886e-05 -7.107443250499988e-06 2.589903779396842e-06 1.925110324925675e-06
-3.939686414342351e-05 -1.210482490514533e-05 2.687989288267431e-06 1.895665533419190e-06
-3.703870432689928e-05 -9.577132099856287e-06 2.689725901723665e-06 1.933240168092111e-06
-3.469769132066633e-05 -7.075941704029212e-06 2.623394237488538e-06 1.887631687406158e-06
-4.413766851925817e-05 -1.212337689300447e-05 2.409092876910751e-06 1.789367320464231e-06
-4.176162355741055e-05 -9.578631624630579e-06 2.602673825589122e-06 1.980425079099995e-06
-3.939638221286943e-05 -7.050899217889398e-06 2.671724916751056e-06 2.019951375142324e-06
-4.889982805812021e-05 -1.213174236602527e-05 1.889793328840938e-06 1.782290451890677e-06
-4.651658984310096e-05 -9.580341786585665e-06 2.156627882224517e-06 2.007536638102299e-06
-4.413711237458525e-05 -7.035568871860173e-06 2.399860136789001e-06 2.202876085795245e-06
-5.366459447947730e-05 -1.213219274366601e-05 1.525088701853052e-06 1.908361226375871e-06
-5.128264829447974e-05 -9.582156977974032e-06 1.654172713712742e-06 2.005439901399795e-06
-4.889923570856126e-05 -7.030751080945737e-06 1.890547782834298e-06 2.235609721982077e-06
-5.842040796715267e-05 -1.212830004444669e-05 1.560009905076970e-06 2.034201449560272e-06
-5.604423523907765e-05 -9.583926674876319e-06 1.484858286358235e-06 1.975131190348504e-06
-5.366401721353560e-05 -7.033910879118598e-06 1.535364229489262e-06 2.076253122875656e-06
-6.316294581723421e-05 -1.212306830162402e-05 1.851708415292178e-06 2.021786882037483e-06
-6.079370769776150e-05 -9.585504826597553e-06 1.700594269775035e-06 1.925447497876781e-06
-5.841989440122093e-05 -7.041172982358205e-06 1.576751953344930e-06 1.868536500379315e-06
-6.789287658559985e-05 -1.211847459561575e-05 2.059537485836141e-06 1.870682272967416e-06
-6.552958425491516e-05 -9.586779538779161e-06 2.002474948215340e-06 1.869469981896314e-06
-6.316253245689058e-05 -7.049272650672789e-06 1.870492050177056e-06 1.773016498819012e-06
-7.800064619208476e-05 -1.183756382039011e-05 1.655831873643844e-06 1.657130274797835e-06
-7.733063382933723e-05 -1.211511338854031e-05 1.693928468922136e-06 1.643107230934069e-06
-7.000842026678007e-05 -9.587645227843300e-06 2.075033193330991e-06 1.822949024941706e-06
-7.261369295767341e-05 -1.211569508180103e-05 1.983446556435365e-06 1.701733029201418e-06
-6.789258363504174e-05 -7.056052777368615e-06 2.075881297986859e-06 1.817402960580902e-06
-7.827817134025555e-05 -1.116751734437742e-05 1.639828152877481e-06 1.692678179226473e-06
-7.669292877348015e-05 -9.588257219730970e-06 1.742091156121722e-06 1.785740070112115e-06
-7.261354980953373e-05 -7.060236284033888e-06 1.992486680759874e-06 1.906004104912981e-06
-7.827816451837345e-05 -8.009015575577307e-06 1.640316437267176e-06 1.877544160289701e-06
-7.733058401419432e-05 -7.061357490945448e-06 1.697118929035722e-06 1.931012647926739e-06
-7.800062733461957e-05 -7.338928321015950e-06 1.657079023083820e-06 1.915652213170962e-06
