4.616763481752139e-05 -4.848828203191708e-06 4.105944934533756e-05 -5.149455855546045e-06
4.637696391470300e-05 -4.342280092275714e-06 4.114146490607871e-05 -5.200481062253498e-06
4.637742437233846e-05 -1.956993144482574e-06 4.143631588836809e-05 -4.608843599614368e-06
4.616811807161588e-05 -1.450418111223991e-06 4.135549547120895e-05 -4.530879042205190e-06
4.566205071577055e-05 -5.058914767917093e-06 4.092663203000715e-05 -5.088697813663517e-06
4.471450864229285e-05 -3.149915576477454e-06 4.044318445477505e-05 -4.957238733139574e-06
4.566253044905476e-05 -1.240337934708136e-06 4.116624783921436e-05 -4.529874343419957e-06
4.209605980496903e-05 -5.067642106224761e-06 3.967100004386614e-05 -4.356129634846882e-06
4.209638052554650e-05 -1.234021423226970e-06 3.946412800058819e-05 -4.916455319892589e-06
4.012435358452724e-05 -3.151957913356882e-06 3.782399281980936e-05 -4.462237192893122e-06
3.852418416529478e-05 -5.065273354457987e-06 3.480008318406960e-05 -6.758313712626049e-06
3.852459924979115e-05 -1.239986655718215e-06 3.431056102831133e-05 -1.534717548156848e-06
3.673580906336058e-05 -3.153771993572738e-06 3.212745280874868e-05 -4.137963636836525e-06
3.495326864910968e-05 -5.052125955021438e-06 3.192900454617088e-05 -6.542978568055740e-06
3.495452227699721e-05 -1.256300632466578e-06 3.265621993740402e-05 -2.842262054377991e-06
3.318252214742803e-05 -3.154032693323388e-06 3.251503849229671e-05 -5.340214501377180e-06
3.143490561593586e-05 -5.019058953268944e-06 3.203991755356116e-05 -6.484845974477423e-06
3.143495850028435e-05 -1.285686682130925e-06 3.070967534063718e-05 -3.617283303820924e-06
2.969820921721947e-05 -3.151479973042071e-06 2.853967881287685e-05 -4.549465501878870e-06
2.797135785695756e-05 -4.994112182464768e-06 2.706523203139786e-05 -6.512929187229911e-06
2.797382882565844e-05 -1.311170869913631e-06 2.629315197378087e-05 -2.287745268190225e-06
2.625323069566609e-05 -3.154364794175775e-06 2.582960739807895e-05 -3.844345162613896e-06
2.456347084538915e-05 -4.949284913106052e-06 2.389624530363840e-05 -9.178960288613048e-06
2.456085699988320e-05 -1.355523062464801e-06 2.447714745496644e-05 1.251192950234320e-06
2.289203101423497e-05 -3.149908487048064e-06 2.124656269532292e-05 -4.168739096189070e-06
2.125591972684262e-05 -4.891210505339546e-06 1.982440905643547e-05 -4.808842119977502e-06
2.126076052627676e-05 -1.409618709833488e-06 1.934660328481063e-05 -3.233691092219737e-06
1.964060234277289e-05 -3.152687776690819e-06 1.865965058926039e-05 -3.431909090761191e-06
1.806232763999050e-05 -4.832342581240493e-06 1.808791271136575e-05 -4.296008394954342e-06
1.805786211982704e-05 -1.467964248674161e-06 1.759419308944866e-05 -4.355116311605609e-06
1.650086037945836e-05 -3.147591186270172e-06 1.601873075475615e-05 -4.350588261179530e-06
1.498655946770031e-05 -4.753505623110914e-06 1.349410303475462e-05 -5.540135676658125e-06
1.498708865009735e-05 -1.542653627715826e-06 1.483265033894775e-05 -4.120457637664326e-06
1.349481993083901e-05 -3.146498534925983e-06 1.329843439101395e-05 -5.130482162921000e-06
1.206132363029343e-05 -4.655702735523064e-06 1.208934084812121e-05 -7.207286306218175e-06
1.205750948672566e-05 -1.636866818432083e-06 1.102438001347727e-05 -2.520899832309697e-06
1.070991769481572e-05 -3.145668451539573e-06 1.051760514098942e-05 -3.408713794472325e-06
9.420899902930114e-06 -4.554683047011149e-06 1.020152269016230e-05 -5.388348039178926e-06
9.428271982220441e-06 -1.745645411055271e-06 9.911818897595523e-06 3.102229529542847e-07
8.478497746585733e-06 -3.249321805756276e-06 8.298295837427944e-06 -4.397818910051782e-06
7.574263595144805e-06 -4.455898584405492e-06 8.422166183231394e-06 -5.687442243913366e-06
7.566244802502890e-06 -1.844767918500726e-06 7.763711943619909e-06 -3.838576421179573e-06
6.315180605959475e-06 -4.369521292252101e-06 9.596235332048496e-06 -5.756627315584036e-06
6.532305216874522e-06 -3.571450038025410e-06 9.259568661824004e-06 -3.970662353492120e-06
6.312524419604886e-06 -1.901205036638895e-06 7.403288781234663e-06 -3.586185567211109e-06
5.453792562001925e-06 -1.970003523095043e-06 7.310094391502909e-06 -6.787615689127437e-06
-5.540983845192268e-07 -1.581782524553069e-07 -2.533769396349226e-05 2.537488021411750e-05
-5.773094160497510e-07 -3.840716982342211e-08 -1.818610184105642e-05 6.377968257568392e-05
-5.158963135741562e-07 -1.003492935975183e-07 -8.385886235263957e-06 -7.302707474787510e-05
-4.940648568707982e-07 -2.766586200471028e-08 -8.925202850295956e-06 9.413123693779286e-06
5.448723432070565e-06 -4.307094960836112e-06 8.051830995751253e-06 -5.865687202580261e-06
4.706411816135676e-06 -4.214855029447058e-06 8.438815648267622e-06 -3.703878494301077e-06
5.254254100480599e-06 -2.846560613527241e-06 6.451117829276375e-06 -4.797656656731458e-06
4.685461199405794e-06 -1.978684125071250e-06 8.698791266809594e-06 -7.062671760300977e-06
-4.695302366014205e-07 -2.206692743946784e-07 -2.470953188101703e-05 1.299341848333958e-06
-4.812005189632094e-07 -5.588972990748357e-08 1.085602877350999e-05 -2.316420831645091e-05
-4.332771753016184e-07 4.155979781115705e-09 1.980953890121270e-05 5.208733897879615e-05
4.455763370990561e-06 -3.502071982658936e-06 7.294118323359221e-06 -4.986353427658416e-06
4.008674311210109e-06 -4.028477222434366e-06 7.002825094467580e-06 -2.079527821437931e-06
3.375764657278307e-06 -3.786764853075118e-06 5.906984925661643e-06 -4.023310815340303e-06
4.234260676095308e-06 -2.585785590412503e-06 8.571650258357644e-06 -5.244902805023289e-06
3.998523583032986e-06 -1.870366200136589e-06 2.653643532250314e-06 -8.925269125591528e-07
-3.463070002072873e-07 -1.495642625660743e-07 4.646388568292855e-07 9.241539439838807e-06
-3.419976704281179e-07 6.080863384913085e-09 -8.364204151196451e-06 6.389706726338576e-06
-2.943761315283905e-07 -8.692573964566550e-08 -2.420821505030225e-06 -2.302802859184496e-05
2.813034924234287e-06 -3.469027608763351e-06 5.800961640682649e-06 -5.080366866848061e-06
3.276238944587841e-06 -3.106088719396532e-06 5.769539862422019e-06 -6.764338923696546e-06
3.487836956609317e-06 -2.302827324323350e-06 5.000628422673945e-06 -8.795004933484140e-07
3.394659279712761e-06 -1.681826352025374e-06 5.273935929885812e-06 -6.114145479889545e-06
-1.641610501704171e-07 -1.512662525251209e-07 1.627406928716208e-06 1.834608276044805e-05
-1.713003269726194e-07 3.355470715830720e-08 8.396398254393229e-08 1.950323449297862e-05
-7.723426716603017e-08 -9.471820754630570e-08 1.190463608481436e-06 -3.805319538615385e-05
2.311289512488562e-06 -3.118433100118919e-06 4.011214326363835e-06 -7.862482760052903e-07
1.897739613133751e-06 -2.740180482630670e-06 4.520644627191146e-06 -1.343145246523810e-06
2.767801095015205e-06 -2.193398401591359e-06 4.057309279395827e-06 -3.758896220023052e-06
2.872555494169421e-06 -1.423474486479969e-06 -1.888186886268042e-06 -1.028506528205537e-06
4.641256284549344e-08 -1.801062446316096e-07 2.196168080584764e-06 1.084535576626531e-05
4.482713508903675e-08 7.539222111213796e-08 -3.511540573014799e-06 1.682878085048572e-05
2.002801994473057e-06 -2.213146343849536e-06 5.812327253418204e-06 -2.681101333645388e-06
1.565487242322377e-06 -2.329854326155992e-06 5.526473350355574e-06 -3.890197876918229e-06
2.169732778247666e-06 -1.674686017784634e-06 6.861294778563762e-06 -1.268782405593324e-07
2.445914401066739e-06 -1.121726842573324e-06 9.091583572366522e-06 -3.026382732623137e-06
1.785964748243141e-07 -8.998129377494291e-08 -1.456198105202163e-07 -1.029510570373456e-05
3.473011310391121e-07 -2.379645971509128e-07 7.243448685107299e-07 -2.972247861139292e-06
3.401450437217830e-07 1.054600795728110e-07 -2.967855995161881e-06 -4.920797035725128e-07
1.289888770775018e-06 -1.925635285487479e-06 5.484638254712118e-06 -4.930222055976550e-06
1.105314257841402e-06 -1.547718588624266e-06 2.175182449263560e-06 -1.929361667249678e-06
9.923500341411754e-07 -1.161735722835376e-06 4.648952976531350e-06 -9.583951240389755e-07
1.848273387222800e-06 -1.228631996026581e-06 4.351093264992252e-06 -2.881876611597294e-06
2.135306934453456e-06 -8.188481608352713e-07 9.938104587998359e-06 1.061944872800840e-06
4.671191037685408e-07 -5.629354628561745e-08 6.542814811940140e-06 1.312357843089764e-06
6.092805445576702e-07 -2.907928372854584e-07 -5.441508083771366e-06 -1.850197817645900e-06
6.249670551446618e-07 1.627962044854934e-07 -3.530701991879744e-07 -2.676647579647210e-06
1.311190982014496e-06 -1.153885186355327e-06 2.209620812412700e-06 -1.144801664359061e-06
9.232106213705331e-07 -7.886027833813710e-07 5.092820177736148e-06 -5.453087597275208e-06
8.497635743536571e-07 -3.201071889367484e-07 1.017047829744963e-05 -7.090086037381870e-06
9.162125369944291e-07 -3.688725662985482e-07 -5.408071788436756e-06 3.479881424392124e-06
9.350152186561943e-07 -4.716579071106514e-07 -1.306952653796472e-05 8.543971534897627e-06
1.628857871329427e-06 -7.795279185324759e-07 6.864790191899417e-07 -2.894961369442286e-06
1.895875475529462e-06 -5.215930757034382e-07 8.372726250107048e-06 3.248365180021258e-06
7.669043791663868e-07 -1.010325852282400e-07 4.841719722774197e-06 4.209635523580731e-06
9.086844477787972e-07 1.929228728525961e-07 1.092021911816375e-06 -5.986345382056795e-06
1.138102988396939e-06 -5.554185656458849e-07 9.151752682855685e-06 -1.815010976588478e-06
9.373343384311743e-07 -1.915581849374353e-07 3.789139814932873e-06 -8.477591295189488e-06
1.009516039682332e-06 -3.376998893503566e-07 -1.031908502699677e-05 6.152502346891250e-06
1.489281368612365e-06 -4.337362896308459e-07 6.081872824867740e-06 -2.405711502091403e-06
1.725751714545497e-06 -2.615339038184698e-07 6.006327620194207e-06 3.934795178794869e-06
9.732362836263521e-07 5.628931990841496e-08 4.134121849644052e-06 -2.615001877073289e-06
9.876546842188687e-07 2.365095415022573e-07 -4.192772046875967e-08 -1.881872117516668e-06
1.230354515392864e-06 -1.106410741776970e-07 3.910664685538253e-06 -9.021814791801395e-07
1.642389230125354e-06 -2.522896875314515e-08 1.783969849666832e-06 -2.396402748098703e-06
1.590439753971602e-06 1.721149466433558e-07 7.927025128833708e-06 2.663642026823632e-06
1.143114046827457e-06 2.087956902962428e-07 1.768445587066571e-06 2.801667111477513e-06
1.045139921094974e-06 3.029481529110259e-07 -4.690433707958605e-06 -2.180455483683724e-07
1.132126272846251e-06 4.331120153412007e-07 -7.986784961165688e-06 1.308270565059439e-06
1.418711884429059e-06 2.195397948161216e-07 5.802812044556484e-06 2.593930598009469e-06
1.237850125292498e-06 5.222984815722282e-07 2.769422130467917e-06 7.859559612539695e-06
1.572260189936351e-06 3.381980098737272e-07 1.123311648039919e-05 1.434122167068476e-07
1.294071565530041e-06 4.480572216050078e-07 4.726794594818102e-06 -1.319644042855470e-07
1.446954504794111e-06 4.672630372194980e-07 4.026169438601325e-06 4.208648201555361e-07
1.327096624538578e-06 5.912619514089625e-07 1.913888867115024e-05 1.214948071471795e-05
1.555370940859496e-06 4.624795058053852e-07 8.436443204064622e-06 1.266327117455834e-05
1.496972662502165e-06 5.497483162149927e-07 2.430135915976748e-06 3.978444090040035e-06
1.454574897117252e-06 5.736040080480463e-07 6.902691627950728e-07 -4.672544143777868e-06
1.410850040697685e-06 6.251701635881520e-07 -2.780812511853563e-06 1.676154078806660e-06
1.464178802685600e-06 5.819918713222351e-07 1.658341986669127e-06 1.134091767264157e-05
1.529047482774203e-06 5.522330195489545e-07 2.441748971383025e-06 6.501004295230724e-06
1.503318965327467e-06 5.859034644931618e-07 2.121025906416598e-06 -5.215880902070422e-07
1.501693211176709e-06 5.777302689264679e-07 6.062017125649783e-06 6.807863363318950e-06
1.504474831137298e-06 5.323203298567239e-07 8.482459910136067e-06 5.373267867868900e-06
1.483421560242892e-06 6.083213853291097e-07 1.493782216364553e-05 5.124695700810495e-06
1.468610839485597e-06 5.781120671988233e-07 4.298880019700350e-06 4.304479094703357e-06
1.495910588922937e-06 4.834846425879644e-07 4.434499071048192e-06 -4.137773553792814e-07
1.453146286503382e-06 4.000769178713903e-07 7.176836966779006e-06 7.048667047917500e-06
1.384709266535926e-06 3.073126681027837e-07 7.581869466611882e-06 6.487447150743087e-06
1.382884126273350e-06 5.570340077759175e-07 5.277715409527864e-06 4.578518980675206e-06
1.391733652935124e-06 6.325421844401625e-07 9.910023326840132e-06 6.562575708612064e-06
1.409583674469478e-06 4.425989464133269e-07 6.869770750569204e-06 6.090100279057788e-06
1.261256277911658e-06 2.401961666443626e-07 8.860557791418248e-06 3.269461491012496e-06
1.115456633992252e-06 1.758641520976533e-07 5.470061418739501e-06 4.386928614802146e-06
1.293614351871710e-06 5.353460541480373e-07 6.876209390370543e-06 3.651919326999444e-06
1.280246949647524e-06 6.442009911199262e-07 6.931830080100855e-06 5.087381963750389e-06
9.618071815534045e-07 1.208580497337997e-07 4.040289176651009e-06 7.888154439169183e-06
1.159217192918941e-06 4.067147933857318e-07 7.007264100527289e-06 3.627537173495913e-06
1.138032388511580e-06 6.650015290718782e-07 6.457558223634590e-06 3.912665847340405e-06
9.234580714822797e-07 3.728799856075391e-07 8.914905626153414e-06 4.126574434731816e-06
7.287012738747643e-07 7.190409981934566e-08 1.002005329387690e-05 2.766151332420946e-06
9.657188217009641e-07 6.892396350204654e-07 8.521422870102491e-06 5.604689039267732e-06
3.834852215406551e-07 3.195161465407975e-08 1.224639186480115e-05 3.881063742438443e-06
6.746038839084257e-07 5.247528646674548e-07 9.465158187978968e-06 1.301864537567860e-06
7.314884608654110e-07 7.314094366534855e-07 9.044004629571584e-06 3.295786878188046e-06
-1.946737023748278e-07 -5.970483815811245e-08 9.063851698416103e-06 8.121086858324311e-06
1.158473992902437e-07 4.347122633792073e-07 1.029555094581505e-05 6.685353790416449e-06
3.796473246966439e-07 7.903807412510715e-07 9.093979971976925e-06 4.255137631283283e-06
-1.108195412086400e-06 -1.410455155894941e-07 1.366599791762896e-05 7.194168180293821e-06
-6.293667512665938e-07 4.003400904594799e-07 1.189601598311083e-05 3.873734423672323e-06
-1.944200832004766e-07 8.684253008138914e-07 1.098006251128425e-05 2.793367956221112e-06
-2.193586410622431e-06 -2.038652018793411e-07 1.147293462823576e-05 1.893197893033784e-06
-1.630716321820641e-06 4.044271996316857e-07 1.232698670379026e-05 4.420703300294025e-06
-1.113282658219816e-06 9.442827155486350e-07 1.145379224076142e-05 8.952163549853892e-07
-3.383993233770113e-06 -2.564474978182857e-07 1.599514230915917e-05 3.946060452614712e-06
-2.771524784149121e-06 3.997133045187688e-07 1.353461103750475e-05 3.346006138013957e-06
-2.187831600697953e-06 1.009570663189788e-06 1.261364320735760e-05 5.506042943303075e-06
-4.666682753668857e-06 -2.943497367028998e-07 1.662342340785322e-05 7.088063310145179e-06
-4.014543448023285e-06 4.038158510250740e-07 1.661430757925861e-05 4.643012235672758e-06
-3.388253198078842e-06 1.059763129343510e-06 1.546517689764511e-05 4.457154099980812e-06
-5.999372314359756e-06 -3.313037742611590e-07 1.746545196776634e-05 5.687524113999843e-06
-5.323298488640004e-06 4.006319731141951e-07 1.646934099510194e-05 5.024033860831376e-06
-4.664192824077485e-06 1.099297688741377e-06 1.678451337683943e-05 2.914065628398408e-06
-7.392380978712433e-06 -3.536462218400615e-07 1.939134521066834e-05 3.272152689949263e-06
-6.687490113653174e-06 4.004416722997834e-07 1.933093866874135e-05 4.563639384719344e-06
-6.001319290339137e-06 1.131217943692934e-06 1.717582794235589e-05 4.216886481115317e-06
-8.802033587234817e-06 -3.549065072360176e-07 2.014207019772201e-05 8.453961748382349e-06
-8.097668610007050e-06 3.987635079122084e-07 1.862342374406781e-05 3.897750720805545e-06
-7.389277142059823e-06 1.153313518026054e-06 1.981153989714484e-05 4.364127088657835e-06
-1.022072962061665e-05 -3.669469168462252e-07 2.294808713578751e-05 5.155160337304285e-06
-9.508476175417382e-06 3.992271713026875e-07 2.227945644639120e-05 4.455818527588020e-06
-8.804253036562990e-06 1.154231162168510e-06 2.003442149413454e-05 8.762283278264552e-07
-1.165516438672964e-05 -3.758884881996004e-07 2.601510770956359e-05 4.911379709317876e-06
-1.093474125763767e-05 3.952523382187339e-07 2.406688700161303e-05 3.918216763704441e-06
-1.021890851083436e-05 1.160040477549987e-06 2.306508947164307e-05 3.309755629751809e-06
-1.468497730672742e-05 -2.725712999785070e-07 3.093730661878580e-05 7.599945140611050e-06
-1.448406705672430e-05 -3.558607638142309e-07 2.971395856861981e-05 7.778449001691959e-06
-1.229682149454904e-05 3.924767073622514e-07 2.693082744691993e-05 4.325021227794199e-06
-1.307871953181330e-05 -3.632074730787956e-07 2.587876988955385e-05 4.177246902450596e-06
-1.165261630677709e-05 1.163051724035046e-06 2.589018391949964e-05 2.937594182601055e-06
-1.476817737085010e-05 -7.153404679374300e-08 3.147530578318425e-05 6.833890724357336e-06
-1.429479400033481e-05 4.008117494915156e-07 2.799296363816128e-05 4.310431528240606e-06
-1.308233514787640e-05 1.153145173184732e-06 2.586397523479254e-05 4.989133561501473e-06
-1.476841604934394e-05 8.740053625501734e-07 3.121404175566355e-05 1.800028625868815e-06
-1.448548949354707e-05 1.156690250612244e-06 2.952118564617447e-05 1.006018801946001e-06
-1.468554772027789e-05 1.073959189887346e-06 3.068282374823341e-05 1.136204318711989e-06
