1.503188922009209e-05 -7.554526404677532e-07 4.402891701791625e-05 -2.995878643427016e-06
1.512154191357790e-05 -5.389062940992376e-07 4.383655575779249e-05 -3.188032741792625e-06
1.512265421877664e-05 4.825966550118287e-07 4.383054077333999e-05 -5.179871418399708e-06
1.503314692694976e-05 6.987208337937671e-07 4.400532900855930e-05 -5.270817034835857e-06
1.481541061326837e-05 -8.451024525970017e-07 4.445675694974505e-05 -3.009024347429744e-06
1.441257678508584e-05 -2.935904216480338e-08 4.468479992796701e-05 -4.098025660307191e-06
1.481696219907330e-05 7.880926845607398e-07 4.437483603417837e-05 -5.202167247985415e-06
1.330922857870696e-05 -8.434936378036390e-07 4.114192460771950e-05 -5.738637707911146e-06
1.331109041867663e-05 7.778669175323018e-07 4.073559964770258e-05 -1.273967870756090e-06
1.248555096321268e-05 -3.346228904183618e-08 3.892734274094900e-05 -3.109393087119656e-06
1.182063007287617e-05 -8.316364545158837e-07 3.825960204442512e-05 -4.695505463241532e-06
1.181730385078724e-05 7.697544601705118e-07 3.832442602105788e-05 -1.557220561458034e-06
1.107387528110609e-05 -2.792103354188704e-08 3.744130979792355e-05 -3.440652210119463e-06
1.033357438880020e-05 -8.144394353435026e-07 3.548994389858781e-05 -5.883558102499758e-06
1.033541802630648e-05 7.587523861095204e-07 3.567462554330536e-05 -2.023042672555073e-06
9.597873735536313e-06 -2.874797616496515e-08 3.363134165774781e-05 -4.471443916912438e-06
8.872755450233615e-06 -7.969196548802969e-07 3.238482592183234e-05 -5.763488766487818e-06
8.873883831572971e-06 7.376036457239773e-07 3.135330274246911e-05 -2.780250168406644e-06
8.155306918168723e-06 -3.065945623181263e-08 3.066109127833496e-05 -4.023049228697130e-06
7.455610225993407e-06 -7.722683642270977e-07 2.872239704519431e-05 -5.896484368161781e-06
7.456837809578440e-06 7.099733885492788e-07 2.805893430455576e-05 -1.985029788628998e-06
6.769643516520015e-06 -3.143894928809991e-08 2.674465468048816e-05 -3.896822346242406e-06
6.109827313525188e-06 -7.338387976975521e-07 2.619225966988844e-05 -4.784845660067800e-06
6.109324152709042e-06 6.736368257553421e-07 2.597323626122134e-05 -3.383540394830354e-06
5.459084361764553e-06 -2.810586329264948e-08 2.596736439562350e-05 -4.149052028486852e-06
4.826384370029750e-06 -6.963128539419123e-07 2.453412085128894e-05 -6.565147381531057e-06
4.824645139300442e-06 6.448053808274058e-07 2.464283240850778e-05 -2.221671800670680e-06
4.199406443864197e-06 -2.464199621870034e-08 2.253496301572270e-05 -4.397062317820016e-06
3.599844080754798e-06 -6.518805929087106e-07 2.050873370351039e-05 -6.757432387119657e-06
3.601811050629232e-06 6.001975669394559e-07 2.020156125827462e-05 -1.423243415927680e-06
3.020803278922682e-06 -2.642526079120638e-08 1.853582450418940e-05 -3.564905213006184e-06
2.478868846126576e-06 -5.962564888681528e-07 1.727945238195247e-05 -5.523729008294498e-06
2.476160924764999e-06 5.475553297907897e-07 1.776505696831108e-05 -2.283220395962592e-06
1.949453799369292e-06 -2.212021079208894e-08 1.665466188025188e-05 -4.673994046589423e-06
1.450847697152747e-06 -5.409474855398620e-07 1.628323907670644e-05 -4.728732986129229e-06
1.451116935166938e-06 4.969082027560936e-07 1.577828942937290e-05 -4.541085336108745e-06
9.885253191918341e-07 -2.092347328618965e-08 1.447553064818141e-05 -3.685206237259403e-06
5.711555215463668e-07 -4.662544930992357e-07 1.214811622964347e-05 -3.820632025616993e-06
5.679864287751277e-07 4.232054667512694e-07 1.176252191251970e-05 -1.978777806255015e-06
2.668597155763180e-07 -5.035099702953319e-08 1.072761810213588e-05 -3.853329083259365e-06
-7.133035846912120e-09 -4.090931314986793e-07 9.757648596282190e-06 -5.296531056284573e-06
-7.033866868003572e-09 3.631620130726589e-07 1.086501221347589e-05 -1.340813789522474e-06
-3.681991382151379e-07 -3.587248563588637e-07 1.041458152319570e-05 -5.352709971873188e-06
-3.144864425372317e-07 -1.428086243368615e-07 1.045654953739426e-05 -5.083618033741001e-06
-3.706492189139436e-07 3.257412664420871e-07 9.383309853506026e-06 -7.879718403601210e-07
-5.998982268748479e-07 2.864343594313652e-07 7.574264979882703e-06 -2.033166824119632e-06
3.507904480822386e-07 -1.656954119385603e-07 -2.534030924765752e-06 1.683174914789090e-05
3.662328834765267e-07 -2.040153043393442e-07 2.583748643618453e-05 9.665915426584992e-05
4.204922019368226e-07 -3.150582714188118e-07 4.296333683177564e-05 -5.128650469021454e-05
4.221011033302607e-07 -3.144718413932316e-07 3.440638870202973e-05 3.086187846034922e-06
-6.024537595174038e-07 -3.231382525833487e-07 8.697308721996574e-06 -5.185197147086805e-06
-7.868400983865150e-07 -2.790600805109753e-07 6.371850561732100e-06 -5.974595241738356e-06
-6.602482330525154e-07 5.603017854221258e-08 6.933825717053318e-06 -3.464647886555906e-06
-8.012970141992529e-07 2.598222833995804e-07 6.139187820818267e-06 -3.472168940295701e-06
3.237847130284186e-07 -1.542831323497596e-07 1.730168391739142e-05 -6.513204094605889e-05
3.761706001557457e-07 -2.954167802684958e-07 -4.028780226510267e-05 -2.928830434894166e-05
4.195243867828599e-07 -3.109353460588585e-07 1.302154276928456e-05 5.849160237145919e-05
-8.556645482005305e-07 -9.809328001047752e-08 6.081492729357026e-06 -4.579581850737270e-06
-9.472159857895191e-07 -2.062883376251885e-07 5.982798030280369e-06 -6.104518663037334e-06
-1.072559692527304e-06 -1.315526393799961e-07 6.039302789293849e-06 -6.263198183316877e-06
-9.114670747716847e-07 1.129935150425130e-07 6.057589552747864e-06 -3.791076554674214e-06
-9.603294904089405e-07 2.423126730910953e-07 6.167910907222857e-06 -4.288535506535972e-06
2.677986699974075e-07 -1.827767006114851e-07 1.492719304298617e-05 3.801713660222641e-05
2.439773988193906e-07 -3.154706963254225e-07 2.170557118625087e-06 -4.239594588528479e-06
1.955582285745029e-07 -2.814214348606217e-07 -8.673139636650858e-06 -1.685636920222043e-05
-1.158681555078076e-06 -4.140123419777588e-08 4.095166491078726e-06 -6.626774628196504e-06
-1.099744629366865e-06 1.364806855594133e-08 6.051266900138025e-06 -5.086666447362250e-06
-1.060315913111141e-06 1.549746974773633e-07 5.897305458231223e-06 -4.187579831206443e-06
-1.078220397846460e-06 2.286918885368812e-07 5.081476742076055e-06 -2.882649733902297e-06
1.134485028281021e-07 -1.510826610986301e-07 7.975901294811760e-07 -5.325895968141200e-06
1.235102916635482e-07 -3.272928110473007e-07 8.414319113627168e-06 4.682157686776450e-06
3.149827206404984e-08 -2.916149146040159e-07 -1.311638116501145e-05 1.719009878942298e-05
-1.216893492794201e-06 3.230018223336734e-08 1.831199684473816e-06 -5.450128592817496e-06
-1.242144014035353e-06 9.917286529618552e-08 4.325763877476167e-06 -3.036244030882450e-06
-1.169148565539831e-06 1.615832149254997e-07 3.057051948815097e-06 -3.063958648576454e-06
-1.166310908333071e-06 2.301347464257442e-07 4.460860764773954e-06 -2.087718171163710e-06
-5.237011281444510e-08 -1.441707188263385e-07 8.386043020060757e-06 -8.352934119147240e-06
-6.386131546693735e-08 -3.605296804783785e-07 -1.165168269105609e-06 -1.338342380831967e-05
-1.234757578569323e-06 1.665920102016186e-07 4.376813650601273e-06 -1.851361319537341e-06
-1.233256649748619e-06 1.636757098731640e-07 5.194263835858563e-06 -1.100850948024816e-06
-1.232625876931177e-06 2.060298005675853e-07 4.890350788208966e-06 -2.933450723497253e-06
-1.227762969602377e-06 2.149331658049604e-07 5.632619691974529e-06 -2.838998742773639e-06
-1.813548620813966e-07 -2.769100723969673e-07 8.342723452325548e-10 2.188027691396744e-05
-3.106561763546474e-07 -1.246474636437342e-07 -9.133179238905633e-06 -1.105606066441191e-05
-3.084259976615434e-07 -4.194944514304213e-07 7.364067260442456e-06 -6.110749336173765e-06
-1.212561151525344e-06 2.111068307501673e-07 5.309127539314479e-06 -2.708382075085086e-06
-1.159478431608126e-06 2.106246693371622e-07 2.733315457978313e-06 -1.225260531292549e-06
-1.087841640810599e-06 1.928232491358888e-07 3.519819038693099e-06 -1.842016588559513e-08
-1.232708445965059e-06 2.089926426549673e-07 4.118597708439859e-06 -2.497336919471175e-06
-1.267385577027568e-06 1.664935183296646e-07 1.805996264644048e-06 4.402526093618808e-07
-4.229919221510197e-07 -2.684913016669735e-07 3.138874959651648e-06 -6.810698724561058e-06
-5.565295867920230e-07 -8.042691253389222e-08 4.608528456805766e-06 1.263746643292121e-05
-5.585815258084632e-07 -4.372137217103413e-07 -4.205712320865885e-06 8.669528028157497e-06
-1.170279073451757e-06 2.021915574346461e-07 1.840461776842238e-06 -6.868686582496580e-07
-1.017149159815620e-06 1.446708044851128e-07 4.491274400699814e-06 6.494632060802028e-07
-7.856564513041694e-07 -5.168335167229694e-08 4.848695508918928e-06 4.405127831369547e-06
-8.634006333403036e-07 -2.067939197291358e-08 3.902416212832246e-06 -8.387724333127991e-09
-9.203498445261347e-07 3.587958204284983e-08 4.092219363979216e-06 -1.904849782228230e-06
-1.225578054353846e-06 1.562046286951429e-07 3.023512838450299e-06 1.164532886880673e-06
-1.309072046391856e-06 7.495406766139598e-08 -5.436318385761394e-07 -6.720917640657561e-07
-6.706072067869617e-07 -2.381409217788844e-07 -2.096620493641115e-06 -2.284101421398918e-06
-7.349461209881182e-07 -4.744846370889618e-07 -1.763612682873179e-07 9.112452522431070e-06
-1.073438018397719e-06 9.349797920274345e-08 1.682245169635551e-06 -1.664053632497264e-06
-8.506295401698505e-07 -1.395711102206908e-07 1.173567126150489e-06 -4.944592327668207e-06
-9.419881433685911e-07 -3.551077749784254e-08 1.737453816030124e-06 -3.528603988015387e-06
-1.204070316227848e-06 4.977890901869558e-08 4.557843451793428e-06 4.634628741199025e-07
-1.353033634092667e-06 -5.662904484658464e-08 1.459801056337739e-06 -2.640017173697716e-06
-8.198951776523057e-07 -3.401674979522892e-07 4.059474922494494e-06 1.709084527637232e-07
-7.753832152867742e-07 -5.070181881330744e-07 3.339016319561588e-06 3.639234300764955e-06
-1.070763576770071e-06 -1.358835360185167e-07 4.982780022414795e-06 3.413225984853798e-07
-1.385292578634160e-06 -2.224473059978283e-07 2.731323999953088e-06 -6.141325586952234e-07
-1.485505067445875e-06 -4.160553550716910e-07 3.587497322581691e-06 7.498952688006716e-07
-9.236968521455669e-07 -4.425058697370617e-07 2.401033245329180e-07 -1.167545158903835e-06
-7.869184258580952e-07 -5.912847840792310e-07 2.503960169921266e-06 -2.512022067146863e-06
-7.896010596718080e-07 -8.616243845384050e-07 3.724140364703404e-06 -1.146507985789205e-06
-1.259083900207350e-06 -4.151623395673389e-07 1.131116037845849e-06 9.984477848828133e-07
-8.271076745417389e-07 -1.184940752519171e-06 2.414126200334586e-06 1.581281145303358e-06
-1.637854828439012e-06 -6.288244452232805e-07 4.568872369299699e-06 6.108120523186211e-08
-1.022058663880146e-06 -8.530287283254357e-07 4.008661234792787e-07 1.043153630356297e-06
-1.420375721855901e-06 -8.797042572867924e-07 2.235957702056080e-06 2.615990657262807e-06
-9.307497755410561e-07 -1.518056979148898e-06 6.350539680915969e-07 2.854803469533936e-06
-1.859781464392452e-06 -8.800010268941589e-07 4.040717325536192e-06 2.008934592388239e-06
-1.737818281049260e-06 -1.181190500104188e-06 3.357884340092906e-06 4.142811960732132e-06
-1.385181036507088e-06 -1.390367991735940e-06 4.583960607259575e-06 3.306432114879354e-06
-1.090069277106232e-06 -1.889664011729113e-06 3.831849334068319e-06 4.710956615563336e-06
-1.340656562194790e-06 -2.271550371937405e-06 3.131994187235811e-06 3.784225702324746e-06
-2.172215762658586e-06 -1.147949655247386e-06 2.608992643227820e-06 3.972690604643976e-06
-1.983331879362221e-06 -1.577987077128122e-06 3.053322172679804e-06 2.221942235364067e-06
-1.748576527341961e-06 -2.130524728120425e-06 3.024794071647206e-06 2.878829258805049e-06
-1.645630914474660e-06 -2.651988880397500e-06 2.199948117796169e-06 3.565405457355589e-06
-2.562203446036981e-06 -1.417562589334334e-06 3.691102319066138e-06 1.916025046808017e-06
-2.456796654231324e-06 -2.136261439428358e-06 4.490946872850119e-06 1.775398362725946e-06
-2.027161146517539e-06 -3.000535431481768e-06 2.280259184133640e-06 3.567074713083882e-06
-2.495989716614507e-06 -3.329664976451905e-06 4.025649411198078e-06 3.657992275150721e-06
-3.024067735595450e-06 -3.629718272974491e-06 5.987568057019306e-06 3.781979230015373e-06
-3.051736770158785e-06 -2.305198382786189e-06 5.438500200524626e-06 1.750132917069433e-06
-3.040292494910072e-06 -1.663710070239644e-06 5.377357431158791e-06 9.818391839044624e-07
-2.929633054243503e-06 -2.987887887455953e-06 5.810716374425679e-06 2.598311641033270e-06
-3.621836288868117e-06 -3.859786959922387e-06 6.765252548010901e-06 4.186244082486616e-06
-4.275612237721958e-06 -4.032425083011411e-06 5.548175285983745e-06 4.687201847534454e-06
-3.558551425485737e-06 -2.453044482021616e-06 5.886941508988688e-06 2.485663074204700e-06
-3.610863251606475e-06 -1.840032121387385e-06 5.775990541215546e-06 7.121154827624010e-07
-4.968850355530164e-06 -4.123479535292869e-06 3.905053809030815e-06 5.655766486337515e-06
-4.168323974419363e-06 -3.060777817348232e-06 6.124135244557963e-06 4.188631924742131e-06
-4.256472626172077e-06 -1.928077845552320e-06 7.066209170902333e-06 2.026416296486466e-06
-5.119598197830129e-06 -3.173134283337461e-06 5.146953134707960e-06 4.406877155132226e-06
-5.788735559420356e-06 -4.177955762592655e-06 6.093405181588684e-06 5.886567790525333e-06
-4.954785523761677e-06 -1.935336659301612e-06 7.009550778895986e-06 2.764520257417298e-06
-6.955492845971376e-06 -4.231342146442315e-06 1.041211348194830e-05 5.079488683727545e-06
-6.012042391543844e-06 -2.617905939969778e-06 7.817767759420196e-06 3.406746509636998e-06
-5.785804228276624e-06 -1.878605339641847e-06 7.689889852487347e-06 3.063722204774396e-06
-8.664213300420668e-06 -4.316105265659111e-06 8.812223148759900e-06 5.806540914286192e-06
-7.793326480403152e-06 -2.930313996638892e-06 9.043311940984135e-06 4.918520941055719e-06
-6.953285080298243e-06 -1.811114290878681e-06 7.963585616843756e-06 3.064815301437663e-06
-1.107875068199590e-05 -4.391729124635802e-06 1.074848622247266e-05 2.553273811956287e-06
-9.850856228395333e-06 -3.020442646365492e-06 1.018422608336814e-05 3.575160348229506e-06
-8.670231423986409e-06 -1.727554714171117e-06 9.757568415831258e-06 2.406225611830558e-06
-1.370117256803363e-05 -4.452284028623649e-06 1.194581225571031e-05 3.209383508671738e-06
-1.237141759681834e-05 -3.022266240741526e-06 1.114360467816017e-05 3.923382025577459e-06
-1.107470471559625e-05 -1.647441066438583e-06 1.010657705512289e-05 4.102831984819323e-06
-1.643874978267990e-05 -4.505854573007060e-06 1.388330404088607e-05 4.854221378572265e-06
-1.505359155437650e-05 -3.021355522243623e-06 1.284730094034050e-05 3.573517460375798e-06
-1.370483143363474e-05 -1.591622668259339e-06 1.238194309572956e-05 4.475874823405201e-06
-1.924758579893622e-05 -4.543751064754397e-06 1.239615733164684e-05 3.828522503502151e-06
-1.783167252111435e-05 -3.025438345580031e-06 1.316590102782299e-05 4.393152359830386e-06
-1.643459713556637e-05 -1.541339494678279e-06 1.296150175794750e-05 2.708419927325318e-06
-2.210949786507380e-05 -4.555594832743027e-06 1.614305341322788e-05 3.598232166562087e-06
-2.067483131156439e-05 -3.019953408199725e-06 1.390956637029045e-05 3.761690684249570e-06
-1.925163367083771e-05 -1.502106152045943e-06 1.301875564904104e-05 4.495351290437395e-06
-2.501568414295514e-05 -4.589518188088867e-06 1.808947717058509e-05 5.064349328208993e-06
-2.355134817014667e-05 -3.020113734271897e-06 1.746665159174207e-05 3.508820204130873e-06
-2.210869762434652e-05 -1.483356134152524e-06 1.600521854277397e-05 3.540097454816973e-06
-2.797469034699249e-05 -4.617863465218623e-06 1.851935045686856e-05 5.382547591866691e-06
-2.648773394976587e-05 -3.020901743683304e-06 1.807261259426557e-05 3.763166365111839e-06
-2.501446963521433e-05 -1.452477174237285e-06 1.829516032264825e-05 1.986541096609220e-06
-3.096948873811626e-05 -4.628680474747990e-06 1.993616389956084e-05 4.425267378749375e-06
-2.946861385118474e-05 -3.015135984115788e-06 1.909334711840198e-05 5.170352792081165e-06
-2.797857559344528e-05 -1.417851902081266e-06 1.742254685132583e-05 3.801737448826325e-06
-3.397722286192685e-05 -4.631701317391208e-06 2.252055855789296e-05 4.389089776568520e-06
-3.247213245002154e-05 -3.017998021163599e-06 2.163452953091826e-05 3.472810290931242e-06
-3.096679380685437e-05 -1.403793161619129e-06 2.121449193498248e-05 4.322793077450874e-06
-4.045257167346835e-05 -4.470661659692677e-06 2.662678168241465e-05 4.827750824059113e-06
-4.002104732985323e-05 -4.648715704502724e-06 2.651821782519687e-05 5.019406174412946e-06
-3.532475626552057e-05 -3.018172465216211e-06 2.260591601576328e-05 4.000872688617111e-06
-3.698553816310882e-05 -4.636213567298345e-06 2.425977482751809e-05 6.869834966595262e-06
-3.397812033579971e-05 -1.404909695106346e-06 2.196960817110510e-05 2.747243923617749e-06
-4.063138636908683e-05 -4.040109532203539e-06 2.666209684377613e-05 4.526164487393943e-06
-3.960771500121765e-05 -3.022769485879297e-06 2.678840478995554e-05 4.337574573322491e-06
-3.698392593430444e-05 -1.402746707308971e-06 2.421121559151537e-05 1.892189757635089e-06
-4.063062495798094e-05 -2.006393594659985e-06 2.687901849600592e-05 3.929271020507048e-06
-4.001977918566917e-05 -1.397145857835578e-06 2.673051022126341e-05 3.400601729831475e-06
-4.045164340866497e-05 -1.575438447222298e-06 2.685062150089634e-05 3.598365082037867e-06
