7.085941234601163e-05 -1.118414193762671e-05 -7.098828968841157e-06 3.097500120317038e-06
7.111444208155139e-05 -1.056838444544995e-05 -6.990286306391493e-06 3.117965092470315e-06
7.111383444368901e-05 -7.663778389868850e-06 -6.652113859588296e-06 3.591027639492906e-06
7.085870529872000e-05 -7.047700032102281e-06 -6.707909214337710e-06 3.453389651772622e-06
7.024364563349430e-05 -1.143910788205351e-05 -7.301945335297277e-06 3.132772697049000e-06
6.908956389972599e-05 -9.115439968179947e-06 -7.462615521297684e-06 3.029319875074932e-06
7.024271944815033e-05 -6.792538053220887e-06 -6.799305225359042e-06 3.321913120278833e-06
6.591693571681719e-05 -1.143541219333137e-05 -6.919790620485239e-06 3.999145888722516e-06
6.591532576410297e-05 -6.790679521863013e-06 -6.137745588252432e-06 -1.514504321204307e-07
6.351815851138293e-05 -9.111951146104794e-06 -5.722515699156352e-06 1.474168144696357e-06
6.156777374309745e-05 -1.143860962155639e-05 -4.565200526203430e-06 4.615803466426648e-06
6.156883143960505e-05 -6.786487272682585e-06 -5.308695614704413e-06 -6.868241589395935e-07
5.939271426205741e-05 -9.113760296852764e-06 -4.213331278833857e-06 2.389408303045696e-06
5.722496934769991e-05 -1.143315437509230e-05 -4.351515526799819e-06 3.615418461123330e-06
5.722489049176130e-05 -6.795249873830369e-06 -4.672589154717031e-06 1.734076598444950e-06
5.505985877524385e-05 -9.115071601683257e-06 -4.856980621206565e-06 2.593209297595859e-06
5.288823645172882e-05 -1.144163522011435e-05 -5.155547954593769e-06 2.819927778574385e-06
5.288771058192429e-05 -6.789141422878412e-06 -5.939877652077190e-06 2.741226798682776e-06
5.071319275818740e-05 -9.115864548142634e-06 -4.888199174800762e-06 2.762305605844054e-06
4.853885917394069e-05 -1.144237526136680e-05 -3.190535874356695e-06 3.492682834968440e-06
4.853777173779753e-05 -6.789449967187289e-06 -3.497891389933552e-06 1.480847308100541e-06
4.636844318210432e-05 -9.115525946338032e-06 -1.868821318663098e-06 2.024499355000798e-06
4.420251608842425e-05 -1.143640278272353e-05 -2.691409425837575e-06 2.119606064910569e-07
4.420175845822025e-05 -6.793973676624525e-06 -2.472845661228264e-06 2.585726140368113e-06
4.203363074120783e-05 -9.114185585397418e-06 -3.269718093806329e-06 1.349424949080602e-06
3.986241872852939e-05 -1.143467949583332e-05 -2.394062582670554e-06 1.278123222371488e-06
3.986179030569748e-05 -6.792233731062450e-06 -3.740115766167434e-06 3.010129868127502e-06
3.769498218330301e-05 -9.112904972012098e-06 -2.475039175835610e-06 3.184410050008343e-06
3.554300710185619e-05 -1.141547763374050e-05 -2.955291921411579e-06 1.903104422816462e-06
3.554374017952589e-05 -6.812489058887979e-06 -2.259626866620645e-06 3.893009441535653e-06
3.339807203454933e-05 -9.115947252690757e-06 -3.456706682617996e-06 2.517620722466039e-06
3.126166997904712e-05 -1.139981575099933e-05 -4.259558643579818e-06 1.721763987206366e-06
3.126489954501106e-05 -6.837677848669373e-06 -3.890537882111594e-06 2.433148449313631e-06
2.913557934982021e-05 -9.120664877490455e-06 -4.281866500233294e-06 1.776787205232227e-06
2.703080651305351e-05 -1.136688209664620e-05 -3.853711590613889e-06 1.694703114341948e-06
2.702716029400679e-05 -6.871161101572996e-06 -4.791368262830277e-06 2.550253003660066e-06
2.501622392714217e-05 -9.117522803040953e-06 -4.199254467033600e-06 2.648707847169021e-06
2.302019496091852e-05 -1.133405745047436e-05 -4.376516233665682e-06 2.141311868779906e-06
2.302244589003825e-05 -6.906300878047107e-06 -3.476291811721758e-06 3.024422667978777e-06
2.153147006169159e-05 -9.290444558849247e-06 -3.919364746476893e-06 2.366289401272902e-06
2.003696219642791e-05 -1.129524280920041e-05 -4.366729660588524e-06 1.611780772893193e-06
2.003740649821542e-05 -6.950115290380262e-06 -4.465272400211833e-06 3.092619802707853e-06
1.790795374055804e-05 -1.126165209678151e-05 -4.859055577078446e-06 2.245851489053760e-06
1.831337909413490e-05 -9.857080436565991e-06 -5.083170459627333e-06 1.955966860105485e-06
1.790743044493516e-05 -6.980628392358233e-06 -4.642621369013072e-06 2.295818982031786e-06
1.638203983901909e-05 -7.012827694141585e-06 -4.705431202117374e-06 1.808069768029553e-06
-2.708849777290752e-06 -5.800482100011521e-07 8.892131909490748e-06 -3.680121901579288e-06
-2.770521554781264e-06 -3.067300232826205e-07 -5.836448996343735e-06 4.913967168003595e-05
-2.675557867471843e-06 2.534376928367050e-08 -3.175953284384037e-05 -9.326967947306798e-05
-2.629723427691705e-06 1.655324240630335e-07 -1.564182345031578e-05 -3.898520908648945e-05
1.637788254240414e-05 -1.123808143453064e-05 -4.870211440030729e-06 3.246657707430616e-06
1.501204393621205e-05 -1.113726138586723e-05 -3.590836027239396e-06 3.731712615703150e-06
1.606337139090265e-05 -8.599411083044228e-06 -4.888891366898010e-06 1.623459066005011e-06
1.500557883657726e-05 -6.925998854730528e-06 -4.066116941328842e-06 1.456927426616343e-06
-2.531579200365474e-06 -7.052712212006050e-07 2.972912991582122e-05 -2.493891483115986e-05
-2.344885689501349e-06 -1.626967307984784e-07 -5.046114562734016e-06 3.192946025430760e-05
-2.513550102078224e-06 2.270423436019004e-07 8.160438279144364e-06 2.955276614053491e-06
1.457225530196190e-05 -9.840419063284844e-06 -3.498703791129812e-06 2.533916194210199e-06
1.367560301186833e-05 -1.087857601880688e-05 -3.074022895691023e-06 3.178849522188692e-06
1.239186288282382e-05 -1.048161407016545e-05 -3.037997446874759e-06 2.127085896174573e-06
1.416157460005120e-05 -8.069898978624818e-06 -3.523827785662193e-06 1.212978607852428e-06
1.369345926566883e-05 -6.611247321230021e-06 -3.659569252483066e-06 2.343746707831078e-06
-1.683620844292318e-06 -5.875053480394576e-07 2.629334336926724e-06 -1.167483576450592e-05
-1.666320901006282e-06 2.523785045281501e-07 3.731287354892153e-06 -1.789609998481360e-05
-1.257273675487688e-06 -1.911816884337749e-07 -8.980378959046176e-06 2.979309721346530e-05
1.118019566231363e-05 -9.939308363318618e-06 -2.943197630299043e-06 1.606069644272046e-06
1.221732900323503e-05 -9.147318768570929e-06 -2.812594024030820e-06 1.440954230959233e-06
1.265809132764263e-05 -7.477235056520917e-06 -3.165973352999766e-06 2.340366194796840e-06
1.247693700678341e-05 -6.085137099541132e-06 -2.959398520981736e-06 2.948377364748007e-06
-7.443194214803751e-07 -6.835886767532300e-07 5.266956148868874e-07 -1.234508026271590e-05
-7.591392481572153e-07 3.351995190241724e-07 4.468848680241783e-06 -2.121747921510719e-05
-2.196434476865320e-07 -1.444652824202359e-07 4.460940151913114e-06 2.118491739327605e-05
1.004681451277305e-05 -9.272550082509852e-06 -3.409030483349134e-06 2.981310091784984e-06
9.019850279202766e-06 -8.493800462344604e-06 -2.238981071482913e-06 2.237736518276743e-06
1.111535654926906e-05 -7.215727917736092e-06 -2.163621260220352e-06 3.161453158586655e-06
1.139616382701491e-05 -5.367813997884178e-06 -9.238840900287094e-07 1.357414816561474e-06
4.094142429469924e-07 -8.628269295422569e-07 -8.327941421175453e-06 -8.277943846505715e-06
4.095728286164334e-07 4.837254290721863e-07 1.192496935829382e-06 3.216710912969835e-07
9.281963178267798e-06 -7.299043178983601e-06 -1.628126763937036e-06 1.740082790679995e-06
8.101824344026226e-06 -7.608471210258195e-06 -2.598183580369002e-06 1.224741805719089e-06
9.720470564321853e-06 -5.957290095827039e-06 -7.953232475798188e-07 1.305676103826728e-06
1.047797274415833e-05 -4.497561121543701e-06 -1.799767545023399e-06 1.707056325339988e-06
1.101163590723196e-06 -1.586220406959221e-07 4.382096074426109e-06 -4.435989662671976e-06
1.919058033549230e-06 -1.102016582637824e-06 -5.747991140448550e-07 7.281849158861546e-06
1.925897570315486e-06 7.441050935783892e-07 -7.370328606526335e-06 2.410444453577286e-06
7.292827437358144e-06 -6.640554303743836e-06 -3.340370446211036e-06 1.389108844223171e-06
6.612352579284807e-06 -5.607575704543330e-06 -4.147215387593240e-06 2.907009645218317e-06
6.064718395012537e-06 -4.511374253072925e-06 -2.859579270499427e-06 2.415288253692055e-06
8.836075925042269e-06 -4.754017432683994e-06 -3.185342702398515e-06 3.105854367615570e-06
9.739088395822953e-06 -3.508427138747893e-06 -3.703370259500337e-06 1.372002355631138e-06
2.586010080689592e-06 -1.849590595229724e-07 -3.291044741012882e-06 5.013217907739768e-06
3.399684801296553e-06 -1.346516401551320e-06 3.611135486052590e-07 -5.843477125440231e-06
3.398789566142318e-06 1.006360905746473e-06 1.106029925478366e-06 -8.902363760287138e-06
7.201846344780630e-06 -4.512409173040732e-06 -4.146024306108736e-06 3.275825143137484e-06
5.642759222732029e-06 -3.379729593006676e-06 -2.342059062807026e-06 -2.514318909631470e-06
4.754446899430546e-06 -1.563619981363119e-06 -1.284778678079709e-06 1.494330554528663e-06
5.147654658372542e-06 -1.776546020537336e-06 -1.519446948497987e-06 3.289941956969950e-06
5.363355647363555e-06 -2.200515042653913e-06 -2.667380653775684e-06 2.111063232940337e-06
8.213963287755685e-06 -3.362554671612744e-06 -5.006648613862937e-06 1.514222981504239e-06
9.192000532065590e-06 -2.434339971668702e-06 -4.078161342574879e-06 3.069624623820870e-06
4.130851148247769e-06 -3.553222094537155e-07 -4.570283230245179e-07 1.986369311718715e-07
4.730596226978802e-06 1.193109152690564e-06 -5.000953143965372e-06 -1.561402741150932e-06
6.427251116524715e-06 -2.575528705319669e-06 -9.934760931257174e-07 -7.828038744943571e-07
5.165098311022165e-06 -9.521430504683330e-07 9.621296592264642e-07 3.186160248509994e-06
5.635409624869504e-06 -1.636615791079839e-06 -1.130282204051655e-06 3.474877592990196e-06
7.763696935379076e-06 -2.104298583609820e-06 -3.541290806537152e-06 -1.076045847884484e-06
8.860025424726914e-06 -1.323781195876291e-06 -2.916337032805788e-06 3.236064893821732e-07
5.177328474949765e-06 3.889924859745966e-07 -1.444192852832295e-07 -1.281025102802869e-06
5.108846191607688e-06 1.393830569596531e-06 -3.114331999746010e-06 1.137174715779852e-07
6.661541697457188e-06 -6.933549217506385e-07 -2.809442866769918e-06 -3.542233602571575e-06
8.756364812891488e-06 -1.966040553163507e-07 -2.619220444259047e-06 -2.861274450646629e-07
8.904728346965369e-06 9.343921437274940e-07 -1.936376177412900e-06 1.401876154407091e-06
5.964129312113800e-06 1.114844591894732e-06 4.051194096989820e-07 -1.781567099154589e-06
5.323443258175975e-06 1.832215669178737e-06 -3.349685701615212e-06 7.051962012496704e-07
5.581985739218118e-06 3.065845276242769e-06 -3.152215878547967e-06 -4.246242422607626e-07
7.760162555761246e-06 1.065972295775749e-06 -1.892963177625910e-06 -1.576411861716700e-07
5.983569142403933e-06 4.292864941972091e-06 -2.037895940793473e-06 -1.371269655463851e-06
9.294740779374987e-06 2.080683038693105e-06 -1.607376823388304e-06 3.355198754592253e-06
6.684788786177151e-06 3.101306687432715e-06 -1.001760749786943e-06 -8.519592400218619e-07
8.344708101984847e-06 3.200899658914630e-06 -1.316927727810496e-06 1.494723971585987e-06
6.547212375543209e-06 5.476154316245068e-06 -1.800148445124584e-06 -1.799472301686900e-06
9.915901659267897e-06 3.204307734028046e-06 -1.634594247969484e-06 2.191568993298586e-06
9.427611894487298e-06 4.340620433177809e-06 -1.813246465830990e-06 2.516659004085896e-07
8.243599541840435e-06 5.061543296104391e-06 -2.159274380687560e-06 -8.418610609672095e-07
7.260546836331044e-06 6.633033814400144e-06 -2.414810154054996e-06 -1.713182356564154e-06
8.141012731824882e-06 7.728625994078842e-06 -3.857449362247406e-06 -2.685568910711224e-06
1.077193439321099e-05 4.260737649730178e-06 -3.044744609292335e-06 -1.385755730705757e-07
1.017124441396028e-05 5.646651867013045e-06 -3.501737461932366e-06 -1.882394031331252e-06
9.458855898851122e-06 7.298610176889426e-06 -4.841986256542399e-06 -2.574046070046421e-06
9.152475190526578e-06 8.748393427862867e-06 -4.769855286943290e-06 -3.153834476277028e-06
1.183297011958483e-05 5.204023930259794e-06 -3.886162887217497e-06 -1.659479291719109e-06
1.151883449700694e-05 7.294448033463397e-06 -3.526696761948025e-06 -3.178530214105099e-06
1.030670264938800e-05 9.651978644842551e-06 -3.460307745849170e-06 -3.758056823864532e-06
1.159665772536126e-05 1.043810743240977e-05 -4.851256906507152e-06 -5.675673731377337e-06
1.298940021029503e-05 1.109478638490847e-05 -5.221867844374607e-06 -5.183634485542397e-06
1.309947451454608e-05 7.751692014945404e-06 -5.295336481006418e-06 -4.638739497187299e-06
1.308496223592667e-05 5.997615302145618e-06 -4.527608053208039e-06 -2.444255795593611e-06
1.278076565157819e-05 9.527295035498528e-06 -5.556767726059296e-06 -5.494383718425271e-06
1.448679723645621e-05 1.158025248940299e-05 -4.248023095913264e-06 -4.532334336584241e-06
1.606334881934818e-05 1.190205348744010e-05 -5.453226080872232e-06 -5.146422633420535e-06
1.438456276801245e-05 8.147180772520517e-06 -6.457987695808555e-06 -4.802086912463504e-06
1.450733870735554e-05 6.581383369147567e-06 -6.799400590079393e-06 -4.185640154571247e-06
1.768301550843666e-05 1.203948289340416e-05 -7.371348021187661e-06 -5.640610916177320e-06
1.586068882489571e-05 9.624408539888212e-06 -5.085242350989321e-06 -2.818605327512701e-06
1.605371181698239e-05 6.926132411419523e-06 -6.288751665130768e-06 -3.797089147349682e-06
1.803853750045165e-05 9.873844697777936e-06 -6.753697493613926e-06 -3.805405085935675e-06
1.951702552426583e-05 1.209377545605512e-05 -7.939781696762082e-06 -6.151953192515337e-06
1.767241745874704e-05 7.022645747100571e-06 -4.715799501322621e-06 -1.936542064624595e-06
2.207773031567169e-05 1.214948571234246e-05 -7.004420521180417e-06 -5.924270588356657e-06
2.003383526614864e-05 8.630488550325407e-06 -7.363496641699146e-06 -3.532081223137792e-06
1.951395554420234e-05 6.969230650616998e-06 -6.764894233923317e-06 -1.296801713392475e-06
2.569738862333261e-05 1.223504619803450e-05 -1.369718870568476e-05 -3.606458784681786e-06
2.388027438532894e-05 9.325246414453578e-06 -1.155964040642623e-05 -1.469744200014902e-06
2.207325746841892e-05 6.901218005481679e-06 -1.111591387637431e-05 -7.298839662967427e-07
3.063241059914419e-05 1.231385205614486e-05 -1.360582626302681e-05 -5.691746782260225e-06
2.814288597286753e-05 9.533089318733716e-06 -1.329567283897761e-05 -4.645896535585010e-06
2.569937065985586e-05 6.824755007995592e-06 -1.121164694325635e-05 -3.095581185779589e-06
3.591284586077283e-05 1.239162848427477e-05 -1.635458726770134e-05 -7.304970243386439e-06
3.324832586515727e-05 9.535595500108681e-06 -1.472274630841058e-05 -3.435309733596117e-06
3.062998692256648e-05 6.754524368976948e-06 -1.472448990636423e-05 -3.600775277047362e-06
4.130312930231214e-05 1.244673252641853e-05 -1.895271539391254e-05 -4.858847367249184e-06
3.859413181765202e-05 9.534993355394279e-06 -1.810191589232525e-05 -2.459056273792331e-06
3.591457436384528e-05 6.678130550429364e-06 -1.669838599202898e-05 1.722032897863600e-06
4.676980555217938e-05 1.249390382825370e-05 -2.190805818674224e-05 -4.718682935762333e-06
4.402019770666083e-05 9.542636997265922e-06 -2.008957189251544e-05 -3.649705504677238e-06
4.129833394578043e-05 6.630834703159269e-06 -1.835066193352257e-05 -1.231724422432159e-06
5.232520560137542e-05 1.252689837295786e-05 -2.560496389276575e-05 -6.000660016769400e-06
4.953718085189812e-05 9.542222848498948e-06 -2.369849765833435e-05 -4.325376838066695e-06
4.677155113610810e-05 6.591826451655160e-06 -2.184271042120895e-05 -3.353028040218869e-06
5.793607826756651e-05 1.256117318679059e-05 -2.635226154564901e-05 -4.465482582304239e-06
5.512036069706047e-05 9.543906279263017e-06 -2.646972603106869e-05 -4.498623677581817e-06
5.232418083087162e-05 6.558673679841032e-06 -2.524191486820256e-05 -3.106857218650750e-06
6.359118583954924e-05 1.257906600867166e-05 -2.934185932355906e-05 -3.931760829295990e-06
6.075854368099921e-05 9.545352978447289e-06 -2.763140969911656e-05 -2.542409367436306e-06
5.793503624989246e-05 6.528791349948583e-06 -2.746461333498626e-05 -2.606557318132674e-06
6.927527854864319e-05 1.259197113551943e-05 -3.464740199410995e-05 -6.065777637863645e-06
6.642930405906613e-05 9.543298641967047e-06 -3.151719978723325e-05 -2.846196830404048e-06
6.359344723486902e-05 6.509009238651435e-06 -2.915225230581483e-05 -9.805942578778353e-07
7.497044750560742e-05 1.260017433148177e-05 -3.665349687803249e-05 -5.407150877332018e-06
7.212120221332095e-05 9.548781499929324e-06 -3.613378339759088e-05 -4.491917393007719e-06
6.927165582432533e-05 6.499911892554530e-06 -3.368937112166943e-05 -1.495086864879275e-06
8.718501742317817e-05 1.227453641310861e-05 -4.517948502528153e-05 -3.429208769695784e-06
8.637274307508629e-05 1.261037589963091e-05 -4.498815890511562e-05 -3.547746316290678e-06
7.752060692260747e-05 9.548281718080410e-06 -3.790011432099223e-05 -3.450970722083073e-06
8.066024675325572e-05 1.260114908908490e-05 -3.952025000956169e-05 -4.101575344377801e-06
7.497162307888854e-05 6.497788310387085e-06 -3.739814847788526e-05 -2.774935356215132e-06
8.752153512963413e-05 1.146312339006138e-05 -4.525814757442566e-05 -3.211656343551965e-06
8.559781184925057e-05 9.548773527554085e-06 -4.451904088837427e-05 -2.914919352782748e-06
8.065996379744452e-05 6.494676849269820e-06 -3.956899611665045e-05 -1.876776239281368e-06
8.752095119055261e-05 7.635060742489691e-06 -4.512946396901349e-05 -2.756211583324086e-06
8.637204785192981e-05 6.487723355616300e-06 -4.486499873668744e-05 -2.447970089785136e-06
8.718438109714302e-05 6.823607526715565e-06 -4.504749637795200e-05 -2.560286975365699e-06
