-1.324984229158882e-04 1.791500157091307e-05 -1.843296488653005e-05 4.019366632976858e-06
-1.330256234313388e-04 1.664222833419889e-05 -1.873228798855896e-05 3.102654868399032e-06
-1.330251073412961e-04 1.064169649991720e-05 -1.898452886992432e-05 -2.372823415615352e-06
-1.324978926230823e-04 9.369105690639789e-06 -1.871658175317120e-05 -3.214817311604460e-06
-1.312256175229783e-04 1.844217358943198e-05 -1.765281182518818e-05 4.391868821768235e-06
-1.288377957486269e-04 1.364186444059837e-05 -1.678615650604694e-05 5.900819892791347e-07
-1.312251515140463e-04 8.842023465276581e-06 -1.799416022993058e-05 -3.537502663984306e-06
-1.222632247597348e-04 1.844069590331847e-05 -1.624034955733321e-05 3.232585411356838e-06
-1.222635564476969e-04 8.844566738516048e-06 -1.667823134254096e-05 -6.059285796307132e-07
-1.173130839499945e-04 1.364348596931654e-05 -1.462747250537386e-05 1.708838291057443e-06
-1.133012149588117e-04 1.843467565662715e-05 -1.588583465382052e-05 1.337610610601590e-08
-1.133020073370028e-04 8.854043825023390e-06 -1.552789624563824e-05 3.132348590392204e-06
-1.088294725270728e-04 1.364508380774233e-05 -1.701647979084140e-05 1.554749666648315e-06
-1.043659345625748e-04 1.842068171458760e-05 -1.522426468361447e-05 2.835267321593039e-06
-1.043662291604665e-04 8.869873816392144e-06 -1.460637931610262e-05 -2.129387098490076e-07
-9.990593695494135e-05 1.364482716197314e-05 -1.124810783780399e-05 7.219968038988574e-07
-9.545971470951318e-05 1.839684697003966e-05 -1.110499212086288e-05 -3.520569584167092e-07
-9.546086523493356e-05 8.893077013640385e-06 -1.013685354707909e-05 8.832028333590905e-07
-9.102653763948292e-05 1.364483657656823e-05 -1.095859353633271e-05 1.686810209872588e-07
-8.662136650822069e-05 1.835669988109909e-05 -1.068110877879925e-05 2.738403873761340e-06
-8.662313179288716e-05 8.935929913413806e-06 -1.093086442556247e-05 -4.899170787712593e-07
-8.223078623491427e-05 1.364796184964850e-05 -9.417398114558132e-06 1.905458673444867e-06
-7.786513059045691e-05 1.831263372730042e-05 -9.508755972299462e-06 2.704221302358090e-06
-7.786657581004507e-05 8.986643636432749e-06 -8.582068852875927e-06 3.992819160946578e-07
-7.351635054080146e-05 1.365014538823998e-05 -8.742060976903143e-06 1.030508074055069e-06
-6.921521240861491e-05 1.823857116698309e-05 -7.804560050240503e-06 1.849473714436597e-06
-6.921361746211138e-05 9.058992414840909e-06 -8.137622078492085e-06 -3.131502981396264e-07
-6.493981010420543e-05 1.364764509793194e-05 -6.550305371490073e-06 7.399508826155157e-07
-6.071926035220403e-05 1.814562990823929e-05 -7.210252073211478e-06 -9.472493005029639e-07
-6.072331232524478e-05 9.152365378709738e-06 -6.785539936553858e-06 2.382522389987719e-06
-5.653134573451753e-05 1.365174951521401e-05 -7.648928299891451e-06 1.207881348523955e-06
-5.241530023924841e-05 1.803461459850061e-05 -5.309705021540430e-06 3.701361518947108e-06
-5.241007802784350e-05 9.265892075467072e-06 -5.177592499014656e-06 -1.022807620370574e-06
-4.833421570221462e-05 1.364733263657068e-05 -2.761460604065046e-06 9.832192817541991e-07
-4.434093966322889e-05 1.789607144025878e-05 -2.975277714904621e-06 1.396881087107688e-07
-4.433958818912496e-05 9.395272570623308e-06 -4.165547533222945e-06 1.413055383814025e-06
-4.054989089143225e-05 1.364310552097305e-05 -4.576873115012260e-06 2.237190691612237e-06
-3.685245133559503e-05 1.773523817640441e-05 -4.387289484177979e-06 1.003777016953557e-06
-3.685467043117537e-05 9.564452784686352e-06 -2.678983205969648e-06 4.944800623355578e-07
-3.410522103668724e-05 1.395961821476046e-05 -3.214570477781709e-06 8.759223309890288e-07
-3.138695885288213e-05 1.759297212109537e-05 -2.196509087846074e-06 3.278056684679784e-06
-3.138444587393485e-05 9.713873339757790e-06 -3.393380015379550e-06 -5.045663989585413e-07
-2.755377190706735e-05 1.746137986383684e-05 -3.294342228985630e-06 2.171206698255082e-06
-2.826073258306199e-05 1.496599507528170e-05 -2.526446922517716e-06 2.596960837501654e-06
-2.754692449416397e-05 9.819941358729325e-06 1.350093306621184e-06 5.020681159736171e-07
-2.484367163019906e-05 9.927971111513871e-06 2.332787800973832e-06 -1.664171100982480e-06
3.581155455143936e-06 4.985968706654496e-07 3.537585273115199e-05 -1.815704944406484e-05
3.672331791048480e-06 3.144788649461213e-07 2.289191990404350e-05 -7.832222132978238e-05
3.684386687345529e-06 -3.174127482243536e-07 1.708467996845093e-05 2.948827557881054e-05
3.595063474027456e-06 -5.234833727754622e-07 2.858368351735557e-05 2.695578030946905e-05
-2.483280213469414e-05 1.736832435955220e-05 -2.207092647424543e-06 1.228311188171884e-06
-2.244638467946392e-05 1.714507364499016e-05 -2.235206903622517e-06 -1.002412887542673e-07
-2.426135557781546e-05 1.272478771260690e-05 3.612227382252227e-07 4.782669010917202e-07
-2.241148008338460e-05 9.828545337084887e-06 -1.803617127558310e-06 -1.870755746606336e-06
3.379469885319209e-06 5.725315776052906e-07 -2.751412666143474e-05 4.137567407919974e-05
3.190550139916323e-06 1.261420615060813e-08 -1.014164656191516e-05 -2.308278398915790e-06
3.382986364229891e-06 -6.016152805601926e-07 2.550804670723046e-05 2.735308815770329e-05
-2.166349831495549e-05 1.487130762649310e-05 -1.297629253401324e-06 6.542767796785726e-07
-2.014169119346405e-05 1.663547338322540e-05 9.185257703863191e-07 -9.900369307907233e-08
-1.796622260839580e-05 1.590695350019406e-05 1.554523043485772e-06 1.915439165735359e-06
-2.094222488507226e-05 1.181425080397594e-05 -2.400191144432232e-06 5.296927430682761e-07
-2.014222844482204e-05 9.361847341522564e-06 -2.587369467617976e-06 3.953201661648054e-06
2.263625054331401e-06 5.491600089365255e-07 7.556835551268525e-06 -5.551469675888430e-06
2.289161980407476e-06 -5.880074664044300e-07 -4.406655019649142e-06 -8.685317494500699e-06
1.689603084806914e-06 4.877868388080247e-08 4.321478759903545e-06 1.932118348422551e-06
-1.595957292094213e-05 1.492955832552779e-05 -1.735618587510522e-06 3.003134459616376e-06
-1.765399694188790e-05 1.362395621902454e-05 -1.116422947574729e-07 3.442018436534243e-06
-1.839149294877520e-05 1.083024115615139e-05 -1.645300361791573e-06 2.322266914215571e-06
-1.808142846360876e-05 8.567479345012330e-06 -2.522664256724032e-09 3.791551517261535e-06
1.038220573441966e-06 6.937230294750709e-07 1.023879279869164e-07 -2.076293991368196e-06
1.011532130588790e-06 -7.035541836564015e-07 4.205077404078680e-07 1.141577394895275e-05
2.955893308036527e-07 5.346140783764515e-08 -5.607720290300123e-06 -1.013368010867340e-05
-1.411382252837647e-05 1.378225161981901e-05 -3.420834529559411e-06 8.056410511187656e-07
-1.247452648771281e-05 1.248536900992894e-05 -1.523784718448227e-06 2.286262085091889e-06
-1.584125309712005e-05 1.041275863010685e-05 -1.889910847185193e-06 -1.869360214339152e-06
-1.627605263558671e-05 7.452484651517944e-06 -6.348609873617857e-07 -6.259473106853373e-07
-5.797424669277938e-07 9.215332804597969e-07 2.938933318742387e-06 6.142100476284870e-06
-5.609933705961597e-07 -9.153697349590846e-07 -1.384700573729250e-06 3.331059278232033e-06
-1.289446552755655e-05 1.053858630412371e-05 -1.627245728614818e-06 1.113337172425779e-06
-1.105425073867933e-05 1.102913918520233e-05 -1.842107927455753e-06 3.280986556648030e-06
-1.358205457048735e-05 8.401020960569053e-06 7.411036976525898e-07 -4.532311716003076e-07
-1.476756252328587e-05 6.120821339096803e-06 -5.556600569282294e-06 1.650915588618848e-06
-1.491848932100235e-06 4.231507066357811e-08 -2.091869298258121e-06 1.493962128394599e-06
-2.620637200812464e-06 1.275783970619253e-06 4.207508758100988e-06 -6.506546416368444e-06
-2.624651755192390e-06 -1.241316553414916e-06 2.134185094899664e-06 -6.103960413025126e-06
-9.820264774884906e-06 9.467000215707204e-06 -1.662017841906943e-06 -1.423030808678452e-07
-8.832330468725294e-06 7.857705652633405e-06 1.014213387680108e-06 1.627722482191978e-07
-8.073173920157475e-06 6.172789036082662e-06 4.283223134735167e-06 1.946925750204883e-06
-1.219400990244703e-05 6.524051362690563e-06 4.066586777651107e-06 6.571517531525497e-07
-1.355954593240461e-05 4.633895287869138e-06 -1.811840570662969e-06 -2.788914378919895e-06
-3.532095275406579e-06 1.529189374700982e-08 -2.184801441194317e-06 2.037965985693265e-06
-4.620838430919244e-06 1.613399119727818e-06 -4.766795766507810e-06 5.917978542528673e-06
-4.616654025373378e-06 -1.575434822723447e-06 2.862434848607913e-06 -4.360323282311723e-06
-9.738969340064636e-06 6.159632725547911e-06 -4.513947144331665e-07 3.126813613769142e-08
-7.507298388601163e-06 4.474655473949030e-06 4.708656653954103e-06 4.618511364644087e-06
-6.429894841686605e-06 1.882096509197475e-06 -1.684176925400925e-06 7.610722160410128e-06
-6.925417939666386e-06 2.154289976310815e-06 1.361297929974230e-06 6.349284217435345e-06
-7.177391760764897e-06 2.738443214317784e-06 2.835596251729678e-06 3.859209693859478e-06
-1.123472398252169e-05 4.424292310933737e-06 3.959247618915639e-07 -5.193234943391756e-07
-1.266230015502175e-05 3.073139850516245e-06 -1.413781332038476e-06 3.424794370524523e-06
-5.617171990287365e-06 2.482796210843693e-07 1.885407715107834e-07 -8.912106857778338e-06
-6.458771764351441e-06 -1.835730863169620e-06 -7.424088452278202e-07 7.944696761139837e-06
-8.673149305762449e-06 3.271079593340138e-06 -3.992719648481467e-06 -7.888038545003723e-07
-6.986858796709619e-06 1.040181153026440e-06 1.560672324821817e-06 2.661887146146065e-07
-7.581300424001358e-06 1.951020758494208e-06 2.526370112272214e-07 2.858015083685048e-06
-1.057230338381494e-05 2.605849627591884e-06 1.620740026518985e-06 -7.898583170177552e-07
-1.209520124206331e-05 1.505026338308374e-06 -7.098640045345497e-07 -2.078338579634813e-06
-7.052356682290336e-06 -7.687948538525076e-07 4.773174288177154e-06 -2.269682872695701e-06
-6.995824360923506e-06 -2.117683035794860e-06 -8.893274444756113e-06 9.671094239981622e-06
-9.022586890532557e-06 6.406099288763361e-07 8.620168215194427e-07 -1.199976057042740e-06
-1.187278517775192e-05 -3.734110246296187e-08 -5.064746235382328e-06 2.353051016865328e-06
-1.196685463319121e-05 -1.524885509868920e-06 3.000316591257869e-06 1.094045505738563e-06
-8.148718650148246e-06 -1.767828551433035e-06 4.432588106370303e-06 -1.053798411790589e-07
-7.310665161548161e-06 -2.697096426598234e-06 -1.554747785677150e-05 9.005791572336054e-06
-7.698497164329670e-06 -4.250379898389530e-06 -1.143834085324230e-05 1.367251070439439e-06
-1.048876878548725e-05 -1.723151494123417e-06 -3.690120138510965e-06 -1.641551960458138e-06
-8.279061953114400e-06 -5.740549421796077e-06 -6.438191322915625e-07 7.550006043000259e-07
-1.238693259975983e-05 -3.022378908536620e-06 1.166212885773051e-05 -2.738929878881043e-06
-9.129158315072020e-06 -4.306090033489194e-06 8.448830724669051e-06 -3.299699073558594e-06
-1.119335641399727e-05 -4.425307857979621e-06 -8.097414043451392e-06 4.588688054485381e-06
-9.032028679001461e-06 -7.158701332597082e-06 5.161469133908266e-07 1.827781160272762e-06
-1.307718790040007e-05 -4.437100409275516e-06 5.303498369277909e-06 -3.843369640373411e-06
-1.246907715224599e-05 -5.806790683625655e-06 -7.620880593928736e-06 4.127972611866035e-06
-1.106017884049884e-05 -6.666571775683747e-06 -2.145466069473121e-06 -3.542434534622171e-06
-9.902338242472526e-06 -8.480931099887402e-06 -6.372474922000705e-06 1.010902211011466e-05
-1.096104621280735e-05 -9.719328197639892e-06 -1.524211074020320e-06 -1.625755150311477e-06
-1.401821775080135e-05 -5.722467677367225e-06 5.497184362625503e-06 9.273744040531296e-07
-1.331912474890517e-05 -7.344422235702737e-06 -1.761535906662276e-06 -1.358374431757663e-07
-1.250395968615779e-05 -9.225311666528364e-06 3.350793590383367e-06 -4.533764313047869e-06
-1.215974155243004e-05 -1.082895735007138e-05 3.246229850169487e-06 -2.460845921625329e-06
-1.519572587951511e-05 -6.858965708742336e-06 2.766935431858833e-06 1.769642201744779e-06
-1.483295361794762e-05 -9.204953651604945e-06 -9.513530456865239e-07 5.136918878933383e-07
-1.347624570123365e-05 -1.179737943160349e-05 -2.395878315528600e-06 1.843737456865556e-06
-1.490303494758429e-05 -1.262571930847499e-05 -2.879977971725104e-07 -2.545558663635882e-07
-1.642045158335719e-05 -1.328958442174015e-05 2.157846135619359e-06 -3.790698168256580e-06
-1.655344500478613e-05 -9.707455842253273e-06 -1.155509586894567e-06 2.088076643022329e-07
-1.654613566183138e-05 -7.782863576286809e-06 -1.590351551244051e-06 3.228199113118400e-06
-1.620944151369517e-05 -1.162670390582838e-05 1.581801883370187e-06 -1.055113030052716e-06
-1.802062222577404e-05 -1.377135620142095e-05 -2.590598475857293e-06 -2.787775651800069e-06
-1.967523372612202e-05 -1.407380091820057e-05 -2.336258909635100e-06 1.059657083698391e-06
-1.792567985888971e-05 -1.013953116736943e-05 -2.410806964954322e-07 -2.040654319025380e-07
-1.805293036711525e-05 -8.462306971220425e-06 -1.444201356935760e-06 2.912041973223773e-07
-2.135900303947931e-05 -1.418544333822695e-05 1.814430658954888e-06 6.446874889143889e-07
-1.948336224507067e-05 -1.170359781126573e-05 -2.478192236070945e-06 -1.003611216620707e-06
-1.967484397048615e-05 -8.872252543059697e-06 5.000480646689479e-07 8.716881459565343e-07
-2.173429700932323e-05 -1.195682832783007e-05 -8.769457476009285e-07 -3.025076910628292e-07
-2.322660707391831e-05 -1.419483353323891e-05 9.676990993636457e-07 -8.584857044608932e-08
-2.136033448556416e-05 -9.007101216053815e-06 -3.359229049882883e-06 6.936943129683700e-07
-2.580568751552406e-05 -1.420903932172089e-05 -1.460429871041066e-06 2.872087419720157e-06
-2.375927720106405e-05 -1.068798983209543e-05 -1.096350122762729e-06 -2.547584105798529e-07
-2.322129158840789e-05 -8.993204892041015e-06 -1.330384419468519e-06 -6.477957645373371e-07
-2.938611129990795e-05 -1.423457001218527e-05 -6.947321971123506e-07 -8.908234821265615e-07
-2.760694229624813e-05 -1.138757246245421e-05 -7.394929230861433e-08 -1.510136394181835e-06
-2.580385585192901e-05 -8.971277744510802e-06 8.057893809524675e-07 -1.877159519584674e-06
-3.414877383773925e-05 -1.425672628072245e-05 -1.501607113255632e-06 -3.690073674171125e-07
-3.176066226635913e-05 -1.159235030752496e-05 -1.230810754729123e-06 -5.570876213395974e-07
-2.938396313195016e-05 -8.946195180482989e-06 -1.390011112703229e-06 -1.779738212946852e-06
-3.913271440502878e-05 -1.426123939392198e-05 4.435092942279387e-07 1.978383020138416e-06
-3.664083451927180e-05 -1.159315654212193e-05 -6.436458463891200e-07 -5.725816836972766e-07
-3.414940342466055e-05 -8.927763450312015e-06 -8.992040076870783e-07 1.367031642481080e-07
-4.411293539675473e-05 -1.426258169783522e-05 2.309691327740664e-06 1.853349617317949e-06
-4.162119756213965e-05 -1.159890910801453e-05 1.091290261395903e-06 6.448424042235246e-08
-3.912972821367473e-05 -8.930631853183555e-06 5.988271091137225e-07 -1.812287033242079e-06
-4.910220565093093e-05 -1.425199683268543e-05 2.394673673092886e-06 -1.722740880743638e-06
-4.661100272043683e-05 -1.159338075247661e-05 3.095269576577163e-06 -8.199576695804667e-08
-4.411616382512264e-05 -8.931968677091676e-06 1.642852782498335e-06 -2.089695357034273e-06
-5.405166314149246e-05 -1.424172975367064e-05 5.156191741930183e-06 1.245878284937785e-06
-5.158245827393967e-05 -1.158941108943030e-05 2.899389512019743e-06 -2.954103520091459e-08
-4.910198651068132e-05 -8.928576672845342e-06 2.776723546073128e-06 1.335016972313076e-06
-5.899265020883258e-05 -1.423629774109232e-05 6.274222082311560e-06 2.885665900160852e-08
-5.652189187138847e-05 -1.159004797736374e-05 6.713838283247955e-06 4.252024675465919e-07
-5.405298906405890e-05 -8.936380001992374e-06 5.250399420755747e-06 1.859415902769367e-07
-6.391007400139138e-05 -1.421497144843658e-05 4.815939508345643e-06 3.594980226551221e-07
-6.145843493575371e-05 -1.159423916517441e-05 4.741624002996586e-06 2.316619449944515e-07
-5.898918548717482e-05 -8.950272900357976e-06 5.623832278065889e-06 7.387616207041678e-07
-6.879601624072407e-05 -1.420407106606054e-05 9.375906762992316e-06 1.573016848094513e-06
-6.635679577025449e-05 -1.158915092493027e-05 7.515073717147308e-06 -1.133169595379673e-06
-6.391322802876858e-05 -8.968244776720633e-06 6.216386635247056e-06 -1.590061164533629e-06
-7.367360813215073e-05 -1.420253785780322e-05 7.989226455343253e-06 2.847999289229750e-06
-7.123494976123800e-05 -1.158971225560132e-05 8.328313513455035e-06 9.767239436216266e-08
-6.879584589890219e-05 -8.974080498486700e-06 8.391514842494988e-06 -2.634997384394391e-06
-8.409502389582240e-05 -1.391494789518758e-05 1.047919995357581e-05 1.248470046200981e-06
-8.340336192654593e-05 -1.420141743798014e-05 9.627426158810343e-06 1.223255289187425e-06
-7.585484468761881e-05 -1.159328192677340e-05 8.620624550966330e-06 3.244516626843813e-07
-7.854105404682994e-05 -1.420169856976895e-05 7.075276370343397e-06 -2.463099400531970e-06
-7.367151417744191e-05 -8.980714927537671e-06 7.892983870160971e-06 -2.270225993180911e-06
-8.438151181186741e-05 -1.322326874504477e-05 1.086965903738827e-05 9.234635098981717e-07
-8.274561759454505e-05 -1.159288124490444e-05 8.102406992938735e-06 -7.915952584714053e-07
-7.854166994796729e-05 -8.985454214044326e-06 7.535494342312870e-06 2.229299915689464e-06
-8.438164183726968e-05 -9.962289497906318e-06 1.072078538754874e-05 -2.463484020077444e-06
-8.340368535251638e-05 -8.984383707302284e-06 9.631342429572090e-06 -2.525828943299477e-06
-8.409521193419464e-05 -9.270770255558791e-06 1.036608638267592e-05 -2.627422152756511e-06
