-3.314443637541532e-06 2.051235194845276e-06 -2.925307956951221e-05 2.772038454128025e-06
-3.294157249271215e-06 2.099010770071519e-06 -2.926180575458300e-05 2.692466173523701e-06
-3.292569470095792e-06 2.329822228057733e-06 -2.918924018502735e-05 3.768259477908903e-06
-3.312759367419383e-06 2.377950170078242e-06 -2.925361652784553e-05 4.111696418270597e-06
-3.363160088046685e-06 2.031803424910598e-06 -2.921142347202338e-05 2.836504565036467e-06
-3.451778565374066e-06 2.214236920629530e-06 -2.934022493713415e-05 3.601305332843702e-06
-3.361525417070874e-06 2.397565919720745e-06 -2.946830741437866e-05 4.272797937903295e-06
-3.680905712303337e-06 2.046272558065406e-06 -2.814569143477979e-05 5.306835373981512e-06
-3.680734703295074e-06 2.385255001219946e-06 -2.925776798206944e-05 4.981090361825225e-06
-3.852969647392333e-06 2.217011603144965e-06 -2.889453003413500e-05 5.266841433099653e-06
-3.991314468884810e-06 2.055672784981819e-06 -2.659062454384813e-05 7.254837788354809e-06
-3.994410714929346e-06 2.382024039578608e-06 -2.539846851012553e-05 2.326228432269907e-06
-4.151214260002997e-06 2.221143509530519e-06 -2.310398728375596e-05 4.539878044355829e-06
-4.309760195843999e-06 2.058167353138003e-06 -2.467632497583140e-05 4.002506357916901e-06
-4.307888000456643e-06 2.382313796580927e-06 -2.397204622332738e-05 5.414947988602509e-06
-4.463142504558411e-06 2.218956311624633e-06 -2.583669350652929e-05 3.955782576765561e-06
-4.614807029937863e-06 2.056681846757491e-06 -2.434812444549209e-05 5.352929801984719e-06
-4.616185066394503e-06 2.384558607360786e-06 -2.365330146040188e-05 2.398611516886260e-06
-4.763119303852083e-06 2.221429677295657e-06 -2.139827164122768e-05 4.079828715243635e-06
-4.902512116340082e-06 2.068419663994671e-06 -1.857952143648948e-05 6.304890608466865e-06
-4.903198861846743e-06 2.374843143936751e-06 -1.892026809230633e-05 3.268410343237615e-06
-5.039949481948072e-06 2.219333998308331e-06 -2.020070405939111e-05 4.907652581438169e-06
-5.176405381078528e-06 2.074899987596222e-06 -2.208361139874915e-05 6.199973286358460e-06
-5.172930509778705e-06 2.355376296844121e-06 -2.147660415911572e-05 3.584174479072518e-06
-5.306733692718309e-06 2.210911026388274e-06 -1.906511084700126e-05 4.185224185565525e-06
-5.420555511475336e-06 2.095846733659057e-06 -1.736557915909783e-05 2.841972410042358e-06
-5.424064936851950e-06 2.327472047820621e-06 -1.548564104114380e-05 5.592496052632361e-06
-5.527337624850793e-06 2.215415680842530e-06 -1.627073914074916e-05 3.898555796246260e-06
-5.607822977056393e-06 2.144715712481951e-06 -1.385325614783944e-05 4.219002036601880e-06
-5.603759485531970e-06 2.289537068247022e-06 -1.505479771653150e-05 3.531292462487553e-06
-5.671150236226436e-06 2.214487659244970e-06 -1.262754932237608e-05 3.658241020157350e-06
-5.711600657611929e-06 2.185754682157514e-06 -1.245424803204586e-05 4.303842043889581e-06
-5.712802213296223e-06 2.239877662321680e-06 -1.368686894963893e-05 3.364961310171756e-06
-5.737283255349755e-06 2.212062281803807e-06 -1.197900111990788e-05 5.512047587407457e-06
-5.722528128005844e-06 2.238398049049834e-06 -1.148783777045447e-05 7.150130462222794e-06
-5.721808227171934e-06 2.182349867458500e-06 -1.041379838179468e-05 2.766363188796700e-06
-5.690293196239175e-06 2.207484270850746e-06 -1.186129498206180e-05 2.468179711209154e-06
-5.619910840662327e-06 2.304553534009564e-06 -9.809112674205648e-06 6.021848956651769e-06
-5.615134412151651e-06 2.102706726406839e-06 -8.631990831277993e-06 2.751676363707228e-06
-5.547571818889652e-06 2.217751946876265e-06 -8.333456645699508e-06 6.939451645759946e-06
-5.435096390594524e-06 2.376264926420021e-06 -7.176740422857329e-06 4.048878123366807e-06
-5.445850253035916e-06 2.039420132206949e-06 -8.824453830020812e-06 -7.864928141383875e-07
-5.251271217157160e-06 2.427733720088008e-06 -7.612186552279891e-06 6.141308675404696e-06
-5.305391040720160e-06 2.276914240890594e-06 -8.662867224843625e-06 4.666172622372169e-06
-5.245089057233147e-06 1.991613305345118e-06 -4.113119836723746e-06 7.339564895523761e-06
-5.074723838628401e-06 1.944753369852124e-06 -8.429120804957038e-06 9.677814507607701e-06
1.108652113131726e-06 -3.520962339823090e-07 -2.545225945776197e-05 -1.099216696967324e-05
1.144892066133696e-06 -4.512467889024401e-07 -1.990569109419735e-05 4.732922064623253e-05
1.117329466511253e-06 -6.197102884767326e-07 -1.076894011785337e-05 -7.556452258474780e-05
1.085893805027877e-06 -6.998699407798152e-07 -2.663146795724830e-05 -4.092464798201516e-05
-5.084415099876688e-06 2.467551202195982e-06 -3.501188949499960e-06 4.616854765046744e-06
-4.892431381096637e-06 2.487482930043882e-06 -5.794850348598574e-06 4.504590817553465e-06
-5.058734032177722e-06 2.142907366046080e-06 -8.801176468641814e-06 1.823601487843973e-06
-4.913344218940008e-06 1.880312653851099e-06 -6.141113309393893e-06 7.223301585031597e-06
1.033542974870198e-06 -3.131361196786596e-07 -7.770752184744900e-06 -4.412164457514904e-05
1.033351872657718e-06 -5.296666478458961e-07 2.490057606422210e-05 4.154875383211295e-05
1.012504203032538e-06 -7.301008802748479e-07 -1.905039902893505e-05 -2.765176989004624e-05
-4.843254684490148e-06 2.318293432114695e-06 -7.226559143261972e-06 3.913033584146257e-06
-4.686797159785546e-06 2.490341100937278e-06 -1.045903314299673e-05 6.141313320920641e-06
-4.466808566014221e-06 2.462524965982196e-06 -5.114272562680180e-06 6.269931499819423e-06
-4.795011012856834e-06 2.045126014376073e-06 -5.770913708136517e-06 3.093238229168685e-06
-4.722777667925037e-06 1.784460200160211e-06 -1.333164025714511e-05 3.759637541265724e-06
7.102538781837084e-07 -3.401584076873098e-07 -1.218247452192041e-05 -1.451537130166896e-05
7.075207895072224e-07 -6.998728443482245e-07 5.419887188419544e-06 -1.261843912439287e-05
5.476293536299538e-07 -5.453087969916905e-07 -1.664708542048480e-06 2.366365518734396e-05
-4.229659323127480e-06 2.413287894811666e-06 -3.165360021063762e-06 3.594086702874942e-06
-4.452474262630565e-06 2.245490416327191e-06 -3.085130853927903e-06 3.619517444338498e-06
-4.538859461315834e-06 1.930869477249213e-06 -5.129589197057090e-06 7.490223083012489e-06
-4.510234834064792e-06 1.627785327240960e-06 -2.524180374620943e-06 -7.303626448595302e-06
3.190969580664831e-07 -2.925523391735778e-07 4.622697915366517e-06 -8.404083957473269e-06
3.309698933407083e-07 -7.374106022241833e-07 -3.781932120623844e-06 -1.254493337899931e-05
1.028485916215930e-07 -5.559494675900273e-07 8.431328558488675e-06 2.326183671409553e-05
-3.985345258630109e-06 2.310428078798202e-06 -4.990720526630398e-06 4.328392123460539e-06
-3.733924101584854e-06 2.159738822736767e-06 -3.584465908031345e-06 2.972438094224330e-06
-4.231051483797241e-06 1.865656772438602e-06 -4.191132834274317e-06 5.255770126004849e-06
-4.314028862085111e-06 1.422296993857510e-06 -7.477048027444159e-06 1.481108864208731e-06
-1.702057865905965e-07 -2.187486317419708e-07 -8.217848699473339e-06 -7.875884078208702e-06
-1.728536943734712e-07 -8.052189754378981e-07 -9.409727593555505e-07 -7.193614882011577e-06
-3.790100319029093e-06 1.895209507076960e-06 -4.433169905598149e-06 3.008605604589511e-06
-3.459049476275523e-06 1.975447353526024e-06 -8.081628647634432e-07 1.677684393803958e-06
-3.895216106558675e-06 1.556668123063624e-06 -8.656778474976520e-06 5.169693404906493e-06
-4.110257535730079e-06 1.141330238801808e-06 1.136450000066831e-06 2.628089083233985e-06
-4.629425765221276e-07 -5.400158102177626e-07 -2.938068236786818e-06 1.522919710107110e-06
-8.187490782476359e-07 -1.143498514246015e-07 4.391839308681812e-06 4.985130604980458e-06
-8.212587299400839e-07 -9.135047079376980e-07 8.217337926334325e-06 2.628074902336458e-06
-3.199358513790655e-06 1.750237610787602e-06 -9.631520314273129e-08 4.047108166372958e-06
-2.948387112715842e-06 1.458581034434776e-06 -8.747509246164143e-07 3.199201453783659e-06
-2.718660105740154e-06 1.131864147209521e-06 -2.829794220822469e-06 2.256339789474433e-06
-3.648578263420352e-06 1.218515839516352e-06 -8.623784890636364e-06 3.996389613446570e-07
-3.950214145673694e-06 8.219034665260158e-07 2.397800313413031e-06 5.223640820376347e-06
-1.101757707829015e-06 -5.142862263631632e-07 -7.245824999135357e-06 -4.943199711506493e-06
-1.439168910660907e-06 -2.863477489899926e-08 3.500598151948165e-06 5.143798806645375e-06
-1.450973266840899e-06 -1.044679577560711e-06 -1.375451051227794e-06 2.166532226496180e-06
-3.123682158713115e-06 1.139844477739350e-06 -4.562029389565988e-06 1.358710461751360e-06
-2.527916399268737e-06 7.552986546485481e-07 -2.511609980457500e-06 3.871432941055440e-06
-2.065825583668941e-06 7.264741564867052e-08 7.989787895299726e-06 -8.232343107131485e-06
-2.245110058091264e-06 1.564526361501519e-07 -2.639653865994337e-07 -1.039860242645561e-05
-2.359213988694149e-06 3.209194604692093e-07 -3.727319417233867e-08 -4.868572049847814e-06
-3.457512972414763e-06 7.552157173120762e-07 -3.137311994773476e-06 3.956746402790330e-06
-3.811513749829378e-06 4.087417500724651e-07 -3.964135002492401e-06 -1.083338099709414e-05
-1.768416681514542e-06 -4.524008989953947e-07 -2.283290386775726e-06 8.238057208614807e-06
-2.006181875271162e-06 -1.128230246252164e-06 4.863143144615520e-06 -5.123695596146529e-06
-2.804554058427544e-06 4.681499645122021e-07 -2.296521862028722e-06 4.839108165238674e-06
-2.232038901294950e-06 -1.872375696505622e-07 -1.000470722385926e-05 -7.260134951606551e-06
-2.453475576208227e-06 9.626663094550395e-08 -3.212700208838276e-06 -9.801550746509257e-06
-3.306155990974896e-06 2.803471459258924e-07 -7.187001539195941e-06 3.592592880726572e-06
-3.752202960805781e-06 -2.483070481968014e-08 -1.232917631139448e-05 -4.965749124750908e-06
-2.204164180112843e-06 -7.745263419096647e-07 -1.257111988111470e-05 8.816558334647530e-06
-2.146427629002639e-06 -1.216092058310143e-06 6.400145780590196e-06 -1.087336240344652e-05
-2.871303526713804e-06 -2.990635128579553e-07 9.752336934243268e-07 6.547305977669850e-06
-3.765041077856371e-06 -4.995887339963741e-07 -2.942430274471494e-06 -3.127031151826185e-06
-3.908612645802317e-06 -1.011349491059966e-06 3.181395865834643e-06 1.608616025821638e-06
-2.532641395044043e-06 -1.083941839618497e-06 -4.035237168733986e-06 -1.405258033484207e-06
-2.220380225906234e-06 -1.423491000137838e-06 1.464779013309972e-05 -1.494068055797462e-05
-2.298291178280670e-06 -2.041458949354633e-06 7.335423849810913e-06 -2.605948441652553e-06
-3.364506652190636e-06 -1.054377186561889e-06 -4.476647596000660e-06 2.400606727228144e-06
-2.456598102038712e-06 -2.691392200323739e-06 -6.150265912977135e-06 9.543014494219403e-06
-4.152571687395267e-06 -1.540255478519554e-06 -1.345422880139403e-06 -2.617869055402510e-07
-2.839616167056943e-06 -2.045467464438654e-06 -5.306708832312322e-06 -7.406695048001751e-07
-3.673186128929965e-06 -2.097194287962007e-06 -1.250495247369705e-05 -1.814173139296841e-06
-2.723710758259260e-06 -3.333934907669761e-06 -6.309312008089084e-06 1.259094794806468e-05
-4.521967070597125e-06 -2.082410308262947e-06 -4.907435621702282e-06 -2.761616873951290e-06
-4.275816517050216e-06 -2.694855402133211e-06 -3.612396111537242e-06 -2.680255913637866e-06
-3.626017469587152e-06 -3.095781067225181e-06 1.740189263663010e-07 -4.999161919278638e-06
-3.067101397264267e-06 -3.998543773856625e-06 2.868524260647574e-06 -4.413063850506299e-06
-3.542494003713749e-06 -4.669495974966166e-06 -3.797977216364604e-06 -1.662630177313233e-06
-5.061922198452743e-06 -2.639619693727851e-06 -8.091874467377364e-06 2.232663114239998e-06
-4.722904102291024e-06 -3.430937073129984e-06 -3.537442469755863e-06 -4.681495880597067e-06
-4.299083031195005e-06 -4.417986164487900e-06 -9.004092183118347e-06 -1.187679556878419e-06
-4.110659129614031e-06 -5.318990210392038e-06 -1.316462320706412e-05 -3.616422099205433e-06
-5.723636549344677e-06 -3.144226588678414e-06 -1.083885944376677e-05 -2.049061826541343e-06
-5.562253714339901e-06 -4.431558264930817e-06 -2.871068578731488e-06 4.669694033537789e-07
-4.807723590551348e-06 -5.906615105462521e-06 -5.472784482886737e-06 -6.755500844504857e-06
-5.619409249687750e-06 -6.451040974583212e-06 -4.909651753055873e-06 -6.887424034597517e-06
-6.517197818533862e-06 -6.930035732192012e-06 -3.643182647219697e-06 -2.581688814350968e-06
-6.582123434736535e-06 -4.715017855092008e-06 -5.685817566758553e-06 -5.806638870101653e-06
-6.563838801876635e-06 -3.601915637103463e-06 -3.772943093452041e-06 -9.288011888882916e-06
-6.368939026705315e-06 -5.869898925359411e-06 -4.999712771569697e-06 -2.931919171814571e-06
-7.519001389278162e-06 -7.288353747534382e-06 -4.331983660091408e-06 -7.005827623939324e-07
-8.604429302707288e-06 -7.546361799567726e-06 -1.160373428354249e-05 -3.161809562400842e-06
-7.426897763154486e-06 -4.965231992710294e-06 -4.855178678924467e-06 -2.016649044746908e-06
-7.508456450868788e-06 -3.926864250154305e-06 -6.800780424145580e-06 -1.585453152744107e-05
-9.715633335206068e-06 -7.675588347844461e-06 -7.401852289207619e-06 -4.747718246802207e-06
-8.436780327324709e-06 -5.966210038942748e-06 -8.790483162310940e-06 -2.834865856180315e-06
-8.572241322127915e-06 -4.116397900766840e-06 -5.394994658115210e-06 -1.471049203798129e-06
-9.950132121675879e-06 -6.145295030677883e-06 -3.532474509200859e-06 -5.272750867436197e-06
-1.101453785186246e-05 -7.752629964060146e-06 -1.447648538073007e-05 -4.041390982428723e-06
-9.693748767736111e-06 -4.154176071860334e-06 -1.028073555486707e-05 -2.543081545203413e-06
-1.286661136165173e-05 -7.818998194276251e-06 -1.049704661912009e-05 -3.960605684144223e-06
-1.136734263128844e-05 -5.261599695834611e-06 -8.445093483518930e-06 -4.077064965333074e-06
-1.100602902603465e-05 -4.080918621236326e-06 -9.838305713818470e-06 -2.402967236695165e-06
-1.557006047881287e-05 -7.936981747639858e-06 -9.498360550682341e-06 -5.509412444584099e-06
-1.420135763252386e-05 -5.757917998164748e-06 -6.745183180859829e-06 -4.687547238026976e-06
-1.287142758444565e-05 -3.979151542497451e-06 -1.253443073775905e-05 -3.000058291724321e-06
-1.934578762041278e-05 -8.061530719499763e-06 -1.306080050148269e-05 -4.439284707280325e-06
-1.742126101974315e-05 -5.905590479950962e-06 -1.027903533725269e-05 -2.312793127610697e-06
-1.556938488882463e-05 -3.871197007152940e-06 -9.193203211598956e-06 -2.691553140426126e-06
-2.346345423056125e-05 -8.153379086918801e-06 -1.317965612291882e-05 -7.016038145072397e-06
-2.137600066149584e-05 -5.908186043876040e-06 -1.348857433429627e-05 -3.931969192707939e-06
-1.934233050155163e-05 -3.752542076806487e-06 -1.288761858136381e-05 -2.731964548966663e-06
-2.775110369428122e-05 -8.234268120549650e-06 -1.598162887806943e-05 -5.349458648099673e-06
-2.558283969539088e-05 -5.901076496787046e-06 -1.478493518781447e-05 -4.437405302148381e-06
-2.346845624468456e-05 -3.656246011192015e-06 -1.285550913050037e-05 2.372449904016749e-09
-3.216962211367643e-05 -8.305908536164613e-06 -1.745254326524142e-05 -2.425556810238810e-06
-2.993871841852924e-05 -5.901000227451842e-06 -1.679707474503877e-05 -4.188434885965707e-06
-2.774814278947251e-05 -3.567172988299597e-06 -1.546005955978150e-05 -4.111096985985322e-06
-3.672252098956417e-05 -8.358632548981361e-06 -1.926793281384548e-05 -5.414925703603808e-06
-3.442674623172345e-05 -5.898488434843582e-06 -1.819323920836560e-05 -2.377917087271960e-06
-3.217470805295666e-05 -3.494420976502504e-06 -1.911707332800969e-05 -3.979241365906408e-06
-4.135018059454600e-05 -8.394838071650565e-06 -2.266374422555208e-05 -5.867850713048952e-06
-3.902606348253622e-05 -5.904101727878425e-06 -2.127584544856700e-05 -3.242144070164753e-06
-3.671574887493538e-05 -3.445137838963047e-06 -1.880307040872655e-05 -7.805550027140008e-07
-4.605018366091724e-05 -8.436874212924538e-06 -2.542531186801370e-05 -6.213355712879994e-06
-4.368792635719831e-05 -5.899590878991138e-06 -2.308390769828286e-05 -3.870640118082675e-06
-4.135396736498282e-05 -3.407918373505292e-06 -2.211917390458199e-05 -1.716451621055218e-06
-5.080382911773081e-05 -8.452416961717623e-06 -2.798564526711728e-05 -3.709909765478706e-06
-4.842089644382325e-05 -5.900531415690347e-06 -2.772721399119413e-05 -3.433037861872787e-06
-4.604988732817122e-05 -3.364992410214480e-06 -2.568067621032147e-05 -9.204920513110285e-07
-5.559226554443993e-05 -8.463431120256662e-06 -3.343065810523206e-05 -7.009891024005170e-06
-5.319438533243076e-05 -5.898570902699860e-06 -2.984180627353820e-05 -3.067680946882108e-06
-5.080405910033690e-05 -3.347290885852253e-06 -2.831849179657800e-05 -2.655897406365301e-06
-6.589915121639135e-05 -8.192705366568572e-06 -4.220297008303124e-05 -6.814727025821289e-06
-6.521451905482351e-05 -8.475829250540162e-06 -4.121311694459591e-05 -6.959383068792689e-06
-5.774178198069397e-05 -5.892827293027188e-06 -3.506311811155812e-05 -3.208279049437246e-06
-6.039285170156557e-05 -8.468599022294535e-06 -3.382567040558242e-05 -3.723310795667986e-06
-5.559449399194971e-05 -3.327802415526008e-06 -3.358333085982178e-05 5.953027296322992e-07
-6.618288869037351e-05 -7.508834920377601e-06 -4.265002839655468e-05 -6.226333823321509e-06
-6.456215695724686e-05 -5.895214558661367e-06 -3.942190028349311e-05 -4.131632913361624e-06
-6.039175010344030e-05 -3.314987841448533e-06 -3.341604886968369e-05 -3.275640461885258e-06
-6.618557397286028e-05 -4.281051192514307e-06 -4.258230005897606e-05 -2.155257264614359e-06
-6.521621311690018e-05 -3.312202014013543e-06 -4.100648257047115e-05 -1.240721328340892e-06
-6.590168229014320e-05 -3.595907630670490e-06 -4.209450894466319e-05 -1.447168432677474e-06
