8.881119096988635e-05 -1.169406511466756e-05 1.628994672694031e-05 -2.745730814902349e-06
8.917100405073981e-05 -1.082728274911169e-05 1.633689665467991e-05 -2.908012868168353e-06
8.917159519355078e-05 -6.737664495938964e-06 1.606907888450264e-05 -3.302292151327545e-06
8.881180258654171e-05 -5.870714925108819e-06 1.601689808008728e-05 -3.534596854403303e-06
8.794294535942250e-05 -1.205273803278763e-05 1.621868754915030e-05 -2.608978146546158e-06
8.631403639363885e-05 -8.782669664132550e-06 1.609250647800690e-05 -3.000979053358236e-06
8.794350326817631e-05 -5.511964860680807e-06 1.597726673678982e-05 -3.697995801470365e-06
8.183992504468293e-05 -1.204068125531912e-05 1.764913799769616e-05 -1.115853284718884e-06
8.183954640794729e-05 -5.523441842485676e-06 1.757762774295696e-05 -4.464636768487624e-06
7.848456668660099e-05 -8.781116408185875e-06 1.560783215356740e-05 -2.435417252886395e-06
7.576276452888897e-05 -1.203739151894658e-05 1.320566292067721e-05 -3.694254484926529e-06
7.576110081991464e-05 -5.522305265814766e-06 1.341742070150982e-05 -1.482506063600720e-06
7.272400345657867e-05 -8.778538736096818e-06 1.243042403341957e-05 -2.514697944669437e-06
6.968851497246567e-05 -1.203355733946881e-05 1.356606412733975e-05 -2.601453965164537e-06
6.968891081142803e-05 -5.523464113407477e-06 1.331772687701084e-05 -2.894355589368043e-06
6.665271909304550e-05 -8.778670761506181e-06 1.429777028611422e-05 -3.050642578395362e-06
6.362137222121189e-05 -1.202204076843008e-05 1.345108064781407e-05 -5.312267399244085e-06
6.361759430331710e-05 -5.533300677795170e-06 1.331357784585252e-05 -1.881841890179707e-06
6.058691330436935e-05 -8.776857998024322e-06 1.160188548247275e-05 -3.734420703321979e-06
5.757001702205605e-05 -1.200231884853090e-05 1.152774702685581e-05 -3.708794102566083e-06
5.757018164533142e-05 -5.554044965170719e-06 1.055605287130863e-05 -2.095111928271019e-06
5.456534729650558e-05 -8.778900741553805e-06 1.136368667458689e-05 -2.014101261083164e-06
5.158038875281731e-05 -1.197589548404411e-05 1.035096651147202e-05 -3.570853375218861e-06
5.158289981803126e-05 -5.587070776575700e-06 1.116932916701522e-05 -1.804077795814724e-06
4.860817640932493e-05 -8.783723791294786e-06 9.071745402196722e-06 -3.496851186388004e-06
4.566939220344794e-05 -1.192108243618597e-05 9.800421665086012e-06 -3.560301668723185e-06
4.566756577050137e-05 -5.646984571864613e-06 7.678002699422559e-06 -2.828874006856460e-06
4.274483557656450e-05 -8.782650796224694e-06 9.326063951225421e-06 -2.357744259994044e-06
3.985642335282675e-05 -1.185705962934005e-05 8.626070815170688e-06 -1.575034788078496e-06
3.985532063429677e-05 -5.710079100759717e-06 1.068090171622499e-05 -4.253566533059296e-06
3.698518695252168e-05 -8.783032956246121e-06 8.780193480634472e-06 -3.899996706908538e-06
3.416833647863544e-05 -1.177257322956297e-05 7.670864166594682e-06 -3.927028995014055e-06
3.417102752883346e-05 -5.795066166694313e-06 7.024074682625406e-06 -3.052762356174973e-06
3.138784249850406e-05 -8.785450745960921e-06 6.777395062904804e-06 -3.863613862241692e-06
2.867376338672979e-05 -1.167031111676947e-05 6.620449770260911e-06 -5.198580138128469e-06
2.867277185539923e-05 -5.899693707081629e-06 7.684880812113269e-06 -7.526737853511232e-07
2.610105665247971e-05 -8.780922120339429e-06 7.357518646417206e-06 -2.419876667935793e-06
2.359847706310889e-05 -1.154703902671999e-05 7.570221920596059e-06 -3.265016266047114e-06
2.359488066003854e-05 -6.020279325510423e-06 4.041871424816646e-06 -8.100063767843606e-07
2.173611533861903e-05 -8.993303596760826e-06 5.595257358060461e-06 -2.363547303104573e-06
1.991271330148998e-05 -1.143016849791384e-05 4.808117913846062e-06 -2.937627693635685e-06
1.990678085904620e-05 -6.143840374935551e-06 7.000761301985628e-06 6.106422201146532e-07
1.734902875350557e-05 -1.131957765281771e-05 5.366631747647397e-06 -2.876846711885268e-06
1.781527316154818e-05 -9.658129937377091e-06 5.995342200903321e-06 -3.527696768209433e-06
1.733582029619898e-05 -6.227107658041736e-06 5.178578154924425e-06 -3.910672903120458e-06
1.553827922545580e-05 -6.313552635888215e-06 3.933442061555718e-06 -5.694977883619677e-07
-2.124208225284797e-06 -4.762934307913290e-07 3.129649001182125e-05 -1.725336193451975e-05
-2.159386325125726e-06 -4.416544199126644e-07 3.043370864906353e-05 -1.064052166842257e-04
-2.173561378437580e-06 -1.075957332759820e-08 -4.279149126262685e-06 9.424116544440260e-05
-2.127080185658175e-06 9.567269836581394e-08 -6.087314758423066e-06 -6.608937945549471e-07
1.553193749532602e-05 -1.124274640395029e-05 3.344550835292100e-06 -4.023575409750574e-06
1.396088906857756e-05 -1.108060126972395e-05 5.044068371583366e-06 -4.132040681660595e-06
1.514770602410683e-05 -8.167738574206224e-06 6.065060682376214e-06 -5.259615118673317e-06
1.393608576899059e-05 -6.262407814536232e-06 4.350702194268967e-06 1.982442970828568e-06
-2.062056472969839e-06 -4.807967329028282e-07 -1.951535464654804e-07 3.481035998306132e-05
-1.804440830435424e-06 -2.340058242310362e-07 4.833511969025913e-06 5.711348497290926e-06
-2.021366068762783e-06 1.411176089470854e-07 -4.425126260486748e-05 -4.858807901727860e-05
1.344114754182483e-05 -9.579602451535904e-06 6.141840134314815e-06 -4.500293954548634e-06
1.244358193275410e-05 -1.073192421637196e-05 5.135976759600841e-06 -4.912928638528789e-06
1.102170890521603e-05 -1.025127440965418e-05 3.283980916702948e-06 -3.528969959079472e-06
1.297044800887826e-05 -7.571830083000341e-06 4.361690363213672e-06 -1.126207926075135e-06
1.244246564705728e-05 -5.970109740554907e-06 7.144665695082610e-06 -6.103450237808230e-06
-1.350529929480297e-06 -5.502207081785064e-07 -6.026486806179845e-06 -1.113013364921407e-05
-1.361457567852316e-06 1.449599267794821e-07 1.151039442849345e-07 -2.984365535274969e-06
-9.754402748655061e-07 -2.055597427044610e-07 1.418579505374645e-05 2.964209537033488e-05
9.716540442372915e-06 -9.607340199086607e-06 2.891838262459062e-06 -2.869163333855952e-06
1.081630431428430e-05 -8.758869481523894e-06 3.052052376965524e-06 -1.294356616855373e-06
1.129512898154833e-05 -6.929356468679225e-06 2.604120249851892e-06 -5.429392107869885e-06
1.108545694961043e-05 -5.462664310054598e-06 -6.526358160495237e-08 -1.804464106135883e-06
-6.061710803929260e-07 -6.154293877063039e-07 -6.336832783064922e-06 -2.340732643172588e-05
-6.129675520395409e-07 2.057722878434917e-07 -4.957241099153700e-06 -1.734658793498848e-05
-1.615350864346777e-07 -2.133945983860072e-07 1.738149713259566e-06 4.461169038297398e-05
8.514719101321360e-06 -8.844102757690890e-06 3.106024754234752e-06 -4.139492408323970e-06
7.465450659515120e-06 -7.994221684344555e-06 3.943555948484497e-06 -5.108607710133916e-06
9.625413691893833e-06 -6.651805722790036e-06 2.029844240148707e-06 7.867806986378096e-07
9.901636485951662e-06 -4.745245692577247e-06 8.756316494360285e-06 -2.253708915139167e-06
3.297824347282607e-07 -7.576713488851671e-07 -2.846670888748822e-06 -2.062915455010955e-05
3.291217628124779e-07 3.347262826793261e-07 2.915645850364480e-06 -2.021662885452186e-05
7.734475163942765e-06 -6.730999747843956e-06 3.827618792547559e-06 -3.234374134476618e-06
6.567366178178137e-06 -7.045789161398721e-06 4.174195536006389e-06 -4.393328275649364e-06
8.169964732285033e-06 -5.358291903775231e-06 3.330551281274792e-06 -3.498351931040983e-06
8.932400038646860e-06 -3.913668772491351e-06 7.730855436545376e-06 -3.415037879731942e-06
8.820904833822525e-07 -1.925094865462765e-07 6.433437479115443e-07 2.072483241539114e-05
1.533963893019515e-06 -9.552751472880026e-07 -3.347584894067871e-06 -4.698557570557741e-06
1.537401785302761e-06 5.449014481086519e-07 2.957419474981786e-06 3.892164014584969e-06
5.790754895950730e-06 -6.037022185990066e-06 4.470704385793144e-06 -1.798024164235702e-06
5.179870684149082e-06 -5.014542531165449e-06 4.473037730394943e-06 -1.677805078445672e-06
4.724082156354344e-06 -3.954652467561849e-06 -7.918662257559337e-07 -2.505069030118451e-06
7.287330080841794e-06 -4.172539341301383e-06 2.531931546782544e-06 -1.851888235992270e-06
8.150550746618449e-06 -2.988944523538554e-06 3.710455882924922e-06 -3.682456445762742e-06
2.075180441729614e-06 -2.113853391567553e-07 -2.422702125120200e-06 -8.540644749899867e-06
2.728555271508438e-06 -1.136018717045462e-06 1.456498043957311e-05 2.185166219565851e-06
2.729928995825767e-06 7.543497042545996e-07 4.605656300805778e-06 1.430986129980663e-06
5.751809650683505e-06 -3.941860861635325e-06 5.583655071904560e-06 -8.195382764252575e-07
4.388440487490915e-06 -2.906004119554788e-06 -4.581568556913226e-06 -4.834587725307905e-06
3.795629064411588e-06 -1.309050223487154e-06 -1.404162673293353e-06 3.730243066022840e-06
4.069446057399384e-06 -1.471361512190641e-06 2.708843966538831e-06 -2.537044297814440e-06
4.203072848915865e-06 -1.826169637057412e-06 4.681422525213929e-06 -6.143905788444366e-06
6.684850534895458e-06 -2.858560845038449e-06 5.881793374590893e-06 1.033987303839784e-06
7.565170570466444e-06 -2.028101289633254e-06 2.977983865309104e-06 -3.353022300573948e-06
3.308853591325301e-06 -3.297279021389549e-07 -3.631959817613206e-06 -2.291764171622420e-06
3.813876968195549e-06 9.139647237609001e-07 -2.693329854754471e-06 8.893522975995993e-06
5.117803130244485e-06 -2.149324284436163e-06 1.543310408500828e-06 4.317013732186244e-07
4.116662673439749e-06 -8.115268211326779e-07 -2.018747132879651e-06 1.400820775494533e-06
4.454738857304622e-06 -1.347929980519313e-06 4.971966925400249e-06 -4.207748895931519e-06
6.275100592387515e-06 -1.736197737342870e-06 2.085814660152171e-06 2.487789125105526e-06
7.190073574241788e-06 -1.076005715263578e-06 5.191835246756903e-06 -7.921847748860095e-08
4.169930299821450e-06 2.780347266785659e-07 6.647299652181504e-07 1.876440922078611e-06
4.146317649301433e-06 1.070884821183126e-06 5.939212306916394e-06 1.386971564133035e-06
5.333414951944552e-06 -5.488576851581812e-07 6.628071472463309e-07 1.433525102515357e-07
7.044294246211585e-06 -1.553975142645323e-07 9.792476686656521e-06 5.022923207522209e-06
7.072298016657309e-06 7.256962707566444e-07 -5.758343681449224e-07 -1.928435419865265e-06
4.816932518016634e-06 8.633620614334894e-07 2.005226255680334e-06 -6.739900438848369e-06
4.340207731882766e-06 1.400272927481352e-06 1.242684323447774e-05 -2.614441207564154e-06
4.588464579087518e-06 2.309324872185216e-06 1.778773345514609e-05 2.886071942947282e-06
6.205311498846916e-06 8.508054549654965e-07 3.264313820911377e-06 -2.835588747754934e-06
4.943613372377914e-06 3.156430530501480e-06 8.773878982596785e-06 -2.520539963093386e-06
7.286096830671734e-06 1.607557081485439e-06 -7.155267873568161e-06 4.756718584155530e-06
5.409998227676764e-06 2.353573639397974e-06 3.540426225561078e-07 7.149415593149039e-06
6.602984602766849e-06 2.413485315519011e-06 7.540987405424338e-06 5.608797049070759e-07
5.384794159920540e-06 3.946786072042954e-06 -6.495342076346865e-06 -9.269662330709819e-06
7.652896473639989e-06 2.426553892841627e-06 -5.109880508710661e-06 -7.096229166549184e-06
7.313459294657384e-06 3.196407102541205e-06 6.562158666754893e-06 -3.762946807117097e-06
6.525850762954617e-06 3.674077198574458e-06 2.945040228090064e-06 7.777734430757421e-06
5.885129898939688e-06 4.656718739484805e-06 8.478305350924383e-06 -9.320496741065621e-06
6.476127130053889e-06 5.345728182803347e-06 3.311802361357833e-06 -2.217275668652418e-07
8.146731900522691e-06 3.162947382420089e-06 -1.584906610492999e-06 -2.075217761093734e-06
7.773829165903360e-06 4.051077233025967e-06 5.949388448696205e-06 5.645277805291795e-06
7.326383532113727e-06 5.077837244293185e-06 8.944171830063838e-08 4.485864831323629e-06
7.137089672325110e-06 5.921096831364302e-06 -3.405240201257964e-06 5.148067115239263e-06
8.767104844841507e-06 3.796640098473869e-06 -9.588763032998014e-06 -1.086975837756831e-06
8.579486911799588e-06 5.058032468908739e-06 8.103736927971106e-06 1.704327106625771e-06
7.855162495014266e-06 6.409167979811333e-06 6.458994404565161e-06 4.865276501246575e-06
8.609356758299845e-06 6.831811669188269e-06 3.989142721623795e-06 2.750245486670370e-06
9.399044085204707e-06 7.154510803530366e-06 2.484989403728722e-06 4.636081848957304e-06
9.477614072873057e-06 5.323794170144163e-06 9.627957051506060e-06 2.825753336818068e-06
9.479204793123290e-06 4.307913664100900e-06 5.767335974340059e-06 -2.219160105775065e-06
9.296972184055014e-06 6.312927861719125e-06 4.474071338983804e-06 3.840317257818167e-06
1.022326582565505e-05 7.377269354609090e-06 6.824653342720051e-06 3.332480242813634e-06
1.104965273322883e-05 7.508041085743032e-06 8.939706757157818e-06 5.231827671020142e-07
1.017455579754040e-05 5.549711818938645e-06 4.809324203196355e-06 4.527095057260118e-06
1.023892455204214e-05 4.687227986875248e-06 5.668215240418203e-06 2.024765763578455e-06
1.187656649263239e-05 7.552916988381836e-06 3.871497548948791e-06 1.575345702217535e-06
1.096152473709535e-05 6.335635719977565e-06 5.704598100741537e-06 3.553210482165665e-06
1.104950784475636e-05 4.920545486100488e-06 4.294449967259639e-06 2.571242745434882e-06
1.207276524663157e-05 6.455384924180338e-06 4.426500091989487e-06 1.681606803559144e-06
1.280097509371322e-05 7.535920850600652e-06 7.832612178629560e-06 6.539075421326500e-06
1.189202766844317e-05 5.003479496336390e-06 6.638246073422529e-06 -7.015658405695707e-07
1.404256138073088e-05 7.515562482456132e-06 8.609373264520755e-06 1.274484781486950e-06
1.306737915900835e-05 5.840041979220926e-06 9.193329595915837e-06 4.384651614054519e-06
1.279921678930197e-05 5.017081163848158e-06 8.498994124488877e-06 1.847711830017253e-06
1.569696164097276e-05 7.504703466285971e-06 9.942655981478884e-06 7.245087598564857e-06
1.488484295079261e-05 6.188580972565693e-06 8.274435768565816e-06 3.369225028114811e-06
1.403409310597317e-05 5.039620129987131e-06 9.499455995703733e-06 2.321767693374005e-06
1.785204865264500e-05 7.476873920993764e-06 1.179244027758786e-05 5.635092818594341e-06
1.678160405168197e-05 6.280190383594436e-06 1.118544380691151e-05 4.783630862242194e-06
1.570166009513114e-05 5.062787156708643e-06 9.770819315057738e-06 9.769851896133671e-07
2.004163153493677e-05 7.443268902780413e-06 1.623752835080672e-05 4.225780511535046e-06
1.895371366351642e-05 6.284563883078235e-06 1.463207707269547e-05 2.154229112033861e-06
1.784607094306178e-05 5.088182669448395e-06 1.466709544589529e-05 2.278377056283720e-06
2.219823057691216e-05 7.422625840481185e-06 1.789638382366267e-05 4.194427484051177e-06
2.112790336506842e-05 6.283384702549222e-06 1.654542062148497e-05 3.904167076448108e-06
2.004345622802238e-05 5.123566692422963e-06 1.387510886644171e-05 9.478150939144356e-07
2.430692805992926e-05 7.411472091333917e-06 2.360539663338223e-05 4.191080560010744e-06
2.325766025631918e-05 6.284968490198561e-06 2.074973946988103e-05 2.951965124847664e-06
2.219760643740996e-05 5.146458663425166e-06 1.916885286759581e-05 2.413294888340429e-06
2.639275553814704e-05 7.390321440556792e-06 2.518826088345943e-05 6.859342874979703e-06
2.535421254984096e-05 6.284360828559014e-06 2.464036055413371e-05 4.244649687255317e-06
2.430784958838882e-05 5.158658773438268e-06 2.248713291784229e-05 3.054558783582316e-06
2.843253932466437e-05 7.359426206999926e-06 2.857695490480726e-05 6.049115586602520e-06
2.742430948820506e-05 6.284576386282273e-06 2.674467705092316e-05 3.254918173030924e-06
2.639242248197034e-05 5.178822082762279e-06 2.668848264623569e-05 1.100875393275471e-06
3.041667250233237e-05 7.355370934014389e-06 2.996014192638040e-05 3.241239229503771e-06
2.942721965078718e-05 6.288816919781653e-06 2.961009599979970e-05 3.658470048540527e-06
2.843064144904254e-05 5.211841895959084e-06 2.726834469891866e-05 7.815995259361979e-07
3.237493383668732e-05 7.335858371199817e-06 3.324371985345632e-05 5.521817129271397e-06
3.140155754469224e-05 6.293788733834101e-06 3.129201863837398e-05 3.136056771720582e-06
3.041497912715502e-05 5.229341436764333e-06 3.075196621010793e-05 2.649359983124021e-06
3.431763779049500e-05 7.321933032210127e-06 3.574079311540050e-05 5.087605740992907e-06
3.334832643722987e-05 6.288737577367759e-06 3.485655000129674e-05 3.138381822168891e-06
3.237715929723222e-05 5.248472427174450e-06 3.335846366979479e-05 1.484369921860162e-06
3.843667524384046e-05 7.208273899577156e-06 3.976388673321590e-05 6.531239368492033e-06
3.816293787809500e-05 7.320978968036035e-06 3.879162149115297e-05 6.812730263632399e-06
3.518441671684967e-05 6.286463719763571e-06 3.505517027641638e-05 4.033928432525661e-06
3.624380531854428e-05 7.312429298307052e-06 3.441594159361372e-05 5.258133980550242e-06
3.431842864873740e-05 5.251573923304259e-06 3.472617650819551e-05 2.040657421218561e-06
3.855011171977935e-05 6.935451795278220e-06 4.017726930176024e-05 5.718606019281835e-06
3.790080538353779e-05 6.290251060481633e-06 3.775274399180727e-05 3.532278514911768e-06
3.624239291803456e-05 5.264016351763883e-06 3.493994651634768e-05 2.919275513000893e-06
3.854917393053472e-05 5.645624931958366e-06 4.022693245751833e-05 1.234782006874385e-06
3.816176177013219e-05 5.259880523966605e-06 3.902472745896638e-05 3.678588685404513e-07
3.843563366453882e-05 5.372678188375303e-06 3.986626961421343e-05 5.749578569941627e-07
