-4.583770545901563e-05 7.242562389792614e-06 -4.691925276071296e-05 7.132357692770168e-06
-4.599365648683412e-05 6.866505906870508e-06 -4.738450188575346e-05 6.405401097200134e-06
-4.599378018283332e-05 5.090943786577699e-06 -4.734447794634046e-05 2.423910516944125e-06
-4.583783723083514e-05 4.714950449528981e-06 -4.687804109025949e-05 1.690327178264218e-06
-4.546126552551472e-05 7.398165429982440e-06 -4.587966243857584e-05 7.354584428598383e-06
-4.475593409549506e-05 5.978918220731790e-06 -4.383418940387387e-05 4.350031409048899e-06
-4.546141800647408e-05 4.559396291155123e-06 -4.583705697969775e-05 1.460277082766426e-06
-4.282091900931558e-05 7.392936829472129e-06 -4.050899354970510e-05 5.071012685357804e-06
-4.282126160900630e-05 4.567270771625919e-06 -4.050138136653166e-05 3.271960930913020e-06
-4.135955889005433e-05 5.981488581178406e-06 -3.944474390837019e-05 4.094693608376610e-06
-4.017351005787766e-05 7.393293117560031e-06 -3.771691454826306e-05 6.579948612973348e-06
-4.017474711685888e-05 4.572218113166301e-06 -3.760079913900852e-05 1.377282861518073e-06
-3.885277878903078e-05 5.983402805261649e-06 -3.588634587486193e-05 4.138144426249368e-06
-3.753579197841323e-05 7.390682595121500e-06 -3.471975270630080e-05 6.233880613995166e-06
-3.753468495921668e-05 4.573904735724739e-06 -3.417552133524925e-05 2.039317371787877e-06
-3.622079903975601e-05 5.980870223449133e-06 -3.272439062501185e-05 4.328591619365754e-06
-3.490690862847132e-05 7.386587903416990e-06 -3.019388488345937e-05 6.005222590126048e-06
-3.490539604624345e-05 4.571844074850028e-06 -2.968619235405454e-05 2.660286557803089e-06
-3.359036933780898e-05 5.978079959878917e-06 -2.802075265449994e-05 4.269847167052828e-06
-3.227341864513145e-05 7.385851731290082e-06 -2.775708863305889e-05 4.814490982979169e-06
-3.227570150016711e-05 4.573011950063820e-06 -2.669261177923440e-05 3.155434536390580e-06
-3.096418005503276e-05 5.981824113109558e-06 -2.735274417701472e-05 4.002928048127646e-06
-2.966053722752951e-05 7.383783040014117e-06 -2.516223878777480e-05 6.447478186982602e-06
-2.966054039323185e-05 4.581121997360543e-06 -2.521052329907403e-05 2.345844302883156e-06
-2.835990596109575e-05 5.982599115443996e-06 -2.234460941994146e-05 4.203304744527902e-06
-2.706056892183825e-05 7.378162498208989e-06 -2.162747157390177e-05 3.878569850406277e-06
-2.706010111527295e-05 4.585211679294741e-06 -2.073381804502163e-05 3.517771206615369e-06
-2.576037513972756e-05 5.980698300417361e-06 -2.085068945613312e-05 2.995745329408783e-06
-2.446366652960386e-05 7.370342062178280e-06 -1.843800124284650e-05 5.186630450034665e-06
-2.446440692691794e-05 4.590910112363611e-06 -1.977079938632624e-05 2.862218355474596e-06
-2.316813404923272e-05 5.981174759599697e-06 -1.687281751382607e-05 4.588091079229424e-06
-2.187007207117521e-05 7.376034480941658e-06 -1.710786175924875e-05 4.130343938861286e-06
-2.187157829478028e-05 4.593094739177098e-06 -1.502265921266273e-05 3.230595175588510e-06
-2.057255180978286e-05 5.987912045815475e-06 -1.594433208095522e-05 2.744467071959840e-06
-1.927190699269310e-05 7.385296648402291e-06 -1.251105098827395e-05 7.510160287194271e-06
-1.927210061780031e-05 4.594490883457417e-06 -1.541590039536269e-05 5.507702209284000e-07
-1.802233275057204e-05 5.989015988267626e-06 -1.188022954973334e-05 4.490918460993472e-06
-1.676947562934418e-05 7.385621848744500e-06 -1.249256839049150e-05 5.247126919838914e-06
-1.676852119692864e-05 4.589212265988304e-06 -9.609130279677375e-06 1.272610260467663e-06
-1.582787438206224e-05 6.093691527283532e-06 -1.096834340234454e-05 3.346455160971183e-06
-1.487333026647261e-05 7.375902638916201e-06 -8.985188589977330e-06 7.165096750403562e-06
-1.487269802451044e-05 4.593487363157746e-06 -1.167997555124027e-05 1.301404464542617e-06
-1.349919198461045e-05 7.376761364295059e-06 -9.932698795890028e-06 6.605417388580918e-06
-1.376909559913932e-05 6.459070007728474e-06 -9.421643492211383e-06 6.938641393655817e-06
-1.349896297337882e-05 4.590226418584474e-06 -6.142968983007233e-06 3.047470178310951e-06
-1.249548433380061e-05 4.586640868838446e-06 -6.180183669907908e-06 5.161490540243707e-06
2.248155503419196e-06 -4.626022526000902e-07 3.062751871804970e-05 -2.208339162858873e-05
2.277983855961071e-06 -5.037742137529164e-07 1.180792374971295e-05 1.374761493703802e-05
2.232593532041232e-06 -9.520709802276198e-07 3.676582033576467e-05 5.822931512176366e-05
2.180426325091364e-06 -1.066611125755886e-06 3.793863552692190e-05 4.158974044640549e-05
-1.249747141395745e-05 7.379693196293269e-06 -7.356291917254312e-06 3.679940245939131e-06
-1.157794765583570e-05 7.333956125346015e-06 -6.873060915757959e-06 3.215621157818414e-06
-1.229401677729802e-05 5.634103420961266e-06 -5.681798027146393e-06 3.533489963098059e-06
-1.158348997190701e-05 4.503459142560765e-06 -6.858112340855551e-06 5.281107991973427e-06
2.172690471188889e-06 -4.461716048548234e-07 7.139585917790553e-05 -3.390611554877047e-05
1.909562449396154e-06 -7.485170586481784e-07 -6.466327679645074e-05 -1.771589385996357e-05
2.061748872283884e-06 -1.114612154178071e-06 5.305993281962373e-05 9.432295024663877e-06
-1.128944294761989e-05 6.468118183802297e-06 -6.950385228632141e-06 1.981872371002706e-06
-1.067170570821256e-05 7.183273079048434e-06 -6.435894772243000e-06 3.263631138813607e-06
-9.789021347894449e-06 6.927830792982052e-06 -5.642626458892652e-06 2.831124600348160e-06
-1.101509632296323e-05 5.270398857270541e-06 -7.039814995388303e-06 3.695382545758643e-06
-1.069337465733675e-05 4.259527611397472e-06 -7.450655280051539e-06 3.318484027723564e-06
1.372048384531590e-06 -3.727653436657909e-07 1.456951510996913e-05 2.190576816112042e-05
1.404953630190063e-06 -1.114263746632830e-06 1.395691665095935e-05 -4.011311104660434e-06
1.004382478291385e-06 -7.712651471129478e-07 -1.234971512104494e-05 -1.002029869769534e-05
-8.936217851745516e-06 6.574164217948226e-06 -4.580151914411603e-06 2.391342982528129e-06
-9.674505600522349e-06 6.014345725509889e-06 -4.228205966510063e-06 3.700770371822257e-06
-9.979936241648690e-06 4.854613812420054e-06 -4.066567837240835e-06 5.486017910107054e-06
-9.857013674612533e-06 3.861683272074304e-06 -3.609703326158159e-06 1.948247341190968e-06
6.027740292786027e-07 -3.069620774147072e-07 2.736234528749895e-06 -1.630230930632511e-06
6.074522318398831e-07 -1.157014035006298e-06 4.007276607258503e-06 6.075287876174821e-06
1.367988128051006e-07 -7.803665288551796e-07 -5.289733488263817e-06 -3.235591309691734e-06
-8.126874223869687e-06 6.122998683737009e-06 -4.368255555827811e-06 3.929569335345149e-06
-7.376754553495081e-06 5.577896816656477e-06 -2.650897522308252e-06 2.047643505509028e-06
-8.892817979204829e-06 4.667549335820476e-06 -2.421028107760170e-06 5.901306036629523e-06
-9.099869399919267e-06 3.324190696320884e-06 -1.936628135918550e-06 9.517686249503683e-07
-3.953672777902321e-07 -1.751104105783047e-07 2.216030514894805e-06 6.155105110480799e-06
-3.840738003192457e-07 -1.284389296217240e-06 6.890333072443348e-07 -1.821255001173851e-06
-7.564313916229776e-06 4.726726883160801e-06 -3.319736016111081e-06 1.002009748291894e-06
-6.690538431796767e-06 4.951099182146758e-06 -4.267345400811460e-07 3.668833036632295e-07
-7.884592837195065e-06 3.748600978709223e-06 -5.180745250560554e-06 3.037490106622669e-07
-8.443519178118357e-06 2.660660513810411e-06 -1.485013883970507e-06 3.270944123775359e-06
-9.805390990379960e-07 -7.801850245984898e-07 -2.971894963603696e-06 -8.716903838874256e-06
-1.635954420040302e-06 1.747743474001464e-08 3.714777772468958e-07 2.963636355276968e-06
-1.660463746289968e-06 -1.515156222952577e-06 6.357603564915171e-07 -1.204375626811935e-06
-6.078719869752746e-06 4.255206728423262e-06 8.388500203013620e-07 6.238992218675519e-07
-5.544518892151478e-06 3.487732362327841e-06 -2.378465795733912e-06 1.826142604088196e-06
-5.103481506783991e-06 2.662950185666906e-06 -4.169080414326750e-06 2.959003191261046e-06
-7.231000205206368e-06 2.852406964072442e-06 -3.092180492220247e-06 1.725005118822219e-06
-7.914541145423096e-06 1.900181429540777e-06 2.073253714645616e-08 3.590822031983696e-06
-2.198022996129615e-06 -7.565454179613238e-07 3.623756598539049e-06 -6.546549178868143e-06
-2.875861787628446e-06 1.776724165134433e-07 -1.805448579870040e-06 1.291938004117691e-07
-2.878521641114914e-06 -1.755022234868384e-06 -6.742977633394914e-06 1.575833464597196e-06
-5.984753939329747e-06 2.670126985561679e-06 -7.937706421750133e-07 3.421215514924556e-06
-4.758011619104614e-06 1.788286685372350e-06 -2.825709722373385e-06 5.465251865242118e-06
-3.981563280607461e-06 3.668669010266214e-07 -3.610130453445959e-06 -9.019565672927082e-06
-4.321185296169293e-06 5.442315097972349e-07 9.490758102534102e-07 -1.083512517739432e-05
-4.514824494302694e-06 8.816986193673914e-07 3.872264068273453e-06 -7.682242583517288e-06
-6.764955229764609e-06 1.785265295872899e-06 3.856912777546359e-07 2.322779541452067e-06
-7.521792686646333e-06 1.060451334757133e-06 -1.973424281954807e-06 -5.100784770314146e-06
-3.464155406716994e-06 -6.180676686004475e-07 -2.905323982904487e-06 9.913838717738506e-08
-3.943817746262978e-06 -1.897092672628369e-06 7.861008417020661e-06 -1.676267615561117e-05
-5.355689798208195e-06 1.172414287436486e-06 -2.801185808782736e-06 2.758668265877931e-06
-4.320137143749344e-06 -1.296155177552835e-07 -3.676152723432613e-06 -1.878358283630721e-06
-4.721402844692587e-06 4.318943127687128e-07 2.689645957441251e-06 -7.403302518542606e-06
-6.415003524533145e-06 7.939752011657377e-07 -4.380561094810561e-06 3.900158550715547e-06
-7.291478940268512e-06 1.793709756771593e-07 -6.176148700166243e-06 -1.926635873525125e-06
-4.314974668461367e-06 -1.228487799602795e-06 -6.063598855356706e-06 -1.602510774463358e-06
-4.247361802795349e-06 -2.053873598746390e-06 9.935958629776619e-06 -1.567289787439548e-05
-5.538431028945426e-06 -3.392625879654389e-07 -2.265114364825155e-06 7.285572605593058e-06
-7.236971285858958e-06 -7.330773304104330e-07 5.358513311397266e-07 -6.434735412624566e-06
-7.393254527747241e-06 -1.666934111861299e-06 -1.453318255846273e-06 -2.030152534479134e-06
-4.945500789093438e-06 -1.815786056904634e-06 -4.672497800744830e-06 8.244480850002355e-07
-4.416158343991464e-06 -2.411755362462247e-06 1.582097828504896e-05 -1.142730867456847e-05
-4.616646930673997e-06 -3.452706403028428e-06 1.068411745830637e-05 -9.742116149748912e-07
-6.435421915114892e-06 -1.770356696445077e-06 2.610799108530806e-06 3.502651685888118e-06
-4.928966415293640e-06 -4.508061073410446e-06 -2.591588661506136e-07 3.909526320628487e-07
-7.743237962881949e-06 -2.609585632001159e-06 -1.072220440135589e-05 -1.942443279457604e-06
-5.531145239022684e-06 -3.479738836422478e-06 -5.395272267047666e-06 3.193064505351301e-06
-6.933510884500584e-06 -3.561011086451015e-06 -6.302957727330351e-07 -2.798589801219481e-06
-5.383396718746121e-06 -5.528579654946693e-06 -5.076636858746994e-06 -1.491538635726577e-06
-8.293070974453857e-06 -3.553819975443144e-06 -8.911491221267281e-06 1.257636455789136e-06
-7.876608625764135e-06 -4.538252184390146e-06 -6.716384294091376e-07 -1.530711076664784e-06
-6.853717230193025e-06 -5.163351043247115e-06 -1.338791644040557e-06 2.785216478741010e-07
-5.995971135818611e-06 -6.551056684231641e-06 2.586367964741194e-07 -6.216076846918754e-06
-6.755947435544022e-06 -7.519306931271153e-06 -2.906185418617139e-06 -3.267486997389821e-06
-9.064632929857640e-06 -4.464344954500553e-06 -4.962904542093020e-06 1.015555198497288e-06
-8.536824670301864e-06 -5.676656466590667e-06 -1.579513034756226e-06 -2.114192959746015e-06
-7.908186032744688e-06 -7.138573642834795e-06 -5.441364023579801e-06 -1.682586410270446e-06
-7.634318058689600e-06 -8.436986701074387e-06 -5.758617892920709e-06 -1.780101464084039e-06
-1.001640257389293e-05 -5.277237437359841e-06 -2.267765526331268e-06 -2.757091982771010e-06
-9.736847117898746e-06 -7.139936131043309e-06 -2.087159703656478e-06 -2.116063259966028e-06
-8.654490917920021e-06 -9.257247607553374e-06 -1.504475837738955e-06 -2.286951973131030e-06
-9.814310113753988e-06 -9.983437536798422e-06 -2.333339480304179e-06 -3.222518672700899e-06
-1.107540816332490e-05 -1.060402000753491e-05 -3.605622229460356e-06 -1.918950614738968e-06
-1.116656908980483e-05 -7.551384608723679e-06 -3.087284727361647e-06 -2.207505704530249e-06
-1.115097977583750e-05 -5.969169565387939e-06 -2.602955647066747e-06 -4.466238582860830e-06
-1.087863520988522e-05 -9.163035840616985e-06 -3.501016562714422e-06 -2.394973243759466e-06
-1.243907891239015e-05 -1.106989513752136e-05 -4.356176559433066e-06 -1.086150769979981e-06
-1.389362149334151e-05 -1.138894180886937e-05 -4.376751371578913e-06 -1.764683552849163e-06
-1.234006280597398e-05 -7.908952022765242e-06 -3.745431747035035e-06 -2.682876312817664e-06
-1.245468070489680e-05 -6.477110030795413e-06 -2.689880055984263e-06 -3.132210965397903e-06
-1.539909325202241e-05 -1.153254573522237e-05 -3.611973569374739e-06 -2.375159421599501e-06
-1.369592040185437e-05 -9.268646869446764e-06 -4.426003654010905e-06 -3.265105188924110e-06
-1.388144814084973e-05 -6.772773964955633e-06 -5.152597892085020e-06 -3.975548493602097e-06
-1.572564584978316e-05 -9.504676790342028e-06 -3.420489689889617e-06 -3.147537013113180e-06
-1.711421274283750e-05 -1.160054408920161e-05 -4.143542622594526e-06 -2.728479497300661e-06
-1.538052304712897e-05 -6.845230377359618e-06 -4.564604626190593e-06 -4.434575367295171e-06
-1.953113521002032e-05 -1.167072536916872e-05 -5.311066168738276e-06 -2.647617814511689e-06
-1.759393676291209e-05 -8.335885517545853e-06 -5.394309423309455e-06 -2.225128589495215e-06
-1.711030698138398e-05 -6.775965243495633e-06 -5.801774352908743e-06 -2.708926675236569e-06
-2.299527411441886e-05 -1.177316788759218e-05 -6.917595707307299e-06 -3.919492576542722e-06
-2.125166191131247e-05 -8.984362672841924e-06 -6.093980759199153e-06 -1.786746220571422e-06
-1.953390706369499e-05 -6.684420098913397e-06 -6.584872969712271e-06 -1.291103563036940e-06
-2.776172974844993e-05 -1.189248651466205e-05 -7.714060519799039e-06 -4.154391673275082e-06
-2.534368292513317e-05 -9.181307982238100e-06 -7.123709763160957e-06 -2.547378028608652e-06
-2.299477032546938e-05 -6.582659113102344e-06 -5.895616983199354e-06 -1.079220491679622e-06
-3.293171372584649e-05 -1.200248759870490e-05 -9.184602017640947e-06 -1.783974295375515e-06
-3.031268928788255e-05 -9.186191834156656e-06 -8.763193235265531e-06 -1.608172565479096e-06
-2.775780876984016e-05 -6.473011521087980e-06 -8.464598755881109e-06 3.741639634018984e-08
-3.828987323253440e-05 -1.209159573601982e-05 -1.024509723401214e-05 -3.425794174171951e-06
-3.558380643648586e-05 -9.184531139820164e-06 -9.160467111254934e-06 -2.989712017588287e-06
-3.293536011622801e-05 -6.370097262930780e-06 -7.856106620545574e-06 -1.867574386180868e-06
-4.379395564209626e-05 -1.216821474751688e-05 -1.134191542069436e-05 -2.034893208198329e-07
-4.101663868604860e-05 -9.185967610259696e-06 -1.219857827574389e-05 -1.760929688550593e-06
-3.828638570875316e-05 -6.279773974510325e-06 -1.186022655721383e-05 -2.461327830440097e-06
-4.943478961550937e-05 -1.222452391501321e-05 -9.064014154231518e-06 -2.431748556585802e-06
-4.659697399368061e-05 -9.184376120523994e-06 -8.624674093040048e-06 -3.006683627244427e-06
-4.379668574407777e-05 -6.200809126090610e-06 -9.581965820826729e-06 -4.416018316677347e-06
-5.515796332861318e-05 -1.227156266949851e-05 -1.147966255129062e-05 -5.943059973282414e-07
-5.228289918062849e-05 -9.189606545081108e-06 -1.175128878333225e-05 -1.852746076291257e-06
-4.943175852882262e-05 -6.149689013762825e-06 -1.036148419191281e-05 -2.624481924863641e-06
-6.095371953012137e-05 -1.230646779907995e-05 -1.022784571241648e-05 -5.258459594800404e-06
-5.804468045555805e-05 -9.190241409682412e-06 -9.484373868780740e-06 -1.802779942791386e-06
-5.515828306845419e-05 -6.108679317268059e-06 -1.133549195491465e-05 -3.019796937774898e-06
-6.679305025203322e-05 -1.232199432629297e-05 -9.426253120749373e-06 -7.070015791134926e-07
-6.386956193871619e-05 -9.191024952838070e-06 -1.091890317538953e-05 -2.351916538590598e-06
-6.095319400602391e-05 -6.074695884500265e-06 -9.755666926142075e-06 1.107048493954035e-06
-7.265188045114312e-05 -1.233004217230068e-05 -1.121825917206359e-05 -1.837352450300910e-06
-6.971924004044274e-05 -9.189597848304792e-06 -9.607715542159444e-06 -1.760552859050510e-06
-6.679355984906742e-05 -6.059200072591479e-06 -1.002459330576392e-05 -3.513653054264748e-06
-8.524307912136249e-05 -1.199768230006443e-05 -9.640247812774972e-06 1.079474123591366e-06
-8.440637227261187e-05 -1.234364974749555e-05 -1.030292078592941e-05 1.138046071513345e-06
-7.528396814485128e-05 -9.186913842033937e-06 -1.112683711218339e-05 -2.104472065164689e-06
-7.852975081285613e-05 -1.233361144313885e-05 -1.010481537594740e-05 -2.563280736279612e-06
-7.265321363523161e-05 -6.046045271173589e-06 -1.080031405985408e-05 -1.919759421389793e-06
-8.558969151750817e-05 -1.116169853659419e-05 -9.356137819325750e-06 6.627513890934534e-07
-8.360884552859242e-05 -9.188406898937119e-06 -1.134069614159227e-05 -1.489135195727868e-06
-7.852893479460611e-05 -6.040663577517476e-06 -1.040583015948763e-05 -1.452021941310050e-06
-8.558948473732955e-05 -7.215419540274056e-06 -9.451327405817491e-06 -3.495177570583882e-06
-8.440592192148601e-05 -6.033146730561586e-06 -1.050101284221060e-05 -4.101875794173338e-06
-8.524279812399298e-05 -6.379227782307044e-06 -9.767149557579535e-06 -3.996788733215749e-06
