-2.310702760527853e-05 4.014688007957148e-06 5.407269467390817e-05 -6.679409113562036e-06
-2.318761133957843e-05 3.820649562993368e-06 5.413862563364746e-05 -6.279588229334249e-06
-2.318843751611903e-05 2.908724751170108e-06 5.377639390195117e-05 -5.932579330259377e-06
-2.310778856950229e-05 2.713776161720145e-06 5.370077315642366e-05 -5.645290198802880e-06
-2.291274892298791e-05 4.095179236444302e-06 5.386246785585088e-05 -6.918889407732800e-06
-2.254586412172718e-05 3.363800221703062e-06 5.314034173255983e-05 -6.077087479712687e-06
-2.291306829224483e-05 2.632776139245964e-06 5.353398920471360e-05 -5.460243706250288e-06
-2.152220425547585e-05 4.100737796089231e-06 4.816404760280427e-05 -9.531856988975246e-06
-2.152067301271789e-05 2.618613024117507e-06 4.816778928204832e-05 -2.925244276997970e-06
-2.075710708791637e-05 3.359376168798761e-06 4.585179902060625e-05 -5.913623592743338e-06
-2.013466329028382e-05 4.107223220874384e-06 4.553560444211325e-05 -8.642104983906921e-06
-2.013562841338966e-05 2.613455548063232e-06 4.536227745031104e-05 -2.935654722169302e-06
-1.944247479059787e-05 3.361810600821536e-06 4.430938549860038e-05 -5.781839613849144e-06
-1.876156385920330e-05 4.090997547735790e-06 4.228147707446572e-05 -9.007502996660115e-06
-1.875925216230844e-05 2.630876048206160e-06 4.115596319301497e-05 -3.075644864439973e-06
-1.808089191721295e-05 3.360758922508603e-06 3.970157226403534e-05 -5.603195018501749e-06
-1.740429689417046e-05 4.083364735980825e-06 3.850918732246395e-05 -5.410892714935730e-06
-1.740471471853750e-05 2.639378771956979e-06 3.850547801306536e-05 -5.534224270376279e-06
-1.673040850816628e-05 3.363038398313854e-06 3.484831042089284e-05 -5.870842824957307e-06
-1.606454188124691e-05 4.076231293848308e-06 3.245397970259434e-05 -8.925822995883459e-06
-1.606613683851109e-05 2.652800182314419e-06 3.279890405244333e-05 -4.745354430077327e-06
-1.540051525702824e-05 3.366173218853278e-06 3.225326565148755e-05 -6.454452279008076e-06
-1.474272051124002e-05 4.070382149963505e-06 3.089281251758617e-05 -8.050775813171205e-06
-1.473589385211730e-05 2.656020800863777e-06 3.006948226531180e-05 -2.292841736185098e-06
-1.408275730984039e-05 3.363172364774244e-06 2.804114629989773e-05 -4.879431145059607e-06
-1.342746204877949e-05 4.070709121771686e-06 2.671021153830977e-05 -7.639715574096777e-06
-1.343284331171172e-05 2.662529962795469e-06 2.618505229551725e-05 -4.032807345164941e-06
-1.277881264756077e-05 3.367374399858371e-06 2.440089541294006e-05 -6.493094471620080e-06
-1.212561697497692e-05 4.074396056687426e-06 2.377205076877763e-05 -9.474809259038165e-06
-1.212503168391328e-05 2.659559904521458e-06 2.390969942064855e-05 -2.819704610032562e-06
-1.146645100535290e-05 3.368139596405475e-06 2.367891196028898e-05 -5.807490591984882e-06
-1.080296107238824e-05 4.082642590523175e-06 1.933088627148182e-05 -8.318235888594638e-06
-1.080723773521729e-05 2.658966704125029e-06 2.070023627210681e-05 -4.787298345659043e-06
-1.014280044365090e-05 3.373298583448246e-06 1.770950915677749e-05 -6.407903829162699e-06
-9.473124402671035e-06 4.087657360072889e-06 1.892970555129057e-05 -4.512386616680888e-06
-9.468099564328199e-06 2.654640903968623e-06 1.707738098372532e-05 -6.570673631021343e-06
-8.824172607570053e-06 3.370841341711781e-06 1.554831229660716e-05 -7.234436146179870e-06
-8.186067777453100e-06 4.077142460436066e-06 1.472893482089897e-05 -5.270249991705212e-06
-8.189551223466258e-06 2.661575248939931e-06 1.576350760473524e-05 -4.810961227146338e-06
-7.710174793510323e-06 3.424855594863891e-06 1.617707803815488e-05 -3.264773252788804e-06
-7.231321298405230e-06 4.077038236056142e-06 1.490775663638330e-05 -9.562936467097108e-06
-7.226008246228901e-06 2.667649868988320e-06 1.238032175264067e-05 -7.081708586147449e-06
-6.527014972265689e-06 4.080099197786732e-06 9.135256638767581e-06 -9.030042591559418e-06
-6.667604157926774e-06 3.606617690772087e-06 8.808531911594517e-06 -8.408246996804491e-06
-6.529033874575081e-06 2.656109344061118e-06 1.279461376848156e-05 -3.235496675865863e-06
-6.008636341006310e-06 2.651835090911676e-06 8.855938416222766e-06 -2.338803576415202e-06
9.742042830424625e-07 3.287967927355465e-07 2.794321424991710e-05 -2.065025953978808e-05
1.037620727379782e-06 2.150832147217439e-07 1.635636582810179e-05 1.854603335826010e-05
1.028654743505041e-06 9.159805343193070e-08 -3.225924453873444e-05 -5.782983344487004e-05
9.690014379579961e-07 4.428450137348687e-08 -3.735875129859822e-05 -1.954327055380235e-05
-6.006149015823634e-06 4.087693577848843e-06 1.090117294132005e-05 -7.800329060199765e-06
-5.536102643016980e-06 4.061540550427353e-06 1.107981830360873e-05 -7.575018619475082e-06
-5.905863874026824e-06 3.199906095893514e-06 7.429687997202956e-06 -6.100912565817878e-06
-5.540920474710932e-06 2.614164115726415e-06 1.411995304954736e-05 -4.781977411482543e-06
8.329291006558374e-07 3.761600894843167e-07 2.611683047416702e-05 -2.174800758753171e-05
8.764144218612316e-07 1.560934497496441e-07 4.739629420870831e-06 2.481643774399525e-05
8.702139942109917e-07 2.621707435086986e-08 -2.828882612593491e-05 -2.696495497028787e-06
-5.388717406137304e-06 3.623292695662747e-06 1.065158764176106e-05 -5.763465471843473e-06
-5.076468313820403e-06 3.979467867133045e-06 3.332058163940403e-06 -7.860633425994495e-06
-4.633390609696844e-06 3.849396931795857e-06 5.763247435725199e-06 -5.846591430116640e-06
-5.250514725107778e-06 3.012333548432020e-06 1.431042086706667e-05 -6.495873645852247e-06
-5.089793839933144e-06 2.513965667152654e-06 5.449124550317601e-06 -2.008848213785298e-06
6.045359102723010e-07 3.373342617949760e-07 -7.869235094404920e-06 -9.129979678874779e-06
5.812331893645105e-07 -1.055759092042802e-08 -1.175506549555861e-07 -7.997015509281449e-06
4.578535403827053e-07 1.289942984522527e-07 2.426022219278337e-06 2.132156962946617e-05
-4.214318671971094e-06 3.670892886553922e-06 7.943927271934494e-06 -4.967589772788542e-06
-4.578460963973993e-06 3.386574917588927e-06 6.991097843406803e-06 -7.095453995862237e-06
-4.730922761896074e-06 2.809637602534759e-06 8.659542946281494e-06 -2.370848739703541e-07
-4.668297072798898e-06 2.333983890274247e-06 1.125940106814531e-05 -8.938059309122880e-06
2.395009022956491e-07 3.535113646890198e-07 -1.598405077065936e-06 -6.684240771151124e-06
2.477874008730474e-07 -2.824965784165410e-08 1.218193640888489e-06 -1.565217980200799e-05
4.174647366847057e-08 1.181240645446994e-07 1.878871190764280e-06 1.696577477354099e-05
-3.820188622324131e-06 3.442115989353774e-06 7.277648127702271e-06 -4.064090855073995e-06
-3.469157069692542e-06 3.171105960849355e-06 5.630456912114814e-06 -6.451719582443953e-06
-4.198115476438298e-06 2.716878210135223e-06 6.803568335965718e-06 -2.674418038536839e-06
-4.306422657951035e-06 2.077422223383634e-06 4.117660094159555e-06 -1.562033356636450e-06
-1.980397500374095e-07 4.360757411732544e-07 -4.190376027840951e-07 -6.379892805049336e-06
-2.068791256160622e-07 -1.022296667480578e-07 9.072677826287333e-07 -4.163544292220354e-06
-3.552924938256429e-06 2.753007255867320e-06 6.990984944892935e-06 -5.299135117318714e-06
-3.133481417562553e-06 2.860207011993490e-06 6.686555277146151e-06 -7.763940076380359e-06
-3.695444736610873e-06 2.276553553905624e-06 4.997730725164419e-06 -1.372963713532367e-06
-3.973866931598580e-06 1.744313698738982e-06 1.389322768717439e-05 -6.923850111703972e-06
-4.719673905976108e-07 1.424413989515083e-07 -9.264933434710129e-07 2.596599467484952e-06
-7.957307629014372e-07 5.159735473200574e-07 7.307084087568912e-06 5.339981103855005e-06
-7.931762825979442e-07 -2.002046279126485e-07 6.431017626068295e-06 4.844029099936637e-06
-2.832380495444192e-06 2.514415641514379e-06 6.224038818736138e-06 -1.530988563468854e-06
-2.587368734480087e-06 2.146800793023732e-06 5.754037168152992e-06 -4.309883614785192e-06
-2.383592592421984e-06 1.753575938007987e-06 2.163738702767102e-06 -6.262189320492150e-06
-3.383275939712156e-06 1.843663594770850e-06 -1.950813329896671e-06 -4.884420922777682e-06
-3.722565401111421e-06 1.400262631941908e-06 5.804169227562769e-06 3.826155971008561e-06
-1.046210530419836e-06 1.631950915682292e-07 -5.564682002798190e-06 -7.633472092167419e-06
-1.350301987153430e-06 5.919052595415139e-07 8.854933042624046e-06 -2.920091830261372e-06
-1.351053939067423e-06 -2.999721208046126e-07 -9.825753133828977e-07 -1.697210662109184e-06
-2.799241050295476e-06 1.754370904279966e-06 2.172140786245781e-06 -6.379041551589403e-06
-2.223735352197141e-06 1.338631877367482e-06 3.092106166457154e-06 -1.492874245358214e-06
-1.880448717334982e-06 6.784436178393081e-07 1.133485926384872e-05 -6.718490818636171e-06
-2.022545385643351e-06 7.564980803625154e-07 7.068343037613293e-06 -1.068511627759445e-05
-2.107683779787447e-06 9.097942139229459e-07 9.154763428514408e-06 -6.926951595999456e-06
-3.161764525871770e-06 1.335919867786735e-06 3.136003349535378e-06 -1.299005983932485e-07
-3.513464778926041e-06 1.002675614476375e-06 4.102751493996126e-06 -1.384872424601704e-05
-1.638721292057629e-06 2.199778665389104e-07 3.501046688776740e-06 7.057246407180225e-06
-1.866995231462691e-06 -3.612490089510684e-07 1.076799174776536e-05 -7.692897595208370e-06
-2.508282990286808e-06 1.042427926491055e-06 6.218848725476552e-06 1.457963323397749e-06
-2.020509890098137e-06 4.479899906446435e-07 -4.010246863045534e-06 -5.023489691735532e-06
-2.203276976362409e-06 7.016470680317193e-07 6.556235014854306e-06 -1.137980974924575e-05
-2.995402600622013e-06 8.667669336783046e-07 -3.696886499583097e-07 -1.407462422651118e-06
-3.392989129415661e-06 5.940920015149741e-07 -1.047020459421024e-06 6.792717642152121e-07
-2.024025238611923e-06 -6.571426841269268e-08 -7.816224017138167e-06 6.449028628818833e-06
-2.002602915329666e-06 -4.317606881492851e-07 1.173151728611537e-05 -1.219938902936042e-05
-2.591957752081492e-06 3.280975878670022e-07 7.353961119188284e-06 -4.637185628518699e-07
-3.367199069805592e-06 1.722707525096753e-07 4.449182880295518e-06 2.826644252135426e-06
-3.439685615343072e-06 -2.554364377057692e-07 8.207732428271656e-06 2.865820320027464e-08
-2.324247393182976e-06 -3.297079654472361e-07 1.707004536791250e-06 -4.186093781664713e-06
-2.083652626080772e-06 -5.963956031467079e-07 2.082494362577664e-05 -1.238376538519902e-05
-2.168952097921572e-06 -1.075387903014749e-06 1.464594890234922e-05 3.722468245933616e-06
-2.996699825489706e-06 -3.081723115640505e-07 3.117505068127340e-06 -2.452862660661536e-06
-2.310874737908968e-06 -1.545020750460966e-06 1.074421389264961e-06 1.018144341843511e-05
-3.589708997484934e-06 -6.880425291631715e-07 9.172464271837324e-06 3.277338316356828e-06
-2.584278211816541e-06 -1.087931766095225e-06 7.790505777840067e-07 5.397785302841180e-06
-3.206819451568847e-06 -1.126207594061682e-06 9.936528108225368e-07 3.263682980242483e-06
-2.521187654691159e-06 -1.994571666195662e-06 -2.950557761775308e-06 7.698184161937307e-06
-3.824369794343380e-06 -1.111105604820302e-06 6.395218011753176e-06 1.812361671431942e-06
-3.635747324724017e-06 -1.556046527650856e-06 5.777280575676159e-06 -2.107477221461657e-06
-3.179169433892262e-06 -1.829083757566904e-06 5.955343752425519e-06 -4.168543799860041e-06
-2.786305289619025e-06 -2.431120809858584e-06 1.192540753234734e-05 -2.524056848858459e-06
-3.123056868084050e-06 -2.865748717563611e-06 7.861494435221488e-06 2.621232420186335e-06
-4.160186448640675e-06 -1.526714062902895e-06 2.227688008165019e-06 3.020348047261591e-06
-3.931983609849337e-06 -2.057708984518937e-06 4.952347221559376e-06 2.359043453239265e-06
-3.641800600615194e-06 -2.700995904715055e-06 1.664479302224179e-06 4.572299392252108e-06
-3.512461780129088e-06 -3.266526116097992e-06 -3.045232765774386e-07 3.588615052864806e-06
-4.553557877481681e-06 -1.878916597401105e-06 2.423617289243643e-06 7.349950694972380e-06
-4.451916373364220e-06 -2.706953939172501e-06 7.194635885037660e-06 5.451948392757880e-06
-3.964303644048432e-06 -3.621547605019791e-06 6.294495992808647e-06 2.311340632052479e-06
-4.479636078500507e-06 -3.940695616448962e-06 4.372201855392468e-06 -1.355066104697390e-06
-5.032952378040912e-06 -4.202388024886325e-06 5.936164575546769e-06 2.860001933911883e-06
-5.077815503029904e-06 -2.882105306477592e-06 4.454786110786769e-06 -5.516785219682820e-07
-5.065683666673459e-06 -2.184505978502734e-06 5.768900587860937e-06 -8.079780408869881e-07
-4.952362219481646e-06 -3.583138772776548e-06 4.325622419771793e-06 9.783137117555016e-07
-5.622276559515201e-06 -4.394206733092917e-06 9.748721465110980e-06 4.446976102062308e-06
-6.252046902621378e-06 -4.524204377923594e-06 2.040467528677875e-06 2.228235519894652e-06
-5.583737089911205e-06 -3.039476957697825e-06 8.033906401436311e-06 3.231310330082987e-06
-5.627466026944361e-06 -2.405993856650787e-06 7.193899099533498e-06 -6.252455382548458e-06
-6.885680622623560e-06 -4.582900304392629e-06 5.998831278015803e-06 2.251236625701265e-06
-6.165453519484789e-06 -3.620675190620048e-06 4.620760320313511e-06 1.709455942919890e-06
-6.246398815217335e-06 -2.554671687432297e-06 6.420481748123411e-06 3.805288135209647e-06
-7.015869558792703e-06 -3.718820581823708e-06 1.010755929441867e-05 1.865602496270634e-06
-7.610230429111573e-06 -4.621255798652884e-06 3.621790048383556e-07 5.178187367646380e-06
-6.874491643259929e-06 -2.589190119220962e-06 -1.464052790837269e-06 -1.417490960170977e-06
-8.638639177780273e-06 -4.645024295278980e-06 6.857572506149101e-06 4.512300289082430e-06
-7.813359815402240e-06 -3.223211107573361e-06 9.252036183254193e-06 2.768608139445209e-06
-7.608741489078722e-06 -2.560637390710235e-06 5.492366172834279e-06 -5.100523974904141e-07
-1.011078354459222e-05 -4.674913673838665e-06 2.397347377915907e-06 1.245102627176407e-06
-9.375409507596894e-06 -3.500129030088460e-06 6.237678414186994e-06 1.562751351575591e-06
-8.642975047925727e-06 -2.518989126665240e-06 1.268819716388286e-06 3.605197077252551e-06
-1.212146333457922e-05 -4.710144398264472e-06 7.849623531980896e-06 1.782181100799373e-06
-1.110700167401486e-05 -3.578709631273604e-06 5.907884342547999e-06 3.470224998805933e-06
-1.011350094712593e-05 -2.482940356892007e-06 3.978596596691291e-06 4.225212118639439e-06
-1.427952079486502e-05 -4.756377923846944e-06 7.486690532966128e-06 1.666322269735041e-06
-1.318654088984823e-05 -3.578642016498066e-06 7.945790631953263e-06 2.666375596837522e-06
-1.212097449574233e-05 -2.448137611477497e-06 6.407207324744512e-06 3.165684479301351e-06
-1.651714483733534e-05 -4.799457723105706e-06 8.262387937094642e-06 3.275018803378133e-06
-1.538547757864434e-05 -3.579103425908773e-06 6.210522935762114e-06 1.567651177056962e-06
-1.428083024889307e-05 -2.400247519571655e-06 8.379189553749669e-06 2.409535984791637e-06
-1.881672448778378e-05 -4.825432079766049e-06 8.227785600442851e-06 2.779275778655905e-06
-1.765821480326016e-05 -3.586791742760467e-06 9.686992501869563e-06 3.451563326808570e-06
-1.651279603580387e-05 -2.366498360332068e-06 7.114084687132331e-06 1.622072161281979e-06
-2.117565556417331e-05 -4.857016287678539e-06 9.743300083075142e-06 3.756355900681238e-06
-1.998674237222613e-05 -3.583946134691803e-06 8.374646401056677e-06 1.637240604821469e-06
-1.881883064122775e-05 -2.344864183585295e-06 9.613733513886699e-06 1.995689830944627e-06
-2.356526202630430e-05 -4.878092151081599e-06 1.244479002656698e-05 1.581992683880799e-06
-2.236615675271908e-05 -3.585977644548206e-06 1.122055957076377e-05 2.644373234303033e-06
-2.117588783227909e-05 -2.310290877881121e-06 9.011627317160224e-06 1.411834732557484e-06
-2.600150376236236e-05 -4.893010081473910e-06 1.102867877666305e-05 3.191170762894368e-06
-2.477560560878234e-05 -3.586355995334957e-06 1.171513304726929e-05 2.593858406735276e-06
-2.356521552208557e-05 -2.296111465116002e-06 1.244814162769235e-05 3.752831637644257e-06
-2.846070533736418e-05 -4.910642528776481e-06 1.229204611295441e-05 2.746928562145545e-06
-2.722808979568587e-05 -3.588462272354980e-06 1.187488149469175e-05 2.655068573441012e-06
-2.599918167459685e-05 -2.279668674026729e-06 1.087088777639409e-05 1.283192468151073e-06
-3.093982181268553e-05 -4.927287911329438e-06 1.518953932954129e-05 4.234744964833406e-06
-2.969546294419611e-05 -3.590732785426645e-06 1.293188800511996e-05 2.259922331355783e-06
-2.846076593923301e-05 -2.269023840879054e-06 1.300973325518896e-05 2.446767448555397e-06
-3.628841822751857e-05 -4.795060413407828e-06 1.430737657276833e-05 2.318415474130376e-06
-3.593122055010168e-05 -4.942028973212590e-06 1.390572855881583e-05 2.476244225570664e-06
-3.205625746029814e-05 -3.591860346897310e-06 1.519475355184809e-05 3.788329978315262e-06
-3.342727321751393e-05 -4.928142946333526e-06 1.268073216280494e-05 3.960205257681324e-06
-3.094079540395330e-05 -2.254310169120362e-06 1.390279596769733e-05 2.264068751576157e-06
-3.643640763100054e-05 -4.439200669655889e-06 1.448213846196483e-05 1.955345150924730e-06
-3.558795455696020e-05 -3.597833612148664e-06 1.390424273412093e-05 1.720745411250104e-06
-3.342475041125507e-05 -2.262032083489635e-06 1.368903688913560e-05 3.102564894260865e-06
-3.643299084635602e-05 -2.758269685458133e-06 1.477409976646418e-05 9.874763851067457e-07
-3.592764381423401e-05 -2.255744717562799e-06 1.457062553710336e-05 9.492255056884739e-07
-3.628481429841155e-05 -2.402673986246782e-06 1.471205207909924e-05 9.377988264218060e-07
