-5.266889544985981e-05 9.333742683060548e-06 -4.128552095863064e-05 5.616092383015826e-06
-5.284761300069810e-05 8.903648079616442e-06 -4.145072651086790e-05 4.967073275207319e-06
-5.284798171367244e-05 6.875014292748192e-06 -4.175480468194747e-05 2.652220072248456e-06
-5.266938671135142e-05 6.445457676559094e-06 -4.163256184563430e-05 2.086553227692703e-06
-5.223771975585123e-05 9.511615802191992e-06 -4.084971706645688e-05 5.942663924835746e-06
-5.142997760859476e-05 7.889956782394747e-06 -4.054148193453966e-05 4.032622728170888e-06
-5.223854868229982e-05 6.267888167630408e-06 -4.127360603782968e-05 1.809218970890144e-06
-4.921698705497491e-05 9.501617751573083e-06 -3.747472868759973e-05 7.457623402833074e-06
-4.921947188080750e-05 6.284642026429677e-06 -3.777988716440854e-05 1.578201819124710e-06
-4.757090152600437e-05 7.894552440418350e-06 -3.525596117479795e-05 4.600058875425682e-06
-4.623839426825171e-05 9.488879775563811e-06 -3.593652994054069e-05 4.653379060023462e-06
-4.623582652143825e-05 6.296912642175237e-06 -3.528256808723038e-05 4.667898706361239e-06
-4.474266058450836e-05 7.889965162753916e-06 -3.519310798766051e-05 4.024698920760563e-06
-4.324456127896723e-05 9.487638233197675e-06 -3.121326332325487e-05 7.883407055890363e-06
-4.324343934231533e-05 6.287278819802535e-06 -3.204134805392775e-05 1.003422131629147e-06
-4.174753719970342e-05 7.884601264379036e-06 -2.969295072003695e-05 4.543378708078637e-06
-4.024918253301497e-05 9.491974375454854e-06 -2.975283095417104e-05 6.554326927822605e-06
-4.025298159854525e-05 6.276790597787263e-06 -2.898909550132791e-05 2.096710581866811e-06
-3.875446468163162e-05 7.884911739238890e-06 -2.906728542224068e-05 4.301882165935409e-06
-3.725419190400920e-05 9.495274264967258e-06 -2.598573332359600e-05 9.039990206679033e-06
-3.725152363976581e-05 6.268867852744632e-06 -2.606100246242931e-05 -8.908318669369951e-08
-3.574669156748004e-05 7.880671670428981e-06 -2.415889229724770e-05 4.020203113911533e-06
-3.423193363439065e-05 9.500334499267176e-06 -2.295144407817520e-05 4.858257029626950e-06
-3.423503476370351e-05 6.263266687714375e-06 -2.360288586319063e-05 3.956847574379002e-06
-3.271877247986860e-05 7.881583713276990e-06 -2.211305061494716e-05 4.259360567821816e-06
-3.120986081869267e-05 9.493756885673764e-06 -2.038915236657801e-05 4.837712210903473e-06
-3.120836201323779e-05 6.264891717612206e-06 -2.077531433902385e-05 5.058365097460753e-06
-2.970122855663480e-05 7.877758552450856e-06 -1.896490231671423e-05 5.566680474624536e-06
-2.818760318451810e-05 9.501523869661294e-06 -1.810015907742740e-05 6.744072825157205e-06
-2.819067167156059e-05 6.258548022520199e-06 -1.670908746204612e-05 2.092523257970451e-06
-2.667464624174342e-05 7.880441119168761e-06 -1.678840920206881e-05 3.272768746660822e-06
-2.515648250313805e-05 9.505339618276694e-06 -1.521023415402451e-05 5.909487955823389e-06
-2.514963621484582e-05 6.247450208432063e-06 -1.538130435178543e-05 2.318192017636691e-06
-2.362642573042174e-05 7.873929451320888e-06 -1.355419866025482e-05 4.634345225873677e-06
-2.210112283226655e-05 9.506739229068072e-06 -1.309974455295490e-05 3.929487998097111e-06
-2.210429864247574e-05 6.246555680974692e-06 -1.315746238304390e-05 3.940001772222386e-06
-2.064691363663227e-05 7.873952240864566e-06 -1.138620278053534e-05 4.211477667087276e-06
-1.919037202270653e-05 9.507207467833453e-06 -9.139676148210756e-06 4.446237115996018e-06
-1.919043099636724e-05 6.243193219903772e-06 -1.068513978817834e-05 4.381226161806432e-06
-1.809717177390408e-05 8.001638926399723e-06 -1.094297486130602e-05 3.278962457037593e-06
-1.697250329770617e-05 9.508551483337998e-06 -1.201349505626586e-05 3.392859260643297e-06
-1.697856989361404e-05 6.233665255854874e-06 -7.818255208547133e-06 4.378371515508844e-06
-1.535504146869139e-05 9.506485849049480e-06 -7.111312658861889e-06 6.541940065974347e-06
-1.567254802213344e-05 8.430293804648017e-06 -7.447746389478182e-06 7.031400914931758e-06
-1.535327523682976e-05 6.236522916286460e-06 -9.740938986040442e-06 1.717133930638797e-06
-1.417320131147327e-05 6.232893287070656e-06 -8.962991204305307e-06 3.491640260266545e-06
2.476015850707559e-06 4.393285856983291e-07 -4.097088642924269e-05 3.668425920690150e-05
2.520530738613990e-06 3.242588193093858e-07 -3.716013995592834e-05 -9.658221805652988e-05
2.478833696547572e-06 -1.114862442202165e-07 -4.523863623547341e-05 5.976957963096022e-05
2.430974609852520e-06 -2.194026598822556e-07 -3.647555496440635e-05 2.506453132385133e-05
-1.417427703036269e-05 9.503911291000109e-06 -8.249966990867396e-06 4.003267124044596e-06
-1.310333394656156e-05 9.440929459357203e-06 -5.269133562350153e-06 5.407105667087554e-06
-1.393732904576242e-05 7.461843060617406e-06 -5.986818434719813e-06 1.574111970385580e-06
-1.310467944136164e-05 6.139368389603915e-06 -6.227749106942625e-06 7.653225705213389e-06
2.373684002757998e-06 4.833434276454182e-07 -3.565836017370026e-05 9.870888971848068e-05
2.160085040609317e-06 7.991193793817300e-08 4.351264844386183e-05 -7.287331039960307e-06
2.323813671289165e-06 -2.652039135529965e-07 1.158640977402526e-05 -2.493767216606350e-05
-1.276472270830544e-05 8.430858070310686e-06 -4.850162651924437e-06 2.495695434654196e-06
-1.205180317937331e-05 9.255308471230667e-06 -7.129486605526382e-06 5.264545780445510e-06
-1.103048683722291e-05 8.955306628596539e-06 -8.433040974834123e-06 3.272429474461353e-06
-1.244441464397007e-05 7.035915124194991e-06 -4.915681815667682e-06 7.920984678768470e-06
-1.208376311745218e-05 5.874585027242216e-06 -8.525947383360352e-06 1.266841665864259e-06
1.569189827705222e-06 5.099883625611066e-07 -5.074518115650355e-06 -2.624799034718455e-05
1.579200417017177e-06 -2.753212218334630e-07 -1.884170620449767e-05 1.021718724920263e-05
1.164969341115389e-06 9.514054682880891e-08 1.180133515618405e-05 1.312523176805471e-05
-1.004441290188137e-05 8.544202305169951e-06 -6.198732848821343e-06 1.337191397450123e-06
-1.089739726256881e-05 7.897607148599563e-06 -7.321692182321764e-06 1.949345554548876e-06
-1.125357855089016e-05 6.564404455447776e-06 -6.406782437386232e-06 4.419021284031199e-06
-1.110883699592208e-05 5.409054432823005e-06 -5.597899747916691e-06 -6.056837859294671e-06
7.123104017141451e-07 6.125631387801761e-07 -5.503697415682296e-06 -2.084815808921669e-06
7.312541965760617e-07 -3.447096709243028e-07 -5.848837362539799e-06 -1.301044352567379e-05
2.244013389824051e-07 8.142453472841536e-08 1.082743560466286e-05 1.733900532296125e-05
-9.109844493947977e-06 8.026074998629120e-06 -5.855743635039537e-06 4.416581509229012e-06
-8.231434112521114e-06 7.397071563484170e-06 -4.634798422055983e-06 2.888664265605915e-06
-9.995983335016138e-06 6.339374732808169e-06 -5.661859335464075e-06 4.761199916263634e-06
-1.023685120866831e-05 4.788939632182379e-06 -5.342340828610251e-06 3.178925306359760e-06
-3.615427870973261e-07 7.695689986016410e-07 -3.470379210981106e-06 -1.023817233570970e-05
-3.616353133018377e-07 -4.887206395778368e-07 -4.164813800468493e-06 -1.409988679924356e-05
-8.448986695159986e-06 6.409473668095251e-06 -4.650688992346409e-06 2.481461647323351e-06
-7.439899174743589e-06 6.671876750537245e-06 -1.696813141660073e-06 -1.675477462145096e-07
-8.820492164550429e-06 5.278983629232897e-06 -6.632371536094071e-06 4.742927434218419e-06
-9.470003226433041e-06 4.032774138846458e-06 2.303560751555763e-06 1.563658816846347e-06
-9.915183396496525e-07 1.035589104512854e-07 1.033577408785773e-06 2.101532094588639e-05
-1.748218486618376e-06 9.877846540441140e-07 -6.528366748335661e-06 -4.755929820977198e-06
-1.761925099434654e-06 -7.474600759107286e-07 3.650159142021092e-06 -3.444859360191380e-06
-6.739088418212965e-06 5.864832499415147e-06 -7.072415687155277e-08 -5.723516214894992e-08
-6.134617405106265e-06 4.986444991238530e-06 -1.243753109963242e-06 4.985252738450228e-06
-5.616716898232843e-06 4.038925022098104e-06 -1.323154349080188e-06 5.128472479802236e-06
-8.069002605944781e-06 4.251161043201123e-06 -8.859651116726055e-06 1.691582501649520e-06
-8.857388580619838e-06 3.161317305215039e-06 4.640491095508075e-07 -3.639996731231294e-06
-2.365126580036389e-06 1.252012135376018e-07 -3.168712868563113e-06 -8.256840376358236e-06
-3.127119836813771e-06 1.206155419658888e-06 6.816098568486185e-06 8.788674404965986e-06
-3.118897897056713e-06 -9.878556905586607e-07 2.430701337227587e-06 -1.188513856311222e-06
-6.647087304454539e-06 4.043343118694801e-06 -6.939473136941591e-07 6.302991634358538e-06
-5.213348826810962e-06 3.027619656301305e-06 -4.483582897098615e-06 -8.914610622528013e-06
-4.366007456374313e-06 1.390216234582324e-06 1.006243789105249e-05 -3.746027890196087e-06
-4.743281303537611e-06 1.585436168209898e-06 -1.042956396034248e-05 2.921883546043169e-06
-4.952810934444292e-06 1.969747462693716e-06 -1.962381093086130e-05 5.876302248559110e-06
-7.537141448023851e-06 3.022183919108575e-06 -5.491219698504550e-06 -1.225477723259732e-06
-8.407652476105940e-06 2.189942970104436e-06 -2.964503333665705e-06 -3.076390118692006e-06
-3.791760388973834e-06 2.810341790565601e-07 -4.463862782523120e-06 1.941486183481863e-06
-4.344143526753400e-06 -1.165668579229429e-06 -8.171888001676733e-06 4.522113348831272e-06
-5.922431189928002e-06 2.304087666295896e-06 6.030039355542050e-06 9.153002497136864e-07
-4.750560904153087e-06 8.213334311651180e-07 -4.752799268985881e-06 -1.290117140123617e-05
-5.197525994691496e-06 1.455114820087535e-06 -1.703634357628987e-05 3.842359684540159e-06
-7.130658502823719e-06 1.883086312373439e-06 -1.952059573528769e-06 2.231972858414784e-06
-8.140143155610945e-06 1.168641908132497e-06 -4.520646075719579e-06 -2.107657500692515e-07
-4.754779966886522e-06 -4.160733476522138e-07 5.564093695084292e-07 -1.525063261539475e-06
-4.682934006388877e-06 -1.345694477021170e-06 2.544943315369520e-06 -1.698450210002271e-06
-6.122924254209781e-06 5.914961057931315e-07 -2.329524137885472e-06 2.616810117116436e-06
-8.060662598516869e-06 1.215731144743784e-07 -1.114640651363906e-07 -1.295309093765757e-06
-8.207646980673510e-06 -9.121132976429438e-07 -1.421785989496814e-06 1.323129371309650e-06
-5.471030734083670e-06 -1.075324566922189e-06 -1.917255077181964e-06 -6.180877763913539e-06
-4.874189409191673e-06 -1.753834923544740e-06 4.410569735238223e-06 -8.058636661945809e-06
-5.101883155172642e-06 -2.921733559301674e-06 1.790145761192686e-06 -1.422604114736692e-06
-7.143366303722728e-06 -1.025524147131498e-06 -1.702571592598809e-06 5.254034709663958e-07
-5.456226758734821e-06 -4.093990015449556e-06 -1.209878542712332e-06 3.327655628456150e-06
-8.593719330912133e-06 -1.986448675105283e-06 -6.959406950650908e-06 3.556439745006539e-07
-6.130873566524977e-06 -2.950053551918631e-06 -8.270097827501505e-06 9.389442122358058e-07
-7.713330608492340e-06 -3.040654618189719e-06 -8.691206991330554e-07 -8.213245349336511e-06
-5.969284366479157e-06 -5.235308931219581e-06 2.108786196841734e-06 3.325797613774812e-06
-9.218911590530943e-06 -3.033541877542258e-06 -6.206683356538943e-06 -2.398060688193143e-06
-8.764887817494067e-06 -4.131455225507880e-06 2.500607599309541e-06 -5.354370080533186e-06
-7.609247381957073e-06 -4.848269378012735e-06 -4.454157527642356e-06 -2.027940198990496e-06
-6.653917843147663e-06 -6.376732674278980e-06 -3.566929678860089e-06 -1.675763379910975e-05
-7.501477299837980e-06 -7.466291286769821e-06 -5.528825709359451e-06 5.731162302310942e-06
-1.008445817288501e-05 -4.046495321107993e-06 -9.660489837897748e-06 2.729660738669478e-06
-9.498464184576364e-06 -5.415405307235060e-06 1.854868215522085e-06 -2.558159984372551e-06
-8.789292517353994e-06 -7.047175266465608e-06 -3.008018212291117e-06 4.391090775744103e-06
-8.484467358168107e-06 -8.500539730891882e-06 -7.146475165863861e-06 1.727559044373781e-06
-1.114105342000764e-05 -4.960354241304829e-06 -1.269017675237358e-05 -4.418154843960945e-06
-1.084898378019151e-05 -7.047797054708554e-06 -7.443230213923917e-07 -3.629014013878172e-06
-9.638301867018124e-06 -9.420794731066395e-06 2.093295396874260e-07 -8.908033207841843e-06
-1.093200455075006e-05 -1.023126459963912e-05 -3.393647825079905e-06 1.275459628772208e-07
-1.234073668921954e-05 -1.092627386923449e-05 -9.069686775270492e-06 2.422963114506820e-06
-1.245337844521220e-05 -7.510767252213390e-06 -2.167079955890391e-06 -2.107855224702388e-06
-1.242998407170153e-05 -5.740190242097644e-06 -1.111625086944901e-06 -7.453727933205960e-06
-1.212353334649067e-05 -9.312083476100705e-06 -7.320722431220599e-06 3.455299948339090e-06
-1.387514215313127e-05 -1.144421231015699e-05 -9.480160124498158e-07 -5.655859041004713e-06
-1.551061580850376e-05 -1.179940760539891e-05 9.174479399447935e-07 -8.157333956735833e-06
-1.375881103585129e-05 -7.909326036568591e-06 -5.244485379177115e-06 -4.872032909453043e-07
-1.388844868441834e-05 -6.314828221760965e-06 -5.836668482943804e-06 -5.137924059669963e-06
-1.719280658474355e-05 -1.196220537102074e-05 -8.329772220213504e-06 -5.773488304710054e-07
-1.528182669545891e-05 -9.429908188914286e-06 -2.356296186787462e-06 -5.632644149780173e-06
-1.548184733651308e-05 -6.636880148292874e-06 -5.614792372478756e-06 -8.869146293381977e-07
-1.755421088961415e-05 -9.694020824867569e-06 -3.396174894309360e-06 -4.518305376937552e-06
-1.910971273403601e-05 -1.204729316382254e-05 -1.747930036890686e-06 1.328938075335185e-06
-1.716908586119929e-05 -6.714699457020781e-06 -3.405426979901945e-06 -1.144127621249093e-06
-2.180396946339719e-05 -1.212736109943416e-05 -5.820942885646483e-06 -5.585089654604694e-06
-1.963796253162290e-05 -8.389956224365032e-06 -3.556870003543155e-06 -7.833856511510499e-07
-1.909853995281546e-05 -6.639762177014382e-06 -4.177188328549482e-06 -7.406350253622020e-07
-2.571475918902101e-05 -1.225403892409083e-05 -5.051832670234817e-06 -1.632793231749838e-06
-2.374148237870165e-05 -9.107785180144052e-06 -3.710590384714914e-06 -8.292393705728257e-07
-2.181538988007566e-05 -6.527907619860324e-06 -1.230697629592635e-06 -2.478199050939026e-06
-3.109183192405025e-05 -1.238364085546016e-05 -5.398266635198436e-06 -2.390276152029212e-06
-2.836620314315609e-05 -9.332949050975980e-06 -5.209996452852365e-06 -1.947785745656092e-06
-2.570967665080242e-05 -6.403164947779410e-06 -7.006054898001997e-06 -9.982485961857231e-07
-3.691227120779730e-05 -1.249749051003073e-05 -4.731302848898785e-06 -2.205409931938106e-06
-3.396911989987335e-05 -9.327958494245224e-06 -4.747863984154916e-06 -2.917991387523260e-06
-3.109736643336174e-05 -6.275466994860771e-06 -1.985710253020810e-06 -1.409707284653066e-06
-4.291581500969141e-05 -1.258125133193992e-05 -5.642430293713075e-06 -1.680329484587767e-06
-3.988544178349007e-05 -9.332051340324217e-06 -5.451079704316092e-06 -1.930197185954921e-06
-3.690882106770827e-05 -6.164578107546942e-06 -6.244041692236691e-06 -2.445878861101128e-06
-4.907966890985744e-05 -1.264362918927211e-05 -5.610523328410583e-06 -2.855597757424401e-06
-4.597713853203244e-05 -9.325457295932617e-06 -5.388190409960227e-06 -1.318940754463187e-06
-4.292071280648812e-05 -6.077106551784445e-06 -5.877340518763668e-06 -1.893598034273375e-06
-5.532536134471688e-05 -1.269431844844315e-05 -7.495509830614989e-06 -1.331081394918139e-06
-5.218970931858615e-05 -9.331201080950987e-06 -6.520334625219562e-06 -1.504498372788336e-06
-4.907407172620093e-05 -6.012440232325391e-06 -5.401291451862062e-06 1.232230912495486e-08
-6.163714367465210e-05 -1.272630254224176e-05 -8.804191966745347e-06 -2.699250238337424e-06
-5.847217305816897e-05 -9.329861245123869e-06 -7.969078077263367e-06 -2.955571453742400e-06
-5.532811848610177e-05 -5.967111367660323e-06 -6.408360423478977e-06 -3.624504710308106e-06
-6.799045901915258e-05 -1.274132198048526e-05 -7.183494674220750e-06 -3.516531323168459e-06
-6.480849070680967e-05 -9.332115105397278e-06 -8.360727750577838e-06 -1.867781837084236e-06
-6.163651170595894e-05 -5.934381452363497e-06 -9.696186467542211e-06 -1.888800341505601e-06
-7.436463569111324e-05 -1.274183692931242e-05 -1.076451104093199e-05 -1.756749233445310e-06
-7.117593965994433e-05 -9.333777990044429e-06 -8.517370066572394e-06 -1.515661923902944e-06
-6.798839018727005e-05 -5.927288902455421e-06 -7.611845230231357e-06 3.091633504951974e-07
-8.074498975758039e-05 -1.274629292980962e-05 -1.034982200247421e-05 -7.211119238258719e-07
-7.755457493494832e-05 -9.329423537484130e-06 -1.135379839990777e-05 -1.942575585066333e-06
-7.436658222116315e-05 -5.920271094846338e-06 -9.939542093035163e-06 -2.125152903743846e-06
-9.439363919974362e-05 -1.235344538742253e-05 -1.250596994517597e-05 2.301761899955577e-07
-9.349271212456455e-05 -1.272767409077736e-05 -1.310974748603367e-05 1.538086921989796e-07
-8.360734462630404e-05 -9.326849107373065e-06 -9.757728554944109e-06 -2.202175945475742e-06
-8.713528013186963e-05 -1.274213781536669e-05 -1.159262792821252e-05 -3.421684425959045e-06
-8.074724497632420e-05 -5.910509196087407e-06 -1.045844649848496e-05 -3.512842655073172e-06
-9.476669742132002e-05 -1.145105844935895e-05 -1.220063951070559e-05 8.300972310980475e-08
-9.263693666733531e-05 -9.326902802598064e-06 -1.377657088119327e-05 -1.295124714099415e-06
-8.713456382262681e-05 -5.910573800420039e-06 -1.193680862821167e-05 -9.156989580756590e-07
-9.476660986499257e-05 -7.202936371533203e-06 -1.156932028947204e-05 -2.841122713860382e-06
-9.349235268668234e-05 -5.925999578562246e-06 -1.271540867538785e-05 -3.351468382990647e-06
-9.439347271437935e-05 -6.300332006406625e-06 -1.191238514654040e-05 -3.290407729274209e-06
