-1.305497971621188e-04 1.773499687005154e-05 -2.053955026435168e-05 -4.192727120649566e-07
-1.310671454890799e-04 1.648616156251975e-05 -2.043727085374462e-05 1.868056385352840e-08
-1.310675488734500e-04 1.059949012166481e-05 -2.016664049098534e-05 3.216950987538372e-06
-1.305501966861246e-04 9.350410351976652e-06 -2.023733670452767e-05 3.588723941492056e-06
-1.293008824884325e-04 1.825230039331329e-05 -2.084188887063575e-05 -5.944048964503733e-07
-1.269581209029648e-04 1.354279780976751e-05 -2.080734039968681e-05 1.391250626780140e-06
-1.293011771782668e-04 8.832978533136127e-06 -2.048532650015260e-05 3.718401309042347e-06
-1.205041925350834e-04 1.825218109996995e-05 -1.894029493767635e-05 5.377106555211727e-07
-1.205035421141388e-04 8.830896450358586e-06 -1.852205533031054e-05 8.793343424657072e-07
-1.156501697775548e-04 1.354043833609561e-05 -1.863081094100332e-05 3.521143733438097e-07
-1.117126972358858e-04 1.824643376546124e-05 -1.588451980431918e-05 3.751461717589939e-06
-1.117121611550189e-04 8.833101645630171e-06 -1.626902739438075e-05 -2.713505003037470e-06
-1.073180232954445e-04 1.353941909336210e-05 -1.321250484430057e-05 5.585446211969639e-07
-1.029344528893921e-04 1.823019921350257e-05 -1.340536877705837e-05 9.743826997597519e-07
-1.029348177829358e-04 8.849698094110319e-06 -1.402184823241968e-05 6.164531555767282e-07
-9.855998913850079e-05 1.354119093905921e-05 -1.567084849087780e-05 1.350727653984335e-06
-9.420018599592882e-05 1.820724032649819e-05 -1.408558215479400e-05 4.144189829092836e-06
-9.419953201186783e-05 8.876045987665503e-06 -1.508981091600787e-05 -5.425823134776969e-07
-8.984452493883821e-05 1.354211867738225e-05 -1.268166047313758e-05 1.885676963232337e-06
-8.550485837006050e-05 1.817507144213408e-05 -1.164905398530833e-05 8.941649055496542e-07
-8.550291686210315e-05 8.905928130425282e-06 -1.147343419223423e-05 1.089952737849270e-06
-8.117612305325919e-05 1.353873061297006e-05 -1.167586551913562e-05 2.791660605730128e-07
-7.688580711260667e-05 1.811664021284403e-05 -1.007771358198742e-05 1.215648986529754e-06
-7.688479211419470e-05 8.958054865925603e-06 -1.105360506343103e-05 1.724934939187403e-07
-7.261506078765515e-05 1.353727918932853e-05 -9.283734087695457e-06 1.226815903713503e-06
-6.838266073153469e-05 1.805303288828984e-05 -8.846473490715016e-06 1.861291859563960e-06
-6.838443519324316e-05 9.025008047484885e-06 -8.446023298465986e-06 9.928376457352150e-07
-6.417262915409862e-05 1.354042130316467e-05 -8.793313629905404e-06 1.404525012862032e-06
-6.001928449004981e-05 1.796761215857874e-05 -6.789265170781888e-06 4.507604293878894e-06
-6.001529884610342e-05 9.110694184518866e-06 -7.374729647203336e-06 -1.549098506668726e-06
-5.589475370785865e-05 1.353633351004655e-05 -5.082912232899355e-06 1.100438754720265e-06
-5.183848212469034e-05 1.785497499315938e-05 -6.226657270174810e-06 -1.085694120982080e-07
-5.184367631917497e-05 9.220625993130096e-06 -6.150441674658230e-06 1.928129267532210e-06
-4.782109445165640e-05 1.354051294899668e-05 -7.500964406846657e-06 1.153174469476712e-06
-4.388040386953369e-05 1.772628843262731e-05 -6.235438158738551e-06 3.255972044353821e-06
-4.388067490030159e-05 9.359275354502549e-06 -5.012718242657480e-06 -6.931110614727370e-07
-4.013732144554999e-05 1.354242769954420e-05 -3.674515803801600e-06 -2.236342631055129e-07
-3.648711021633725e-05 1.757474659304089e-05 -2.919532899378191e-06 2.206054650341841e-06
-3.648316325600684e-05 9.514872618321596e-06 -4.751160296330258e-06 4.971232650973362e-07
-3.377716052630770e-05 1.384408520401862e-05 -3.346639730547585e-06 1.434737883798058e-06
-3.110988841231329e-05 1.742256289802924e-05 -3.344899723407214e-06 1.301277766498640e-07
-3.110431169567011e-05 9.670500379681971e-06 -2.209303549969493e-06 1.372025600451940e-06
-2.733494010418831e-05 1.729578621405208e-05 -1.082293829482076e-06 1.140666298028268e-06
-2.803334240821863e-05 1.483490860663223e-05 -2.021356574268343e-06 2.476853527226913e-08
-2.732973640616498e-05 9.760799821538345e-06 -5.693855066287767e-06 6.807626280520596e-07
-2.465925471605663e-05 9.862993224689795e-06 -6.021126082739573e-06 2.963728836677846e-06
3.610667417825620e-06 5.039349454932695e-07 -3.596609198350686e-05 1.805028794693105e-05
3.659224503646925e-06 3.511381250896648e-07 -2.262977415596215e-05 7.758903612698680e-05
3.646440126076482e-06 -2.941391430368864e-07 -1.632574874318769e-05 -2.995374768264491e-05
3.595189548494845e-06 -4.292527845271867e-07 -2.858620500266454e-05 -2.884039207294417e-05
-2.464946826934938e-05 1.720627551190030e-05 -1.459584658524260e-06 2.012665764987153e-06
-2.229223295371518e-05 1.699268991517934e-05 -8.478276113968852e-07 3.147915885014059e-06
-2.408384970816741e-05 1.262214336970097e-05 -3.911340131759904e-06 1.574619957040246e-06
-2.226627157687224e-05 9.769116371504813e-06 -1.100553003040420e-06 3.059335058417354e-06
3.477665610095475e-06 5.693857110259635e-07 2.555021216580173e-05 -4.131275674765904e-05
3.060874683854197e-06 1.356658556404783e-08 1.273515568315129e-05 2.289230810652127e-06
3.469920197365782e-06 -4.925090266548558e-07 -2.724672337002074e-05 -2.953521323580944e-05
-2.152199681130337e-05 1.474555677730091e-05 -1.532400820114161e-06 1.860740204657542e-06
-2.001419726913315e-05 1.649826040947875e-05 -3.468404255681086e-06 2.843263166008479e-06
-1.786951975929728e-05 1.578690173418238e-05 -3.488580023924312e-06 4.855961564906306e-07
-2.081926862096461e-05 1.173129950999836e-05 -5.893413755950572e-08 1.129333136346841e-06
-2.003505055106759e-05 9.301822860615424e-06 4.438115927156563e-07 -2.752712042396788e-06
2.275591007975011e-06 6.402132127298015e-07 -7.796154624144432e-06 3.730405600033283e-06
2.250990574974417e-06 -5.461550466499374e-07 5.170083128324980e-06 7.848269099407689e-06
1.648114072944861e-06 -2.123933439396743e-08 -3.491698522653640e-06 -5.317579829162690e-07
-1.588202293383985e-05 1.482972827691294e-05 1.846188468209506e-07 -1.006533486743160e-06
-1.756659484487562e-05 1.353004070465660e-05 -1.636399646334239e-06 -1.563708149167501e-06
-1.830255778040111e-05 1.075428455194315e-05 -1.334030047945895e-07 -8.031348311238374e-07
-1.799631640590685e-05 8.495288089361273e-06 -1.699718490050151e-06 -2.347726404775186e-06
9.962251329222463e-07 7.128834992669362e-07 7.375208823908153e-07 1.693084595525574e-06
1.023494488306004e-06 -6.480314618897312e-07 -6.597548947356838e-07 -1.252622838430510e-05
2.557026552022978e-07 -2.456274845972301e-08 6.405453802329602e-06 1.169416323463342e-05
-1.404731550136447e-05 1.369345497888822e-05 2.090693989565186e-06 9.702917667435516e-07
-1.242759039122744e-05 1.239651210824447e-05 5.850627869691972e-07 -5.091240482804160e-07
-1.576220483069634e-05 1.033476581035675e-05 3.089455182890851e-07 3.429216610323994e-06
-1.620264207889215e-05 7.391915755139367e-06 -8.333501461736511e-07 1.837325237911956e-06
-5.729624794120506e-07 9.525796238131651e-07 -3.074533069063061e-06 -6.763027343357117e-06
-5.909499994315722e-07 -9.008793154816947e-07 1.983833150437317e-06 -3.620867667789176e-06
-1.283958703487604e-05 1.045825839233068e-05 5.296758763908855e-07 4.932210620309903e-07
-1.101671704631405e-05 1.093937703829729e-05 1.091434077772564e-06 -1.485743617711185e-06
-1.351580890746395e-05 8.339263425984928e-06 -2.066016958736565e-06 1.688381863470802e-06
-1.468772462606619e-05 6.071352071960060e-06 3.959842625850084e-06 -6.615302458904956e-07
-1.537457625508090e-06 -1.172568196787315e-08 3.004043166439758e-06 -4.131470757673184e-07
-2.640383904352047e-06 1.273311709927508e-06 -3.812574687315426e-06 6.555991630214398e-06
-2.631451569823619e-06 -1.248624480906019e-06 -1.998188802296020e-06 6.250118962866324e-06
-9.790323281999448e-06 9.385192382997075e-06 1.063187984233639e-06 1.778459735279130e-06
-8.813553653645123e-06 7.796174831930225e-06 -1.389749688632479e-06 1.067844165168829e-06
-8.065081458737369e-06 6.130230041970961e-06 -4.445072365595523e-06 -1.095745866919463e-06
-1.215049269680139e-05 6.478881307054888e-06 -4.936930890621739e-06 2.462493595985795e-07
-1.349533552441350e-05 4.613252240857411e-06 5.276324098955516e-07 3.201775318911881e-06
-3.519885199473009e-06 2.538692684375518e-08 1.940599922504757e-06 -2.239866647633666e-06
-4.627498790873024e-06 1.595252445231632e-06 4.900002965605081e-06 -5.555045052611338e-06
-4.634030368681478e-06 -1.603706276671805e-06 -2.514907982417964e-06 4.925752361272342e-06
-9.709462376274470e-06 6.120314545824527e-06 -1.387445609669031e-07 7.550954581846296e-07
-7.509018424251990e-06 4.441263122247484e-06 -4.674255940213343e-06 -3.950664331201969e-06
-6.410227445084384e-06 1.882991110959574e-06 1.290828993418704e-06 -7.628614195683261e-06
-6.941106642447546e-06 2.178263604182289e-06 -1.047523873992904e-06 -6.828756774855439e-06
-7.212718224110795e-06 2.766611080776904e-06 -2.129066985074399e-06 -4.422567022549680e-06
-1.120866910752039e-05 4.399722190238078e-06 -9.170222618919398e-07 1.010725908369860e-06
-1.260212518335463e-05 3.074701547853852e-06 2.102819001505202e-07 -3.456028316915565e-06
-5.604330790789651e-06 2.599616439226575e-07 -4.453647615465238e-07 8.678466401022677e-06
-6.454216236276819e-06 -1.846512744351112e-06 6.512982838141212e-07 -7.729059137480782e-06
-8.642432205813754e-06 3.264841729518142e-06 3.378377649577183e-06 9.135611311818795e-07
-6.980241040998346e-06 1.036437823605493e-06 -1.693027439080832e-06 -1.913221259247690e-07
-7.604290151491989e-06 1.977865159189875e-06 2.071575378263183e-07 -3.394903098234158e-06
-1.053985155060284e-05 2.588541063392694e-06 -2.269776691845318e-06 1.136029600725510e-06
-1.203405629684773e-05 1.532342537058644e-06 -5.130349002763510e-07 1.532014604377530e-06
-7.038351973328182e-06 -7.743440341462498e-07 -5.053268467259447e-06 2.380666478388480e-06
-6.982118001122900e-06 -2.105206857250053e-06 8.619147248396971e-06 -9.920617811379961e-06
-9.011543211493798e-06 6.347066814791682e-07 -1.082890401763883e-06 1.318041005096798e-06
-1.183823747120128e-05 2.168943951534869e-09 4.373792103995255e-06 -3.143251945125228e-06
-1.194694641801391e-05 -1.490950139271038e-06 -3.398480894321721e-06 -1.772752917747949e-06
-8.109767691688886e-06 -1.745822304677210e-06 -5.211607275825409e-06 -3.347450937782621e-07
-7.295907651609005e-06 -2.668393726833792e-06 1.525232765842248e-05 -9.579845567767966e-06
-7.692996703393633e-06 -4.235814549162445e-06 1.132833163317269e-05 -1.658558054302395e-06
-1.046140946142151e-05 -1.695952552755773e-06 3.142933657439984e-06 1.097573133090588e-06
-8.255397239219662e-06 -5.727658587713290e-06 1.705248556859019e-07 -1.012817286391150e-06
-1.236060111744166e-05 -2.987846419686717e-06 -1.218875850449448e-05 2.048280101873403e-06
-9.094500840500940e-06 -4.301921379984942e-06 -9.141980216272924e-06 3.216326003321247e-06
-1.115694940204833e-05 -4.415949565450574e-06 7.369273804255034e-06 -4.775853904870781e-06
-8.975905471974256e-06 -7.137207307952486e-06 -1.638611053961162e-06 -2.257661652911248e-06
-1.304809072472072e-05 -4.407499793118741e-06 -5.885441882914161e-06 3.251357317120018e-06
-1.244415195494442e-05 -5.801709786733765e-06 7.122376648676845e-06 -4.229590549564299e-06
-1.105064772074667e-05 -6.658726984965600e-06 1.954843674214175e-06 3.385538719992373e-06
-9.894815126577979e-06 -8.477262851178894e-06 6.222012604402620e-06 -1.018238708376569e-05
-1.093854692257604e-05 -9.696270501019345e-06 1.074225269308156e-06 1.164601216244816e-06
-1.399205019082995e-05 -5.718043351634846e-06 -6.020535562829994e-06 -1.015860918653993e-06
-1.329121401957957e-05 -7.331619911792231e-06 1.203321320389508e-06 -1.202090351944321e-07
-1.246731859336973e-05 -9.207610208433565e-06 -4.083615446072494e-06 4.179735151120075e-06
-1.211511324232903e-05 -1.080873671161460e-05 -4.138796052586137e-06 2.056433154094266e-06
-1.514152859962827e-05 -6.840959351087862e-06 -3.850881029441480e-06 -2.129769354656394e-06
-1.478584779473949e-05 -9.197978282147849e-06 9.236581627921979e-09 -6.531992764408149e-07
-1.343027691731882e-05 -1.178194556086331e-05 1.476502637233698e-06 -2.152414872172409e-06
-1.486321296013877e-05 -1.259674396119304e-05 -5.084419498941896e-07 -3.249510787255009e-07
-1.638710792743028e-05 -1.325569870194626e-05 -2.824719254204867e-06 3.112983773162481e-06
-1.651164641020480e-05 -9.697026282273675e-06 3.195376963004789e-07 -4.173988640570056e-07
-1.649989837274656e-05 -7.764921165984761e-06 6.656057693012396e-07 -3.587047320209071e-06
-1.617313400129265e-05 -1.160346409366065e-05 -2.307952132548065e-06 5.903167864961531e-07
-1.798036614112149e-05 -1.373876005044904e-05 1.785476783395197e-06 2.135852631921484e-06
-1.962983771104819e-05 -1.403971930126436e-05 1.428338606168892e-06 -1.741289421514169e-06
-1.788408506686832e-05 -1.012403463462934e-05 -5.908151433778180e-07 -1.058652222212957e-07
-1.801270255963473e-05 -8.444001364418853e-06 6.396452062415458e-07 -6.573163327726463e-07
-2.130855018209501e-05 -1.414987711700728e-05 -2.823487805913343e-06 -1.356011913231419e-06
-1.943564438162867e-05 -1.167666676538844e-05 1.523834968105877e-06 4.649902986484363e-07
-1.962776796719072e-05 -8.855667106617940e-06 -1.441568131640420e-06 -1.203396874664979e-06
-2.167439238576879e-05 -1.192963105672754e-05 -3.211467244775219e-07 -2.414377307255020e-07
-2.317262155271182e-05 -1.417600393117468e-05 -2.047409523676006e-06 -2.907434709667200e-07
-2.129675390380140e-05 -8.984614882909526e-06 2.087617415118580e-06 -1.143420976040482e-06
-2.575669762209379e-05 -1.419701050688873e-05 4.806320025621020e-07 -3.112663716332260e-06
-2.371407885703232e-05 -1.066235518829989e-05 1.923832427342967e-07 -2.579344654357242e-07
-2.317567672818769e-05 -8.963400622969403e-06 4.180872134115229e-07 5.171038328968469e-08
-2.934092703510071e-05 -1.422268821987207e-05 -2.089530980336226e-07 6.531876359279400e-07
-2.756063737641646e-05 -1.136245384359784e-05 -8.521491050940404e-07 1.007764017061638e-06
-2.575989267384557e-05 -8.940182940883681e-06 -1.685052942384472e-06 1.255263446991609e-06
-3.412646659145156e-05 -1.425240668171422e-05 1.055462188384414e-06 2.826153872354939e-07
-3.172575868762490e-05 -1.156974410517734e-05 5.327391793071636e-07 1.049635744548127e-07
-2.934315380573214e-05 -8.916537326989588e-06 5.738245892777378e-07 1.186581143159645e-06
-3.916918562545042e-05 -1.428279098422449e-05 2.859151153684245e-07 -1.547351214097677e-06
-3.663715790363974e-05 -1.157037437154795e-05 5.701135328783102e-07 1.169382722615813e-07
-3.412545034280174e-05 -8.888138782698240e-06 4.201423708099276e-07 -9.291965167318335e-07
-4.425669033239183e-05 -1.429473971542745e-05 5.654073863571398e-07 -1.210189265371235e-06
-4.171076635351362e-05 -1.156654248143907e-05 7.000855651864330e-07 -7.118167719055058e-07
-3.917154169685537e-05 -8.854436819519921e-06 2.374425551308795e-07 2.883863600355914e-07
-4.933677589370385e-05 -1.429918012817837e-05 2.296731181388993e-06 2.666406790632539e-06
-4.679574300378875e-05 -1.157345263687673e-05 5.995360905038924e-07 -3.165665453525700e-07
-4.425293274526768e-05 -8.843058520333248e-06 1.092525620584522e-06 3.114922219982099e-07
-5.442931506876967e-05 -1.429143241890441e-05 2.396846804924002e-06 -2.518249805297705e-07
-5.188373932831839e-05 -1.157848501280182e-05 3.126231575000596e-06 -1.889804970174976e-07
-4.933670770731412e-05 -8.854971804742796e-06 1.917700387151538e-06 -2.807114334490166e-06
-5.948227815253557e-05 -1.426996085995576e-05 3.518336792989259e-06 6.444057183214627e-07
-5.696521098385762e-05 -1.157838212599300e-05 2.152543964523750e-06 -6.585194949776290e-07
-5.442780796256589e-05 -8.867080972419730e-06 2.245978550864047e-06 -1.571922181800392e-06
-6.450496302589640e-05 -1.426370530497165e-05 7.081840981977452e-06 6.151791080737613e-07
-6.199520132970778e-05 -1.157350195503729e-05 5.993703875672474e-06 -6.464061476504993e-07
-5.948587923046407e-05 -8.879831492975546e-06 4.310042588710483e-06 -2.147589768364513e-06
-6.951063360755068e-05 -1.424956939529104e-05 4.916440574881023e-06 -6.630502637467824e-07
-6.701225474036745e-05 -1.157729953169804e-05 5.594105684299666e-06 8.961417310187173e-07
-6.450252498102644e-05 -8.887126074516422e-06 5.569552410032432e-06 -3.231287999119284e-08
-7.447887794620924e-05 -1.423147176441236e-05 8.116169825548694e-06 -2.269321157149202e-06
-7.200102509971310e-05 -1.157696600996158e-05 6.993193255898166e-06 -3.525973073147583e-07
-6.951051596300391e-05 -8.905287394579360e-06 5.901886439893213e-06 1.259135306370178e-06
-8.507649677916853e-05 -1.392885473472967e-05 9.150257621803548e-06 -9.703331759582149e-07
-8.437450339040278e-05 -1.421960927334935e-05 9.795403119603762e-06 -8.594185828133114e-07
-7.669771513888419e-05 -1.157340598631475e-05 8.236784475928716e-06 -7.219704719145444e-07
-7.942718587942555e-05 -1.422073457612335e-05 1.064736028249441e-05 2.843819528133252e-06
-7.448092915688319e-05 -8.918750153657159e-06 8.295315717659359e-06 1.030930516029091e-06
-8.536728493390413e-05 -1.322694274326404e-05 8.845803406350310e-06 -8.499835502437525e-07
-8.370584676181609e-05 -1.157275236351425e-05 1.110217635093336e-05 3.890176300143323e-07
-7.942694676409577e-05 -8.924664331418320e-06 1.017004197834882e-05 -3.445097568738828e-06
-8.536716855671360e-05 -9.918700630136057e-06 8.989749005334937e-06 1.591706670710060e-06
-8.437430821096920e-05 -8.925955897854640e-06 9.781114746574715e-06 1.357272756804723e-06
-8.507635409207573e-05 -9.216737241090272e-06 9.256756652858065e-06 1.546761758680414e-06
