6.850026490254205e-05 -1.086892080338965e-05 -5.853705915702369e-06 -1.236240694978032e-06
6.874197255499216e-05 -1.028592923994939e-05 -5.535265721062410e-06 -6.402254459253778e-07
6.874135537969517e-05 -7.537445612494214e-06 -5.614434524179680e-06 2.730654826563422e-06
6.849955547184584e-05 -6.954116267444087e-06 -5.948210224865443e-06 3.373263298992601e-06
6.791684185769876e-05 -1.111030710733795e-05 -6.600299907813565e-06 -1.424686040281397e-06
6.682181002599012e-05 -8.910865346291139e-06 -7.573718489959821e-06 1.113934830998181e-06
6.791592020642892e-05 -6.712512017736789e-06 -6.729352309300332e-06 3.587597743853177e-06
6.380809308124120e-05 -1.110757410337009e-05 -6.732997833310420e-06 8.748461876008603e-07
6.380665589354375e-05 -6.708568197681659e-06 -6.901310439000630e-06 1.766993944281147e-06
6.153704845863095e-05 -8.907033277854071e-06 -4.160957469332699e-06 1.452928640047830e-06
5.969013188517808e-05 -1.111051774801716e-05 -3.812232320298047e-06 1.525831482316477e-06
5.969176816837787e-05 -6.705565247599518e-06 -3.686848045830401e-06 1.383638388844796e-06
5.763357083456109e-05 -8.909336100809934e-06 -5.552666806515156e-06 1.732942735412157e-06
5.559539035676753e-05 -1.108735138326872e-05 -6.651553702159637e-06 2.880247185599172e-06
5.559494175490760e-05 -6.731246523675412e-06 -5.954615131745389e-06 2.193252605854741e-07
5.356523269168974e-05 -8.908361046739765e-06 -6.162115197546605e-06 1.279233070182175e-06
5.154536106119258e-05 -1.106870824010129e-05 -6.114017986513616e-06 1.427484782055370e-06
5.154265845852568e-05 -6.742579242567876e-06 -5.562114209014429e-06 1.011366685088644e-06
4.952654630763894e-05 -8.902568767041459e-06 -5.878733083802761e-06 1.294801532843740e-06
4.752561043236125e-05 -1.104032995979276e-05 -4.878294427367503e-06 2.137402148411226e-06
4.752301630509786e-05 -6.759422191209868e-06 -4.392901927029974e-06 1.578973245100971e-06
4.552664673053548e-05 -8.898081241404941e-06 -4.157724336200695e-06 1.868405362159016e-06
4.353731718229069e-05 -1.102216535736615e-05 -5.287285201833585e-06 5.017880273435483e-07
4.353964577799020e-05 -6.774857323799373e-06 -4.458830146471247e-06 3.039625550354852e-06
4.155804207818250e-05 -8.900243131450178e-06 -5.755008600391590e-06 1.287307077686073e-06
3.959856821566354e-05 -1.099684255244364e-05 -4.503046882102655e-06 2.605765216071590e-06
3.959639551617698e-05 -6.802296348727173e-06 -4.849679854283507e-06 -7.218786152446791e-09
3.764413980956535e-05 -8.898990905294487e-06 -3.878620515985184e-06 1.566344103998115e-06
3.569866568236968e-05 -1.098271069958114e-05 -4.355855680616490e-06 1.631897146961496e-06
3.569888849066143e-05 -6.815907699740854e-06 -3.596123683086205e-06 5.749008258604635e-07
3.375872130188614e-05 -8.898540337208862e-06 -3.940064900095548e-06 1.175536784014069e-06
3.182714056439177e-05 -1.096791846114654e-05 -2.940367948010101e-06 4.337872437956237e-06
3.182744107594390e-05 -6.826727182901937e-06 -3.781251036995551e-06 -3.542209410303091e-08
2.989570637988717e-05 -8.896197937771643e-06 -3.750363327563674e-06 2.644156603168238e-06
2.796285083863947e-05 -1.096513696429946e-05 -4.932796029113593e-06 9.815745049651651e-07
2.796329884073662e-05 -6.826146695323453e-06 -5.191309441934445e-06 1.704537775703026e-06
2.610930848032750e-05 -8.897210690608601e-06 -4.800152485166780e-06 9.060875129789284e-07
2.425703021161933e-05 -1.096854668885204e-05 -4.162247587518847e-06 5.188970107182211e-07
2.425611540080264e-05 -6.827493772672362e-06 -1.660675964199493e-06 -5.968557050821161e-07
2.286985435384934e-05 -9.060082613056710e-06 -1.790268038324685e-06 5.142653720689496e-07
2.145346857857525e-05 -1.096794534377963e-05 -1.309327232966345e-06 4.918957381830251e-07
2.145645200301651e-05 -6.825703213231527e-06 -4.589694716743020e-06 1.313459965866633e-06
1.941363442547742e-05 -1.096755362090207e-05 -5.498043175684479e-06 1.984172190361007e-06
1.981443626362498e-05 -9.602899281507063e-06 -4.944820262258172e-06 3.628985757083547e-06
1.940928534280748e-05 -6.825194379745720e-06 -1.578780749474392e-06 7.073001378015150e-07
1.791582855200507e-05 -6.821188524085186e-06 -2.320968605762631e-06 3.889944864298178e-06
-3.113201731136177e-06 3.980353670094319e-07 -4.958920014797006e-06 -3.176181250912968e-05
-3.222455985025845e-06 5.936106595244747e-07 -4.015550653144204e-05 5.431620703892831e-05
-3.225998108054588e-06 1.099537348549484e-06 1.032614105420345e-05 7.650546948377639e-06
-3.121870236305542e-06 1.255696548455505e-06 1.602238591341241e-05 -1.159643311203304e-05
1.791889828272039e-05 -1.096513094183478e-05 -4.676773498557388e-06 7.091936112280948e-07
1.656106330434138e-05 -1.088647813251832e-05 -2.610746685971378e-06 1.337495638146693e-06
1.761672714631023e-05 -8.375509453803205e-06 -1.389658821009051e-06 2.473209923305421e-07
1.656249679435028e-05 -6.699931094946865e-06 -3.505924594510018e-06 4.728080907712980e-06
-2.885753659074780e-06 3.253509897447426e-07 3.198689832874721e-05 -4.666918489899464e-05
-2.747981490999023e-06 8.247046438646771e-07 -1.176878586016273e-05 7.686858808078230e-06
-2.915905568423329e-06 1.316293854481136e-06 2.168916983823364e-05 -3.363924123657731e-05
1.613053199369095e-05 -9.607579298501273e-06 -2.758937635019379e-06 -1.233938939439592e-06
1.522282745387560e-05 -1.065321324082719e-05 -2.045415494175792e-06 1.758234398597233e-06
1.392252285218098e-05 -1.027081310724132e-05 -3.229893261092110e-06 1.603751915825985e-06
1.572341123303086e-05 -7.834339807840249e-06 -4.558155782025132e-06 1.305077561776762e-06
1.525351861346416e-05 -6.354218650989914e-06 -4.437681866726384e-06 -1.002868163212272e-06
-1.984872577529456e-06 3.314211280132052e-07 -5.133397914405816e-06 2.849322603586210e-06
-1.952564919862551e-06 1.356714720911037e-06 1.417883349915794e-05 -5.502052451410718e-06
-1.463500464704839e-06 8.135155773676936e-07 -1.101121786365115e-05 -1.597263948299390e-06
1.268125388534397e-05 -9.742486560740390e-06 -2.462338541303485e-06 1.328802161380044e-06
1.375271722051892e-05 -8.929088606956442e-06 -2.479339081121709e-06 1.831834449115488e-06
1.420691834559360e-05 -7.228994400904835e-06 -2.299853722412441e-06 7.792107823344007e-07
1.402928230630343e-05 -5.791457126353787e-06 -2.193410670366865e-06 -1.884549262804398e-06
-8.645079682720812e-07 2.680339383243812e-07 1.138254528159849e-05 -9.710094740750985e-07
-8.860231190102840e-07 1.459061099403584e-06 -6.549059989270180e-06 -6.149259120249756e-06
-2.443097173731751e-07 7.945101230756088e-07 4.648243260279916e-06 8.273100787656187e-06
1.151089878964471e-05 -9.081469160863608e-06 -1.991630649227249e-06 1.605397980009079e-06
1.041580532515011e-05 -8.294873116803647e-06 -3.277499716772529e-06 -1.248234416670096e-06
1.263091774217357e-05 -6.960141868891889e-06 -9.250249558291333e-07 2.817921513726589e-06
1.292419353207960e-05 -5.016682656748719e-06 -1.621305538602090e-06 1.276257443234866e-06
4.996075790828288e-07 5.295331275236072e-08 -6.294233460172014e-06 -4.358462372806305e-06
5.068978395630316e-07 1.645394575690543e-06 2.087666954101353e-06 -2.332740416739848e-06
1.069488893640832e-05 -7.055355237746434e-06 -3.538100213690471e-06 -1.411337393942647e-06
9.420572712725722e-06 -7.389147883111679e-06 -2.732183101382771e-06 -2.707030310794936e-06
1.116320383871027e-05 -5.630753304838116e-06 -5.200182590336344e-06 1.194687464622800e-06
1.197514130966027e-05 -4.068449616607677e-06 2.822298229164714e-07 7.013358400130867e-07
1.305042935741171e-06 8.155712451059155e-07 7.514962266223809e-07 -4.899996276258772e-07
2.287191068238839e-06 -2.302256900450997e-07 -2.162384282483042e-06 1.010517151948912e-05
2.272639244213695e-06 1.915942189126647e-06 -4.695925992688004e-06 4.464541375169937e-06
8.535461179725282e-06 -6.368317409717216e-06 -2.463140406757705e-06 2.061293408474690e-06
7.771442627120144e-06 -5.253995353781222e-06 -2.609196720504874e-06 1.080330894080182e-06
7.139027714584852e-06 -4.062089711355275e-06 -5.006892081129404e-06 -1.792173947816118e-07
1.020016317393909e-05 -4.334700370559057e-06 -4.179472346805028e-06 5.761734066967375e-07
1.119356765114094e-05 -2.966787954859796e-06 2.584789983583251e-07 3.456699750633912e-07
3.052811827949530e-06 8.345080162120315e-07 1.193777609933538e-06 -3.408773772910797e-06
3.978142345583602e-06 -5.452163838998274e-07 1.563794833547813e-06 -9.879166101065868e-07
3.988764422615692e-06 2.197913746301157e-06 -1.051555391274961e-06 4.448559955017837e-06
8.413324969088344e-06 -4.066537258737734e-06 -3.575068072005413e-07 8.671481474815052e-07
6.646611163903073e-06 -2.812788492341725e-06 -4.907182756140916e-06 -2.618558811986524e-07
5.573040927539592e-06 -7.768569868753600e-07 -8.914112256170816e-07 -6.704392437381223e-06
6.030787155147910e-06 -1.003381462727257e-06 2.309857548678008e-07 -8.429673929419001e-06
6.287917649931806e-06 -1.475758342693774e-06 8.860851275561732e-07 -6.941747004662627e-06
9.519663198356837e-06 -2.803265437549761e-06 1.219554377157544e-06 -1.276273292625046e-06
1.062273149056556e-05 -1.761245646217833e-06 -4.723142685198521e-07 -9.324929888260618e-06
4.846854685654341e-06 6.435948921086122e-07 5.717064553061387e-09 6.990197577638325e-06
5.539789960228664e-06 2.416202773241524e-06 5.919354744535489e-06 -1.307858609912328e-05
7.534158132252722e-06 -1.912053573998506e-06 -6.701926121942912e-07 6.406124916013886e-07
6.053581485470764e-06 -5.355737903596156e-08 -2.373957506886856e-06 1.159003689850533e-06
6.598606619177807e-06 -8.339198578907791e-07 1.668645118635468e-06 -5.201195676721014e-06
9.027245047945375e-06 -1.394487252814792e-06 -4.216225081355034e-06 -2.181865964065841e-07
1.028769966184254e-05 -4.881173266528250e-07 -4.545620747527240e-06 -3.549617106749578e-06
6.053389410922065e-06 1.497576837634589e-06 -5.354169618085006e-06 1.025764897945682e-06
5.961618279162998e-06 2.659939729343443e-06 1.008458970391876e-05 -1.553267068607990e-05
7.777405483333628e-06 2.271681877231974e-07 -4.249379329528896e-06 4.009174365993880e-06
1.018227872844895e-05 8.024582985594968e-07 1.486669680439135e-06 -5.270383115451517e-06
1.038847051583421e-05 2.108261354002180e-06 -4.223765006901656e-06 -2.848567742906063e-06
6.960309433731828e-06 2.336585568179322e-06 -6.946748027321278e-06 -2.529738177101417e-06
6.198309637897935e-06 3.189692800298090e-06 1.621424306463416e-05 -1.450858652207264e-05
6.471180959159468e-06 4.654344761581364e-06 1.259376926230956e-05 -3.042547279069717e-06
9.051118950942050e-06 2.250890032356368e-06 2.616842248296420e-06 1.266126051346424e-06
6.932550709377817e-06 6.124292282595566e-06 4.170757563279734e-07 -1.231950872227791e-06
1.088856313700851e-05 3.460808383524759e-06 -1.448381843475820e-05 -1.374122139378389e-06
7.780478134009990e-06 4.682774164411033e-06 -7.135112120450493e-06 2.454857300984866e-06
9.768040047161121e-06 4.794996470033996e-06 2.136190995609812e-06 -5.193545784364471e-06
7.611840555995694e-06 7.556673741972046e-06 -6.721189871919892e-06 -3.658584996219014e-06
1.166911161887148e-05 4.807096139407147e-06 -8.420385751956561e-06 1.658190043924935e-06
1.108362295592167e-05 6.163055294886647e-06 3.711236062143687e-06 -3.626830238555269e-06
9.632825848247501e-06 7.045093316626974e-06 -1.670284949878101e-06 3.153461102589357e-07
8.437416193877453e-06 8.968155944840570e-06 -2.084730184824101e-07 -1.118086935990168e-05
9.502820452448178e-06 1.034112088035040e-05 -2.276398794469309e-06 -2.595690927351626e-06
1.273499371839373e-05 6.057390667889831e-06 -4.292800886608717e-06 1.018517747101674e-06
1.199576324083150e-05 7.761258946018798e-06 1.862401765928902e-06 -1.469760165467909e-06
1.111434407913476e-05 9.811298026765191e-06 -3.800521558785865e-06 -2.869980598281818e-07
1.073849385567511e-05 1.162596715983929e-05 -4.501870091831792e-06 -2.122248415758365e-06
1.407339324005969e-05 7.205231835340162e-06 -4.791869197153054e-06 -2.627202621857625e-06
1.367827268782236e-05 9.806420655898714e-06 -2.706419245083798e-06 -3.439976785674500e-06
1.216198941979602e-05 1.276961934843942e-05 1.860931887992751e-07 -5.819190427815908e-06
1.378475657421454e-05 1.378725348013360e-05 -2.719385735756963e-06 -4.567430941929597e-06
1.554799065081839e-05 1.464522640705701e-05 -6.039370208544480e-06 -7.126943855091107e-07
1.567956114176060e-05 1.038280311939594e-05 -4.136449445504340e-06 -2.428638560551856e-06
1.565753816404636e-05 8.179567698048011e-06 -4.421357194410842e-06 -5.452798907002435e-06
1.527575277475749e-05 1.263459272041069e-05 -5.773674866510330e-06 -2.382938973853616e-06
1.746652944538998e-05 1.527915838087828e-05 -4.369834902962193e-06 6.745546171096902e-08
1.948856617553568e-05 1.571025132407020e-05 -3.601867742409593e-06 -3.154321627904671e-06
1.731829958343269e-05 1.088043519504800e-05 -4.166032614398964e-06 -1.588329571220838e-06
1.747597942079766e-05 8.895057418662705e-06 -3.399930965932891e-06 -1.973339232887373e-06
2.156397134561577e-05 1.590899016201841e-05 -4.020561518689069e-06 -4.670038729822853e-06
1.921564221377505e-05 1.277583490669962e-05 -3.361286910376641e-06 -2.566409353739346e-06
1.945908652377947e-05 9.305417968179064e-06 -5.943355547664582e-06 -8.315741205132003e-07
2.201546733138517e-05 1.310570852899350e-05 -3.840222114651604e-06 -3.215644659515009e-06
2.393429056762452e-05 1.600433976334684e-05 -5.561534955863426e-06 -4.087116577006074e-06
2.153819205793384e-05 9.412080948970155e-06 -4.402685950797333e-06 -6.430996585362775e-07
2.728294269485844e-05 1.609616199137525e-05 -7.812108597865625e-06 -4.678888477754394e-06
2.460169156742061e-05 1.148387798461621e-05 -7.465106442099402e-06 -1.989734270863641e-06
2.393103840511353e-05 9.319164824376214e-06 -6.892280361565571e-06 -1.162285858659886e-06
3.207982536100611e-05 1.623468941349349e-05 -7.302961108873835e-06 -5.904553272095752e-06
2.966798931469707e-05 1.238101933632243e-05 -6.924911918122653e-06 -4.202784587541889e-06
2.729145283316349e-05 9.197831516350162e-06 -7.641605712297431e-06 -3.348988700208023e-06
3.865430075908149e-05 1.638217124308307e-05 -1.169945053991418e-05 -4.204928401982211e-06
3.532608961357685e-05 1.265943669113189e-05 -1.015497488140194e-05 -3.111429772347701e-06
3.207716703703329e-05 9.069785194158235e-06 -8.292468364116042e-06 -6.929983470571794e-07
4.574814238582517e-05 1.650659383103689e-05 -1.176570059753583e-05 -3.754078142335888e-06
4.216320376165654e-05 1.265836295798157e-05 -1.110591081515682e-05 -3.501697608077247e-06
3.865706695613510e-05 8.936381326481813e-06 -9.999625154398436e-06 -3.024619024677157e-06
5.305387814639493e-05 1.661486998690421e-05 -1.651581214715149e-05 -4.178697335194278e-06
4.936755590432267e-05 1.265493011726694e-05 -1.451504057504241e-05 -2.061400136290668e-06
4.574810470042069e-05 8.806661668787779e-06 -1.319049620311871e-05 -9.940053066329360e-07
6.053175655513226e-05 1.669798392176474e-05 -1.588285500378548e-05 -4.513695258617764e-06
5.676715809345119e-05 1.265625110299843e-05 -1.632456222082501e-05 -3.952054623766360e-06
5.305326760389633e-05 8.695355805355101e-06 -1.553041595754869e-05 -1.535593690698707e-06
6.814799283457387e-05 1.675643102997230e-05 -1.921038638435344e-05 -1.754730117622568e-06
6.432165289022704e-05 1.265465876506487e-05 -1.720553680238544e-05 -2.801504520941458e-06
6.053378364489751e-05 8.614359950551003e-06 -1.652763645721476e-05 -2.624141256219711e-06
7.586484626269839e-05 1.681145972594043e-05 -2.159872525449250e-05 -2.259057421505992e-06
7.198898562913747e-05 1.265204526568773e-05 -2.088576700644714e-05 -2.814315112334106e-06
6.814805788749670e-05 8.549305360970721e-06 -1.860132552445384e-05 -2.876903947719077e-06
8.368068813636022e-05 1.685276927349440e-05 -2.292598140835319e-05 -6.157869690270188e-06
7.975862935068378e-05 1.265363447960505e-05 -2.197226597497182e-05 -2.587367974237232e-06
7.586407856257317e-05 8.493121241982240e-06 -2.230651266648749e-05 -3.681849293071414e-06
9.154717620614413e-05 1.686683794031361e-05 -2.288267214116977e-05 -5.494952500873756e-06
8.761065624982085e-05 1.265305363323415e-05 -2.250187329751115e-05 -2.808101518616391e-06
8.368140888796567e-05 8.454825469625236e-06 -2.238947786091944e-05 7.994896594217881e-07
9.944102426554999e-05 1.688398000772576e-05 -2.778355884471919e-05 -3.428363752334544e-06
9.548818383577922e-05 1.265214264278394e-05 -2.576676954357220e-05 -2.680458700416803e-06
9.154681745754616e-05 8.438139514370217e-06 -2.312425346288763e-05 5.149197448990436e-08
1.164151626165255e-04 1.644062076443912e-05 -3.070290664366332e-05 -2.503432744654633e-06
1.152878647945263e-04 1.690668758565941e-05 -3.061203581524946e-05 -2.710039176771360e-06
1.029847406924508e-04 1.265075475873855e-05 -2.740855573701964e-05 -2.665847059437795e-06
1.073525451531619e-04 1.689154109698110e-05 -2.643260571466524e-05 -4.934288134202104e-06
9.944247146847596e-05 8.418589987460758e-06 -2.778504385696248e-05 -1.977797216903305e-06
1.168822038433723e-04 1.531457292515105e-05 -3.073506116687170e-05 -2.219270927164600e-06
1.142115134385021e-04 1.265727730251253e-05 -3.076089332332970e-05 -2.358501805861561e-06
1.073501328194065e-04 8.414032924163866e-06 -2.650203834630017e-05 -1.725741383242031e-07
1.168815065479518e-04 1.000099163855762e-05 -3.087442606371219e-05 -2.387439876991263e-06
1.152864219074949e-04 8.407882643686075e-06 -3.075942451506744e-05 -1.893525901800163e-06
1.164142358954796e-04 8.874305364940668e-06 -3.084989591785856e-05 -2.097396054692311e-06
