-1.336601557250665e-04 1.794913192305300e-05 1.444822079716946e-05 -1.078783005803597e-06
-1.342025510817205e-04 1.663863688554890e-05 1.424341196226876e-05 -1.444451486982791e-06
-1.342032156294750e-04 1.045887794056018e-05 1.393199962598834e-05 -2.767181469896564e-06
-1.336608829675324e-04 9.148461658654648e-06 1.410622336127526e-05 -3.087790298385607e-06
-1.323504563577201e-04 1.849206837980682e-05 1.489635160618405e-05 -9.317608887910856e-07
-1.298950359503536e-04 1.354922555042838e-05 1.545488249786898e-05 -1.904142508885209e-06
-1.323512657754016e-04 8.605590682297537e-06 1.451264020368284e-05 -3.200291348649864e-06
-1.231317674195097e-04 1.849248922779711e-05 1.712683063913065e-05 -7.979187213071618e-07
-1.231325351626284e-04 8.608507875333817e-06 1.664483810228801e-05 -1.699908835279741e-06
-1.180321537410607e-04 1.355130167523265e-05 1.444367328702113e-05 -7.992783476968664e-07
-1.139054457147095e-04 1.847533174317026e-05 1.303848104133363e-05 -1.133614188458118e-06
-1.139049962717526e-04 8.627263509853353e-06 1.312544954653341e-05 -5.201977235635700e-07
-1.093057577692628e-04 1.355144549344672e-05 1.345427889310928e-05 -1.131745165997528e-06
-1.047164871227659e-04 1.845613334840227e-05 1.435678015408810e-05 -1.639653300918507e-06
-1.047149003430074e-04 8.645273765723118e-06 1.498204269093345e-05 -1.972425766953527e-06
-1.001328317361265e-04 1.354928329372555e-05 1.451124555318681e-05 -2.102469786280315e-06
-9.557875881050224e-05 1.841387769371988e-05 1.305530200929109e-05 -3.797996871808900e-06
-9.557565108004295e-05 8.681382899749622e-06 1.348447631549482e-05 -7.462293135274217e-07
-9.103743456721190e-05 1.354738076565956e-05 1.113374438976383e-05 -1.898586354705885e-06
-8.652329470106284e-05 1.837397286233320e-05 1.100133180718006e-05 -2.843153809155046e-06
-8.652471837507325e-05 8.725516557769846e-06 1.055497862563708e-05 -4.251442914762062e-07
-8.202515122439760e-05 1.355180699489086e-05 1.019318192730871e-05 -1.338162694629282e-06
-7.756881949842980e-05 1.830882072311000e-05 9.881894426751727e-06 -2.366827021527908e-06
-7.756575097121237e-05 8.791711389784316e-06 1.030197644285996e-05 -7.057028787375235e-07
-7.313352228052812e-05 1.354788740355391e-05 9.521533926888819e-06 -1.666887524990888e-06
-6.875621399970368e-05 1.821220260751363e-05 9.563467107534765e-06 -2.461912270081014e-06
-6.875612892273714e-05 8.880913335343389e-06 9.381097743809685e-06 -1.761206186091277e-07
-6.441042796698729e-05 1.354640838913771e-05 8.999972165384039e-06 -9.709909995944797e-07
-6.014166101456131e-05 1.809402472661761e-05 6.749422241893347e-06 -2.035947133342774e-06
-6.014179959580378e-05 9.000930759914530e-06 7.839195620684977e-06 -3.328444367847474e-07
-5.590993247195959e-05 1.354860254216382e-05 5.557894925243309e-06 -2.326867094628437e-06
-5.175057882469274e-05 1.797451349910744e-05 6.321289245841252e-06 -2.508291607916265e-06
-5.174933890529768e-05 9.119757066657428e-06 4.549756727455776e-06 -1.859628198860477e-06
-4.763152311350246e-05 1.354438487728053e-05 6.282546942235077e-06 -1.377973913617963e-06
-4.361402105104469e-05 1.780974255139114e-05 6.280366846436141e-06 -3.075617013301635e-06
-4.361466681648201e-05 9.275990624941505e-06 6.407162515868672e-06 1.639466923254463e-06
-3.980546774173693e-05 1.354291364090605e-05 5.832137418275374e-06 -9.310265435300348e-07
-3.609772616088017e-05 1.763832529865764e-05 4.929991584554326e-06 -6.504143336453268e-07
-3.609420648494325e-05 9.453223529927216e-06 5.315429559598097e-06 -1.130626606587396e-06
-3.334542981992072e-05 1.385191163191116e-05 4.243057405537644e-06 -1.850639504995422e-06
-3.064167417039263e-05 1.747760098711755e-05 2.698423663309095e-06 -1.661473638378518e-06
-3.063892510929106e-05 9.628414601100352e-06 3.798702902518192e-06 9.066520322284256e-07
-2.683397789117276e-05 1.733293685598224e-05 4.479161341413720e-06 -9.123859751326385e-07
-2.753142383721889e-05 1.485807329921709e-05 4.013712673192148e-06 -1.277352157428218e-06
-2.681985450594449e-05 9.734390157947738e-06 2.616073580495719e-06 -3.144730459114601e-06
-2.413570952725366e-05 9.846175805842315e-06 3.310274505104310e-06 -1.194502055378220e-06
3.446614753780706e-06 7.424984392796085e-07 -1.593909143029124e-05 7.627309512435679e-06
3.510839752258588e-06 5.412245412907600e-07 -1.054583117965897e-05 5.999384999182123e-05
3.512797845977766e-06 9.087097620777586e-10 -7.600939426485660e-06 -2.654237155337490e-05
3.458217382884915e-06 -1.246975136853006e-07 -9.417704440390995e-06 -9.403299462052342e-07
-2.413584317255466e-05 1.723086565352776e-05 4.366270760594921e-06 -1.310076453017706e-06
-2.176830576757573e-05 1.700500910276324e-05 5.441182980518651e-06 -1.280064825778141e-07
-2.355657307736219e-05 1.262280238421322e-05 5.374785246251888e-06 -2.629103572548579e-06
-2.173045000915991e-05 9.759775026488478e-06 4.479586896340788e-06 1.694643404804299e-06
3.272191256414327e-06 8.306247764517940e-07 5.256449940651632e-05 -4.652890635092424e-05
2.913275590546106e-06 2.706238350592850e-07 -2.077431841679079e-05 -9.269393852866410e-06
3.328819474039329e-06 -1.828261661640497e-07 1.677000808572892e-05 4.263032727015479e-06
-2.098976226146779e-05 1.474610373609903e-05 4.894565070951937e-06 -2.610301218191984e-06
-1.948036428755620e-05 1.649613327729755e-05 4.205433336728705e-06 3.772978829251604e-07
-1.733378369884195e-05 1.577279882428624e-05 1.600802326106021e-06 -2.853417180978534e-08
-2.027850367188340e-05 1.172812886642381e-05 3.539034119736101e-06 -5.721596929617068e-08
-1.949080557440277e-05 9.309475895695254e-06 1.668580805220460e-06 -2.719004272561099e-06
2.164855049050374e-06 8.543860173924234e-07 3.513570406217194e-06 1.887827334807512e-05
2.150408812152593e-06 -2.743604960357119e-07 3.355312808807051e-06 8.675266444378800e-06
1.575369690498741e-06 2.564755844152118e-07 -6.566249780827959e-06 -2.496282612212376e-05
-1.536416054935216e-05 1.480119384541905e-05 2.852200071887359e-06 2.916446709576169e-07
-1.702697950319631e-05 1.351495376439463e-05 1.607234997837403e-06 -1.010420917655136e-06
-1.775904571994038e-05 1.075725117661342e-05 1.114119341360982e-06 -1.614587458536821e-06
-1.745125498823831e-05 8.525512421035793e-06 -6.575458098354976e-07 -6.539524516733094e-06
9.535879474007222e-07 9.509967705407973e-07 -3.987734863922903e-06 6.321945437706104e-06
9.613198577192141e-07 -3.314217912761627e-07 9.268088879308889e-06 1.091979545657287e-05
2.316540278945727e-07 2.515922412708195e-07 -1.056339647855685e-06 -9.905418978180340e-06
-1.355504839289403e-05 1.366131211698505e-05 3.662877779818222e-06 2.028411415299198e-06
-1.196341965348247e-05 1.237782059628774e-05 1.191011976287374e-07 -1.425766826618011e-06
-1.524260873389008e-05 1.034047933803172e-05 3.444895303079922e-06 5.788836767917630e-07
-1.567589497490528e-05 7.445197912164957e-06 -4.082436510453433e-07 -1.407330634972745e-06
-5.590919991702582e-07 1.191528280566105e-06 4.547515379581214e-06 9.211965095215867e-06
-5.694588964567697e-07 -5.720163180209258e-07 -8.402731146094365e-07 9.414978617866871e-06
-1.236921752286721e-05 1.046436832932463e-05 1.703009069038800e-06 -1.919223978793091e-06
-1.058155493502778e-05 1.093945010830339e-05 2.184063982545669e-06 -5.014592732272514e-06
-1.303129403703951e-05 8.380884943002259e-06 2.135107859058076e-06 4.963126293559049e-07
-1.418670320322015e-05 6.156314699223434e-06 8.268706519984818e-06 -3.434632849574331e-06
-1.473780686158539e-06 2.818861647330558e-07 -3.905200769082499e-06 -9.120651039724968e-06
-2.530692140115336e-06 1.501072468698493e-06 -2.032349158357235e-06 1.025404278602371e-05
-2.532019587363935e-06 -9.203810504385498e-07 -5.161654875660510e-07 3.786987829905869e-06
-9.381968589487264e-06 9.408667780476851e-06 4.212164856114274e-06 -3.056920030216199e-06
-8.430333065523477e-06 7.850437623743675e-06 2.554048457025413e-06 -1.168764963965465e-06
-7.704907702716972e-06 6.220438713330515e-06 -3.155997272742647e-07 -1.091794708833303e-06
-1.168811338350940e-05 6.556464826122985e-06 -2.017141856862507e-06 -5.218048522957490e-07
-1.300797313883363e-05 4.726291118038994e-06 4.514229786993840e-06 2.857171754154542e-06
-3.392036856851319e-06 3.036992993745044e-07 7.277511423562448e-06 1.900684500309290e-06
-4.462546279479283e-06 1.815777748596524e-06 7.925253654536946e-07 -6.794444993671167e-06
-4.455539451630879e-06 -1.253273368239531e-06 -7.417473036732863e-06 -6.343449378063136e-06
-9.308884688763485e-06 6.207044752442276e-06 4.615388194635632e-06 1.126886432748238e-06
-7.170669506487030e-06 4.572314022859154e-06 -1.693227162564228e-06 -5.527597677082585e-06
-6.153882474264381e-06 2.084626902801764e-06 7.075695808122948e-06 -5.902279610545559e-06
-6.647929567247719e-06 2.366437395359546e-06 -4.097519341118858e-06 1.887527072709384e-06
-6.897446287236345e-06 2.934681123167170e-06 -1.009792299864464e-05 6.678247531242160e-06
-1.076955771666745e-05 4.521570732361858e-06 -1.333511920923894e-06 -3.935981294059657e-07
-1.212836669443902e-05 3.232881527431332e-06 5.296375984869034e-06 -6.115833491552214e-07
-5.391791957603515e-06 5.248619969820831e-07 1.882575951655658e-06 9.844916076709437e-06
-6.204840280297773e-06 -1.474576895988284e-06 5.327977794472489e-07 -1.160913679871944e-05
-8.284152512264262e-06 3.416710814246817e-06 1.051028496101278e-05 2.103474950352383e-06
-6.692200012005732e-06 1.270447777569726e-06 1.362940067303516e-06 -2.464047200799174e-06
-7.281436727530017e-06 2.171828270966753e-06 -5.832722450593222e-06 5.126087158532699e-06
-1.011908161758705e-05 2.761022314086967e-06 1.138125539921728e-06 -3.411201631844283e-06
-1.156563646173438e-05 1.734592626643056e-06 6.546290468895185e-06 6.569683300025646e-06
-6.756508273947826e-06 -4.597565742648625e-07 -4.418625246143774e-07 -2.072505340628019e-06
-6.722951553752499e-06 -1.723827624768404e-06 8.613358429090140e-06 -7.389152881761409e-06
-8.640578720102642e-06 8.751559102839725e-07 -1.080066069780514e-07 -4.265912918235156e-06
-1.136631654536234e-05 2.612495685161337e-07 3.797492218341951e-06 2.608456890242480e-06
-1.143974217837479e-05 -1.161563407460540e-06 -4.163693282633556e-06 1.677271837074089e-06
-7.793346100367959e-06 -1.394986894586689e-06 3.977448799515716e-06 1.669282445565567e-06
-7.035925807064536e-06 -2.259663821516343e-06 1.275561115209682e-05 -2.623495378283833e-06
-7.425475901642817e-06 -3.738725420278955e-06 5.130177934849838e-06 6.046929053509357e-07
-1.003664448009980e-05 -1.362891703440560e-06 3.856451136820874e-06 1.656257828427350e-06
-7.965429678697496e-06 -5.131815718627472e-06 6.692235909662378e-07 1.289001907820976e-06
-1.180532976646557e-05 -2.582503686178042e-06 -7.934421092363675e-06 6.119760287608621e-06
-8.741414982068245e-06 -3.808245785062548e-06 -3.337397972627152e-06 1.156637386716303e-06
-1.069033000773266e-05 -3.911920865511765e-06 9.218503574371407e-06 -3.546746331293108e-06
-8.652204669219226e-06 -6.442263750049153e-06 8.581408452303209e-06 3.589118999326804e-06
-1.243779167162462e-05 -3.911814816836489e-06 -2.251546969897674e-06 9.070656722212123e-06
-1.188332887863600e-05 -5.204679254204385e-06 5.835829738911253e-06 -2.672981176193215e-06
-1.058803591370555e-05 -6.005331278574245e-06 -3.005767155426727e-06 3.715332871401197e-06
-9.521837911485868e-06 -7.671505418640100e-06 -2.286737118493170e-07 -8.957955489563100e-06
-1.049366419263596e-05 -8.795539214368051e-06 4.541657099799427e-07 4.932494605840514e-06
-1.329876400759716e-05 -5.134417165910531e-06 -4.260627508272282e-06 9.620442337679549e-08
-1.266070351627630e-05 -6.628417754302745e-06 1.810617011271736e-06 2.547349983721846e-06
-1.190440505159500e-05 -8.350147811228152e-06 5.285560557855863e-07 5.873894961306727e-06
-1.158355112083516e-05 -9.798595713647121e-06 3.049320217460102e-06 3.464273827939349e-06
-1.434434547552124e-05 -6.186882916716087e-06 4.520440762859898e-06 3.108537904775174e-06
-1.402460023775642e-05 -8.337179978892858e-06 5.517689140424676e-06 -1.119515426033072e-06
-1.279652163061180e-05 -1.066620138244281e-05 7.180145331409385e-06 -2.572711314464378e-06
-1.408528882898462e-05 -1.138262399463430e-05 3.880081650839068e-06 2.111353776696075e-06
-1.544711956523821e-05 -1.195381420288384e-05 -6.303140967574732e-07 4.545550349549369e-06
-1.556825254138338e-05 -8.787514494454436e-06 3.628987274308396e-06 -2.696815582345717e-09
-1.556235381634110e-05 -7.044468690285614e-06 4.729012893775148e-06 1.382257037190308e-06
-1.526307686515174e-05 -1.049200074466351e-05 9.843405322228373e-07 1.885481398706526e-06
-1.686411880677787e-05 -1.236594892810331e-05 2.568400136647106e-06 2.371966220158778e-06
-1.831009569307171e-05 -1.260441430069419e-05 2.783342882272224e-06 1.330428035896745e-06
-1.678392487121871e-05 -9.173380904965650e-06 1.579694495467887e-06 1.056207057407133e-06
-1.689612436437598e-05 -7.677518593533869e-06 2.182026712846249e-06 3.580334866733724e-06
-1.977069195635967e-05 -1.267774469403754e-05 6.413280234678910e-07 4.164935440790164e-06
-1.815376735057246e-05 -1.054739418791914e-05 2.419769251340934e-06 1.891671558693875e-06
-1.831399222104376e-05 -8.069403473423393e-06 2.461937512289309e-07 1.249765480533405e-06
-2.009673908320060e-05 -1.076072888835553e-05 4.310132625056085e-06 2.658488927349298e-06
-2.137210101203013e-05 -1.266962193529453e-05 3.452199173691955e-06 2.781402238319372e-06
-1.977751059978635e-05 -8.206160273755162e-06 5.570596270483666e-06 1.138892042793214e-06
-2.357481868738410e-05 -1.265572215148106e-05 4.371320646759845e-06 1.551358607867336e-07
-2.184731663433256e-05 -9.673019898847298e-06 1.776007018678907e-06 2.374644901362630e-06
-2.138023959001321e-05 -8.217550456025599e-06 1.714840249339818e-06 2.312342388693403e-06
-2.656719238944712e-05 -1.264277401354066e-05 4.420050076352166e-06 1.966993857029202e-06
-2.508985326218907e-05 -1.027376780538163e-05 4.342927079036425e-06 2.814006950998862e-06
-2.357072439917818e-05 -8.234562125876287e-06 2.557694933477198e-06 2.160439575799757e-06
-3.048778587796839e-05 -1.262235310486649e-05 2.686730029499070e-06 3.270126811050840e-06
-2.853423520325917e-05 -1.044560458514406e-05 2.501873584396725e-06 1.884046792099232e-06
-2.656941065657513e-05 -8.251843428215767e-06 3.624749185210525e-06 1.777053355031096e-06
-3.452519347562638e-05 -1.260293377348219e-05 4.672884527070510e-06 1.669671987535190e-06
-3.251244090550365e-05 -1.044934504703402e-05 4.035788472440062e-06 1.690342349052158e-06
-3.048494434933175e-05 -8.270051906852535e-06 2.997708296509411e-06 -1.126371958983751e-07
-3.853174061042961e-05 -1.259617591208611e-05 2.729413772951891e-06 -1.237724233366222e-08
-3.653122914218844e-05 -1.045449291384861e-05 4.213223455170944e-06 2.394561387191706e-06
-3.452214291721622e-05 -8.300483334589176e-06 4.067824933249718e-06 1.874172188251296e-06
-4.252659876553692e-05 -1.259562319386461e-05 4.645607377575643e-06 1.080279835792047e-06
-4.053082231136672e-05 -1.045489991886898e-05 3.235073135610251e-06 1.153100298222202e-06
-3.853325374833039e-05 -8.313901471076436e-06 3.881395937089003e-06 4.353826344974532e-06
-4.650156003704089e-05 -1.258580038929941e-05 3.381824563886223e-06 3.350699870366844e-06
-4.451779764585301e-05 -1.045261075808716e-05 3.715974380531893e-06 1.496688230431304e-06
-4.252751044288711e-05 -8.312856414909009e-06 3.524027070799005e-06 6.986468231209563e-07
-5.048884726505658e-05 -1.260135884281925e-05 5.192297391827425e-06 2.564735954241649e-06
-4.848755667948405e-05 -1.045391124438270e-05 4.366966408328953e-06 1.666967888652581e-06
-4.649981420798093e-05 -8.318684441658686e-06 3.956698669485197e-06 -8.455601410543575e-07
-5.450179587782732e-05 -1.260297828059859e-05 4.641784359294734e-06 8.108874604793376e-07
-5.249632316962717e-05 -1.045520369074326e-05 5.395601235821488e-06 2.164319455389681e-06
-5.048979919576088e-05 -8.307438625695115e-06 4.580981752825523e-06 2.294443418340190e-06
-5.851088461857666e-05 -1.260098418476249e-05 5.538463664391230e-06 2.909514527212152e-06
-5.650453463452125e-05 -1.045501817686800e-05 4.317557449135953e-06 5.276874606235007e-07
-5.450049747628671e-05 -8.308484724767376e-06 5.478790322955209e-06 1.546237414654864e-06
-6.254124496664385e-05 -1.260515033200776e-05 8.317402056054384e-06 2.672446435234347e-06
-6.052526923184964e-05 -1.045063161000527e-05 7.237785165280523e-06 1.836930555285246e-06
-5.851355044103815e-05 -8.303782638987572e-06 5.038689113680869e-06 -7.128230614951609e-07
-7.118931454805507e-05 -1.238177329233833e-05 9.755928767424204e-06 2.933053774165645e-06
-7.061604814485239e-05 -1.261986820384013e-05 9.166278901387081e-06 3.199580922132196e-06
-6.434479286004780e-05 -1.045271760217524e-05 7.464245003781681e-06 2.778600543516224e-06
-6.657677593618421e-05 -1.262460981341928e-05 6.436599798599092e-06 3.839932731086210e-06
-6.254010537997113e-05 -8.297749554238915e-06 7.750843696755202e-06 2.282088528629456e-06
-7.142670744987779e-05 -1.180759942951720e-05 9.999821422340991e-06 2.314724125755368e-06
-7.007160321178998e-05 -1.045574442286875e-05 8.867411996666433e-06 1.149094262436147e-06
-6.657581518209363e-05 -8.284156404684113e-06 7.116547823478866e-06 6.076503189979380e-07
-7.142719511505303e-05 -9.103567729819073e-06 1.012756299514043e-05 -1.961770338260514e-07
-7.061622950987950e-05 -8.290803039864359e-06 9.491257525573025e-06 -8.170518929804954e-07
-7.118973711600791e-05 -8.529051854866381e-06 9.942569135597602e-06 -6.422882960031862e-07
