9.675861838033356e-05 -1.385509269959774e-05 3.744445766688906e-06 -3.131024157261783e-06
9.713890937140660e-05 -1.293759123407451e-05 4.198685677251059e-06 -2.778355568568954e-06
9.713992127965512e-05 -8.611888132714323e-06 4.204486525246421e-06 -1.216936864879166e-09
9.675973055034212e-05 -7.694575902429535e-06 3.765989844842959e-06 2.755981574129281e-07
9.584067605094418e-05 -1.423504566010283e-05 2.797539237106712e-06 -3.120791044249034e-06
9.411974987281629e-05 -1.077549090437492e-05 1.140151700508567e-06 -1.450188354287160e-06
9.584193794408304e-05 -7.314765768283308e-06 2.868383918736803e-06 2.263848605663049e-07
8.938350352431204e-05 -1.423352572120812e-05 1.537802293484244e-06 9.862479674367402e-07
8.938523161860609e-05 -7.323408169427665e-06 1.698455726196641e-06 -4.267055488549782e-06
8.583033180298416e-05 -1.078121437988984e-05 3.274708090336672e-06 -1.556522475650382e-06
8.294554834462538e-05 -1.423358605797305e-05 3.255082673180346e-06 -2.018594938677174e-06
8.294579394677242e-05 -7.331492851327064e-06 3.158251381235018e-06 -1.250988544237217e-06
7.972303553819296e-05 -1.078373671113470e-05 3.635685565503710e-06 -1.419742016874010e-06
7.650525129220872e-05 -1.422422352665145e-05 4.709732806641177e-06 -2.397874901482074e-06
7.650623271650468e-05 -7.344968109442486e-06 4.563521496439096e-06 -8.349615100914482e-07
7.329580064239197e-05 -1.078504353452550e-05 4.999925323187167e-06 -1.835920225602048e-06
7.011106879589412e-05 -1.418853483581816e-05 5.177028169261435e-06 -2.630264683078358e-06
7.010901480251245e-05 -7.380734959054501e-06 3.948188570566990e-06 -1.309659629642629e-06
6.693367269778886e-05 -1.078519108186009e-05 3.103684419991919e-06 -1.906006998419469e-06
6.377438376959483e-05 -1.416431746918627e-05 4.003376986665380e-06 -1.576524612358192e-06
6.377710757625152e-05 -7.412472093718233e-06 3.469901623523120e-06 -1.874835580165380e-06
6.062743209101113e-05 -1.079047516985573e-05 5.985697568351835e-06 -1.213128783875543e-06
5.750102183268538e-05 -1.413510938441596e-05 6.302088305275197e-06 -4.139062034358757e-06
5.749981267283341e-05 -7.445026718562622e-06 7.258016009211790e-06 -1.215868440122333e-07
5.438449012577605e-05 -1.078886928607319e-05 5.597043404808242e-06 -2.967813878665033e-06
5.129862197795506e-05 -1.408231377311541e-05 7.176142247153430e-06 -2.442935047293202e-06
5.130035230275815e-05 -7.495491416991953e-06 4.885669065969544e-06 -2.600530858615435e-06
4.823104770423599e-05 -1.078833743925314e-05 7.034535526060568e-06 -1.159966854620899e-06
4.520074030917637e-05 -1.402320167000287e-05 6.227902817400238e-06 2.158564058438083e-08
4.519552006962486e-05 -7.549992137595429e-06 7.126128609434354e-06 -2.862839359583110e-06
4.218400493224183e-05 -1.078301093147827e-05 4.641965212956604e-06 -1.633253007309507e-06
3.921083538440174e-05 -1.395203745095133e-05 3.138513490699299e-06 -7.742488917747513e-07
3.921288935474191e-05 -7.613877850909456e-06 3.384795184834004e-06 -2.108843818999994e-06
3.625852198874996e-05 -1.078409264276185e-05 3.557802256062567e-06 -2.469871050798603e-06
3.334899995574794e-05 -1.387897533735250e-05 4.176186845924515e-06 -3.653893171741158e-06
3.334917843698446e-05 -7.694135109284271e-06 5.417951757107176e-06 -6.044456610096848e-07
3.058201879543296e-05 -1.078523744902866e-05 6.019258338499811e-06 -1.323421572798723e-06
2.787237943348785e-05 -1.378324894458132e-05 6.206544978173821e-06 -2.769054132864089e-06
2.787425325379561e-05 -7.796271557368084e-06 2.872103497030667e-06 -4.931426893511495e-08
2.585789888964276e-05 -1.101997346645024e-05 3.374388297854999e-06 -3.260094608707465e-06
2.386293795626893e-05 -1.369017050712084e-05 2.610854627415290e-06 -2.852969893320162e-06
2.385497462009779e-05 -7.892986970620151e-06 3.516716643856415e-06 6.052097677598098e-07
2.103408404362800e-05 -1.360324470999139e-05 3.338100609852204e-06 -8.674298550412981e-07
2.156026843937867e-05 -1.175323309970411e-05 3.438415039053590e-06 -1.779993806476920e-06
2.101998302079728e-05 -7.951160575381773e-06 3.075268113488844e-07 -4.320348339736140e-06
1.901252467926105e-05 -8.018689221000205e-06 -1.778202149968046e-07 -1.642966082212154e-06
-2.870659304415608e-06 -6.947074487103864e-07 2.479369628798786e-05 -9.587148837457653e-06
-2.926490724645392e-06 -5.937398067761886e-07 2.483517236247547e-05 -1.145745401359731e-04
-2.907063395361451e-06 -9.037710721448241e-08 -9.011965815453670e-06 9.610675646372977e-05
-2.836881494400742e-06 7.546860092725264e-08 -7.571493909979964e-06 7.549750700685713e-06
1.900990564926014e-05 -1.354194099554593e-05 -3.656997415916314e-08 -9.550840310150854e-07
1.723112330451070e-05 -1.338233868748654e-05 3.611460095026951e-06 4.371438015618699e-07
1.858520098163739e-05 -1.009157621331769e-05 2.469137917752382e-06 -4.639619082668389e-06
1.721430709112992e-05 -7.933927769729637e-06 3.477093217886635e-06 1.054006538989119e-06
-2.752782289755241e-06 -7.294086451589983e-07 -1.502384930715271e-05 5.178193562425646e-05
-2.425228179201835e-06 -3.454800853517091e-07 1.751669505400117e-05 7.926317345452561e-07
-2.675447688359210e-06 1.472689181047044e-07 -3.992076442964503e-05 -3.702627698494505e-05
1.664986811021525e-05 -1.169234641070478e-05 4.814076957829313e-06 -2.086356735533016e-06
1.550635401600124e-05 -1.301244237599685e-05 4.267255300508863e-06 1.414063913561933e-07
1.387786052338129e-05 -1.248357688005382e-05 3.379830819485509e-06 -7.208833939222071e-07
1.612053912957937e-05 -9.413272055272300e-06 4.546511037578371e-06 -8.507365001352589e-07
1.551823956560392e-05 -7.568805769369839e-06 5.885867574704618e-06 -6.958484232193115e-06
-1.791849985929000e-06 -7.909908525082663e-07 -7.550435341227804e-06 -1.104527068540398e-05
-1.813268893255536e-06 1.382888597296586e-07 -6.970320826231816e-06 2.311360689271726e-06
-1.312287168727868e-06 -3.452959299512212e-07 1.763604977562827e-05 2.810336493392782e-05
1.236344284220168e-05 -1.176900970942438e-05 3.232942245504737e-06 -2.548676083664061e-06
1.364949025487682e-05 -1.078173901842831e-05 3.562461814159572e-06 -1.668429581149954e-06
1.420475267697432e-05 -8.669163322474984e-06 1.832949275884228e-06 -5.229714288001568e-06
1.396964553454754e-05 -6.952500333752533e-06 -2.243213240843245e-06 -3.156556767126139e-06
-8.084182310794011e-07 -8.625744812607872e-07 -5.457787517052619e-06 -2.334467081673726e-05
-8.143448688394108e-07 2.134296358460187e-07 -6.795602717224192e-06 -1.539984613157926e-05
-2.211566660641673e-07 -3.499432594317445e-07 4.949069320953562e-06 3.922291916359826e-05
1.095686555636813e-05 -1.090561101152502e-05 1.573945154797535e-06 -2.395962285075936e-06
9.700765044036634e-06 -9.922253696356773e-06 1.001214302306327e-06 -3.672290895063782e-06
1.226725705516683e-05 -8.347534837162558e-06 -5.944490459194159e-07 2.216094741237061e-06
1.259376880355913e-05 -6.084389191378680e-06 3.991360094885515e-06 6.063596005651730e-08
4.369446321315963e-07 -1.042392682015724e-06 -2.350014722106695e-06 -2.207404312091280e-05
4.329727755251798e-07 3.958576621678407e-07 2.321414151313946e-06 -2.165939868800801e-05
1.001917339563085e-05 -8.440795552450159e-06 1.055845632050356e-06 -1.633563206671413e-06
8.609021673841104e-06 -8.816006985739884e-06 1.491198608618908e-06 -3.780536662469314e-06
1.053968713796180e-05 -6.805633848918672e-06 5.239639680642234e-08 -8.288959312833519e-07
1.145089579695594e-05 -5.062824392729110e-06 6.967935977637311e-06 -3.221323626418588e-06
1.169391579998868e-06 -3.203600903967959e-07 5.131717336155897e-07 2.237091855956162e-05
2.032554201517834e-06 -1.306622666679874e-06 -6.065429764318446e-06 -6.633439399010250e-06
2.033814238938238e-06 6.541309184932618e-07 1.209995718894846e-06 1.678178709113987e-06
7.657528450405103e-06 -7.621666172443035e-06 1.923544734639151e-06 -9.176475906068100e-07
6.892450267045914e-06 -6.387784486874956e-06 1.793011540608685e-06 -3.380215317005854e-07
6.307532057416455e-06 -5.097956824984580e-06 -2.457074956539718e-06 -2.302036116734787e-06
9.472988905178704e-06 -5.371553968936925e-06 -2.282029060184771e-06 -1.442183363447787e-06
1.052795638853627e-05 -3.920022520780936e-06 1.929188516001479e-06 -3.393240695828282e-06
2.738803554843279e-06 -3.300268215976918e-07 -2.477830160484313e-06 -1.124556243988308e-05
3.594151656373614e-06 -1.557781292454458e-06 1.427280296295814e-05 3.847927130648403e-06
3.600361618422182e-06 9.316135348492318e-07 5.209919012198034e-06 2.907826419566696e-07
7.586760680144680e-06 -5.088898258415165e-06 2.855301627478316e-06 4.307465982814725e-08
5.869235277329932e-06 -3.800396673494663e-06 -6.059145432827520e-06 -9.357304695504479e-06
5.022493700774942e-06 -1.789294061853597e-06 2.874465931150532e-06 2.188457893025976e-06
5.402875425069463e-06 -2.001109062501353e-06 -7.879021075005384e-07 -9.681026371732814e-07
5.598693402545686e-06 -2.454540678303852e-06 -2.793003825014100e-06 -3.526683257980279e-06
8.739041318859210e-06 -3.757655582479383e-06 1.514560873479581e-06 4.564292266944122e-07
9.839636051729274e-06 -2.716755494969437e-06 8.000393259055571e-07 -3.329872470104357e-06
4.371289658443140e-06 -4.968737223533260e-07 -3.865433757304939e-06 6.744245090523232e-07
5.024156227120432e-06 1.129179460635640e-06 -5.238711643755622e-06 8.849085141323775e-06
6.769738132097262e-06 -2.868787565898422e-06 3.708433325845429e-06 -5.141829400182065e-07
5.449958503773703e-06 -1.134498572028447e-06 -2.328075640575784e-06 -2.219899021359634e-06
5.910978800011177e-06 -1.841787813575098e-06 -1.137461423187934e-06 -2.091484900880488e-06
8.231786552863432e-06 -2.349666604422246e-06 4.838368752939522e-07 1.310093826154313e-06
9.406560939588727e-06 -1.503780716323254e-06 3.723018670809835e-06 5.411389982099071e-07
5.492827080543140e-06 2.927660599697775e-07 5.996052313599931e-07 1.666654096815303e-06
5.441500165800145e-06 1.337411548804330e-06 4.991448400133156e-06 1.187581670958927e-07
7.031744473477903e-06 -8.178197663267572e-07 -1.407979854744331e-06 -6.781801194669566e-07
9.247626426981032e-06 -3.073866982680507e-07 8.538397199107562e-06 4.531642509832952e-06
9.337907994938119e-06 8.666038211053244e-07 -1.321414846521580e-06 -1.354884618796761e-06
6.327056608730147e-06 1.058543396153925e-06 -1.051142906429279e-06 -8.399135542079753e-06
5.679489133766618e-06 1.779786342761745e-06 1.033272739265332e-05 -5.648977793713806e-06
5.976256087722709e-06 3.010633427363698e-06 1.494675695350942e-05 1.696928646568585e-06
8.171944944253731e-06 1.021353266689721e-06 2.183721365886541e-06 -2.884948478062811e-06
6.423702582547542e-06 4.198953067205403e-06 7.619767777862239e-06 -1.517285983963127e-06
9.673596548354355e-06 2.039600280803720e-06 -7.882345103272297e-06 5.722846673481185e-06
7.090519653414207e-06 3.057325523957870e-06 -2.568201527074323e-06 6.629905270893468e-06
8.730068844445142e-06 3.146274116061983e-06 8.268112739619612e-06 -1.166039931585952e-06
7.014720903347335e-06 5.325692189189527e-06 -3.779611059558153e-06 -7.376014310441411e-06
1.022693256240832e-05 3.162238895110199e-06 -5.600958403759501e-06 -4.285405431080026e-06
9.749557571254703e-06 4.245474397248173e-06 7.350034699959586e-06 -4.218703044036339e-06
8.625864662084379e-06 4.925125453771459e-06 9.250884763311005e-07 6.662232284982208e-06
7.700464227998339e-06 6.371046116925840e-06 5.867336775613863e-06 -1.322376567251603e-05
8.535363218368685e-06 7.377298245497797e-06 1.426218810025964e-06 3.601875855656311e-06
1.097787694538789e-05 4.182356451363065e-06 -4.241387982411811e-06 -1.565546357421569e-08
1.042441446991401e-05 5.463880827710549e-06 6.094983664812915e-06 5.836672933499330e-06
9.763859312321217e-06 6.979498561250868e-06 -4.799747659034487e-07 7.545444374175306e-06
9.483075253645584e-06 8.267070334588852e-06 -4.309466071245287e-06 5.824518134976896e-06
1.192350996197261e-05 5.070657921307314e-06 -1.051035027278058e-05 5.936723047693308e-09
1.163007526688384e-05 6.957770181867852e-06 7.381953076578729e-06 1.623007538790825e-06
1.053372072595636e-05 9.042691975840131e-06 5.392971852715876e-06 5.402604626736468e-07
1.168853139703397e-05 9.732041468100175e-06 1.790886550632412e-06 1.914777703523993e-06
1.292303892657056e-05 1.029134882749804e-05 -9.424993927889894e-07 5.731178461457183e-06
1.302829728339209e-05 7.364088779135986e-06 7.819718337233610e-06 2.944776092183349e-06
1.302492603635813e-05 5.803004792853478e-06 5.700992166407034e-06 -1.591286195327184e-06
1.274532086732207e-05 8.924340355304852e-06 1.112022459385689e-06 3.740785400998950e-06
1.424159632037438e-05 1.069382119193903e-05 6.180821094626050e-06 3.362060930329903e-06
1.560067831619659e-05 1.095068272765260e-05 7.567856454244405e-06 4.406162917595106e-07
1.415048557627429e-05 7.714056016206772e-06 1.559346064221551e-06 4.823038577684763e-06
1.425603417945735e-05 6.342562092984923e-06 2.643773822739768e-06 2.628802322076933e-06
1.698169471931681e-05 1.105527719519814e-05 4.033645076657815e-08 3.591676658427167e-06
1.543627980092553e-05 8.996000952023013e-06 3.847676785157392e-06 3.779359384751170e-06
1.559176997870454e-05 6.667981284668797e-06 1.254677471657101e-06 2.886830874677321e-06
1.729432736658424e-05 9.205046315433779e-06 3.501152463064258e-06 1.240654898760580e-06
1.853638897786812e-05 1.107257162125058e-05 7.795815580005873e-06 6.708747981545575e-06
1.698468299853517e-05 6.771152311228048e-06 6.448576066839523e-06 -2.630617305626586e-07
2.068868947618816e-05 1.109258822621096e-05 9.471526690193916e-06 -4.724162510864564e-07
1.897550226806480e-05 8.149170005828562e-06 8.453455066725794e-06 3.374829045406151e-06
1.853160582578245e-05 6.744724626865395e-06 7.599318568728350e-06 1.843970302690730e-06
2.369163091521406e-05 1.113082910843536e-05 7.629711292739649e-06 7.670649755351714e-06
2.219726367261045e-05 8.733378560814255e-06 7.809770643065066e-06 4.234277912162273e-06
2.068586668004733e-05 6.708081698882615e-06 8.486922061061643e-06 2.073532682764008e-06
2.773338076125165e-05 1.116924351181663e-05 1.083780546509084e-05 6.237994147719074e-06
2.570058032723121e-05 8.895744750921629e-06 9.088243775426394e-06 3.054037242245023e-06
2.369782649536740e-05 6.669071837558770e-06 9.338324693186562e-06 -4.180089487638863e-08
3.199502345773443e-05 1.120113820304021e-05 1.377802142268987e-05 3.472284877369604e-06
2.985180348552260e-05 8.905046741874926e-06 1.232069644975149e-05 2.771220715387648e-06
2.772299690716776e-05 6.629754921127593e-06 1.093174818616578e-05 3.093153353831658e-07
3.632556593917810e-05 1.122576484315684e-05 1.756820580841929e-05 3.125637240576720e-06
3.415466707330857e-05 8.901137296046299e-06 1.594274437032631e-05 3.714093036386479e-06
3.200032298067083e-05 6.605501754254733e-06 1.259080616236298e-05 2.038524281188188e-06
4.067519759462829e-05 1.124347524652808e-05 1.958332573657410e-05 4.586136415948685e-06
3.849603943139347e-05 8.901377200892860e-06 1.857235653716233e-05 3.009355011073297e-06
3.632388545564717e-05 6.577839660137906e-06 1.847796900691214e-05 3.659343333039850e-06
4.506238489252267e-05 1.124893982730880e-05 2.264821696031455e-05 6.477957891862581e-06
4.286377373106729e-05 8.896051500923032e-06 2.058262631142082e-05 3.260890487724961e-06
4.067869997201059e-05 6.554558511077037e-06 1.923879914584939e-05 1.946029267563425e-06
4.947462101498485e-05 1.125711156497347e-05 2.789067929427087e-05 4.034134699269987e-06
4.726589470645403e-05 8.895788765700987e-06 2.599994465383408e-05 2.456754008053643e-06
4.506024672766293e-05 6.542663417823558e-06 2.367346958287643e-05 -3.539770256889025e-07
5.390937292195155e-05 1.127683818173190e-05 2.893921586288465e-05 5.978675947408748e-06
5.168715937143205e-05 8.893582693252543e-06 2.774655635832961e-05 3.612907523396692e-06
4.947690436303030e-05 6.530876631333923e-06 2.648533946036479e-05 1.366974591811344e-06
5.834723663895252e-05 1.127115862786056e-05 3.148909844764607e-05 5.571073363998000e-06
5.613065664703885e-05 8.895275590262420e-06 3.070525763372463e-05 4.390465388341436e-06
5.390825730838219e-05 6.513839537669066e-06 2.917101259481614e-05 1.846093071878176e-06
6.279721546005082e-05 1.128088726579236e-05 3.554139728113199e-05 4.634327093921591e-06
6.056654697363473e-05 8.893468860455294e-06 3.308401078386911e-05 2.888791928716294e-06
5.834746464514388e-05 6.517898661721747e-06 3.216703695822816e-05 2.858968557952480e-06
7.238551310614291e-05 1.102650963195216e-05 4.152249393341992e-05 5.625592738234454e-06
7.175082720477138e-05 1.128924100944409e-05 4.071855257698624e-05 5.726564319164174e-06
6.480347113630652e-05 8.891838129513415e-06 3.744763666164296e-05 2.678755851673005e-06
6.727895611369782e-05 1.128546804471139e-05 3.820975904334223e-05 2.765022757981195e-06
6.279880975923718e-05 6.503579248682886e-06 3.510540845788838e-05 4.232278540305766e-07
7.264840530918820e-05 1.039203792759557e-05 4.187006393198056e-05 5.125866791096287e-06
7.114530882848508e-05 8.895578961307522e-06 3.948150743567833e-05 3.244522492160108e-06
6.727724438367772e-05 6.501124926951487e-06 3.823817400869437e-05 3.525691899749274e-06
7.264748081288432e-05 7.399780510634528e-06 4.160459247543249e-05 1.464203638782444e-06
7.174951161023995e-05 6.502177172854876e-06 4.053860078950510e-05 9.987067634849545e-07
7.238444293292834e-05 6.765058757749146e-06 4.126993234021850e-05 1.062174546347933e-06
