-1.300891118980358e-04 1.852094976685918e-05 -1.643854467180407e-05 2.542114911778152e-06
-1.305972482062322e-04 1.729248694989662e-05 -1.665871081955315e-05 2.371081715177084e-06
-1.305975307714298e-04 1.150617231980869e-05 -1.690075669689760e-05 1.752900426884288e-06
-1.300894615611577e-04 1.027800499783531e-05 -1.670895994856532e-05 1.636588622049369e-06
-1.288620485779465e-04 1.903023610030851e-05 -1.599904360529279e-05 2.565411394883779e-06
-1.265598302686044e-04 1.439991324209491e-05 -1.534496304852225e-05 2.272808179641643e-06
-1.288625818812243e-04 9.768896521755810e-06 -1.631809152127901e-05 1.649326638464657e-06
-1.202024214355661e-04 1.904394005144268e-05 -1.424800190853779e-05 1.948108448843112e-06
-1.202031899616721e-04 9.759235612916239e-06 -1.435830992459877e-05 3.163022779792311e-06
-1.154165469583530e-04 1.440158369476980e-05 -1.521816379849852e-05 2.288422770174185e-06
-1.115427341219630e-04 1.903072895819648e-05 -1.566454568262780e-05 2.194196166124008e-06
-1.115422491295592e-04 9.771311899703856e-06 -1.464272066240571e-05 1.076309079100389e-06
-1.072216656053011e-04 1.439942041833157e-05 -1.446802948515999e-05 1.201842254847369e-06
-1.029017000660603e-04 1.902119943899666e-05 -1.394673705206190e-05 7.877080648128376e-07
-1.029011339451091e-04 9.774068120925455e-06 -1.507890660907400e-05 2.726741548744019e-06
-9.858100916595591e-05 1.439395151211725e-05 -1.471930382422141e-05 2.421970105322918e-06
-9.427103217149234e-05 1.900573856783329e-05 -1.420476532648884e-05 2.636614211940707e-06
-9.426816393331821e-05 9.773256190945998e-06 -1.442023827971372e-05 1.473052791528776e-06
-8.996546984321064e-05 1.438603423607175e-05 -1.387667392985824e-05 1.738653616207558e-06
-8.567062252414475e-05 1.898292423467329e-05 -1.415707886568823e-05 1.661886547900720e-06
-8.567523232195492e-05 9.790334390736800e-06 -1.372683513944403e-05 5.523105910788473e-07
-8.138373635421251e-05 1.438897906211571e-05 -1.354819880866271e-05 1.148445546224541e-06
-7.711912470011625e-05 1.894304563034406e-05 -1.117412248106906e-05 3.726810565871771e-06
-7.711754243844605e-05 9.834585334838775e-06 -1.174479993721249e-05 -5.204101494983753e-07
-7.286540227428710e-05 1.438797216393388e-05 -9.679007341324809e-06 1.591930068604120e-06
-6.864587777955301e-05 1.888846923504941e-05 -9.570045633310515e-06 1.002350534676389e-06
-6.864561180608724e-05 9.883259055787223e-06 -1.068190371870187e-05 2.252356425287699e-06
-6.444889230647506e-05 1.438259795904075e-05 -9.718755961349640e-06 2.631939993163866e-06
-6.030644840930157e-05 1.879729360535919e-05 -9.234050460421200e-06 4.604932992255894e-07
-6.030297769554664e-05 9.958256258623212e-06 -7.975634076022440e-06 2.660567430744626e-06
-5.618821368493356e-05 1.437636617548261e-05 -8.109427977842896e-06 1.091034720779006e-06
-5.213484812632697e-05 1.869246579291975e-05 -6.758364343066304e-06 2.756869748181791e-06
-5.213767341674809e-05 1.006332577088682e-05 -7.405963984542416e-06 1.490241333201722e-06
-4.811883036193995e-05 1.438191806728120e-05 -5.380189650317250e-06 2.393054757509391e-06
-4.418462636456970e-05 1.856330258303720e-05 -5.231241333337129e-06 3.334907620245908e-06
-4.418304640533719e-05 1.020116650502613e-05 -3.810767898802452e-06 -1.173462363255557e-07
-4.044983824727018e-05 1.437855217871374e-05 -4.592030605066989e-06 6.917338169954278e-07
-3.680565912753021e-05 1.841051423558315e-05 -1.852262011398414e-06 5.785338796920331e-06
-3.680437788029264e-05 1.035694977440861e-05 -4.278288361024442e-06 -9.707149368269234e-07
-3.409553448501449e-05 1.468768805646976e-05 -2.490002565010364e-06 2.636444246771936e-06
-3.141414446260381e-05 1.827024768130226e-05 -2.542393284689810e-06 3.995232400234155e-06
-3.141520854079721e-05 1.049554170957675e-05 -2.320435462486728e-06 -1.447465307346124e-06
-2.763597848286571e-05 1.813644320390727e-05 -3.005234987798102e-06 3.716982507872579e-07
-2.833371837462024e-05 1.567381655054271e-05 -2.354879672138467e-06 1.878944143142072e-06
-2.763064739220630e-05 1.059524743948322e-05 -1.159698503093946e-06 1.964501220284973e-06
-2.496486326795510e-05 1.069511022849479e-05 -8.377959497043661e-07 -7.867242086826635e-07
3.594104068176996e-06 1.153716835883064e-06 1.094243897270419e-06 3.925091795529171e-05
3.632627192428863e-06 1.006910469172933e-06 3.760111892127723e-06 9.329424040819490e-05
3.662678137325458e-06 3.381857007679084e-07 -1.450690319259437e-05 -8.553792891236604e-05
3.619799602298434e-06 1.344364668541324e-07 -1.183806174534134e-05 2.216331449680936e-05
-2.495344707371572e-05 1.804836112623850e-05 -2.708147666484819e-06 -7.096576323253209e-08
-2.259802993694489e-05 1.783173892790611e-05 -1.284837603555366e-06 1.456292065835582e-06
-2.439346397481097e-05 1.346116292537565e-05 -2.804603586923604e-06 2.450700054838466e-06
-2.256981014730113e-05 1.058833872197836e-05 -1.407068896077945e-06 -1.836536392797330e-06
3.474001391802733e-06 1.225496479155470e-06 3.341285041772394e-05 -6.533943877749426e-06
3.119337746901600e-06 6.901035111447834e-07 -2.764294356816597e-05 -2.538718746607359e-05
3.474330844785795e-06 4.563013436052931e-08 3.915783402721336e-05 7.072203407624556e-05
-2.182711225509735e-05 1.558652706175773e-05 -1.590530442847423e-06 1.495355970492333e-06
-2.031585951808212e-05 1.733548670944191e-05 2.244874698536354e-07 2.680407233530781e-06
-1.815862828485840e-05 1.662236427574324e-05 2.820130564658707e-07 2.045610128965453e-06
-2.111913157511196e-05 1.255440479809448e-05 -6.614917532439396e-07 1.249463870174058e-06
-2.032681406442029e-05 1.011888092150305e-05 -3.037628176744864e-06 5.995426173090878e-06
2.257247493354748e-06 1.249684114905896e-06 1.061796444909323e-05 1.528256535663548e-05
2.284089905911675e-06 6.344282013058904e-08 3.837272043864097e-06 2.189247196573131e-06
1.629032097305230e-06 6.870680841299227e-07 -1.303186689251540e-05 -2.802719554282659e-05
-1.615955829600703e-05 1.566351970133253e-05 -7.017028279190964e-07 1.664948145030198e-06
-1.785388434537716e-05 1.435948022324553e-05 -1.789615240568568e-07 9.344981401836657e-07
-1.859013527080593e-05 1.157389792373873e-05 2.702670802912076e-07 4.708379081247528e-06
-1.828180370444862e-05 9.314366156869809e-06 3.101791491028191e-06 8.894644288034061e-07
1.003047290941951e-06 1.384990330167603e-06 3.738832775784376e-08 2.208569366884042e-05
9.787236454081659e-07 -3.883826183242150e-08 1.011136449358555e-05 2.026031343440811e-05
2.279076467477485e-07 6.762170169437428e-07 -6.893332432852000e-06 -4.561745726458672e-05
-1.431153774126762e-05 1.452214052440257e-05 -7.633121159802135e-07 1.193594073223860e-06
-1.266469294629397e-05 1.322480451122842e-05 -7.439617380411723e-08 1.754502537194470e-06
-1.604182450832335e-05 1.115022715451713e-05 1.905273316205573e-06 -2.206176953243692e-06
-1.647721026027588e-05 8.185058934668527e-06 -2.489662467196593e-06 -2.954587208170942e-07
-6.382610951959785e-07 1.599182960408245e-06 6.492054528512272e-06 1.905815543857224e-05
-6.329333305857120e-07 -2.618845865879768e-07 -2.109715585635001e-09 1.798663582214257e-05
-1.308451655592585e-05 1.127481146215132e-05 8.454080432483540e-07 6.023299173287477e-07
-1.124168072924170e-05 1.176674638628219e-05 -5.107424553833584e-07 1.825347726172764e-06
-1.377220797832343e-05 9.132546836048472e-06 2.144723528465760e-06 1.351802464586896e-06
-1.496771748768478e-05 6.850605006798948e-06 -1.596932902381753e-06 1.035448282508114e-06
-1.589582980837096e-06 6.588131106010415e-07 -3.601795906233716e-06 -1.802743042192950e-05
-2.716116909554219e-06 1.940190419812926e-06 4.956664263049335e-06 1.474365245206659e-06
-2.723472538392812e-06 -6.154342910717087e-07 -1.378757429328381e-06 -2.134089809399153e-06
-1.000478518011861e-05 1.020011940836056e-05 -1.134388549096234e-06 3.033400757409074e-06
-9.009672982408543e-06 8.585931204568435e-06 4.255419700354232e-07 3.088478062682620e-06
-8.242938967193694e-06 6.896941903904997e-06 4.444683781677269e-06 3.157602504643128e-06
-1.238139886802262e-05 7.254402050130806e-06 5.378335879412527e-07 1.766712058625643e-06
-1.375615372756498e-05 5.361910808117182e-06 -5.452403926118427e-07 2.377382983454313e-06
-3.640027239324388e-06 6.761628421500459e-07 5.560423980179782e-06 8.196148937211353e-06
-4.757696784537655e-06 2.284048148881957e-06 -1.038071904066156e-05 -6.905257685287024e-07
-4.740255465344665e-06 -9.507341560634952e-07 -6.021597808328065e-06 -2.378727520852878e-06
-9.919779275052180e-06 6.884631378017414e-06 -1.257823796826676e-06 1.825631995333115e-06
-7.670633267489098e-06 5.197087803068271e-06 5.446928194213285e-06 1.750458124043206e-06
-6.582526820075518e-06 2.587384975877818e-06 9.512132943490874e-07 -7.562723996245854e-07
-7.082776966996019e-06 2.866511822604418e-06 -5.897487390069785e-06 5.750481178659014e-06
-7.336996839214131e-06 3.455075474639948e-06 -8.553490695517655e-06 7.852852563499681e-06
-1.142469951784329e-05 5.148852620598920e-06 -4.262408908631041e-06 -9.459511485461919e-07
-1.285694102431384e-05 3.798412634877496e-06 -4.996026120210213e-07 5.974382483583156e-06
-5.745036426223036e-06 9.169856658372070e-07 3.896115241649657e-06 -1.198451962119925e-07
-6.598784896076593e-06 -1.203803435782079e-06 3.350383686438199e-06 -4.085938526991096e-06
-8.847203280878596e-06 3.986165325627959e-06 1.205455037184328e-06 -1.711439845794806e-06
-7.142940488196726e-06 1.738254251664563e-06 3.629957682670809e-08 -1.868883548145275e-06
-7.744653421763959e-06 2.660868288715658e-06 -8.286081125003665e-06 6.401643027939278e-06
-1.075778663511948e-05 3.316310180690196e-06 1.144371353403863e-06 -1.972796019902942e-06
-1.229073614088402e-05 2.217287250315927e-06 -8.109283311471940e-07 4.319609866128315e-06
-7.207970166264312e-06 -1.118166932545566e-07 1.593809902313434e-06 -1.222337620432257e-06
-7.151482835058521e-06 -1.474444043906934e-06 -6.212738471029949e-06 3.106204304111965e-06
-9.201052634384033e-06 1.332073276480169e-06 1.882909164206950e-06 9.334761623806960e-07
-1.208400860354653e-05 6.616131715187983e-07 -7.789314737039790e-06 -9.399411907161280e-07
-1.218888763537060e-05 -8.547616736897500e-07 1.557621195049547e-06 -5.159831841064898e-07
-8.303202705271386e-06 -1.109577359230201e-06 2.143095763815114e-06 6.227699259198179e-06
-7.469852682350102e-06 -2.049708958534266e-06 -1.347289709621550e-05 7.598021595128415e-06
-7.862432529464687e-06 -3.637318835941719e-06 -1.651422992771885e-05 2.206184924389305e-06
-1.068696096088787e-05 -1.057446867835688e-06 -4.216704375738995e-07 -8.950734723171065e-07
-8.441912137669989e-06 -5.154612254259703e-06 -2.827802428636875e-06 4.419065179347302e-06
-1.261360536874448e-05 -2.381076879467389e-06 1.030914958179232e-05 -5.687062873302097e-06
-9.292223359390682e-06 -3.700368049300320e-06 5.161992622704668e-06 -3.238965295444703e-06
-1.140836703056294e-05 -3.811903362830417e-06 -4.547018110853423e-06 1.498818350747651e-06
-9.203464803930218e-06 -6.593223671854530e-06 1.370735538080000e-05 8.703546393423263e-06
-1.331357895249174e-05 -3.828050389762522e-06 7.613274079074624e-06 6.862954565528460e-06
-1.270454842995247e-05 -5.221510082237602e-06 -4.877328709203842e-06 4.652121039537578e-06
-1.127413383519668e-05 -6.097656473823606e-06 -1.512385486973270e-06 -6.284526590783002e-06
-1.010282217396136e-05 -7.919875721917985e-06 -5.562643567959882e-06 9.583245343394958e-06
-1.116805761194006e-05 -9.183262533359777e-06 7.370518644209952e-07 5.218579381441734e-06
-1.425312494650555e-05 -5.142797985416584e-06 4.055163619702902e-06 2.799453102245733e-06
-1.355414808040481e-05 -6.779631073501830e-06 -2.681014198541242e-06 -2.742309838327243e-06
-1.272446596273533e-05 -8.685646279021050e-06 5.173431387246649e-06 4.287323975875945e-07
-1.237279663082124e-05 -1.030328771712345e-05 8.576467649929998e-06 1.399328692930782e-06
-1.543017126156741e-05 -6.288722989149153e-06 9.952184257401797e-06 7.726683755342694e-07
-1.507347735645088e-05 -8.664721557813870e-06 -4.664311549158247e-06 3.062298760126681e-07
-1.370859865667471e-05 -1.127466298071337e-05 -3.083186210731614e-06 2.229394649734086e-06
-1.514774495874430e-05 -1.210844368808546e-05 -7.205314044276509e-07 4.831582351893378e-06
-1.667134566755548e-05 -1.276664590380230e-05 1.500745837544394e-06 2.330128871513748e-06
-1.680976494964800e-05 -9.175518215485752e-06 -3.351602171807982e-06 -1.816314780361886e-06
-1.680131117579128e-05 -7.226558741334527e-06 -1.804572615790013e-07 1.164606051404126e-06
-1.646234540203522e-05 -1.110659573636363e-05 -1.176295836705588e-07 2.033568806945783e-06
-1.827885944321391e-05 -1.323728321643522e-05 8.300913122627198e-07 1.544336542630538e-06
-1.994241684631828e-05 -1.353836874306459e-05 -8.306724335511703e-07 2.859222108046466e-06
-1.818672422077074e-05 -9.608950985336049e-06 1.359415505271706e-06 -3.755659495749198e-06
-1.831703912483863e-05 -7.920858983510371e-06 6.740774768561718e-07 -3.085530386246589e-06
-2.163054951780875e-05 -1.365653004423812e-05 6.942635889199039e-07 2.602287714881933e-06
-1.974531648368181e-05 -1.116448921836672e-05 2.030078156337565e-06 4.655669123708506e-07
-1.993859912090842e-05 -8.332255834054170e-06 1.798666301113740e-06 -3.373553754402592e-06
-2.200855340783469e-05 -1.141972298972564e-05 9.593848383735808e-07 2.817368307252336e-06
-2.351313465733824e-05 -1.367277041738705e-05 -5.239845169281386e-07 -1.883775627114448e-06
-2.162831826407725e-05 -8.459972134912328e-06 -6.628274626182881e-09 1.435133030521704e-06
-2.608885853819422e-05 -1.368306620418816e-05 -1.416396046013849e-06 8.199450841041798e-09
-2.404641437292426e-05 -1.015056418425349e-05 1.345210839487993e-06 3.482636172583848e-07
-2.350436298787576e-05 -8.445737278835039e-06 1.253190597128933e-06 8.248270643171925e-07
-2.966950816113078e-05 -1.370494736508039e-05 1.166025933921641e-06 -6.170804190322648e-07
-2.789188330420915e-05 -1.085016433682066e-05 1.282715440357663e-07 -6.982649031654645e-07
-2.609355589298272e-05 -8.427478902870616e-06 2.248008843681163e-06 1.981031531815851e-06
-3.444706495966363e-05 -1.373413994641231e-05 9.001151070915154e-07 1.163668207375115e-06
-3.204850249370100e-05 -1.105826980850051e-05 2.372000146780954e-06 2.168079985143837e-06
-2.966596940800756e-05 -8.405214722960641e-06 -1.578232954190939e-07 6.677009859247841e-07
-3.947249377925090e-05 -1.376096724271496e-05 3.180632590456643e-06 2.249312989542186e-06
-3.695447477668505e-05 -1.106055570232495e-05 1.111171421963425e-06 4.919172026446610e-07
-3.444886722875424e-05 -8.386430950848290e-06 2.874217216503087e-06 3.011921384250964e-06
-4.452752046772888e-05 -1.377914150264778e-05 2.115596191860782e-06 1.493704575647343e-06
-4.199384391935964e-05 -1.105928431713643e-05 3.149050878877020e-06 1.832713566105695e-07
-3.947346525957712e-05 -8.358488992935433e-06 2.198955125606133e-06 -2.048790940435641e-06
-4.961325151592942e-05 -1.378109115187547e-05 4.493788635797670e-06 9.910601833544693e-07
-4.706752768305445e-05 -1.105935137319106e-05 2.922445222251156e-06 1.335244112052995e-07
-4.452551904545007e-05 -8.339479705445672e-06 2.570882962161280e-06 -8.664015878861182e-07
-5.472347479776206e-05 -1.379845688291624e-05 3.868152217282035e-06 8.820899122475455e-07
-5.216418119912452e-05 -1.105513712762103e-05 4.897559735265249e-06 1.106397461124966e-06
-4.961575941172361e-05 -8.332981593414768e-06 4.003418212766221e-06 4.768896062555223e-08
-5.985295332557683e-05 -1.381497086040011e-05 6.556764347068159e-06 1.903703972021033e-06
-5.728414957936127e-05 -1.105958377903103e-05 4.323049285697327e-06 3.191908672262830e-07
-5.472202582388610e-05 -8.314845151713000e-06 5.003868412012352e-06 1.054581696606947e-06
-6.499095186515500e-05 -1.381233884800743e-05 6.180272716261226e-06 -1.007423725743867e-06
-6.242231848889154e-05 -1.106060311295497e-05 7.210809265323921e-06 6.864548592115470e-07
-5.985220282370130e-05 -8.307110313208492e-06 5.192525181813499e-06 -1.310889795019569e-06
-7.014156261745815e-05 -1.381889527839298e-05 8.873537709735795e-06 2.034902513037450e-06
-6.756304222047420e-05 -1.105634264515426e-05 6.847334645111345e-06 7.128609137727976e-07
-6.499205257684692e-05 -8.303391742434610e-06 7.026436132435762e-06 2.275641828561958e-06
-7.529518097045122e-05 -1.381250572571275e-05 7.062977195496337e-06 1.314973497786499e-06
-7.272189636459963e-05 -1.105360591379803e-05 8.674146175168167e-06 1.452297540204979e-06
-7.014353448199982e-05 -8.290777380334736e-06 8.264905827629497e-06 1.171650782265960e-06
-8.632619661144778e-05 -1.351425291802796e-05 9.875431742204843e-06 8.846779221171216e-08
-8.559428951685601e-05 -1.381751227616680e-05 1.028930902712434e-05 8.612678552939058e-08
-7.759723987196726e-05 -1.105580955968637e-05 7.045382020470074e-06 2.659027266607061e-07
-8.043903957830299e-05 -1.381740957525533e-05 9.112307346525131e-06 1.542903747237957e-06
-7.529341732406750e-05 -8.297052840568950e-06 7.502092231576015e-06 1.079516319216156e-07
-8.662937205621143e-05 -1.278223445705051e-05 9.674992179068103e-06 2.654583447167737e-07
-8.489768766617862e-05 -1.105702834989515e-05 1.064366689525624e-05 1.089090426743788e-06
-8.043902255289166e-05 -8.295820307471272e-06 8.905368711076397e-06 -6.855591009324123e-07
-8.663009913590682e-05 -9.331401029366867e-06 9.170999194979407e-06 2.335599006291196e-06
-8.559494261077827e-05 -8.295885272824512e-06 9.772983120674893e-06 2.540690134073011e-06
-8.632693380251588e-05 -8.599212860797927e-06 9.348958993426920e-06 2.544695399392697e-06
