-7.492601669550559e-05 1.149115338632936e-05 4.704729458580243e-05 -5.852405896735028e-06
-7.521057435772171e-05 1.080443752853196e-05 4.715332647834961e-05 -5.407784876646503e-06
-7.520976635668343e-05 7.566210812040667e-06 4.701667521333792e-05 -3.423082950018334e-06
-7.492506360059711e-05 6.878936015866683e-06 4.688285123880870e-05 -2.877380818218592e-06
-7.423908669226658e-05 1.177554884778966e-05 4.674863742736024e-05 -6.068724289006800e-06
-7.294894598331087e-05 9.184243672484629e-06 4.606135709464749e-05 -4.240738960036042e-06
-7.423778157460785e-05 6.594197722722924e-06 4.651736775187881e-05 -2.600705870998306e-06
-6.939794194723842e-05 1.177029459849382e-05 4.335822576784190e-05 -6.450169976763981e-06
-6.939548682913263e-05 6.589749898549115e-06 4.289060335177626e-05 -5.885734682299097e-07
-6.672760537243422e-05 9.178031623707585e-06 4.059883382558281e-05 -3.155176852362360e-06
-6.456297858124389e-05 1.176528044390543e-05 3.925343100764305e-05 -5.797141224531102e-06
-6.456457640812468e-05 6.592018583843666e-06 3.948685671701705e-05 -6.225217191797177e-07
-6.214769676034602e-05 9.180007833849628e-06 3.861285143890691e-05 -3.542792372710152e-06
-5.973203732338024e-05 1.176293338175282e-05 3.716597853924305e-05 -7.145870413234582e-06
-5.973046353905211e-05 6.595742395566760e-06 3.697798964179014e-05 -2.348653018796709e-07
-5.731506610503602e-05 9.178591591876453e-06 3.449354987496207e-05 -3.991574116706720e-06
-5.490761957145426e-05 1.174920771170062e-05 3.255260590459765e-05 -6.783387550664263e-06
-5.490627034872216e-05 6.605768344502059e-06 3.194215025251125e-05 -1.398476888378481e-06
-5.250261237859492e-05 9.176717990074587e-06 2.987161467228458e-05 -4.260402487083986e-06
-5.010797398446880e-05 1.173531639216682e-05 2.934991920641476e-05 -4.862886784621083e-06
-5.010746710050793e-05 6.617463918874016e-06 2.881048069291567e-05 -4.029217502412365e-06
-4.771724128709293e-05 9.175852884045541e-06 2.745898800947544e-05 -4.279029389244602e-06
-4.533958420359793e-05 1.171748579975992e-05 2.622064980664068e-05 -4.281847101924608e-06
-4.533754562883740e-05 6.632125953118000e-06 2.527371778182198e-05 -3.468534070107640e-06
-4.296761862910042e-05 9.173778878526959e-06 2.423018369370681e-05 -3.267144965865331e-06
-4.061522551805785e-05 1.168943361034155e-05 2.316949434331389e-05 -4.220784181585178e-06
-4.061650611021411e-05 6.660673526365557e-06 2.341176852163805e-05 -2.636113953366177e-06
-3.827597482861633e-05 9.176435443708631e-06 2.210494694588678e-05 -3.839852562505790e-06
-3.596117055838125e-05 1.165213823761646e-05 1.903682518582706e-05 -6.962549377705897e-06
-3.596202082806307e-05 6.703178584039902e-06 1.975056197216633e-05 -2.025074509703466e-06
-3.365832525338303e-05 9.177990623339752e-06 1.686147738616114e-05 -5.034982952137666e-06
-3.137971693966151e-05 1.160922232206774e-05 1.651051497012041e-05 -5.134670650696303e-06
-3.137822568517085e-05 6.743805506431447e-06 1.582058711806526e-05 -3.816923019817530e-06
-2.911335486488605e-05 9.174950544611081e-06 1.593457434060641e-05 -3.766771915554143e-06
-2.688511398389842e-05 1.154797632989618e-05 1.447734014615219e-05 -5.600144454238339e-06
-2.688422031141614e-05 6.799882890546959e-06 1.422108432208513e-05 -1.051800804551163e-06
-2.476611376654534e-05 9.172558782476700e-06 1.219047404948674e-05 -3.183231693360498e-06
-2.269065145706939e-05 1.147551486839678e-05 1.018924641374900e-05 -5.810302214028636e-06
-2.269000206709828e-05 6.872001583613325e-06 1.038322184659091e-05 -1.420476637439086e-06
-2.114427190557836e-05 9.347806640088496e-06 9.306923703851909e-06 -3.663593947824616e-06
-1.960169047668609e-05 1.141475230963339e-05 8.564615545502185e-06 -4.950357067292043e-06
-1.960074219978296e-05 6.933693638337711e-06 9.121632155663676e-06 -2.345654497130569e-06
-1.741278331668178e-05 1.136169942822910e-05 7.673880321265355e-06 -4.410940258605874e-06
-1.782372991468006e-05 9.925870331859635e-06 7.791564846191683e-06 -3.862273479958664e-06
-1.741075668427119e-05 6.974327814982505e-06 8.021123363922329e-06 -2.775106968124887e-06
-1.585373522105178e-05 7.013308148012912e-06 7.729385912054849e-06 -3.185007366222021e-06
2.436143960506169e-06 8.619629519865425e-07 1.297838187685924e-05 -9.390670777784666e-06
2.473298055619568e-06 8.417030881249117e-07 3.563425138683930e-05 -3.980670755365986e-05
2.458926979336194e-06 2.050132474513729e-07 1.548906483452737e-05 -8.027741843672763e-05
2.416196920536924e-06 1.518962945291530e-07 -7.934235550028762e-06 1.652994947130874e-05
-1.585189464645035e-05 1.132681184001539e-05 7.463462243479290e-06 -4.668049601513429e-06
-1.445796233489078e-05 1.121506307546927e-05 7.832717034019264e-06 -5.451873063529111e-06
-1.552621533065277e-05 8.633556601392282e-06 7.692922276966849e-06 -4.140598362696098e-06
-1.444443264025221e-05 6.930276761171456e-06 7.555690374520296e-06 -2.995244457274780e-06
2.371848774370392e-06 8.534025952025184e-07 -5.335917294312918e-05 1.316353218508427e-05
2.075662419883555e-06 5.173305969213870e-07 -3.360229406504815e-06 2.193425493614351e-05
2.326349400573143e-06 1.413567376076344e-07 1.361173853629938e-05 5.089678717983739e-05
-1.400632418413119e-05 9.890244218398537e-06 8.108698228355314e-06 -5.163283947263928e-06
-1.310005074824245e-05 1.093831991171132e-05 6.921248156134198e-06 -6.528622889394662e-06
-1.180460863954208e-05 1.052187398347299e-05 4.525061666568878e-06 -5.674043669109410e-06
-1.358460743840068e-05 8.091271732346859e-06 7.269203501439390e-06 -3.532671529505962e-06
-1.311066780863993e-05 6.626131680175612e-06 5.988430716792423e-06 -1.611201441493525e-06
1.528539331698268e-06 9.211426084394749e-07 1.170446661950485e-05 -8.482325872379175e-06
1.522437470565934e-06 1.036442802359352e-07 -1.143965753281968e-05 -2.822591791508272e-05
1.091206345800746e-06 5.250808799351960e-07 1.176783503142806e-05 2.885810505635460e-05
-1.059775903839091e-05 9.958515467164907e-06 3.159130415360832e-06 -4.267506987089892e-06
-1.162471737577475e-05 9.169398345576751e-06 4.068526366227036e-06 -3.610395117666593e-06
-1.206928740142942e-05 7.497737104069759e-06 4.240657100808012e-06 -2.152029253741660e-06
-1.189005980073079e-05 6.121238105489292e-06 3.382053695980214e-06 -9.167390129083696e-07
6.741173028561579e-07 9.553341407686641e-07 -1.110201452466215e-05 -1.444064210155622e-05
6.765328543410553e-07 1.129156967428846e-08 2.152423137963134e-06 4.782863885976703e-06
1.564095719085735e-07 5.273781533022330e-07 2.005149381547120e-06 -1.766660887589608e-06
-9.480386628996023e-06 9.287338897005178e-06 2.391976972927357e-06 -3.474162405094430e-06
-8.471062519245400e-06 8.511041358051039e-06 2.467620150578538e-06 -3.300522659221861e-06
-1.053698270360205e-05 7.244538276931003e-06 2.767874320132476e-06 -1.539938798376851e-06
-1.081352700858413e-05 5.424006869042667e-06 2.421772796578828e-06 -7.892448485524268e-07
-4.266927807200011e-07 1.118439844540618e-06 1.131820855269180e-06 4.969843139429201e-06
-4.317637518420499e-07 -1.386173617016022e-07 -4.309828590567971e-06 1.229494030564688e-05
-8.728651917700111e-06 7.327165484757154e-06 2.940541484901857e-06 -2.326578416545910e-06
-7.573335174705606e-06 7.630665900387350e-06 2.267060220200794e-06 -2.705268092149621e-06
-9.155056450067487e-06 6.007407474477440e-06 3.413759518461135e-06 -1.054894260795396e-06
-9.896366318116440e-06 4.574410387411108e-06 4.218389706643207e-06 -1.818965457788551e-06
-1.064025321167022e-06 4.943562958669722e-07 2.533947938518341e-06 -1.387818763666019e-05
-1.833530288417993e-06 1.367158624638063e-06 -7.909125614337269e-07 1.488525030812646e-06
-1.827092918600765e-06 -3.664617310155119e-07 -3.498140918028728e-06 3.157172428877970e-06
-6.784645037215821e-06 6.671589891500786e-06 2.139100193801541e-06 -1.115150218741856e-06
-6.137238426684068e-06 5.663816454165809e-06 1.821365714748385e-06 -1.160322622650095e-06
-5.625821812989455e-06 4.598319459412447e-06 1.875758549456928e-06 -1.255985197842165e-06
-8.283544649510796e-06 4.826772301331059e-06 3.706044861033045e-06 -1.950812936879479e-06
-9.156194445147719e-06 3.613148739691879e-06 5.144809565489485e-06 -4.960636221175643e-07
-2.445429320361416e-06 5.067400845142970e-07 -5.162963654168232e-07 5.044816527457609e-06
-3.202384978895858e-06 1.588822585177491e-06 -5.864111542948634e-07 -1.638742600870932e-06
-3.196403266123531e-06 -6.005058570181228e-07 3.475253676922082e-06 -3.923517947476341e-06
-6.709828105178179e-06 4.595478232465481e-06 1.623291318906813e-06 -1.201898174795296e-06
-5.239089268792003e-06 3.500107741033406e-06 2.485974051683658e-06 3.301143814307733e-07
-4.441558795274186e-06 1.789095602225755e-06 -1.356323713208709e-06 -5.877451765385817e-06
-4.803862743264980e-06 1.984422017231479e-06 3.229036207016244e-06 -4.259971833676746e-06
-4.998379227243678e-06 2.378446356139247e-06 4.468919846569681e-06 -1.926738522055532e-06
-7.679919491361950e-06 3.475472305360094e-06 1.566375467864777e-06 1.288871834383927e-07
-8.607902791408387e-06 2.593731240456638e-06 3.467361352250083e-06 2.226597365183310e-07
-3.877964036469803e-06 6.690575301431922e-07 -1.524656647206217e-06 5.095145477698556e-07
-4.448095016620477e-06 -7.637615841178902e-07 1.472372114576534e-06 -3.671425726126613e-06
-5.990583489339065e-06 2.724442399570296e-06 1.650047042764337e-06 3.956724407179452e-07
-4.826005692651990e-06 1.213290129026433e-06 3.849022782984214e-06 -1.887605585212795e-07
-5.258312601973496e-06 1.848656706826044e-06 4.655148237333094e-06 -1.706534790962653e-06
-7.249621129751073e-06 2.277884258196552e-06 2.179254819186167e-07 -4.599783509261931e-07
-8.270083194569696e-06 1.549449502905447e-06 2.826024575622870e-06 7.515689997310545e-07
-4.850847252795271e-06 -2.904176028875695e-08 2.303080000490858e-06 -4.338598414741068e-07
-4.801679837133343e-06 -9.514153320945560e-07 1.456249994980529e-06 -2.890667995230018e-06
-6.220128752852466e-06 9.520605296055295e-07 1.388656901074501e-09 1.181800092416018e-07
-8.156412250646830e-06 5.023136455163865e-07 3.346971295432163e-06 2.814100970515836e-06
-8.265540900918900e-06 -5.314325941812052e-07 2.442597311602569e-06 1.982669966264608e-06
-5.588604392812094e-06 -7.044968268230790e-07 1.504729741429318e-06 -1.595653760254230e-06
-5.009526937742943e-06 -1.356208216532256e-06 9.034158102831376e-07 -2.297394688509750e-06
-5.263064410271238e-06 -2.471269207125832e-06 2.968162073447354e-07 -7.505425895936049e-07
-7.227754561349081e-06 -6.619819537183848e-07 2.304888837300440e-06 1.447665991697390e-06
-5.645069889908133e-06 -3.553297825115473e-06 3.433279823430102e-07 8.366919674044989e-07
-8.591014172980536e-06 -1.580719607621053e-06 1.150529244005067e-06 3.363410483777773e-06
-6.260936990335823e-06 -2.508924469871720e-06 2.449126789865232e-06 -7.416024248777307e-07
-7.736720815581099e-06 -2.592332657349717e-06 1.297493091447999e-06 1.734320141386222e-06
-6.155516855367638e-06 -4.586692516318202e-06 -2.597596792853517e-07 1.954538163930900e-06
-9.111553468300057e-06 -2.592043285767032e-06 8.402184974510184e-07 2.917724669655346e-06
-8.674798170166075e-06 -3.594037130828070e-06 1.526361748911758e-06 1.676241595247271e-06
-7.642608379924954e-06 -4.225527587914721e-06 5.678793878099958e-07 9.575574211039593e-07
-6.787083975729011e-06 -5.583130295681086e-06 -1.415173669595582e-06 1.914409527688590e-06
-7.557127609985384e-06 -6.522041700042451e-06 9.487846627686076e-08 2.821862453319787e-06
-9.834910420832692e-06 -3.526890597838717e-06 3.025854740731925e-06 2.313665511643601e-06
-9.313998700753009e-06 -4.733359582212501e-06 3.445793379028817e-06 1.668782222235872e-06
-8.699613319533401e-06 -6.153208554248880e-06 2.440651030070480e-06 2.042820677353941e-06
-8.437402436868573e-06 -7.383790709443617e-06 1.846722554196347e-06 2.969665641129786e-06
-1.073898723191671e-05 -4.361239845047415e-06 3.383251995470085e-06 1.971772664242833e-06
-1.046993972376485e-05 -6.150286693689042e-06 3.237249167918819e-06 1.013848352751063e-06
-9.435273362648193e-06 -8.141665034912890e-06 2.666024730232002e-06 2.703543724020465e-06
-1.052525467663195e-05 -8.785316371581925e-06 2.644573710611735e-06 2.067058598682857e-06
-1.169684607983593e-05 -9.319653336542331e-06 2.397276594160253e-06 1.361733519776935e-06
-1.179416270212933e-05 -6.532093101451400e-06 2.139117807806629e-06 1.526798472068537e-06
-1.178835700748953e-05 -5.054002568001858e-06 1.666776105387268e-06 1.325525089583378e-06
-1.152647175735231e-05 -8.016957914456608e-06 2.717614968121685e-06 1.932485886387217e-06
-1.294359239655081e-05 -9.713989154650905e-06 1.761315163596682e-06 8.258652356216074e-07
-1.424418251091027e-05 -9.969746150423796e-06 7.452949441435035e-07 1.961113750361830e-08
-1.285877482148497e-05 -6.861976163533918e-06 2.655094645487308e-06 2.538470072962596e-06
-1.296071338162651e-05 -5.556330135614435e-06 2.084720994390263e-06 2.138251354115864e-06
-1.557536267703660e-05 -1.007375592075421e-05 -2.855502610745427e-07 -2.747954072909086e-07
-1.408215523594407e-05 -8.092288971350522e-06 1.689525080996531e-06 1.544475291998044e-06
-1.423564652306646e-05 -5.855171384174057e-06 2.608767416646317e-06 3.777344560835515e-06
-1.586889242258181e-05 -8.296283995663220e-06 6.303023266892966e-07 1.640357735400811e-07
-1.707265605609757e-05 -1.010604702292323e-05 3.391094970632470e-06 5.280917110202586e-07
-1.557012385348420e-05 -5.946942489565308e-06 1.915944346943128e-06 3.318268473264686e-06
-1.917292687590862e-05 -1.013976300831409e-05 8.429108645903512e-06 1.544899390475934e-06
-1.750170737644710e-05 -7.275980666260714e-06 4.219345620248447e-06 -1.190495322763442e-07
-1.707359678807890e-05 -5.914523689221053e-06 4.229786234120182e-06 9.389644133949541e-07
-2.211995743597779e-05 -1.019805932877034e-05 4.260249334029375e-06 3.728373192069700e-06
-2.064565831316149e-05 -7.843102842468595e-06 6.099583775906335e-06 2.618554377287162e-06
-1.916970546569960e-05 -5.870693957964204e-06 4.823689711967200e-06 -1.312767964187812e-07
-2.609782372459492e-05 -1.025496750921504e-05 5.231719086293072e-06 2.220014805929274e-06
-2.409403031905493e-05 -8.013075877416271e-06 4.458304329070469e-06 1.848757304843565e-06
-2.211900980066085e-05 -5.821505078320358e-06 5.468776538892459e-06 8.870172437786168e-07
-3.033148952648889e-05 -1.029584111390366e-05 6.900692891764326e-06 3.801529448318483e-07
-2.820228668128768e-05 -8.008881522492689e-06 6.699169822965935e-06 8.875148424517087e-07
-2.610129502538747e-05 -5.765621086536690e-06 5.440716294324804e-06 2.634368125727067e-07
-3.464630425788072e-05 -1.034253571088637e-05 7.527854479137720e-06 2.579480171361577e-06
-3.247287448277307e-05 -8.013134859346051e-06 6.480038001899113e-06 1.412777227647235e-06
-3.032864898109115e-05 -5.725229311012003e-06 6.487375255142389e-06 1.838990085412946e-06
-3.903226336732737e-05 -1.036679889736372e-05 7.528751658422262e-06 9.715208276475052e-07
-3.683223401060704e-05 -8.014000500885881e-06 8.378820102153215e-06 1.624976690092498e-06
-3.464601775720775e-05 -5.685687686637614e-06 7.616973068170349e-06 4.595732071756810e-07
-4.344698319458739e-05 -1.038012294466125e-05 6.577306546805726e-06 1.823542246861415e-06
-4.123676089767153e-05 -8.012145581934480e-06 6.283042125454952e-06 2.151922930299967e-06
-3.903453413293335e-05 -5.658289027612772e-06 7.138870023182927e-06 2.884888712973962e-06
-4.787574636959115e-05 -1.039489654085878e-05 7.930035673621125e-06 5.687997035439347e-07
-4.565636770182036e-05 -8.020158077907493e-06 7.890808820423686e-06 1.462409271298539e-06
-4.344211926491917e-05 -5.651964457398249e-06 6.973507277327787e-06 1.918199194070774e-06
-5.231554658752849e-05 -1.039185455817855e-05 6.325095438725452e-06 1.017142390945630e-06
-5.009764340088324e-05 -8.018687498126183e-06 7.070439734772121e-06 1.146845158129440e-06
-4.787695597459685e-05 -5.645760078250377e-06 8.103420828946919e-06 1.848483596651533e-06
-5.675133922811585e-05 -1.039374609250780e-05 5.611122371957546e-06 1.252674261277661e-06
-5.453363196184721e-05 -8.013528701205782e-06 5.763692880242698e-06 1.713050876751965e-06
-5.231859322541828e-05 -5.639372630192280e-06 5.863503164316436e-06 1.910655673298632e-06
-6.118426684098032e-05 -1.039988016299988e-05 4.822257724331331e-06 6.327535196253723e-07
-5.896619213106504e-05 -8.018990647776471e-06 5.549897175313647e-06 1.228079902606635e-06
-5.674818526300101e-05 -5.637755123475227e-06 6.116234685550607e-06 1.659540859864419e-06
-7.067303268451700e-05 -1.012777084254974e-05 3.456346856191562e-06 2.130533221153159e-07
-7.004402147848052e-05 -1.038860561101012e-05 3.670852708298302e-06 2.112015982983413e-07
-6.317074111507355e-05 -8.022089179985398e-06 4.123817099334840e-06 1.878374000995736e-06
-6.561729739562017e-05 -1.039585098148274e-05 4.600454503132756e-06 1.748270464074925e-06
-6.118301580673603e-05 -5.642442405363475e-06 4.292994282732973e-06 2.419706757728148e-06
-7.093354613120194e-05 -9.498354368750191e-06 3.360953027246606e-06 3.100505422459854e-07
-6.944676450363948e-05 -8.016426532082798e-06 4.190366987110037e-06 9.246891364242273e-07
-6.561947725722160e-05 -5.644509707129302e-06 5.001625441045131e-06 1.670736528416361e-06
-7.093385850391192e-05 -6.533908755817011e-06 3.564475830008249e-06 1.279532560514219e-06
-7.004497762836171e-05 -5.644561887579118e-06 4.000856720192504e-06 1.536362662881124e-06
-7.067353183658223e-05 -5.905081020318920e-06 3.701970192419299e-06 1.475387985796083e-06
