-1.382242621518330e-04 1.837528029313709e-05 3.444693511686449e-06 -7.248652900764218e-07
-1.387815017973493e-04 1.703109166216384e-05 3.360246453457271e-06 -6.200285033683265e-07
-1.387820991472117e-04 1.069253159022458e-05 3.708589958763550e-06 2.013583133395397e-07
-1.382248934396285e-04 9.348381287037726e-06 3.824898187478845e-06 2.675902413525280e-07
-1.368792305003485e-04 1.893188970691938e-05 3.587610957703039e-06 -8.210826132949941e-07
-1.343555031181699e-04 1.386240483203595e-05 3.955160130082506e-06 -4.541133523630406e-07
-1.368798884746088e-04 8.791830810765822e-06 4.009494405447132e-06 3.318560530107962e-07
-1.274109411884411e-04 1.892579097889082e-05 3.505948689587151e-06 -1.852912943700434e-06
-1.274113499642546e-04 8.801606625120170e-06 3.788457738974274e-06 -1.292956382086826e-07
-1.222006944744237e-04 1.386373338914856e-05 1.530409099432662e-06 -1.106050881422077e-06
-1.179770018518042e-04 1.891828172613965e-05 2.101455905573851e-06 1.401245535230757e-06
-1.179759672001924e-04 8.805584520458597e-06 1.295298036805538e-06 -2.841809922520432e-06
-1.132620513589838e-04 1.386133411082232e-05 2.321123009384304e-06 1.379690139735082e-07
-1.085493384294297e-04 1.890781742404355e-05 1.287444129026931e-06 -2.656285476807757e-07
-1.085485694076605e-04 8.813705889905058e-06 1.886334859216996e-06 1.855388884223562e-07
-1.038381097850551e-04 1.386207904641219e-05 1.025487069890631e-06 -5.533810925588823e-07
-9.915603205612285e-05 1.886787832005401e-05 1.741017540947731e-06 -1.222938868250723e-06
-9.915411838712739e-05 8.857974448886828e-06 1.214030244837822e-06 -7.002107164046175e-07
-9.448853537363367e-05 1.386308281925541e-05 1.736964341923280e-06 -1.082875879564707e-06
-8.985129327094203e-05 1.882060077703253e-05 3.660810965185175e-07 -4.710380343645213e-06
-8.985301023171967e-05 8.909209149462379e-06 2.914998406373655e-07 1.478452095500948e-06
-8.522867128050981e-05 1.386604161525593e-05 -1.353855006006157e-06 -8.108614863450196e-07
-8.064830867000788e-05 1.875667092966998e-05 5.761085031035683e-07 2.076981996849350e-06
-8.064430042553262e-05 8.971681529217509e-06 3.580937834985456e-07 -2.248126640234047e-06
-7.608765725843373e-05 1.386472293378479e-05 1.987014406099276e-06 3.089511893090661e-07
-7.157786872801876e-05 1.867889709426246e-05 1.547437932251631e-06 1.697991203154823e-06
-7.158082679788688e-05 9.054866035286091e-06 1.576724038852107e-06 -2.001303251285632e-06
-6.709699688723931e-05 1.386779586242630e-05 1.224415079892971e-06 -7.484698321302523e-07
-6.267909479412065e-05 1.857289182126199e-05 1.439211981386109e-06 -3.200055385178011e-07
-6.267398524665267e-05 9.156902524349865e-06 8.354851479037509e-07 4.563336512851631e-07
-5.828878793848222e-05 1.386261884093309e-05 6.445007273322667e-07 -1.777246794571524e-07
-5.397713881404092e-05 1.844830403496315e-05 -4.897025636899331e-09 -1.904125265109947e-06
-5.398387591946772e-05 9.279475200161410e-06 5.566094498363211e-07 -6.899436910296755e-07
-4.971548798848157e-05 1.386545311298841e-05 1.983040015509832e-06 -8.741046658479441e-07
-4.554711841549540e-05 1.829148372900842e-05 3.351542636620023e-06 1.087303358428991e-06
-4.554244649671726e-05 9.433931299691745e-06 2.872624365672430e-06 -8.244192382800879e-07
-4.158905431392754e-05 1.386011057193423e-05 2.230135588079964e-06 -1.098535887714762e-06
-3.774048125124612e-05 1.810965363385542e-05 2.188933113089010e-06 8.446076267177149e-07
-3.773602631390123e-05 9.618088406072068e-06 2.920583164738393e-06 7.922356970138147e-07
-3.487869785944008e-05 1.418462585528606e-05 2.320539587522117e-06 4.720653496075419e-07
-3.205976333175214e-05 1.795300573256367e-05 3.256788394404498e-06 -1.546289498216082e-06
-3.205502652500474e-05 9.782355727454302e-06 2.557931086944610e-07 -1.504953532199658e-06
-2.808296323040767e-05 1.780657431352381e-05 2.401533974919763e-06 -1.781197326844803e-06
-2.881453173612920e-05 1.521963483933436e-05 1.803232165571875e-06 -6.936230323773565e-07
-2.806867095239803e-05 9.892276795619926e-06 2.930300349185610e-06 2.558873406485436e-06
-2.526746146729869e-05 1.000628870819093e-05 2.270694345752664e-06 -1.826059993477024e-06
3.587381998473625e-06 4.581635187406563e-07 -1.094211499980550e-05 1.526594664412804e-05
3.675542352659287e-06 3.956694363589901e-07 4.686369993605821e-06 -3.916559076628602e-05
3.717390862462418e-06 -3.455157156342358e-07 -1.271255710161866e-05 4.522788670719999e-05
3.619523156217359e-06 -5.098864771348152e-07 -2.793110343891209e-05 1.456232316129714e-05
-2.525663326761243e-05 1.770504786082452e-05 2.202900337214033e-06 -3.756688986620367e-07
-2.279998565392750e-05 1.746776848831854e-05 1.469519773185930e-06 1.677344807630334e-06
-2.466565950003144e-05 1.290167960842029e-05 -7.637506237992066e-07 -3.880666261396930e-07
-2.276331321517154e-05 9.907466562485281e-06 4.307947706880641e-06 -5.343403157641494e-06
3.422099121708591e-06 4.604343358609763e-07 1.855260276572623e-06 2.494169138307533e-05
3.048968766646934e-06 2.188415569170995e-08 1.194960092921606e-05 -7.317937008968716e-06
3.396641603475185e-06 -5.613315098326040e-07 -2.216301755120809e-05 -2.209507678340961e-05
-2.199298569501395e-05 1.511914846141629e-05 -9.030620167240845e-09 3.169941133574117e-07
-2.042242643817120e-05 1.694019327360145e-05 1.373360173436861e-07 3.548871475648373e-06
-1.818213387917917e-05 1.619046043213088e-05 2.532721477315750e-06 5.200943254447628e-07
-2.125338091419468e-05 1.195807010074056e-05 3.387953104452909e-06 -4.177604782575911e-06
-2.042742285125698e-05 9.433466040408043e-06 -3.944146342184217e-06 2.724489959986063e-06
2.238650933092156e-06 6.078664718781061e-07 -1.360832718396093e-06 2.882845564151540e-06
2.247989790761270e-06 -6.017108568816200e-07 -5.728611900747966e-06 1.542428670572317e-05
1.609224056986840e-06 -3.029240568986984e-08 5.337015707362255e-06 -1.736052597004280e-05
-1.611618014709564e-05 1.518330493272131e-05 2.376300075296371e-06 -2.567586588783507e-06
-1.786268933803083e-05 1.383406490344429e-05 3.626426715760775e-06 -3.674069755257623e-06
-1.862279776344256e-05 1.094356176805060e-05 2.280890236105439e-06 3.589190155917694e-06
-1.829896625352949e-05 8.614903031920704e-06 4.141151241301807e-06 -4.356469425119656e-06
9.637241265547965e-07 6.839057281764726e-07 -8.923619998634481e-06 1.206763838859942e-05
9.574654117307359e-07 -6.807025074787285e-07 5.023361394885833e-06 8.868871192894789e-06
2.077733331188798e-07 -3.463394488342103e-08 7.811847175920001e-06 -2.937602574256449e-05
-1.421109408576038e-05 1.398772815082430e-05 -7.516469896468739e-07 9.404838994930587e-07
-1.253475486235120e-05 1.264434005348432e-05 -4.716009537064958e-07 1.369503475991166e-06
-1.598534826351362e-05 1.050574128274001e-05 1.862623363403822e-06 -1.033519811374331e-06
-1.643618219703784e-05 7.469274263730145e-06 -5.714889972241413e-06 6.687894070637582e-07
-6.271023097048266e-07 9.261669672771165e-07 -5.974847407651255e-07 9.535262028170399e-06
-6.323469390168543e-07 -9.204822671707497e-07 -6.120912537482873e-06 2.231404566106799e-05
-1.296205963070402e-05 1.063682546966907e-05 1.083267339751920e-06 7.015982921157856e-07
-1.108153007097969e-05 1.113961249538727e-05 1.148044393578634e-06 4.422338005094495e-08
-1.365741650448801e-05 8.445854378342589e-06 1.901334073043417e-06 2.328617449533132e-06
-1.487514621772904e-05 6.113781089430759e-06 3.284950967180606e-06 2.527577210744175e-06
-1.573020577634480e-06 -4.628170854270486e-08 5.542499674134014e-06 -1.513006634680458e-05
-2.679616409160225e-06 1.239726930490135e-06 2.504255229108261e-06 1.251715000942170e-06
-2.689384100852973e-06 -1.272665663867181e-06 -4.815898291275889e-06 2.544841389915390e-06
-9.819252631394610e-06 9.530954633167258e-06 1.292604114647668e-06 -1.176097121333358e-06
-8.821382522187381e-06 7.882050211001952e-06 -1.435084283864736e-06 -2.958226749997800e-07
-8.070586258992196e-06 6.167459429989256e-06 2.793931518359487e-06 3.177578310668504e-07
-1.223273896328799e-05 6.527505606139317e-06 9.995181944601837e-07 -3.588958930099632e-07
-1.362245374057642e-05 4.617779767792079e-06 7.502960650083128e-06 6.756698460182337e-06
-3.574285678011637e-06 -9.899959699529397e-09 5.189799842694657e-08 4.713714553976116e-06
-4.678010872372149e-06 1.544522058759155e-06 -5.614874599779003e-06 -1.702830822168064e-06
-4.679910247648746e-06 -1.625987994696304e-06 -5.584834396852131e-08 1.599466826812666e-06
-9.743478610317583e-06 6.150759159517675e-06 -2.446406715624610e-06 -1.410337003125433e-06
-7.514063249146117e-06 4.461217805715361e-06 5.668454391353025e-06 1.828081791045971e-06
-6.473450742979864e-06 1.836756907960220e-06 4.196497824777945e-06 -7.498884719000825e-06
-6.957983904288002e-06 2.118705767834241e-06 -3.650780801426707e-06 5.301696698102216e-07
-7.201945827190515e-06 2.711583288741982e-06 -6.820053413259320e-06 5.866372843797131e-06
-1.125762544833368e-05 4.396029357499548e-06 6.499118259087130e-07 -9.621051025545888e-07
-1.268332260412774e-05 3.044193361452071e-06 6.308495605646274e-06 1.907303456406125e-06
-5.653908624415112e-06 2.070145369627450e-07 1.997903850686356e-06 6.350549777500735e-06
-6.502054779867500e-06 -1.883664284086215e-06 -1.052634660280352e-06 -9.159647264809882e-06
-8.692183121594727e-06 3.237361041126431e-06 2.749498225374219e-06 1.406126512562024e-06
-7.018923187711397e-06 1.004693801633045e-06 1.847930698521960e-06 -2.613281956370878e-06
-7.608320097795346e-06 1.917313477259233e-06 -6.145641235045232e-06 4.649510416627871e-06
-1.058915066259481e-05 2.557368080389459e-06 1.026294132038905e-06 2.532878863904873e-06
-1.208936268418284e-05 1.480392659696603e-06 -3.588101197715051e-06 1.400773946464199e-06
-7.096511213597653e-06 -8.117791900936190e-07 -7.034890360916329e-07 -1.554243538825017e-07
-7.050041640998092e-06 -2.140759799551823e-06 6.460061221920129e-07 -4.709969953342466e-06
-9.049042861364468e-06 5.850318408075026e-07 1.779890670021617e-06 6.198584896983718e-06
-1.186772037689487e-05 -5.325224267492504e-08 -4.301350255888035e-06 -8.878101371178457e-06
-1.194203822093780e-05 -1.533174945629899e-06 7.674661098107584e-06 1.254030940481664e-06
-8.176473070507063e-06 -1.782098116313075e-06 -1.008197952142533e-06 5.497064942010426e-06
-7.370757568224408e-06 -2.691752241135715e-06 1.891662758700514e-07 -2.524880942553280e-06
-7.771602580347598e-06 -4.216641406752782e-06 -4.742840586220773e-06 -1.993916964843255e-06
-1.048376196362604e-05 -1.739804697057750e-06 1.077383701746824e-06 3.612474972629501e-06
-8.345819980071853e-06 -5.653759729793441e-06 -1.986841345798385e-06 6.948869902246673e-06
-1.232205207877941e-05 -3.012290475404716e-06 1.014644660641944e-05 -3.449361501604674e-06
-9.146330152219826e-06 -4.283304799902832e-06 -1.242679005696199e-06 -2.071044919326702e-06
-1.115937981692941e-05 -4.386979418039792e-06 -3.071520496878616e-06 -2.304991701245354e-07
-9.078332866772964e-06 -7.006918142315386e-06 9.751758329881249e-06 1.200054488696902e-05
-1.296745914133567e-05 -4.392857062050813e-06 4.754189960293165e-06 1.136625983428430e-05
-1.238969277552360e-05 -5.726075808231205e-06 -2.826275157007743e-06 4.647757659611879e-06
-1.104606322029032e-05 -6.548326182303826e-06 1.019883832756419e-06 -7.390878497138930e-06
-9.948393418834484e-06 -8.244423438757779e-06 -3.223178858013133e-07 3.559573792117025e-06
-1.095261840163364e-05 -9.416879628203914e-06 9.309986484081346e-07 6.598103961078792e-06
-1.383884701707077e-05 -5.661007982928833e-06 -1.716781368718522e-06 6.961056910504057e-06
-1.318903403599272e-05 -7.189922385434708e-06 -3.736269548359381e-06 -2.309889679360339e-06
-1.241080644160869e-05 -8.955594834915749e-06 7.375622994295319e-07 2.322565958223410e-06
-1.207847104689230e-05 -1.043496047086974e-05 2.656564093771159e-06 1.032127236086772e-06
-1.490323746335779e-05 -6.735326591439625e-06 1.447639977687432e-05 6.938847842105820e-06
-1.458163043509200e-05 -8.928200963442009e-06 -1.455733801030575e-06 3.472196393455255e-06
-1.331794963697397e-05 -1.131055539718046e-05 -1.193261057068974e-06 -3.025574687614420e-06
-1.463832830111645e-05 -1.206436211187524e-05 2.145350559691030e-06 -1.760922834697746e-07
-1.603385871583384e-05 -1.265718506480096e-05 4.089598026716905e-06 -1.022272144301739e-08
-1.616517856723904e-05 -9.392147708777112e-06 -3.655487846161055e-06 6.471913935525369e-07
-1.615952131385973e-05 -7.604816336997986e-06 2.503529561195597e-06 5.135775582580920e-06
-1.584591197153866e-05 -1.114989414813868e-05 1.432297753374075e-06 -1.431247368345262e-07
-1.750370022724350e-05 -1.307466246358912e-05 1.567442903072777e-06 1.289635061494108e-06
-1.899678229540317e-05 -1.332571425369018e-05 -2.527826088169283e-06 4.445327973617707e-06
-1.741329910399826e-05 -9.791017878324189e-06 1.373379131283262e-06 -4.113690014102348e-07
-1.752667674054603e-05 -8.250515530125388e-06 1.018309866314531e-06 -1.473296226039876e-06
-2.048967999136692e-05 -1.341789983320235e-05 2.849459777784952e-06 5.948267929386017e-06
-1.882905274848715e-05 -1.120266542050011e-05 8.049173677695304e-07 7.581876716808469e-07
-1.899250034882292e-05 -8.652639238447536e-06 2.939582346495810e-06 -4.139831372991816e-07
-2.083074024382467e-05 -1.142535564934375e-05 6.248471310814092e-06 3.400327202153836e-06
-2.215894406906615e-05 -1.341735353101675e-05 2.368027463453513e-06 -7.982219237166752e-07
-2.050204892773519e-05 -8.788340992198529e-06 1.844010023717014e-06 2.309487891106849e-06
-2.444155728181476e-05 -1.340321721498216e-05 3.791392262919085e-06 2.207791492859777e-06
-2.264272159501060e-05 -1.029880319362595e-05 3.347670511287627e-06 -5.674351414892285e-07
-2.216059381006002e-05 -8.790581547521873e-06 2.544069446623421e-06 5.915361293122111e-07
-2.756382015955749e-05 -1.341176741472531e-05 1.552501398357808e-06 3.399104285779084e-06
-2.601968622103896e-05 -1.092198013232948e-05 1.638675132929726e-06 3.226562352353820e-06
-2.444064691179701e-05 -8.789604361003141e-06 -3.653542245493565e-08 2.650810638341061e-06
-3.171568074010914e-05 -1.341784496961572e-05 5.226611478629524e-06 2.534554134102689e-06
-2.963722046886786e-05 -1.109535564805378e-05 4.783305518651238e-06 8.282283863732586e-07
-2.756938057177896e-05 -8.785501225858889e-06 2.980077437188682e-06 -8.093018094971852e-07
-3.604343128098690e-05 -1.342892279793252e-05 5.289682687109087e-06 -1.038811746222555e-07
-3.387540775712244e-05 -1.110533532311998e-05 4.140874427758075e-06 1.689706643991382e-06
-3.170948622547659e-05 -8.783229299195868e-06 2.996145481713468e-06 4.034867446013745e-08
-4.040666486204599e-05 -1.344564523190060e-05 5.180245213181451e-06 6.178908174433366e-07
-3.822041258218156e-05 -1.110102132336060e-05 5.780774875081126e-06 8.661069577830762e-07
-3.604651354678743e-05 -8.777562144272792e-06 5.850563056992698e-06 1.286721437504363e-06
-4.478665211834216e-05 -1.345689791716898e-05 5.564190028537812e-06 1.920998521309499e-06
-4.259332472719171e-05 -1.110251559927440e-05 5.308947355419365e-06 9.260893276464259e-07
-4.040415524715250e-05 -8.756306259012629e-06 5.546304258134419e-06 1.405126203034812e-06
-4.919986475381912e-05 -1.346436964215568e-05 6.627059910837240e-06 -1.120177971335468e-07
-4.698996054438988e-05 -1.109754754053623e-05 5.890451578676212e-06 8.402852780578766e-07
-4.479196717402869e-05 -8.742754612471987e-06 5.359448972263618e-06 -1.577452265201833e-07
-5.362528158624774e-05 -1.347347712790989e-05 8.211811891707117e-06 1.533946416250139e-06
-5.140917996186211e-05 -1.110227547904824e-05 7.462213801963236e-06 4.925641033302770e-07
-4.919564400326297e-05 -8.734676294488023e-06 6.413879338041021e-06 1.720289391725315e-06
-5.807615409712217e-05 -1.348402957133027e-05 7.043205373230858e-06 3.074784878952742e-06
-5.584748155175229e-05 -1.110060568014598e-05 7.573581215341229e-06 5.409915233250770e-07
-5.362623811411855e-05 -8.730967056132185e-06 8.390943022624110e-06 -6.442665668062194e-07
-6.252670318827974e-05 -1.349292252038550e-05 9.224428896766151e-06 2.289956552149648e-06
-6.030184624296137e-05 -1.110071577051937e-05 7.759988944975657e-06 1.931776143772097e-06
-5.807668367964686e-05 -8.715142934546466e-06 6.725523630640428e-06 -1.051918827336273e-06
-6.699046787087069e-05 -1.349620345369804e-05 9.750673658847083e-06 -1.009682690174191e-06
-6.475401576120178e-05 -1.110497126856671e-05 1.048034748970090e-05 1.025309724389876e-06
-6.252547639005750e-05 -8.713552197481015e-06 9.464652484034801e-06 1.626683637950255e-06
-7.656320982065780e-05 -1.322983998297936e-05 1.115019162117275e-05 -6.370709459334327e-08
-7.593036397361241e-05 -1.349175073531064e-05 1.166994870493789e-05 3.614379676386664e-08
-6.899845672095326e-05 -1.110552008812299e-05 9.166114077169186e-06 3.514845642568846e-07
-7.147189707279836e-05 -1.349067827816856e-05 1.137520754041624e-05 2.863888679467207e-06
-6.698921499814742e-05 -8.713753457856972e-06 9.710212966516641e-06 1.597783069718908e-06
-7.682539267289825e-05 -1.259733075857812e-05 1.087936401720676e-05 6.012746071504653e-10
-7.532771319217267e-05 -1.110581470513830e-05 1.237917086943050e-05 1.031029911792776e-06
-7.147215762430691e-05 -8.720190457260615e-06 1.126501753889099e-05 -1.029669472322977e-06
-7.682628215919586e-05 -9.613936436568944e-06 1.020563974454357e-05 2.349829909954316e-06
-7.593119062379804e-05 -8.719249075022345e-06 1.111603803861286e-05 2.563875750281889e-06
-7.656412092151738e-05 -8.981238892628321e-06 1.048155747176696e-05 2.594920650961486e-06
