6.543767128515534e-05 -1.134396203542458e-05 -5.520963951974983e-06 1.193853207755113e-06
6.565799832772844e-05 -1.081205755706447e-05 -5.438850955146089e-06 9.314251901618167e-07
6.565744453661128e-05 -8.304732662768034e-06 -6.117032963862465e-06 3.593777120301755e-07
6.543702713175475e-05 -7.772567607908283e-06 -6.259900820260352e-06 1.794616343629086e-07
6.490573411912346e-05 -1.156425742442165e-05 -5.646980545543650e-06 1.409960309851939e-06
6.390835579847255e-05 -9.557948031173714e-06 -6.443315146216297e-06 1.158347611992343e-06
6.490490140143261e-05 -7.552118471484442e-06 -6.466223619664862e-06 3.312269854694641e-08
6.116439310720766e-05 -1.156286961074313e-05 -5.016012694958151e-06 4.551101899065026e-06
6.116286650048933e-05 -7.549353710473190e-06 -5.657472257742231e-06 1.018386395789675e-07
5.909926682965695e-05 -9.555105876379964e-06 -4.412232344341074e-06 2.556623581816932e-06
5.741858489292484e-05 -1.156612879606754e-05 -6.830296197003194e-06 -7.899373244951482e-07
5.742062197446321e-05 -7.547194166517416e-06 -5.806824437779136e-06 3.858034801313396e-06
5.554200161500960e-05 -9.558897731880093e-06 -7.632410450937406e-06 6.527339301760164e-07
5.366720992841063e-05 -1.156559735065654e-05 -6.290497448797153e-06 5.306695754049149e-07
5.367096905426730e-05 -7.560040022809920e-06 -6.838059886545342e-06 4.443821613623156e-07
5.179758679275577e-05 -9.565099335995431e-06 -6.096030156460964e-06 1.030748701188622e-06
4.991969858051015e-05 -1.157727119699835e-05 -7.545159821688666e-06 7.346909671122261e-07
4.992087425003603e-05 -7.555073051304173e-06 -6.943991904922658e-06 1.626678171784308e-06
4.804335444623917e-05 -9.566111240404137e-06 -8.084107190379164e-06 8.677342075978335e-07
4.616433826117336e-05 -1.157975183843174e-05 -6.519787594254560e-06 3.475309693345000e-06
4.616690188334716e-05 -7.552958816208287e-06 -7.190309772454759e-06 -5.136179467902123e-07
4.428912297788343e-05 -9.566462855899029e-06 -5.967765166133660e-06 1.636966572310857e-06
4.241497891953245e-05 -1.157446914054276e-05 -7.270648568841922e-06 -3.901335288751199e-07
4.241237180703555e-05 -7.554314409792121e-06 -6.846816232089393e-06 3.087054577715351e-06
4.053892957060164e-05 -9.563817724007861e-06 -7.640878516687470e-06 1.354138771181831e-06
3.866045240577002e-05 -1.158038895070936e-05 -7.159935148347200e-06 9.151560040869047e-07
3.866445791773302e-05 -7.552162069421834e-06 -6.852918804624163e-06 2.729815515975586e-06
3.678566819229325e-05 -9.567931670091707e-06 -6.028207502937518e-06 1.876509296276156e-06
3.490363755749510e-05 -1.158906926070628e-05 -5.592677031675603e-06 1.621754123744322e-06
3.490402762689250e-05 -7.548404890714538e-06 -5.784655639277192e-06 2.268377061626816e-06
3.301484083408611e-05 -9.571115047011896e-06 -6.049322344575169e-06 1.144850714782197e-06
3.111768878319167e-05 -1.159991498048007e-05 -5.507221705171096e-06 1.233240175042355e-06
3.111785884097230e-05 -7.542515789110701e-06 -6.308347717315039e-06 2.114900679503907e-06
2.922044532706797e-05 -9.570216996372780e-06 -5.105971374527958e-06 1.678404343505663e-06
2.732482106032243e-05 -1.160083931494048e-05 -5.084418024272281e-06 2.455224516948069e-06
2.731751549809186e-05 -7.529634076346023e-06 -4.360692783531265e-06 6.628048755617666e-07
2.549842376912476e-05 -9.563063039091570e-06 -4.779398459484357e-06 2.318766427861997e-06
2.367232997803254e-05 -1.160188334718254e-05 -4.189513375140398e-06 2.734762202506251e-06
2.368073790636176e-05 -7.528051814405790e-06 -4.739985375492633e-06 8.898126388683640e-07
2.230977059400155e-05 -9.724771545685219e-06 -5.083461398657772e-06 9.427765150564474e-07
2.091297233808499e-05 -1.160369314579842e-05 -5.824542761157974e-06 3.269578666110002e-06
2.091137743978222e-05 -7.530276407818452e-06 -4.877949838015862e-06 5.840982132742139e-07
1.889429636518137e-05 -1.160405467972094e-05 -3.736478747122387e-06 3.617946779282146e-06
1.928973865006760e-05 -1.026111885381616e-05 -4.492982264385246e-06 2.831194146368122e-06
1.890353184397351e-05 -7.527810139314990e-06 -4.704948607211083e-06 1.169057001396269e-06
1.743530812064850e-05 -7.534260741597789e-06 -1.184745867076850e-06 -1.800729704615280e-06
-2.992669719051189e-06 -5.010930794077729e-07 3.909989380196408e-05 -6.286876082977489e-06
-3.077818537319596e-06 -3.909774612854326e-07 1.616992588646952e-05 2.727501839793027e-05
-3.114519580019494e-06 1.603290230076047e-07 1.678430863991511e-05 -4.492145957299664e-05
-3.031035272623423e-06 2.857637887994134e-07 4.473098533999930e-05 1.634699413166920e-05
1.742802785045016e-05 -1.160064258498930e-05 -2.591159237644301e-07 2.366912621194547e-06
1.609488308388152e-05 -1.152441176537709e-05 -1.096031546646216e-06 5.191220290943584e-07
1.713357591113792e-05 -9.060713168978879e-06 -1.283114585219784e-06 1.669807334799583e-06
1.609885589162465e-05 -7.429052445365361e-06 -1.360033871004514e-06 -7.829585363412756e-07
-2.812634382558190e-06 -5.358413537674175e-07 2.645709645851219e-05 -5.714813345334992e-06
-2.609947645093351e-06 -1.001107935762818e-07 -5.028948359517430e-05 -2.527283823441840e-05
-2.849713998163745e-06 3.260167167397865e-07 6.546169299582018e-05 6.443946129884457e-05
1.567283509797020e-05 -1.026897358059994e-05 -1.188842843586638e-06 1.562122769940372e-07
1.478878506479033e-05 -1.129393121028251e-05 -1.707223773897537e-06 -6.135665921418386e-07
1.352115398721962e-05 -1.091797026636073e-05 -3.372023700026264e-06 -9.708079365920952e-08
1.527277025978958e-05 -8.542531813314636e-06 -1.286924352759175e-06 1.658054194956937e-06
1.481270447574598e-05 -7.088016957180577e-06 -4.230249177893249e-06 6.908859115791336e-06
-1.889186475301959e-06 -5.790082647809773e-07 2.130725267594721e-05 2.700082296840017e-05
-1.903991745903674e-06 3.937473026635851e-07 5.359879176853212e-07 -6.850147200478206e-06
-1.413095158699590e-06 -8.466438928955920e-08 -7.463048002884305e-06 -3.429210825273875e-05
1.230358527695421e-05 -1.040081062282330e-05 -3.597742350717137e-06 1.837695573536331e-06
1.335372823480641e-05 -9.603821879608933e-06 -4.335698564348093e-06 2.763453100171214e-07
1.379192433750308e-05 -7.944620885375474e-06 -3.604505428785892e-06 5.140260912244196e-06
1.361896356094294e-05 -6.531535743995795e-06 -2.160705511514904e-06 3.081702409364517e-06
-8.625843886864796e-07 -6.624457957005411e-07 -4.276141073410094e-06 1.602037460291913e-05
-8.327081096902183e-07 4.549107581404360e-07 1.204463282275859e-05 2.563771762678340e-05
-2.403648544679015e-07 -8.593001552585006e-08 -1.183835195281696e-05 -4.190975395907643e-05
1.115568329705420e-05 -9.753932025621867e-06 -2.992512900345295e-06 3.989098822284882e-06
1.009456429404182e-05 -8.977091620256325e-06 -2.367763493878620e-06 3.991883608722112e-06
1.224860672831341e-05 -7.681470847153364e-06 -2.488470892896690e-06 7.124128417803162e-07
1.254185045117770e-05 -5.786546765584765e-06 -5.957330786278544e-06 1.946086423931010e-06
4.679126405735733e-07 -8.645095340825885e-07 1.208307566943149e-05 1.901027610851719e-05
4.599005063567392e-07 6.770722543434114e-07 -1.460620262893918e-06 1.833349534003975e-05
1.036227731306075e-05 -7.767244144570834e-06 -1.260169039082970e-06 2.202390997561560e-06
9.126325140953585e-06 -8.085001979049414e-06 -1.595336506954719e-06 1.692970343826529e-06
1.081766982074776e-05 -6.387239368319207e-06 1.019322693049405e-06 2.060532026037391e-06
1.160004773006226e-05 -4.855727569230405e-06 -1.551001048519964e-06 2.425168765117637e-07
1.248984552712435e-06 -1.055416025474443e-07 -7.088370104814597e-06 -1.726736133022544e-05
2.184344199688284e-06 -1.160449723436945e-06 2.234632355099915e-07 -1.122994015655839e-06
2.178359950355261e-06 9.426774672916178e-07 1.726512374207358e-06 -2.215242608139827e-07
8.266294100370122e-06 -7.097538008422107e-06 -8.832353062905889e-07 -3.226328472241317e-06
7.528410953280336e-06 -6.022060383792577e-06 -1.873632824604521e-06 -1.017365475930603e-06
6.911216980236804e-06 -4.862990131055386e-06 8.799003994387410e-07 1.055164705532542e-06
9.897030552161094e-06 -5.124973872790433e-06 -1.095485686784657e-07 5.787534037274714e-07
1.085292103661888e-05 -3.793418970392919e-06 -9.749535601419175e-07 1.962916283084925e-06
2.918195689130604e-06 -1.047340376520138e-07 5.481475776789630e-06 7.381902611867782e-06
3.840920688211821e-06 -1.430569873785867e-06 -1.252224551226582e-05 -1.203659857472707e-06
3.840408894462571e-06 1.243206258861497e-06 -7.079114631671062e-06 -4.672767704280549e-06
8.149515692732623e-06 -4.872351739825044e-06 -1.818609679683518e-06 9.245841445892526e-07
6.428211510289073e-06 -3.629087001654361e-06 2.122794367692233e-06 3.417880743820586e-07
5.359345219530274e-06 -1.658551147816166e-06 4.413265465455664e-06 -4.819199338023759e-07
5.831096265022883e-06 -1.894859676900003e-06 -5.337830527964533e-06 8.457368086798021e-06
6.097532522848934e-06 -2.360624724490247e-06 -1.090698353886414e-05 1.217172220036823e-05
9.240742391595896e-06 -3.631634938473237e-06 -5.611905590324972e-06 -5.262715233855841e-08
1.029753550050048e-05 -2.618654787948372e-06 -1.071058750781972e-06 5.621402253167966e-06
4.667628751771976e-06 -3.112200567123544e-07 2.053944259044495e-06 1.063751704380189e-06
5.345898132653527e-06 1.458388909674331e-06 1.294733374646136e-06 -1.633877667618288e-06
7.267091330108583e-06 -2.767342102102735e-06 3.224963281057421e-06 7.370042168035205e-07
5.837054134280705e-06 -9.585304062626787e-07 2.317734294998202e-06 -3.749148898805119e-06
6.389076982604737e-06 -1.734017891870451e-06 -9.365152377107561e-06 8.993412921580060e-06
8.746066931283333e-06 -2.248452278048928e-06 8.013503393755940e-07 -4.173484846261649e-06
9.962998464062139e-06 -1.391227770626353e-06 6.670880862298582e-07 3.758126657503859e-06
5.839222140109698e-06 5.524549430004087e-07 3.435603031939706e-06 -1.965141945647168e-06
5.746263864605306e-06 1.692995767634672e-06 -6.111347073876259e-06 4.913623257861039e-06
7.523824464243829e-06 -6.678914190021425e-07 -3.579308285025332e-07 -3.558950699083833e-06
9.870900438251578e-06 -1.221846481528844e-07 -8.462785845569017e-06 2.585249759453656e-06
1.008402978446748e-05 1.162000058131600e-06 -2.882234143740677e-06 2.660253840062860e-06
6.719151171299889e-06 1.376281692194375e-06 2.844799733724278e-06 5.186028509810190e-06
5.974556041162842e-06 2.203243988566567e-06 -1.437711330678081e-05 7.390909540915775e-06
6.245061004336593e-06 3.629927743839566e-06 -1.898852159321181e-05 -1.098554908117044e-06
8.763774006655212e-06 1.304710864669119e-06 -3.939163446270525e-06 4.624461785015679e-07
6.683771077472867e-06 5.076523088534450e-06 -6.092519597585411e-06 1.286580031888763e-06
1.057166052613330e-05 2.464886538513576e-06 5.865527566324782e-06 -1.437237228819424e-06
7.524699086723223e-06 3.658861572897889e-06 2.792649504953642e-06 -7.394345637321208e-06
9.449073875178563e-06 3.779735720724438e-06 -4.427930288412583e-06 -1.222621052350646e-06
7.323035241937668e-06 6.484331727559586e-06 1.194517409542829e-05 7.814779263620491e-06
1.133397392753851e-05 3.771927857851475e-06 4.284918520112319e-06 5.106170070050860e-06
1.075166676051326e-05 5.128207164693848e-06 -6.194957766285782e-06 1.128322635221763e-06
9.343000052486314e-06 5.982922881814207e-06 -6.134184370824400e-06 -5.598319168668148e-06
8.160629170370989e-06 7.896473309093255e-06 -1.058349453618599e-05 5.054191498555692e-06
9.208180058944021e-06 9.213816820691012e-06 -4.585739407519752e-06 1.844455278170987e-06
1.239560973431109e-05 5.021636572831980e-06 7.927950278693857e-07 -1.058018770138999e-06
1.165874783245344e-05 6.688586560508446e-06 -4.646652914626326e-06 -4.312820645871991e-06
1.079437280628095e-05 8.692063099741185e-06 7.927441551595365e-07 -2.578586580386454e-06
1.042134235405823e-05 1.048152055666504e-05 4.048986000835714e-06 -2.308228380477236e-06
1.370022399230641e-05 6.141944244477811e-06 9.078956080373246e-06 -3.972128337353190e-07
1.331258829310099e-05 8.707199224199846e-06 -1.665765237291233e-06 -3.026184508793108e-06
1.182635138734757e-05 1.161978901529405e-05 -3.198647098466411e-06 -2.712468228803301e-06
1.342626312203642e-05 1.261036332620306e-05 -2.256207292136783e-06 1.817654035115423e-07
1.516247618967363e-05 1.345045187478207e-05 -1.981347695270566e-06 -2.867856691688027e-06
1.528375025672905e-05 9.272812695678636e-06 -3.247147028245972e-06 -3.045905138769628e-06
1.525901549038826e-05 7.102615061113086e-06 3.793636273195434e-07 1.724102657491164e-06
1.489275844458628e-05 1.148180469775740e-05 -1.950655595206222e-06 -1.980976436059165e-06
1.703086897630609e-05 1.408218817828498e-05 -3.779039785688430e-06 -4.789082766484183e-06
1.902021296745376e-05 1.451060511445186e-05 -6.380152787699070e-06 -2.094108518838063e-06
1.689745134794365e-05 9.760229071234898e-06 -3.811898878861128e-06 -3.836119099792583e-06
1.705257431671672e-05 7.803415708791564e-06 -4.151979327885973e-06 -6.594075252985381e-07
2.107570019857680e-05 1.469883832176820e-05 -6.142441670134754e-06 -3.995698410194043e-07
1.875431781823379e-05 1.161911609517422e-05 -5.215654192986740e-06 -1.893255024921515e-06
1.900303216313583e-05 8.212655232510219e-06 -4.401779640072070e-06 -2.997738330267597e-06
2.151343547783835e-05 1.194284164956172e-05 -4.061173989864105e-06 -1.507461841438042e-06
2.340289494271351e-05 1.479607744112095e-05 -4.069042591095473e-06 -5.554686715571732e-06
2.104164332444417e-05 8.319475099958552e-06 -3.622204532219153e-06 -1.235831343745853e-06
2.669498031398134e-05 1.490126761623798e-05 -3.318040640212029e-06 -4.888697152653002e-06
2.405249837695057e-05 1.035433262077383e-05 -5.018681761952639e-06 -3.231679253642207e-06
2.339407293682631e-05 8.228966338513147e-06 -5.295131644153702e-06 -1.138633626986027e-06
3.140367093321457e-05 1.503295851115353e-05 -7.200306189336255e-06 -5.729672918956842e-06
2.903411865076291e-05 1.124286261779858e-05 -5.386857555786258e-06 -1.005896322217474e-06
2.669210230953139e-05 8.106516138891645e-06 -5.464271083186444e-06 1.268460256466755e-06
3.786984850223761e-05 1.517434334093529e-05 -7.968319993906556e-06 -3.673908798760131e-06
3.459674853612699e-05 1.151236406286444e-05 -8.314522161049967e-06 -3.107309226866788e-06
3.140518204630194e-05 7.980392760383385e-06 -7.365844207750939e-06 1.884637157219711e-07
4.485211452836903e-05 1.530230227851721e-05 -1.103268401975783e-05 -5.565554012126000e-06
4.132317104701710e-05 1.151053019850959e-05 -8.841567130057298e-06 -3.362498987298897e-06
3.787125372723263e-05 7.846538973458555e-06 -8.297065826633971e-06 -3.948136006950902e-06
5.205030798565172e-05 1.542205736289685e-05 -1.410594425145407e-05 -3.004986621753609e-06
4.841443407495668e-05 1.150876135664013e-05 -1.332659155188624e-05 -1.929789754643121e-06
4.485374572897714e-05 7.716131810730120e-06 -1.143230360555135e-05 -8.629327796342382e-09
5.944725798689759e-05 1.551925204006138e-05 -1.586545690073744e-05 -2.686743499119456e-06
5.571751672985614e-05 1.151585068677382e-05 -1.453418144607361e-05 -2.538665526035444e-06
5.204631841434643e-05 7.602852044029646e-06 -1.362508453169360e-05 -1.639052815950618e-06
6.700370825873571e-05 1.560302667659598e-05 -1.983072983049928e-05 -4.436880548906687e-06
6.320090410419893e-05 1.152033295590782e-05 -1.797992079015277e-05 -3.383883925261681e-06
5.944521931905983e-05 7.516677091991037e-06 -1.610466380945323e-05 -2.608557452382322e-06
7.468465765264665e-05 1.566034714613208e-05 -2.239394520478397e-05 -5.096920262897978e-06
7.082662534303387e-05 1.151979900708318e-05 -2.116681990685768e-05 -2.813157112257575e-06
6.700533900842094e-05 7.437330214507534e-06 -1.992193988708085e-05 -2.771140045476030e-06
8.248065734396174e-05 1.571259083247334e-05 -2.188489684146273e-05 -2.787818000604017e-06
7.856414450586812e-05 1.151785745989651e-05 -2.242356645246801e-05 -2.015424586929623e-06
7.468584029534772e-05 7.377057793558719e-06 -2.242619587723375e-05 5.063268214074396e-07
9.034657750686144e-05 1.574699963495671e-05 -2.664416046818374e-05 -4.774398946746675e-06
8.640467048690995e-05 1.152508765628554e-05 -2.349558280703712e-05 -3.389823601697526e-06
8.247559298065080e-05 7.329356157429854e-06 -2.155207399953794e-05 -2.618582346046149e-06
9.826038053506961e-05 1.576343977582676e-05 -2.767534983564150e-05 -3.012175750669280e-06
9.429775003219151e-05 1.152361747580088e-05 -2.815446184573142e-05 -3.123552965642231e-06
9.034921970767924e-05 7.303870297594102e-06 -2.687377969206834e-05 -2.471314837133516e-06
1.152652452369736e-04 1.531505553343869e-05 -3.070552120050993e-05 -2.311786013843862e-06
1.141350769342767e-04 1.578230860794337e-05 -3.088237316603811e-05 -2.367552432041634e-06
1.018129873642440e-04 1.152164494356046e-05 -2.828015117537818e-05 -2.282164027578570e-06
1.061926464494173e-04 1.577008813121064e-05 -3.084773788137107e-05 -3.523110082914816e-06
9.826046893971524e-05 7.281182182686993e-06 -2.781911446744402e-05 -1.869544862237778e-06
1.157334736928490e-04 1.418606009029704e-05 -3.060708677291825e-05 -2.288273585537190e-06
1.130578584745286e-04 1.152211165817111e-05 -3.118388306155131e-05 -2.438196852549753e-06
1.061924688911313e-04 7.273597505904316e-06 -3.082081746612452e-05 -1.207050779059473e-06
1.157339054148636e-04 8.857893767334441e-06 -3.038779441041419e-05 -2.703112299389115e-06
1.141354548567644e-04 7.261482177430587e-06 -3.070032030651170e-05 -2.697766058827598e-06
1.152656804799901e-04 7.728783297123325e-06 -3.048769664268692e-05 -2.734274145088240e-06
