-9.654837491596742e-05 1.410229777937718e-05 3.723425394522271e-05 -3.511365852820155e-06
-9.692316061230745e-05 1.319745464579716e-05 3.731698630491584e-05 -3.301782989087816e-06
-9.692319847216207e-05 8.932135113469187e-06 3.731614643317841e-05 -2.336592234185881e-06
-9.654842644334782e-05 8.027361789610829e-06 3.723362309743169e-05 -2.130373995163777e-06
-9.564355703430256e-05 1.447710580237194e-05 3.703231006735141e-05 -3.600040089986042e-06
-9.394652609627041e-05 1.106487504247980e-05 3.666384138868676e-05 -2.820504041780117e-06
-9.564364876810810e-05 7.652594280999981e-06 3.703288811034331e-05 -2.043730311433158e-06
-8.927232363657115e-05 1.447774481247015e-05 3.557814575432937e-05 -3.701450276414353e-06
-8.927266924042617e-05 7.653170684505268e-06 3.560371999077956e-05 -2.004391380314704e-06
-8.575439303082503e-05 1.106603844050289e-05 3.470955899504959e-05 -2.906404761057510e-06
-8.290017514027625e-05 1.447699116101110e-05 3.393342137293571e-05 -3.965963813241849e-06
-8.290054107082009e-05 7.656093658574444e-06 3.393146478400653e-05 -1.973459758399901e-06
-7.971544247665166e-05 1.106697426118729e-05 3.296620671902284e-05 -3.022787399651704e-06
-7.653481841614060e-05 1.447024699936470e-05 3.154044062951656e-05 -4.303363158615707e-06
-7.653524725160923e-05 7.664711938492304e-06 3.198317754865596e-05 -1.976212825438635e-06
-7.335774477861517e-05 1.106771879764197e-05 3.079715632709935e-05 -3.186365864840969e-06
-7.019054362329462e-05 1.445500824344121e-05 2.880433286283332e-05 -4.615670655748457e-06
-7.019089602304521e-05 7.680762552172837e-06 2.966194250835162e-05 -1.941529682048506e-06
-6.702918995432859e-05 1.106781691892554e-05 2.825904513511006e-05 -3.333739870108391e-06
-6.388316979659712e-05 1.443066940390426e-05 2.616411421228431e-05 -4.803695675903599e-06
-6.388319771060701e-05 7.704170184109802e-06 2.701944318715576e-05 -1.968301075815550e-06
-6.074513281469024e-05 1.106695039028623e-05 2.557057734351576e-05 -3.471953691481250e-06
-5.762823710250236e-05 1.439616790325696e-05 2.388547436830613e-05 -4.916825591893519e-06
-5.762777519574069e-05 7.735794505932556e-06 2.431743125130693e-05 -2.088953194445747e-06
-5.452202113750413e-05 1.106505157088397e-05 2.295756601458207e-05 -3.597318826723309e-06
-5.144389157999922e-05 1.434974221976880e-05 2.167080037032704e-05 -5.084079750163591e-06
-5.144303239011301e-05 7.777692763176785e-06 2.164192527811298e-05 -2.137587614575506e-06
-4.838010957760134e-05 1.106243020507157e-05 2.025145047465952e-05 -3.629572128579441e-06
-4.535305341307732e-05 1.428975770528803e-05 1.870455492059177e-05 -5.292016739782601e-06
-4.535220708345187e-05 7.832500879366419e-06 1.867878470651669e-05 -1.910677151678838e-06
-4.234493659270031e-05 1.105986431853287e-05 1.703180996372306e-05 -3.539921154515989e-06
-3.938240361553104e-05 1.421636038280673e-05 1.527387737187577e-05 -5.277165831719352e-06
-3.938167003001212e-05 7.901110396154979e-06 1.519698726385333e-05 -1.595459341931339e-06
-3.644283569204593e-05 1.105764072617000e-05 1.342972418410496e-05 -3.320915538807969e-06
-3.355542004708885e-05 1.413145153153774e-05 1.180927110162516e-05 -4.847403134454132e-06
-3.355474446631583e-05 7.982735277616839e-06 1.172496933488462e-05 -1.545693856914388e-06
-3.080848535967139e-05 1.105572232924862e-05 1.030749996310469e-05 -3.078061056805951e-06
-2.811696461965151e-05 1.403762889190059e-05 9.151711552299328e-06 -4.269864349565867e-06
-2.811622689255204e-05 8.078737252085147e-06 9.085162368984994e-06 -1.693355485677667e-06
-2.611346692631352e-05 1.128336948507989e-05 8.320915244574077e-06 -3.005160739264872e-06
-2.412216809487603e-05 1.395053254613040e-05 7.639271387186963e-06 -3.978470013350035e-06
-2.411993130131158e-05 8.169363163514390e-06 7.610426295441697e-06 -1.760188226929105e-06
-2.129910774364857e-05 1.387154715660458e-05 6.618590949208090e-06 -3.936721785127421e-06
-2.182581325810216e-05 1.202622180734327e-05 6.826201685561866e-06 -3.213483114438687e-06
-2.129492596959924e-05 8.229631088423162e-06 6.610550409742810e-06 -1.742169393594849e-06
-1.929123358736001e-05 8.295774654967986e-06 5.792116568335632e-06 -1.746171242463237e-06
2.821627034088701e-06 9.007026063592525e-07 -3.685597597268555e-05 4.528256563784807e-05
2.890627574644233e-06 7.653307340141280e-07 -3.314584131454627e-05 4.636179564733746e-05
2.927208749101182e-06 2.173837687759454e-07 -2.362335102283738e-05 3.560138064204144e-05
2.859128885031517e-06 5.694630846751375e-08 -2.716122571403257e-05 2.906075146631862e-05
-1.928478059659053e-05 1.381437344357474e-05 5.814144445149336e-06 -3.940844699038414e-06
-1.750879666004836e-05 1.366032978400085e-05 4.995366889527070e-06 -3.923348459124788e-06
-1.886381153614916e-05 1.036890951807556e-05 5.624377160344554e-06 -2.570815328978995e-06
-1.749054335101484e-05 8.211256242478489e-06 4.963049832906491e-06 -1.730344728860087e-06
2.662719733880268e-06 9.539214425137953e-07 -4.359068749907515e-05 4.370644790602528e-05
2.524981298219998e-06 4.091681596889508e-07 5.492814316845672e-05 -5.747403416554538e-05
2.691679399575806e-06 -5.451456385499872e-09 -3.650312450686306e-05 2.709034550474945e-05
-1.693028149574615e-05 1.197044145763773e-05 4.731401932729850e-06 -3.221918318103110e-06
-1.578828641159301e-05 1.329532401290017e-05 4.204465231835409e-06 -3.784055561765195e-06
-1.415921599026774e-05 1.276273557340125e-05 3.453136214041927e-06 -3.538139145325980e-06
-1.639804774807543e-05 9.690523100243401e-06 4.431417368765647e-06 -2.349282770837385e-06
-1.580230046689897e-05 7.845654882802911e-06 4.121322603573986e-06 -1.724312823487341e-06
1.818923704454718e-06 9.095314113174935e-07 -5.511965841477320e-06 6.713961061124203e-06
1.789501030752574e-06 -2.094371947851478e-09 -2.228980504031307e-05 2.077550714518729e-05
1.348443716988366e-06 4.298561454219596e-07 -7.331926230028145e-08 -3.818591788783665e-06
-1.264383581060904e-05 1.204453857344364e-05 2.891422661655886e-06 -3.182778414785102e-06
-1.393061619905040e-05 1.105466024893215e-05 3.314439254673239e-06 -2.847126771098755e-06
-1.448889131840878e-05 8.947257133217309e-06 3.521513795374947e-06 -2.165966017416904e-06
-1.425879520611162e-05 7.223057456695279e-06 3.381044094909490e-06 -1.781603439367350e-06
8.154620138763463e-07 1.005073665092750e-06 1.954977454687983e-06 -4.418914738449769e-06
8.343282293693962e-07 -1.108592052135789e-07 4.966627825310589e-06 -6.321080518452727e-06
2.251037049510843e-07 4.656391447080021e-07 3.316471915620509e-07 -3.164598988542083e-06
-1.124166728916966e-05 1.118880979155705e-05 2.439658879041292e-06 -2.835217622258478e-06
-9.988190113667406e-06 1.020809892695485e-05 2.241338449293591e-06 -2.599138499962288e-06
-1.255885360890528e-05 8.627878381884309e-06 2.793412641044931e-06 -2.171540990491086e-06
-1.289792620254217e-05 6.362097112560200e-06 2.879175806153454e-06 -1.867047139498557e-06
-4.552968005080353e-07 1.211581865994133e-06 -1.954755130158821e-06 -2.623202996786342e-07
-4.549479962933309e-07 -2.662952538714602e-07 -6.203111266898549e-07 -1.113868260917288e-06
-1.030812554036924e-05 8.726426625185124e-06 2.303665347062765e-06 -2.299846489329858e-06
-8.887882810017649e-06 9.101664275472527e-06 2.136025649808445e-06 -2.393233647818691e-06
-1.083582900470668e-05 7.088041519352811e-06 2.426283849060957e-06 -2.118195416915555e-06
-1.174908049577172e-05 5.324704275834220e-06 2.627638493652972e-06 -1.981418005676055e-06
-1.204217054356374e-06 4.735674295578437e-07 -5.357803185352896e-07 1.138689611520513e-06
-2.098373886523988e-06 1.483169432057405e-06 3.710309888053231e-07 1.275163330807878e-06
-2.101150540197886e-06 -5.474309780124534e-07 4.469501634814837e-07 2.190077377461517e-06
-7.926803336322917e-06 7.907720803362141e-06 2.066309681308153e-06 -2.358345665183662e-06
-7.145400010101995e-06 6.665257716139877e-06 1.969333170990426e-06 -2.326583577258661e-06
-6.535625797838579e-06 5.357196788184014e-06 1.701591593436594e-06 -2.180498788895138e-06
-9.768537694725557e-06 5.636635655711438e-06 2.347037832643850e-06 -2.150041161268154e-06
-1.083196254133525e-05 4.161194300100205e-06 2.543380028596428e-06 -1.946182476905388e-06
-2.822891727059740e-06 4.675519996844082e-07 8.764153477498931e-07 1.807783282319401e-06
-3.709621819856449e-06 1.744659997246612e-06 1.173397908657361e-06 1.139971331399445e-06
-3.714089479899719e-06 -8.392718527827234e-07 6.958059480270734e-07 1.520762373691708e-06
-7.848562612810762e-06 5.351721969881773e-06 2.072608439495093e-06 -2.216621471240242e-06
-6.077753280474192e-06 4.021271638612715e-06 1.459845775191985e-06 -1.775088001794386e-06
-5.169024734365419e-06 1.966752293452940e-06 1.105212889221386e-06 1.010593089223007e-07
-5.589782378038365e-06 2.194887877181746e-06 1.147493986079512e-06 -3.887187535269792e-07
-5.809102039715280e-06 2.664948852875905e-06 1.227492606937032e-06 -9.567079684636753e-07
-9.027721396112719e-06 3.991640131474576e-06 2.254652960910329e-06 -1.919264380107824e-06
-1.014834594662470e-05 2.926088545653869e-06 2.478390348480598e-06 -1.653747628825905e-06
-4.509428444204513e-06 6.479777704207993e-07 9.271803277955711e-07 8.941249455154993e-07
-5.188149510020580e-06 -1.049297916389446e-06 7.592570824184440e-07 6.387254974995467e-07
-6.988723481119549e-06 3.079746011089419e-06 1.737897734227089e-06 -1.404392292265361e-06
-5.625189974192748e-06 1.283384076915568e-06 1.076108014633886e-06 1.251263264476157e-07
-6.124699841901725e-06 2.032213110874935e-06 1.329607765690556e-06 -5.273022058229106e-07
-8.502713424212643e-06 2.544694605662064e-06 2.035747669494657e-06 -1.403261281739210e-06
-9.718512609795634e-06 1.675493945900956e-06 2.313132502361523e-06 -1.131451727609506e-06
-5.665586011106948e-06 -1.829330535513971e-07 9.165074436336941e-07 3.963977602860054e-07
-5.611941930393526e-06 -1.271004135293668e-06 8.381075357920244e-07 3.741664644387518e-07
-7.269546173123560e-06 9.665810083953449e-07 1.476996027568603e-06 -3.970761163395082e-07
-9.566271804749309e-06 4.339097890107899e-07 2.044206481476546e-06 -6.636044617980447e-07
-9.674043647352562e-06 -7.800537922663193e-07 1.938086735486250e-06 -4.338327878894677e-07
-6.538354401904537e-06 -9.811005643125305e-07 9.905459164633872e-07 1.030519675072092e-07
-5.860116899028434e-06 -1.741814643618356e-06 8.433838041397124e-07 1.499250675537145e-07
-6.164740168369154e-06 -3.034530301559626e-06 8.836896191456770e-07 2.638067962341973e-08
-8.457799036829253e-06 -9.373781562598505e-07 1.575139758706773e-06 -3.245616807674651e-07
-6.618466603296905e-06 -4.286501901525880e-06 8.809709083265497e-07 3.198224216388437e-07
-1.004153575319273e-05 -2.004191653852913e-06 2.025354831958569e-06 -2.975520904242029e-07
-7.330595810205635e-06 -3.079581626787023e-06 1.071888160245180e-06 -3.777112777882701e-08
-9.048755190672980e-06 -3.176410432453563e-06 1.737908722025785e-06 -7.010319705080649e-08
-7.220464456535579e-06 -5.480954597289107e-06 1.079268783651868e-06 7.209746544400839e-07
-1.064268769321302e-05 -3.177415085242959e-06 2.344128583399681e-06 -5.278159584407552e-08
-1.013772432840628e-05 -4.337411918690216e-06 2.216045753522997e-06 3.670192632459447e-07
-8.946437574947451e-06 -5.065827692145961e-06 1.756900035190549e-06 6.048796683807203e-07
-7.961518755721416e-06 -6.623844347480081e-06 1.409799702385524e-06 1.215437855589645e-06
-8.851005300176053e-06 -7.692437638120057e-06 1.869134474785351e-06 1.673581766457490e-06
-1.147015309235603e-05 -4.261192501129093e-06 2.766657015939018e-06 4.110611745998677e-07
-1.087068822443217e-05 -5.644451456342986e-06 2.606748411662739e-06 9.725584736286031e-07
-1.016458677148740e-05 -7.268664737832779e-06 2.429920290394965e-06 1.545195644622100e-06
-9.863723213916099e-06 -8.671889122401051e-06 2.345106737175299e-06 1.927797457614011e-06
-1.249523745132348e-05 -5.216023568007038e-06 3.110560235480114e-06 9.382455333045696e-07
-1.218545269063521e-05 -7.260000551499350e-06 3.067031217788481e-06 1.604383662747337e-06
-1.100274659552914e-05 -9.533211121242730e-06 2.789694226054056e-06 2.096204092844595e-06
-1.225714257389756e-05 -1.027218555954667e-05 3.042723597565085e-06 2.111643423936313e-06
-1.359936121123303e-05 -1.087643700581760e-05 3.223899178132377e-06 2.042597773102875e-06
-1.370784990099082e-05 -7.700436009995362e-06 3.280169097678374e-06 1.736138918989499e-06
-1.369599081924012e-05 -6.006945101764928e-06 3.305139608319968e-06 1.359277299568823e-06
-1.340561238638679e-05 -9.394647136222087e-06 3.257763586593847e-06 1.971784061162304e-06
-1.502262712680057e-05 -1.131958888675140e-05 3.245898920372936e-06 1.998950522492831e-06
-1.650430695197527e-05 -1.160326966046653e-05 3.240641352955205e-06 1.984867181118132e-06
-1.493029520326144e-05 -8.079274431360420e-06 3.310419135667919e-06 1.824742812668425e-06
-1.504505156407122e-05 -6.588865481069641e-06 3.320489965050415e-06 1.657481693333063e-06
-1.801770319050343e-05 -1.171463816816631e-05 3.213214905814302e-06 1.996484066091239e-06
-1.632365415217389e-05 -9.473250001043800e-06 3.262824750306441e-06 1.931154653540767e-06
-1.649819809797371e-05 -6.937614552564696e-06 3.259563764098911e-06 1.829961436931447e-06
-1.835010009237937e-05 -9.703755885267368e-06 3.200734783307664e-06 1.973256298164411e-06
-1.970927147642079e-05 -1.174400488354031e-05 3.216765516601712e-06 2.039390016881811e-06
-1.800929867872311e-05 -7.044805393738802e-06 3.199162123636671e-06 1.896357462510035e-06
-2.206105655882030e-05 -1.177334869147349e-05 3.307004980335577e-06 2.078881023074492e-06
-2.019284164738232e-05 -8.553947372485566e-06 3.213309975128885e-06 1.979171239963623e-06
-1.970753135711937e-05 -7.015724335482300e-06 3.198304592163211e-06 1.935410228393282e-06
-2.535112531606534e-05 -1.181710928288301e-05 3.384246672125556e-06 2.016882744472728e-06
-2.371068786148538e-05 -9.190140448706540e-06 3.373364402173708e-06 2.043709958437652e-06
-2.206171812996541e-05 -6.978506063750122e-06 3.290342695348001e-06 1.968796449759217e-06
-2.977023109242175e-05 -1.186003615433297e-05 3.117857448735286e-06 1.845065274846766e-06
-2.754875999283799e-05 -9.379183677193968e-06 3.319355807664437e-06 2.057829123445418e-06
-2.535118744176600e-05 -6.937777160259807e-06 3.378002785491189e-06 2.090479869441895e-06
-3.443720973729019e-05 -1.189020567911574e-05 2.577395771280799e-06 1.807092012947752e-06
-3.209483315988829e-05 -9.379801983660529e-06 2.858666289860567e-06 2.036482812525276e-06
-2.977002605430308e-05 -6.898453591635025e-06 3.126434340796277e-06 2.254682852485834e-06
-3.914747461321956e-05 -1.191071374459827e-05 2.299801314316625e-06 1.986557677167606e-06
-3.678621917541334e-05 -9.380509576921143e-06 2.359977128745310e-06 1.999210291019030e-06
-3.443697211453674e-05 -6.870117904749823e-06 2.590989886021752e-06 2.228844298236983e-06
-4.388767039789852e-05 -1.192440811714658e-05 2.590869550061581e-06 2.190008196609471e-06
-4.151338155376480e-05 -9.380949878217318e-06 2.362166248556689e-06 1.973209849414703e-06
-3.914733860095985e-05 -6.850785277238667e-06 2.309147319851931e-06 1.982327437552844e-06
-4.864713144073977e-05 -1.193202936075556e-05 3.164139019083901e-06 2.211969653873970e-06
-4.626505693348109e-05 -9.381184342910498e-06 2.874030310161897e-06 1.975612235058105e-06
-4.388760303072779e-05 -6.837749706991071e-06 2.590326739656535e-06 1.753507211742313e-06
-5.341445484008646e-05 -1.193387827623618e-05 3.477704085163779e-06 2.057928122024541e-06
-5.103039198836359e-05 -9.381340756108782e-06 3.390953408507514e-06 2.010884535881941e-06
-4.864708780633432e-05 -6.830498412636273e-06 3.152410262323095e-06 1.769443644285171e-06
-5.817944886707073e-05 -1.193188261395340e-05 3.259172095629615e-06 1.894147160221300e-06
-5.579786996328445e-05 -9.381528918737656e-06 3.442447230402844e-06 2.072823932558500e-06
-5.341439703028303e-05 -6.828980718640418e-06 3.457039435383078e-06 2.022350086692873e-06
-6.293760233083919e-05 -1.192919772068939e-05 2.655161313535785e-06 1.855624736516935e-06
-6.055959322818564e-05 -9.381794994724135e-06 2.981695121473044e-06 2.148749139854103e-06
-5.817936173511163e-05 -6.831429062307818e-06 3.233901368873611e-06 2.326341900366478e-06
-6.769074049753780e-05 -1.192797728274530e-05 1.983184275775972e-06 1.939263984836449e-06
-6.531460330283807e-05 -9.382114434418424e-06 2.297144093705540e-06 2.223832105169651e-06
-6.293749520432661e-05 -6.834708217631415e-06 2.630253000514227e-06 2.518272162135901e-06
-7.787071445557036e-05 -1.164882018454557e-05 9.428029005329701e-07 2.117742440186880e-06
-7.719565809203498e-05 -1.192842736407891e-05 1.005586274199670e-06 2.090613258344417e-06
-6.981926332311940e-05 -9.382400837680326e-06 1.708105679045233e-06 2.281938778267953e-06
-7.244274058934268e-05 -1.192816821774601e-05 1.435600810421640e-06 2.048804251577070e-06
-6.769063862381297e-05 -6.836561662445647e-06 1.963018926138882e-06 2.572419337710568e-06
-7.815033324675184e-05 -1.097377835177849e-05 9.169337157334883e-07 2.182101673631272e-06
-7.655294432128804e-05 -9.382643165137111e-06 1.057597889127555e-06 2.326541021932520e-06
-7.244268069264183e-05 -6.836879502950496e-06 1.424895656957424e-06 2.561131516966646e-06
-7.815032980849108e-05 -7.791516616746992e-06 9.163777599781840e-07 2.472435014710607e-06
-7.719563678072592e-05 -6.836841837771013e-06 1.001825739013112e-06 2.559300415013206e-06
-7.787070599720628e-05 -7.116457867620527e-06 9.413477416920779e-07 2.533756866168467e-06
