-9.916963789572408e-05 1.432457689868702e-05 -3.483459686898178e-05 2.081164626591353e-06
-9.954604415550461e-05 1.341550226546188e-05 -3.448197840204669e-05 2.215054091649472e-06
-9.954549076668912e-05 9.128768307496901e-06 -3.446973384273160e-05 4.208988126270726e-06
-9.916903072522488e-05 8.219649042482233e-06 -3.482668422589108e-05 4.380868516807303e-06
-9.826079730243514e-05 1.470112596118574e-05 -3.554182148198298e-05 2.188075841993645e-06
-9.655604908958628e-05 1.127160264276558e-05 -3.655879076498393e-05 3.296927496328220e-06
-9.826011613440419e-05 7.843059721189005e-06 -3.555438760803394e-05 4.297637412162291e-06
-9.186262826329536e-05 1.470011279345251e-05 -3.377969954343410e-05 6.784183413059045e-06
-9.186308719794685e-05 7.843332008348541e-06 -3.381448546920479e-05 2.499226182007344e-07
-8.832555721798195e-05 1.127358963881601e-05 -3.051325833286175e-05 3.462430207627543e-06
-8.545617983578407e-05 1.470156821445832e-05 -3.006755458997920e-05 3.654768865085650e-06
-8.545849823486280e-05 7.848734576871241e-06 -3.049480745785294e-05 3.787816833056218e-06
-8.225987836797104e-05 1.127581589709560e-05 -3.031818371153025e-05 3.776081076945642e-06
-7.907018733465450e-05 1.469327815997785e-05 -2.808966194572820e-05 5.686935980444144e-06
-7.906453411341094e-05 7.849838315139077e-06 -2.836348213330136e-05 2.400323889686853e-06
-7.587753838727489e-05 1.126796477781936e-05 -2.525926977415787e-05 3.610712127530347e-06
-7.269237385872805e-05 1.467533651110705e-05 -2.435670772230920e-05 5.124047329549605e-06
-7.269189434240776e-05 7.860857145411478e-06 -2.368668671081508e-05 1.134285021875545e-06
-6.950832148958231e-05 1.126924348518918e-05 -2.427485422575049e-05 2.630525111595182e-06
-6.633518413491162e-05 1.465988423953446e-05 -2.292466857966975e-05 5.884211428019047e-06
-6.633609635141526e-05 7.884807866596022e-06 -2.460316758145164e-05 4.267059985470349e-07
-6.317428136330734e-05 1.127400680164532e-05 -2.147132912178372e-05 3.840855784842690e-06
-6.003261120363763e-05 1.463381859191682e-05 -2.094052884360627e-05 3.663606378411448e-06
-6.003323522915889e-05 7.915684715263586e-06 -2.029312346001006e-05 3.906135069998424e-06
-5.690192193978176e-05 1.127503680469573e-05 -1.936205169080735e-05 4.096981437143062e-06
-5.379359947365737e-05 1.459810635801537e-05 -1.679676644688051e-05 6.699823738552814e-06
-5.378887296866432e-05 7.948267728328765e-06 -1.690822212731962e-05 1.951157991881827e-06
-5.069336187968804e-05 1.127041310675395e-05 -1.596275373760794e-05 3.399170316004440e-06
-4.762399000872798e-05 1.455266252638156e-05 -1.604850071425321e-05 4.933824065636370e-06
-4.762685387274481e-05 7.992146960405312e-06 -1.571398062215716e-05 7.591424919800030e-07
-4.457307748888480e-05 1.127221264333460e-05 -1.446839585433225e-05 2.989689874719791e-06
-4.155683275297866e-05 1.449095267739076e-05 -1.211913945088649e-05 4.761416448967510e-06
-4.155520337455915e-05 8.050532958676292e-06 -1.261962113191467e-05 6.721857112180632e-07
-3.855723885849112e-05 1.126897690354756e-05 -1.067189030549101e-05 3.850197991178332e-06
-3.559921899000049e-05 1.441744100920697e-05 -9.197587965292664e-06 4.682179412184347e-06
-3.560306578524064e-05 8.125446017730584e-06 -9.252818941849439e-06 3.359138271967094e-06
-3.278401876283643e-05 1.127434810254161e-05 -8.457495908699212e-06 3.448525268311360e-06
-3.002347893966338e-05 1.432672568598266e-05 -9.346402956024945e-06 2.856896403095250e-06
-3.001710690312466e-05 8.216615677814509e-06 -8.243258133982889e-06 3.229924947490166e-06
-2.796408921220820e-05 1.149985479436069e-05 -7.627849644850990e-06 4.210258364420268e-06
-2.591626868555854e-05 1.424539314461493e-05 -4.339504805650036e-06 5.418359734921094e-06
-2.590925912279255e-05 8.299516091401405e-06 -6.824457972280448e-06 1.514786557259120e-06
-2.299827677743980e-05 1.418239093670448e-05 -3.810496779301483e-06 5.508200825308291e-06
-2.354707155472050e-05 1.226987502580680e-05 -4.177327241979557e-06 3.496523987691194e-06
-2.299582965340955e-05 8.343820491467524e-06 -5.734607563384999e-06 1.203751861705089e-06
-2.091977274169252e-05 8.399874908294344e-06 -6.175685545690098e-06 3.876601606184879e-06
3.213094176009355e-06 2.844603213151192e-07 -4.420962728617114e-06 -3.347675281499310e-05
3.312970823124159e-06 9.514299331866992e-08 -2.263990660321118e-05 -7.352014826410703e-05
3.323725022057684e-06 -3.939187453389688e-07 -8.602338644573840e-08 8.014484851803193e-05
3.226695635784120e-06 -5.686277669709744e-07 1.115999064901694e-05 -2.991636459526260e-05
-2.091398027020127e-05 1.413223833088461e-05 -4.053834508990113e-06 6.259249131386671e-06
-1.906764270566609e-05 1.398126177800767e-05 -4.467019875488154e-06 4.545770606642251e-06
-2.047948274367113e-05 1.054846236577632e-05 -4.966357426766941e-06 3.516446573858563e-06
-1.905108455174959e-05 8.299469118706710e-06 -4.628380613273313e-06 3.209891094588609e-06
3.004007273512935e-06 3.559993860164430e-07 -1.230924385023259e-05 1.041919697896606e-05
2.813419362389108e-06 -1.401289427438229e-07 1.969819754830151e-05 3.385411007941521e-05
3.023812329386691e-06 -6.406253854290591e-07 -2.269036455353279e-05 -8.061393879075731e-05
-1.846916899521756e-05 1.222037400230776e-05 -3.719551802197435e-06 5.067757237823419e-06
-1.727156277517701e-05 1.361440969572636e-05 -4.075629505420613e-06 2.839551640586421e-06
-1.555800082942450e-05 1.306533532798869e-05 -2.221201692836196e-06 3.244364696144163e-06
-1.791435792710196e-05 9.838722109942688e-06 -3.826458671080284e-06 2.023621900196752e-06
-1.728883326133981e-05 7.889394600072841e-06 -4.279965032620671e-08 -1.378191350097305e-06
2.015884241806328e-06 4.016665547816767e-07 -1.087203689946735e-05 -1.898595030051191e-05
1.999085257543796e-06 -6.566572298060274e-07 5.397117185511168e-06 -5.429351908009320e-06
1.496377242896277e-06 -1.375012522966457e-07 3.550349305567511e-06 3.278917242980294e-05
-1.395117755596086e-05 1.232108813976406e-05 -8.118473298207728e-07 3.353923583698279e-06
-1.531972532671606e-05 1.127189637916356e-05 -1.741183099957450e-06 3.927628787517982e-06
-1.590750973143287e-05 9.048629971546214e-06 -2.506107887437446e-06 -4.889389643628012e-07
-1.566623947104305e-05 7.214680870752332e-06 -4.525485957757618e-06 5.787531346025370e-06
8.756816787070088e-07 4.581976688280598e-07 6.729712874680029e-06 -1.348165099801548e-05
8.805131076520673e-07 -7.622665153546068e-07 -1.097390774605151e-05 -2.160775016448192e-05
2.229961026756079e-07 -1.328254810933083e-07 5.621405740421642e-06 4.411101958701522e-05
-1.245954701860639e-05 1.142678190997599e-05 3.737474244750838e-07 2.077726728183948e-06
-1.112137020130970e-05 1.038895791099927e-05 1.789339662593113e-06 2.288253994844594e-06
-1.386174968131898e-05 8.713483408706135e-06 -3.343179604507390e-06 4.770749544795809e-06
-1.422177938769230e-05 6.299490484517498e-06 1.495248442675559e-06 3.527046957732792e-06
-5.427592696978133e-07 6.650582352898465e-07 -6.837780725241503e-06 -1.840885234256954e-05
-5.516535046095471e-07 -9.987131991643843e-07 1.970684218227869e-06 -1.282968817343900e-05
-1.146054365292106e-05 8.816183974567077e-06 -2.938590584468849e-08 3.175694032158119e-06
-9.933759700672697e-06 9.213282744096287e-06 -3.675202935714255e-08 3.837625758575970e-06
-1.202177184607814e-05 7.071433864547949e-06 -2.779870218702721e-06 1.614378362732870e-06
-1.298826667264900e-05 5.180828758974757e-06 -4.000611745102480e-06 4.929806590961740e-06
-1.389484203445136e-06 -1.502449518344991e-07 4.140790507469623e-06 1.375953004155537e-05
-2.405928992298215e-06 9.693875633787841e-07 -2.246861060777753e-07 -2.324812909274489e-06
-2.391293180171072e-06 -1.294081140688507e-06 6.941621737711911e-07 1.534828316868625e-07
-8.893169229019638e-06 7.939007567625134e-06 -1.751175050319728e-06 4.263439924271608e-06
-8.050773481986737e-06 6.617344804642697e-06 -1.261762800155359e-06 2.149021291908478e-06
-7.386056595784773e-06 5.219098740552949e-06 -2.564653038895357e-06 8.669552782701770e-07
-1.087618004000493e-05 5.516309085195384e-06 -8.823764648300199e-07 3.610679948972492e-06
-1.201475394175555e-05 3.931445642152959e-06 -3.760583971263431e-06 2.572544894374466e-06
-3.199392170355188e-06 -1.671023020591281e-07 -7.521635687258812e-06 -5.976372195964966e-06
-4.184210884707447e-06 1.270326208604758e-06 6.044071362717490e-06 1.517029844308990e-06
-4.190726086158348e-06 -1.606409370019520e-06 7.441286995527182e-06 3.359033421188987e-06
-8.801092222903118e-06 5.217105440653436e-06 -1.137071830392738e-06 1.533116133364419e-06
-6.880623087901970e-06 3.777634920705868e-06 -1.545997796476577e-06 4.122247529012141e-06
-5.813913438190463e-06 1.524748668812071e-06 -6.573371104145903e-06 6.343034401012745e-06
-6.303202703744446e-06 1.788515197074703e-06 8.166716958710616e-06 -4.280097042318036e-06
-6.566576070856765e-06 2.314184149352506e-06 1.595387947730913e-05 -9.250137538852321e-06
-1.007835115254551e-05 3.751576341681497e-06 3.240617445548624e-06 5.639419426073157e-06
-1.129289934620389e-05 2.590764448795702e-06 -3.542798279685123e-06 -5.025909546684243e-07
-5.084736634669456e-06 6.229048863264070e-08 -2.932897347346397e-06 -8.727930253385436e-07
-5.831098242796608e-06 -1.818543334701681e-06 -1.987436993799160e-06 2.747418604588695e-06
-7.851337536548309e-06 2.771089673859898e-06 -4.966247763396814e-06 2.565883054186130e-06
-6.328369223638430e-06 7.648437678329078e-07 -1.671970563515343e-06 9.269025962081411e-06
-6.904243312103841e-06 1.613325387802302e-06 1.318014816042452e-05 -6.066187358625943e-06
-9.511326644963212e-06 2.180823261063692e-06 -2.459289663281453e-06 6.114814544917950e-06
-1.084618946396601e-05 1.227623781495380e-06 -3.184415751447471e-06 -2.559687535046942e-06
-6.357595370649112e-06 -8.543678508009731e-07 -4.818062750867421e-06 2.423484586879370e-06
-6.282492194111163e-06 -2.065981404114164e-06 1.310925707151185e-06 -3.053959858267971e-06
-8.158347138331007e-06 4.351546684012713e-07 -1.823940344191396e-06 4.150514461578756e-06
-1.069167373867264e-05 -1.461894585939451e-07 3.497528310007214e-06 2.575924014594291e-06
-1.084480472221637e-05 -1.502112715507112e-06 -2.528257931292860e-06 9.707869492530573e-07
-7.326765807968835e-06 -1.737622226400359e-06 -3.528170768829395e-06 -4.927516267762194e-06
-6.549686371318205e-06 -2.597292902562742e-06 7.975876428678796e-06 -5.487373794466906e-06
-6.885178274070149e-06 -4.052479085126151e-06 1.394571998736580e-05 -1.311899360338120e-06
-9.475991926170964e-06 -1.673368349091729e-06 -1.789460799964981e-06 1.642560330195734e-06
-7.394454785713100e-06 -5.478550012914845e-06 3.143007585490584e-06 -4.073119849892410e-06
-1.128353966386902e-05 -2.872058321198447e-06 -9.104619622744773e-06 4.154728542337434e-06
-8.216688604707820e-06 -4.095812436925762e-06 -1.296541881831891e-06 3.180841168803921e-06
-1.014245047451374e-05 -4.214733526442379e-06 -8.137173396136838e-07 2.194751843138235e-06
-8.070555574526838e-06 -6.846055320593990e-06 -1.568590876086717e-05 -8.541082418529877e-06
-1.197711141646258e-05 -4.207941747504057e-06 -7.096809395564105e-06 -8.052858346184741e-06
-1.139107584746775e-05 -5.541834085061605e-06 1.294275239548817e-06 -1.096375727235192e-06
-1.004000235825145e-05 -6.365388818732611e-06 2.967720070402253e-06 6.411832175568742e-06
-8.909038282399043e-06 -8.181605189581237e-06 6.237670083866166e-06 5.301345782253780e-09
-9.926557380464579e-06 -9.396583464340640e-06 4.000577398705201e-07 -5.055557323431199e-06
-1.293966282963197e-05 -5.448647944418086e-06 2.913743552464742e-07 -1.554401821986313e-06
-1.223972512298800e-05 -7.036112515765453e-06 2.217994579931850e-06 4.092529826125238e-06
-1.143211561323906e-05 -8.907130633914172e-06 -4.646548022502141e-06 -6.318894938230687e-07
-1.108558398556980e-05 -1.053104591207056e-05 -8.225255953422955e-06 -1.761823129129953e-06
-1.411745782621452e-05 -6.539687281514984e-06 -8.690260595455889e-06 -2.737402974007177e-07
-1.374512736592525e-05 -8.900765141394824e-06 7.252427029008840e-07 3.047982091312456e-07
-1.237870343506528e-05 -1.153810356276590e-05 -2.372395118969146e-06 -1.068666286384826e-08
-1.382624266025015e-05 -1.239270716309204e-05 -4.354350563026537e-06 -5.950448468414755e-06
-1.538582737277365e-05 -1.310552963251322e-05 -3.104245884406388e-06 -1.285655667881429e-06
-1.550490526639899e-05 -9.401743746649901e-06 -1.156515307816606e-06 -1.133678615574823e-06
-1.549440408394152e-05 -7.445103802522388e-06 -3.609985667441278e-06 -2.438219453882357e-06
-1.515498361459083e-05 -1.137288444160671e-05 -3.435564065614713e-06 -4.675244968019511e-06
-1.703918488063547e-05 -1.363753076363729e-05 -1.766584456801279e-06 4.582037646807560e-06
-1.876814292273242e-05 -1.397557713276720e-05 -3.385403802510679e-07 2.421451461491111e-06
-1.693048896843735e-05 -9.837216000105730e-06 -3.051927990335874e-06 5.905893630680135e-10
-1.706446564673988e-05 -8.101331010788238e-06 -2.982226776817432e-06 -2.364855469251155e-06
-2.054390280816471e-05 -1.410299077730874e-05 -4.750518862382449e-07 -2.146758225284737e-06
-1.855855605657218e-05 -1.147608378297262e-05 -6.368353375936150e-07 2.011280949066076e-06
-1.876483963160209e-05 -8.499634047839212e-06 -8.696688807318594e-07 -1.310019774168957e-07
-2.092956936662508e-05 -1.174597810400748e-05 -2.475807014807437e-06 -1.178648074890992e-06
-2.252318618007896e-05 -1.413799760549093e-05 -3.963334198724112e-06 -1.367333361826103e-07
-2.053119145344841e-05 -8.625788188092418e-06 -9.794502688954620e-08 -1.032462669218421e-06
-2.529587246250644e-05 -1.417944757275073e-05 -5.230005910099985e-08 -1.317498444190159e-06
-2.309919125258742e-05 -1.038951835618252e-05 -2.190097785211437e-06 -6.290213241369198e-07
-2.253140689952552e-05 -8.583988204588603e-06 -1.473910969625787e-06 -1.363028369823223e-08
-2.919015996887192e-05 -1.424884725824616e-05 -3.546127272414561e-07 1.085626321226227e-06
-2.724300196057676e-05 -1.113447531194098e-05 -1.191212990469107e-06 3.552234414938884e-07
-2.530092273215105e-05 -8.532284288026592e-06 -3.750912411731184e-06 -6.174188429801807e-07
-3.444333988908495e-05 -1.433041228421799e-05 -6.340852879219158e-07 7.651492901912164e-07
-3.179750931769771e-05 -1.136660388031424e-05 -1.026720680243356e-06 -5.936821558902934e-07
-2.918753537062145e-05 -8.470484031881581e-06 9.384768077216266e-07 6.875237364602192e-07
-4.004424043650697e-05 -1.439871664833606e-05 -2.891597146818622e-06 -1.430839561839435e-06
-3.722162241514969e-05 -1.136517686159296e-05 -1.612495290483009e-06 -1.452140845398663e-07
-3.444493806940127e-05 -8.402777248701639e-06 -2.496143318686552e-06 -2.858656379985277e-06
-4.576364405512533e-05 -1.445939239697184e-05 -3.721310627338774e-08 -2.083289799126064e-06
-4.288519816681807e-05 -1.136436514403803e-05 -1.375878346393436e-06 -4.574384055635351e-07
-4.004281908485165e-05 -8.330718755467331e-06 -2.194726979596523e-06 1.346187900677193e-06
-5.160323188810306e-05 -1.452478871765688e-05 -6.241469570714894e-07 2.325359224432060e-06
-4.866308675052424e-05 -1.136414637685332e-05 -5.297905556741286e-07 -8.084047252773001e-07
-4.576541483766511e-05 -8.269205705275427e-06 5.122871023779079e-07 4.324548043250438e-07
-5.754460058333951e-05 -1.457565314112338e-05 -3.372835042252474e-07 1.688433458224450e-07
-5.455845297220831e-05 -1.136927112459781e-05 -6.903254988802610e-07 4.266518091278332e-07
-5.160089773382052e-05 -8.208211192758289e-06 -1.370000668504443e-06 -2.469097892576419e-06
-6.358427023543428e-05 -1.462265544785580e-05 -1.171542359409861e-06 -2.633105624602670e-06
-6.054853874401086e-05 -1.136813736896976e-05 -3.141521986042832e-08 -5.826019272234690e-07
-5.754603839379266e-05 -8.163355577267635e-06 -5.627808991397236e-07 -7.517134042391967e-08
-6.969867542059384e-05 -1.466174355609999e-05 1.714839326823706e-06 1.769881890493051e-06
-6.662950962195113e-05 -1.137039905145208e-05 -8.423638250179761e-07 -1.004548908828522e-06
-6.358152154647605e-05 -8.114788968517068e-06 -1.523260218149437e-07 6.855866085300661e-07
-7.589211638915688e-05 -1.469780077438283e-05 1.193436562007510e-06 -1.667671062505855e-06
-7.278395150029256e-05 -1.137097868585155e-05 2.692966379138380e-06 1.027005129017750e-07
-6.970063490743099e-05 -8.080408931546735e-06 1.009845550249077e-06 -2.078468003971989e-06
-8.212153513462391e-05 -1.471480802026880e-05 2.139163441516665e-06 3.343140988867545e-07
-7.900293266062489e-05 -1.137308562585531e-05 3.626424376751856e-07 6.815953351024615e-08
-7.589006597734919e-05 -8.047474330998290e-06 9.762038334840843e-07 1.263643885650236e-06
-9.551780118698347e-05 -1.435786498416267e-05 6.491929897798747e-06 8.926733746147823e-07
-9.463078553140650e-05 -1.472549865366731e-05 6.023096875703298e-06 9.588777080846614e-07
-8.491964990761861e-05 -1.137167780527122e-05 4.237798732791276e-06 -5.249875570671480e-07
-8.837451302892784e-05 -1.472353475669614e-05 4.644499668592008e-06 -5.695216109210387e-07
-8.212284681986519e-05 -8.029080831143249e-06 2.827814544989894e-06 -7.628617989060107e-07
-9.588516202956891e-05 -1.347053696974623e-05 6.698675521106516e-06 5.980179006897889e-07
-9.378500681056850e-05 -1.137885560297037e-05 5.303045698975780e-06 -5.334020422880546e-07
-8.837208897126605e-05 -8.024605929333519e-06 4.402629995234534e-06 -7.574245883629627e-07
-9.588357758900117e-05 -9.288715661243025e-06 6.638770533084694e-06 -1.611634821249113e-06
-9.462858168059462e-05 -8.033038286576930e-06 5.880754589540816e-06 -2.058494195404886e-06
-9.551598645108669e-05 -8.400956352013585e-06 6.406401000126360e-06 -1.964984880761619e-06
