-3.014100007233789e-06 1.878715739247143e-06 -3.680583652095369e-05 5.099551154607485e-06
-2.993123109090196e-06 1.928308283658257e-06 -3.727354691514814e-05 4.405686915191331e-06
-2.994050581622167e-06 2.165157391258566e-06 -3.727779665680642e-05 1.164855180724044e-06
-3.015123283215717e-06 2.214923468010046e-06 -3.684728672583291e-05 6.834616104361565e-07
-3.064573596246183e-06 1.858459042105849e-06 -3.575880686510505e-05 5.299672536431067e-06
-3.159747961808941e-06 2.047682901926591e-06 -3.430055715156132e-05 2.988442933932559e-06
-3.065751729434534e-06 2.235313560753405e-06 -3.592601017394695e-05 5.997580043627852e-07
-3.411085882157475e-06 1.868159483252230e-06 -3.309497064432032e-05 4.288927800884050e-06
-3.411533010734355e-06 2.230138368230724e-06 -3.379328613570560e-05 3.831249182663076e-06
-3.600043790898965e-06 2.048159858946021e-06 -3.375217324961690e-05 4.545596926042166e-06
-3.755331591866476e-06 1.862428961040409e-06 -3.155416609146106e-05 7.871126267873173e-06
-3.753389877910394e-06 2.230973577747367e-06 -3.102954605497188e-05 1.042951608027346e-06
-3.924089375806722e-06 2.046041974867718e-06 -2.815107226483193e-05 3.989762913779824e-06
-4.086872576431711e-06 1.870356525890282e-06 -2.793899144078928e-05 3.451408391405113e-06
-4.093062370032164e-06 2.231894019166002e-06 -2.779407335674536e-05 3.975346547904201e-06
-4.255383376981900e-06 2.055740313015056e-06 -2.747701152779421e-05 3.227804858772011e-06
-4.417776527232183e-06 1.888937164177127e-06 -2.568125660306563e-05 4.875211185084687e-06
-4.419264369002231e-06 2.227898364771380e-06 -2.655277411670555e-05 1.510608824309659e-06
-4.580902225672350e-06 2.059607996592484e-06 -2.361631752963116e-05 3.716793411728648e-06
-4.727703343832287e-06 1.910584675433318e-06 -2.254080338153516e-05 4.462301187452149e-06
-4.730218818536588e-06 2.209686869138606e-06 -2.275480145903600e-05 2.828779845555563e-06
-4.868033822469525e-06 2.060976421977903e-06 -2.128385559829379e-05 4.070543897927933e-06
-4.998401047945338e-06 1.924559109452807e-06 -2.038240766424205e-05 5.950391380173697e-06
-4.997529568061520e-06 2.197965973527143e-06 -2.044293152055889e-05 2.687762147829127e-06
-5.121255666155232e-06 2.063383555928539e-06 -1.949164618046718e-05 4.054547570439716e-06
-5.220535895304870e-06 1.965000610057331e-06 -1.876798908747145e-05 4.776102710862257e-06
-5.225893662579618e-06 2.171119669753386e-06 -1.966245386419665e-05 2.800807587326560e-06
-5.313926856229398e-06 2.070962437268088e-06 -1.814513155004036e-05 4.226421259566875e-06
-5.377398055240679e-06 2.011350351640191e-06 -1.653051787019539e-05 3.572943980009503e-06
-5.376208511559849e-06 2.130746820241162e-06 -1.572809022422813e-05 3.431165051940089e-06
-5.423162170706213e-06 2.072617111794562e-06 -1.459798291548362e-05 3.675032733003901e-06
-5.436678104387925e-06 2.065560608276862e-06 -1.449354203593917e-05 4.062059656788913e-06
-5.438948675792940e-06 2.082166909351616e-06 -1.425804614401872e-05 3.256857527910762e-06
-5.438080373967130e-06 2.076472282496521e-06 -1.384412469814245e-05 4.168854257024005e-06
-5.402194367822623e-06 2.129145668802622e-06 -1.208854645699794e-05 5.953048624432147e-06
-5.399053824041717e-06 2.021613750491545e-06 -1.204173807950001e-05 2.230750456570174e-06
-5.347484084226792e-06 2.075116191894678e-06 -1.113975783832715e-05 2.584890788301753e-06
-5.256018400432919e-06 2.193369092891362e-06 -1.000103232756527e-05 6.105577192270565e-06
-5.261657510354162e-06 1.960047582216953e-06 -1.068655649175661e-05 3.063510019643927e-06
-5.181706011022056e-06 2.093311414229241e-06 -9.480797573390030e-06 6.694037066652159e-06
-5.072331559233592e-06 2.245604722354041e-06 -8.357046905946197e-06 5.437062853568695e-06
-5.077165054561563e-06 1.912982017245583e-06 -1.042063265576101e-05 1.472946094748941e-06
-4.895505452849631e-06 2.287479975272513e-06 -1.061297384448015e-05 1.954199215865959e-06
-4.944456237618128e-06 2.147084447903103e-06 -1.028507536637767e-05 2.290644308942615e-06
-4.904882252831862e-06 1.881538632082733e-06 -6.730215331559806e-06 4.099279442720000e-06
-4.749952328706584e-06 1.853033172282828e-06 -5.271308496155871e-06 3.531857033704658e-06
1.079278258127516e-06 -2.585734765463314e-07 1.966057940869082e-05 -2.099142825136837e-05
1.114759778233057e-06 -3.407659774716490e-07 -2.544001011773271e-05 -2.734398237557804e-05
1.151723309399590e-06 -4.278512629729861e-07 -3.610064505798590e-05 2.459405745034866e-05
1.110821543347704e-06 -5.767544862647014e-07 2.905343561898408e-06 -2.128089627976668e-05
-4.747664887868772e-06 2.318090043754843e-06 -7.253313859574677e-06 2.237117182895065e-06
-4.580274193776949e-06 2.336619700541003e-06 -6.048569467965775e-06 1.393581199469637e-06
-4.726916771173113e-06 2.025488882984193e-06 -6.821398219163828e-06 4.486534118905945e-06
-4.594233607842657e-06 1.804610515686231e-06 -6.867907339755691e-06 1.454624403633400e-06
1.012327761084532e-06 -2.216651492706439e-07 5.079970334422552e-05 1.079954786860343e-05
9.978915581394575e-07 -3.639298824566240e-07 -5.509344145593437e-06 9.610375456544013e-06
1.008297805795636e-06 -6.495594493137144e-07 2.409473113630724e-05 -4.015228863612977e-05
-4.535598583956333e-06 2.187170610624803e-06 -5.207345895728373e-06 4.091398861341498e-06
-4.400327374093957e-06 2.340444619970352e-06 -4.590297880439012e-06 1.529828737770607e-07
-4.199145186843300e-06 2.313095305720801e-06 -5.440038755410157e-06 2.150758823745453e-06
-4.485255282942545e-06 1.948151945670900e-06 -6.591167791755607e-06 2.134927742354166e-06
-4.412988480251627e-06 1.705586497961506e-06 -5.084401388833571e-06 5.829898280171276e-06
6.905758301149540e-07 -2.580710815088280e-07 -4.455927551206287e-06 -2.266988163621005e-05
7.107531876390256e-07 -6.043666339152445e-07 9.917982204419850e-06 4.456741001651610e-06
5.422487522255407e-07 -3.897876608337636e-07 -1.627717390891176e-05 1.712174715207508e-05
-3.976664572068258e-06 2.265867091235360e-06 -7.502904603613676e-06 4.402997487967936e-06
-4.181034343040730e-06 2.120367188455511e-06 -6.475858850711225e-06 5.758262290958567e-06
-4.255128372929196e-06 1.840368595870882e-06 -6.414099000840181e-06 4.078674889348147e-06
-4.234121491361583e-06 1.571715309629560e-06 -5.165030069891603e-06 9.040987240178321e-06
3.481896918582566e-07 -2.297536590919182e-07 7.768978428025363e-06 7.622246004470150e-07
3.162965438764516e-07 -6.491230987849564e-07 2.089609708474504e-06 -9.943632746711300e-06
1.239779686187308e-07 -3.768622156049853e-07 -3.645087417668451e-08 9.341830819749302e-06
-3.750020319108686e-06 2.178028675569613e-06 -6.627448911854241e-06 1.992750873399137e-06
-3.513181475911155e-06 2.048777526144097e-06 -4.591639663452164e-07 3.181840403835830e-06
-3.979634915504311e-06 1.793696137247323e-06 -6.331969945491092e-06 1.626120865068944e-06
-4.043912137285051e-06 1.390884525384732e-06 -1.813372617238308e-06 -8.002337535364453e-07
-1.486469570673256e-07 -1.671737970181309e-07 -5.436581435934727e-06 -1.373139268368609e-06
-1.365794980161898e-07 -7.180765831077462e-07 1.136244686386952e-06 1.543673765462212e-07
-3.573166827226711e-06 1.816158011356387e-06 -1.978576537667656e-06 2.039758372687518e-06
-3.275247607243819e-06 1.889741214613336e-06 -2.280558468612789e-06 5.569625435162505e-06
-3.685315803091964e-06 1.513024250970123e-06 -2.951551735954451e-06 -2.037988751456412e-06
-3.872656819290557e-06 1.151175479441859e-06 -1.090480048095240e-05 2.839664431040497e-06
-4.151698566089630e-07 -4.052547411111583e-07 -1.451855615927290e-06 -3.630063735105178e-07
-7.624593691420849e-07 -3.723173243355695e-08 6.687019442776745e-06 -1.113461560584487e-07
-7.590761835329520e-07 -8.038064562078723e-07 -1.288864124361889e-06 -3.627070223556251e-06
-3.053628684647084e-06 1.691853879907612e-06 -4.295568524805177e-06 5.306798649306602e-06
-2.829883539403608e-06 1.432655642713451e-06 -1.275534836757551e-06 1.634055331704959e-06
-2.614814172256952e-06 1.135303529999447e-06 3.586808880744575e-07 7.794255153963724e-07
-3.467067107956229e-06 1.213824983580839e-06 1.301412639917482e-06 1.163307466847491e-06
-3.731323608513489e-06 8.515401928739234e-07 -6.355865048675189e-06 -6.781573051828300e-07
-1.037569659754879e-06 -4.282129219929168e-07 -5.906032399856610e-06 2.994476376146348e-06
-1.366147183782674e-06 7.488668795066976e-08 -3.020067944732759e-07 1.368147028797981e-06
-1.361615576984737e-06 -9.121501834448278e-07 2.118477343643565e-06 8.378561829649093e-07
-2.989265375567290e-06 1.147159455041567e-06 -3.632816466016063e-06 -1.188163509716636e-06
-2.431794455608856e-06 7.901690645208738e-07 1.536777855393222e-06 7.654957380284030e-06
-1.961333384064624e-06 1.673633795390315e-07 -1.148540718170318e-05 6.678966102361575e-06
-2.138042403547979e-06 2.393604611564828e-07 4.194517699579316e-06 -3.547148565605543e-06
-2.250766917588224e-06 3.892982275190356e-07 1.378040522972471e-05 -9.273628268672221e-06
-3.298748360369473e-06 8.071976243197710e-07 8.327320100424626e-07 1.867264016977948e-06
-3.632645305363918e-06 4.873364683187624e-07 -6.077914905946227e-06 1.956837611938032e-06
-1.684294918969656e-06 -3.406390596080569e-07 1.210687047009791e-06 -9.912632986844449e-06
-1.913411259676138e-06 -9.900376792174832e-07 1.381653871332529e-06 -2.397094454316792e-06
-2.684483507142988e-06 5.403544169432456e-07 -1.209060015311406e-05 -1.839292081232353e-06
-2.133026058568270e-06 -8.353315318697257e-08 -5.008368795987952e-06 7.110813059975501e-06
-2.340980132918672e-06 1.821541788326803e-07 8.743899501131011e-06 -7.014818444085457e-06
-3.162345163509080e-06 3.797292404120498e-07 -3.108476200464686e-06 3.340636901802742e-06
-3.590665926604389e-06 7.627855127938020e-08 -6.570763468965747e-06 -5.331100324180834e-06
-2.105234333710912e-06 -6.480413556154310e-07 -6.692512305917151e-06 -2.312600906926856e-06
-2.035454923296002e-06 -1.085773882739889e-06 -9.441238569953296e-06 -1.314236345736923e-06
-2.747736314791676e-06 -1.650140395021232e-07 -1.216940511278754e-06 2.425917870949516e-06
-3.595685151304034e-06 -3.709368794524903e-07 -3.951613505446077e-06 -3.460541950060178e-06
-3.752402223453588e-06 -8.657651001708573e-07 5.453482027028481e-07 -4.042704849757369e-06
-2.412522701497333e-06 -9.555002171930556e-07 -3.386009356714695e-06 -2.164280873813511e-06
-2.092235022661920e-06 -1.296522940214938e-06 -9.752403738527822e-06 1.913218135085420e-06
-2.150243708297639e-06 -1.897521056177632e-06 -3.577721459164069e-06 1.114243346674676e-06
-3.218211425190023e-06 -9.010051034651741e-07 -3.198724533838636e-06 -2.739740445918230e-06
-2.303326083610040e-06 -2.555512971318251e-06 -1.575635576371449e-06 -3.614144119151227e-06
-4.020999347678716e-06 -1.383211986160333e-06 1.230985897347301e-06 -6.182457858849086e-06
-2.696180733500256e-06 -1.891194377767228e-06 3.777021997286554e-06 1.023300169039620e-07
-3.532328404464252e-06 -1.949443548597723e-06 -1.205518700827369e-05 4.308766384508351e-06
-2.580776646643492e-06 -3.216404803474975e-06 -1.297311911333574e-05 -8.859760481525977e-06
-4.408560978776241e-06 -1.958097621052320e-06 -3.643152489355336e-06 -9.984026041956578e-06
-4.142318060084210e-06 -2.567770299270169e-06 -1.063572495509268e-05 -1.907577509262191e-07
-3.478093269990275e-06 -2.960345780207418e-06 -1.742259422464674e-06 -5.140790179695773e-06
-2.914748561670415e-06 -3.896514927158335e-06 -3.031968057726187e-06 7.920283345266463e-06
-3.407109787567812e-06 -4.566570050096220e-06 -2.899029808810189e-06 -9.763307581449490e-06
-4.947622286792894e-06 -2.510105131749463e-06 2.454720229450162e-06 -4.959534977166538e-06
-4.588915862509625e-06 -3.307520450551379e-06 -5.341831114277226e-06 -3.902838903765079e-06
-4.174036160179698e-06 -4.305532075317857e-06 -3.549467322223922e-06 -8.982725532917844e-06
-3.993609980898691e-06 -5.225534623393521e-06 -4.026017534673467e-06 -6.454908639973366e-06
-5.635237509556720e-06 -3.029810068363713e-06 -4.092819706412172e-06 -5.083936617723640e-06
-5.433240400915452e-06 -4.321260424215014e-06 -5.250844035479601e-06 -3.592660722739565e-07
-4.683299626412254e-06 -5.828225351551793e-06 -4.893891849936174e-06 1.835515007915297e-06
-5.508777101403628e-06 -6.381061629424941e-06 -2.990372251459813e-06 -7.680288797600081e-06
-6.419426679852704e-06 -6.859907819699114e-06 4.038311956403149e-07 -1.024402571573972e-05
-6.470953635304625e-06 -4.616782072888946e-06 -4.501689862125829e-06 -4.234112418379114e-06
-6.455371142225650e-06 -3.493754714296508e-06 -6.071574706479286e-06 -3.006132597195247e-06
-6.265061221855320e-06 -5.790423406819798e-06 -1.017433835472378e-06 -7.782932764762843e-06
-7.429073517062738e-06 -7.222660555203437e-06 -7.529911254260215e-06 -5.008030324128085e-06
-8.526652789272823e-06 -7.491519101760253e-06 -9.132995535082039e-06 -3.554912458049298e-06
-7.342956185738551e-06 -4.870591582388368e-06 -4.357200902471163e-06 -6.646787901608440e-06
-7.428875543680710e-06 -3.826864700188372e-06 -4.786881427205515e-06 -6.632466856434953e-06
-9.676431494640769e-06 -7.626938716375867e-06 -4.302673406171333e-06 -8.590885940774944e-06
-8.362043862623969e-06 -5.883031833932283e-06 -7.739397036298854e-06 -4.713790668690775e-06
-8.505463401166768e-06 -4.008429291607999e-06 -5.954981112266405e-06 -5.215083918413894e-06
-9.920448902654166e-06 -6.074010452629450e-06 -9.437988325457255e-06 -3.927643565615648e-06
-1.100362065979753e-05 -7.704484923899864e-06 -9.622400086390965e-06 -7.195801001721875e-06
-9.647030200785977e-06 -4.044441638777888e-06 -1.064357897027341e-05 -2.714625475830363e-06
-1.288027538499266e-05 -7.787109178035965e-06 -9.814909286490893e-06 -4.876329437056213e-06
-1.136293080165186e-05 -5.174413669550992e-06 -5.408072667824809e-06 -2.653639606488193e-06
-1.099242030934067e-05 -3.967984908527658e-06 -5.331954458999221e-06 -2.526324441510468e-06
-1.561529190603697e-05 -7.889916915167226e-06 -1.174150662158989e-05 -6.461531199157384e-06
-1.423144477944769e-05 -5.676756644861746e-06 -1.146478753707557e-05 -5.392219328889570e-06
-1.288451371147598e-05 -3.870784920899268e-06 -8.251751226521320e-06 -1.216060703410481e-06
-1.943177249130844e-05 -7.998892822004974e-06 -1.296935346804801e-05 -6.023614190878652e-06
-1.749284620408913e-05 -5.830154554469285e-06 -1.129312089699323e-05 -3.994381805618434e-06
-1.561705390943556e-05 -3.762492777493979e-06 -1.081615993458429e-05 -2.396491015307849e-06
-2.358501657377833e-05 -8.093012316436671e-06 -1.267836807501792e-05 -4.698752788287214e-06
-2.148161145424511e-05 -5.832026376628042e-06 -1.308386966877143e-05 -5.836789736210351e-06
-1.943244001293766e-05 -3.662359408433281e-06 -1.162367707836406e-05 -3.587409231598518e-06
-2.787992247231456e-05 -8.171464471430882e-06 -1.610235919661462e-05 -4.077637901487764e-06
-2.570799857744262e-05 -5.833919493347307e-06 -1.474655847902124e-05 -4.254395864736134e-06
-2.358457391094546e-05 -3.572692619206968e-06 -1.431474203135409e-05 -5.382056823602618e-06
-3.230845971034913e-05 -8.225512858978726e-06 -1.726772935460634e-05 -5.979639070712184e-06
-3.007515606795379e-05 -5.836681740583969e-06 -1.641273050862007e-05 -3.633113556928662e-06
-2.787755170944855e-05 -3.499899925442483e-06 -1.606090000877515e-05 -2.910576022728143e-06
-3.683537711303592e-05 -8.278764100986176e-06 -2.021309348107482e-05 -6.727791244556964e-06
-3.455770565034396e-05 -5.835631834707287e-06 -1.794927663053397e-05 -4.591609907670482e-06
-3.230952900328575e-05 -3.446081818445763e-06 -1.628782020317075e-05 -2.824434521389066e-06
-4.142976536545394e-05 -8.317906860193124e-06 -2.008103082853828e-05 -3.074510802119947e-06
-3.912152374121384e-05 -5.839021006383289e-06 -2.164049702226305e-05 -4.652097800324335e-06
-3.683458431211622e-05 -3.395469027456817e-06 -2.017280695339404e-05 -2.119472313229219e-06
-4.608396326875788e-05 -8.338930426637191e-06 -2.478399544781883e-05 -6.779738477265141e-06
-4.374885944501687e-05 -5.837436021079726e-06 -2.102344368413585e-05 -3.937709058732638e-06
-4.143027572521359e-05 -3.359522801822440e-06 -2.138700988131620e-05 -5.482933800521862e-06
-5.077401801322457e-05 -8.356750915285554e-06 -2.401461492473118e-05 -4.180373100845398e-06
-4.842427583625999e-05 -5.837714795891887e-06 -2.542905680030697e-05 -5.357442122958051e-06
-4.608282601991030e-05 -3.334797709712069e-06 -2.309348287453405e-05 -2.347556400557591e-06
-5.549006688638045e-05 -8.368505995815679e-06 -2.679742400054018e-05 -4.222210304140804e-06
-5.312825619345944e-05 -5.837692426340001e-06 -2.476342983631959e-05 -4.248772525716161e-06
-5.077555871603151e-05 -3.319413925711968e-06 -2.484822153561393e-05 -5.117663237632744e-06
-6.562670897034504e-05 -8.094407098340150e-06 -3.181680376228334e-05 -7.859671479103857e-06
-6.495488177064472e-05 -8.372796714772006e-06 -3.098309498945446e-05 -7.969028826616605e-06
-5.760857193505359e-05 -5.840788759921044e-06 -2.834725925448918e-05 -3.858289343563929e-06
-6.022588985924752e-05 -8.375183428624695e-06 -2.861285325190709e-05 -4.380855329851529e-06
-5.548755280973577e-05 -3.310031682232775e-06 -2.719965588279842e-05 -4.047149628423539e-06
-6.590498662260386e-05 -7.422413789606804e-06 -3.219452651616526e-05 -7.346318919183588e-06
-6.431618734757811e-05 -5.839006974313445e-06 -2.977875447220758e-05 -5.176932797046065e-06
-6.022703593074486e-05 -3.306442401461480e-06 -2.798389489413566e-05 -4.104415257906968e-06
-6.590584659964901e-05 -4.254748425892717e-06 -3.246297581025239e-05 -2.962725371152780e-06
-6.495607980638130e-05 -3.304708796478715e-06 -3.100778885658617e-05 -1.962117331035441e-06
-6.562769544267927e-05 -3.582964760346376e-06 -3.202961984796843e-05 -2.192267192771002e-06
