8.518079466357162e-05 -1.212820254877176e-05 6.305059467375194e-06 -1.757376327547916e-06
8.551267994818516e-05 -1.132628050678736e-05 6.238772582681206e-06 -1.713130162098206e-06
8.551395134816728e-05 -7.547104383133580e-06 6.463372908010541e-06 -2.590263346619860e-06
8.518223610873621e-05 -6.745691356721479e-06 6.564751484669907e-06 -2.647918256927221e-06
8.437940405783236e-05 -1.246045567668881e-05 6.438439574668711e-06 -1.841303684817075e-06
8.288016969684850e-05 -9.438058894675664e-06 6.908542540583105e-06 -2.367237580764075e-06
8.438119421248418e-05 -6.413770765407783e-06 6.771540003358821e-06 -2.626140208651636e-06
7.875173439524147e-05 -1.246512701358142e-05 5.360908899613428e-06 -4.454711840770341e-06
7.875419245274441e-05 -6.419463217546623e-06 5.916370701089255e-06 -1.746316990279405e-06
7.564775909182227e-05 -9.443484891379840e-06 6.058508233986950e-06 -3.397921605998273e-06
7.312784817098033e-05 -1.246201310616913e-05 6.812594550748834e-06 -4.013712695129920e-06
7.312434194202111e-05 -6.419708092870086e-06 6.279172279703989e-06 -2.013837108874596e-06
7.030624628245850e-05 -9.437615949079953e-06 6.454465650846233e-06 -2.686325498103291e-06
6.748451992424808e-05 -1.245427493491960e-05 6.159109348571797e-06 -3.046464146449044e-06
6.748466944417762e-05 -6.418349413592658e-06 5.495114735497783e-06 -1.463754472506137e-06
6.466322372224292e-05 -9.435826873091157e-06 5.878102706445763e-06 -2.036654654011820e-06
6.184594947156729e-05 -1.244689169421394e-05 7.225293139599958e-06 -1.375149373531001e-06
6.184468978991346e-05 -6.423430809968248e-06 6.582512054413130e-06 -2.763977900438819e-06
5.903064918665609e-05 -9.434768630843021e-06 7.976369546004647e-06 -2.162594991418896e-06
5.622140658126418e-05 -1.243646815645996e-05 6.983774118361676e-06 -3.032183013385017e-06
5.622137685267568e-05 -6.433331941957638e-06 6.583738497924162e-06 -2.008312548762303e-06
5.341978280974120e-05 -9.434899626160899e-06 5.574290965564083e-06 -2.610963776220051e-06
5.063819994620434e-05 -1.240556550188350e-05 5.635426891439299e-06 -2.152847786002890e-06
5.063712109881854e-05 -6.462184813972540e-06 4.931749998547443e-06 -3.039645496868911e-06
4.786644293321861e-05 -9.432365116847566e-06 5.920174766040127e-06 -2.543041837571156e-06
4.511838358176172e-05 -1.236296112251901e-05 5.753967228203044e-06 -3.445483750816537e-06
4.511762087218955e-05 -6.499780186191746e-06 5.997329133437427e-06 -2.344961471910943e-06
4.238143819631756e-05 -9.431012281887416e-06 5.649534816966132e-06 -2.834695764922467e-06
3.967806528699424e-05 -1.230791931613971e-05 5.837223640187613e-06 -2.989380387566543e-06
3.967945966148656e-05 -6.554587611539515e-06 5.356453734428971e-06 -1.591808542900452e-06
3.699652956561161e-05 -9.429864833796784e-06 5.740564395925447e-06 -1.992243602816458e-06
3.436360434581562e-05 -1.222952428004790e-05 5.399722364791074e-06 -2.507228599612354e-06
3.435857287972505e-05 -6.621386429566944e-06 6.079112620753240e-06 -2.549950454145267e-06
3.175209634269827e-05 -9.421672204644200e-06 5.300857915072566e-06 -3.135766651328902e-06
2.920214072445514e-05 -1.213093381582742e-05 5.696539802929011e-06 -5.097194006131437e-07
2.920219532892538e-05 -6.711040015516322e-06 4.996867169142947e-06 -4.705154919148993e-06
2.678351346160389e-05 -9.419076621807021e-06 4.935160111483123e-06 -2.333046423714542e-06
2.442521626840691e-05 -1.202794258501676e-05 3.403298110975302e-06 -2.159059031601210e-06
2.442330254892367e-05 -6.813737807132970e-06 4.531658841507995e-06 -2.655902800927728e-06
2.266898929994498e-05 -9.618754969022069e-06 4.535571418703237e-06 -3.047585376167429e-06
2.092390340509884e-05 -1.194933135548175e-05 6.036362255762193e-06 -2.162563733862082e-06
2.092300799207801e-05 -6.897400621411904e-06 5.959781874026479e-06 -2.436443532174530e-06
1.846219440541239e-05 -1.186664225100511e-05 7.063899720133168e-06 -2.681421120367048e-06
1.891616153893579e-05 -1.026484660290712e-05 7.176510520091111e-06 -2.292488470353435e-06
1.845471877800385e-05 -6.953375839293494e-06 5.359188995318887e-06 -1.267923645743765e-06
1.672042749927636e-05 -7.012840843052363e-06 3.706680054444729e-06 -1.700994767293901e-06
-2.464701450732328e-06 -5.844186542309038e-07 5.140579779575143e-05 -6.442920951578491e-05
-2.507143529731332e-06 -3.951504931025458e-07 2.414824013461785e-05 -9.267411293875626e-05
-2.490008139705743e-06 -2.930941000957746e-08 -1.976844553845832e-05 4.077130981606166e-05
-2.454190428152101e-06 1.278246705441985e-07 -2.714813605100114e-05 -5.662027722175382e-06
1.671936908679265e-05 -1.180858631391834e-05 5.359558417705942e-06 -2.138593537113807e-06
1.518241249084458e-05 -1.166992332490697e-05 5.101348823318340e-06 -1.310484898542640e-06
1.635021681502782e-05 -8.813944404845100e-06 3.538416397499455e-06 -1.032109734875170e-06
1.516139169639148e-05 -6.937952551471303e-06 3.513992068735350e-06 -2.821045520502507e-06
-2.346126848514436e-06 -6.752388788411698e-07 3.364158444923251e-05 -8.807637010058404e-06
-2.208524590450212e-06 -2.332401457681863e-07 -6.594258223154773e-06 3.873879907667722e-05
-2.351025939524779e-06 2.011212121378974e-07 -2.950456944320728e-05 -5.411282842724416e-05
1.468052927540674e-05 -1.020079937947462e-05 4.521631816438300e-06 -8.651957745895828e-07
1.369136337381706e-05 -1.135111552064740e-05 4.275336558641313e-06 -1.334572991675619e-06
1.227755694617038e-05 -1.088908045555254e-05 4.097938175229432e-06 -2.906933907122123e-06
1.421839337101791e-05 -8.218902150145195e-06 4.666150327783866e-06 -2.166246953555319e-06
1.370274890386658e-05 -6.618399162677544e-06 5.110809308798424e-06 -2.463826146646320e-06
-1.528687424470433e-06 -5.991028501700427e-07 -6.692114008248069e-06 -9.502320163320834e-06
-1.554623666175784e-06 1.636219741278973e-07 6.058913800982517e-06 -9.560581771458214e-06
-1.136542361816022e-06 -2.492840465042910e-07 3.335775729274140e-06 2.727194945857582e-05
1.095678369765791e-05 -1.026725024736284e-05 3.714777704947824e-06 -3.655982771109192e-06
1.207941311330290e-05 -9.404259740604425e-06 4.300466149721064e-06 -3.693407291866954e-06
1.256385786264477e-05 -7.573139221745508e-06 4.595366590203165e-06 -2.219011735665790e-06
1.236237487621804e-05 -6.073757513836700e-06 3.437512427357085e-06 -5.825875693838210e-07
-6.792975908863613e-07 -7.326006585753975e-07 -3.091167796619526e-06 -1.235312777050369e-05
-6.632604487860194e-07 2.310265808685831e-07 -2.657125918784891e-06 -1.650636092788928e-05
-1.687747893233113e-07 -2.082336904234196e-07 6.735954799588073e-06 2.563695112435496e-05
9.732972519793616e-06 -9.523143433329258e-06 2.069418005201238e-06 -7.089627805601933e-07
8.642492448093042e-06 -8.664892707859693e-06 3.940621528558989e-06 -6.487059360725187e-07
1.088051064991557e-05 -7.293364325386169e-06 2.314367610295578e-06 -3.854940335762841e-07
1.117266874876727e-05 -5.324366796788880e-06 3.234108182231959e-06 -3.018455529840102e-06
4.445276324938663e-07 -8.926816809355606e-07 -5.158170050268385e-06 -6.242688630842134e-06
4.357584447478498e-07 3.825123878476251e-07 -1.240310467002655e-06 -3.888707862240809e-06
8.919737147822348e-06 -7.374302566175535e-06 4.403814209143677e-06 -1.343390868954689e-06
7.691600953356034e-06 -7.698463387337231e-06 4.123666832307473e-06 -1.915000273718712e-06
9.377189772161845e-06 -5.954598705032879e-06 5.415878243180773e-06 -3.676212954361568e-06
1.016821314587568e-05 -4.432032867929689e-06 3.306411304713541e-06 -4.061227985119361e-06
1.087258062517935e-06 -2.118498392184816e-07 6.938490559294733e-06 -2.113201335189873e-06
1.842917874291395e-06 -1.130454113872461e-06 2.114657487699529e-07 3.369574432618953e-06
1.861425968645845e-06 6.375270494635337e-07 -2.106987584221750e-06 5.345293286845080e-06
6.862703869103282e-06 -6.664401643697475e-06 3.919138889867394e-06 -5.008894462108668e-06
6.192103557444518e-06 -5.594271908874034e-06 1.321378587180965e-06 -8.250883695081903e-07
5.669010282845005e-06 -4.467887120150274e-06 2.787198993167583e-06 8.435933959742348e-07
8.453586036240081e-06 -4.704780952154570e-06 3.297012621410836e-06 -1.536691081129441e-06
9.367983140020114e-06 -3.433063803044692e-06 2.365692299375836e-06 -2.604998022029664e-06
2.478833127120864e-06 -2.469276535973825e-07 -8.096676838611546e-07 4.511771526629364e-06
3.248784948020797e-06 -1.339350246384400e-06 1.256363408636014e-06 -6.758645026145669e-06
3.235406315595682e-06 8.923973255653715e-07 5.114093003733543e-06 -8.352583647772264e-06
6.797009739103527e-06 -4.463073874375925e-06 1.412979130702482e-06 1.112486852681241e-06
5.275210460913048e-06 -3.319702581213359e-06 2.802809727654969e-06 -4.928681285592588e-06
4.499543632186966e-06 -1.542338173079055e-06 2.178740507849540e-06 2.906483803045195e-06
4.858255536011371e-06 -1.743861536585839e-06 1.975931327023005e-06 4.926673623599163e-06
5.044481915565319e-06 -2.151943350404008e-06 3.693458437898437e-07 2.717829820064522e-06
7.814609435027906e-06 -3.289732668788504e-06 7.283003780746669e-07 -1.106371397791024e-06
8.775556028290674e-06 -2.372639066649368e-06 3.394173994129771e-06 4.014542149247338e-06
3.923718607026127e-06 -4.116932816665139e-07 7.887619851013035e-07 1.107475571860816e-06
4.507955424152834e-06 1.071128788870692e-06 -3.287558131877570e-06 7.394047605612780e-06
6.056754980864046e-06 -2.510712475840635e-06 4.444610750211457e-06 -2.894608703196380e-06
4.888606755670022e-06 -9.656190816823276e-07 6.053593896686273e-06 3.571773760164143e-06
5.314931991242723e-06 -1.608589909342858e-06 2.491375203120164e-06 4.360626343958131e-06
7.364490492331985e-06 -2.045711355128378e-06 3.087832570550058e-06 -2.118465165460087e-06
8.405947438542363e-06 -1.300057879605133e-06 4.050088430410776e-06 2.637157480044870e-06
4.930405519825482e-06 3.060529303611619e-07 6.613626488237390e-06 2.117729623192979e-06
4.881305126537405e-06 1.251492619592185e-06 3.039511945805677e-08 7.960877719519095e-06
6.305554785502614e-06 -6.902052214488882e-07 2.866807224391713e-06 -5.700994260483099e-06
8.274376626281700e-06 -2.298840325526044e-07 1.133300177065712e-06 2.971911612879670e-06
8.364841185613374e-06 8.159026542314374e-07 8.907164998862373e-07 3.398686474275508e-06
5.677373847444027e-06 9.887497454941246e-07 6.381402921105622e-06 5.820419954555791e-07
5.094825467923685e-06 1.643074758708176e-06 -1.594963500345234e-06 5.495248066460246e-06
5.366615883498931e-06 2.745324029674590e-06 -6.954087374532790e-07 -1.021499474252563e-06
7.320426729520821e-06 9.515816475422198e-07 7.875599357742327e-07 2.524267902439807e-07
5.763850252558607e-06 3.812739642348255e-06 1.528957305985143e-06 -1.356703150959816e-06
8.676797205047562e-06 1.868880888373962e-06 3.509640305295156e-06 4.115728698091630e-06
6.363319299564658e-06 2.788045700942775e-06 3.155791049503706e-06 -2.527084447814143e-06
7.827843975049174e-06 2.875826220991928e-06 2.699022958989909e-06 1.300813853812101e-06
6.285477365960903e-06 4.829082927707115e-06 3.357521388210162e-06 7.801484520505265e-07
9.179485412907235e-06 2.877842726771399e-06 5.404642054462445e-06 1.843397464833583e-06
8.749180250186703e-06 3.869556810334822e-06 4.118734745077837e-06 2.012408550310763e-06
7.751660121037648e-06 4.482780463358787e-06 2.537753327699757e-06 2.040724221257693e-06
6.925770500301537e-06 5.791910939234701e-06 2.916289312594339e-06 2.958093222961519e-06
7.677144318293948e-06 6.681245855313210e-06 3.544045036703852e-06 3.570264112262673e-06
9.862357757615506e-06 3.809241255334043e-06 4.974113349464431e-06 1.554297793212887e-06
9.361602112019944e-06 4.972192267262541e-06 4.232099352976224e-06 2.307111934346239e-06
8.777672822645983e-06 6.327815955485242e-06 3.815421338662059e-06 3.225731958412568e-06
8.526711490067238e-06 7.487824808610833e-06 3.603437189010565e-06 3.727642557130891e-06
1.070529556131592e-05 4.619276545400396e-06 3.629184322861203e-06 2.010402822724252e-06
1.044789530911167e-05 6.319062332228546e-06 4.347153590702689e-06 1.281530936717244e-06
9.470811897753672e-06 8.193889176495381e-06 1.954865502531140e-06 3.874674953238422e-06
1.049747247572049e-05 8.789918113249929e-06 4.601781105087116e-06 5.317587842091570e-06
1.159596515725366e-05 9.277198270781225e-06 7.052702116107319e-06 5.110394655539027e-06
1.169234887082041e-05 6.678656674777782e-06 6.374338827015366e-06 2.623576854633284e-06
1.168774446795618e-05 5.283399076038897e-06 5.263164080843744e-06 2.456438055693141e-06
1.144014283713941e-05 8.069131009704758e-06 7.123252396902874e-06 3.629669616396128e-06
1.276055213122211e-05 9.633124945097806e-06 7.902892632583414e-06 4.929615794862742e-06
1.396952761682981e-05 9.856136108850621e-06 5.656177779630384e-06 4.885625311245880e-06
1.269151456544779e-05 6.989504824155866e-06 6.135518662286276e-06 3.668373576532826e-06
1.278522824755534e-05 5.768082942864760e-06 5.957765229495926e-06 3.284186879071739e-06
1.519907605480603e-05 9.938731433882819e-06 3.158756145977734e-06 5.522458159592137e-06
1.382828330030085e-05 8.126943016130480e-06 5.943453817923047e-06 5.286152689143703e-06
1.397023992933308e-05 6.064277039269249e-06 6.383964432390785e-06 2.789791159056917e-06
1.547095888059162e-05 8.313609976173173e-06 4.468420549399420e-06 3.918959619455419e-06
1.656295977719353e-05 9.952147448349983e-06 5.121550550664069e-06 5.470437146875735e-06
1.519825198622013e-05 6.161567750752993e-06 6.614236063652533e-06 1.738282648771678e-06
1.844742484403914e-05 9.966428246007753e-06 9.236308334118716e-06 4.723271442169798e-06
1.695553938929144e-05 7.388774718602932e-06 6.790887984512037e-06 1.577187872886765e-06
1.656302981424754e-05 6.150088749922096e-06 6.802871952596229e-06 1.410366855125210e-06
2.106591077631110e-05 1.000067061376203e-05 9.697683939239406e-06 5.743692703091885e-06
1.975958914854625e-05 7.900862653637003e-06 8.807757572089019e-06 3.956042866728522e-06
1.844621507193646e-05 6.131882200972181e-06 6.879900975812618e-06 2.015222477934848e-06
2.458875000167659e-05 1.004189363095002e-05 1.354409361156628e-05 3.925619257867368e-06
2.281454357469979e-05 8.058564472598246e-06 1.200427857964202e-05 2.995886588120248e-06
2.106122193119788e-05 6.105369257621968e-06 1.095758205969032e-05 1.382364114266226e-06
2.832168557040103e-05 1.006939576066288e-05 1.349371977419570e-05 4.164773531597108e-06
2.644879528129095e-05 8.058833156394793e-06 1.319787117739197e-05 4.647239138052956e-06
2.459073042829362e-05 6.075907054143433e-06 1.150393049557910e-05 2.583358758025695e-06
3.209163153024496e-05 1.009726856678038e-05 1.913063273766022e-05 5.025366513806168e-06
3.019711383054388e-05 8.058233858984584e-06 1.646714932391423e-05 2.833303117051552e-06
2.831960218282627e-05 6.048523495709019e-06 1.551515720413582e-05 3.871213612820530e-06
3.593058308433836e-05 1.012346457744739e-05 2.022491472251528e-05 6.275097519531036e-06
3.400173085344623e-05 8.052462553285384e-06 1.931497411263873e-05 3.392070670847269e-06
3.209543671157743e-05 6.012098177557518e-06 1.802146881193559e-05 6.114396560247460e-07
3.982165596505834e-05 1.015804970584302e-05 2.499911273848017e-05 4.060956916350098e-06
3.786625219879689e-05 8.057430366296182e-06 2.277712589655261e-05 3.778489982865699e-06
3.592750255956894e-05 5.985473482548943e-06 2.043222303330478e-05 9.500420752467869e-07
4.374995613819605e-05 1.017683077186119e-05 2.713087935506663e-05 4.556483771352823e-06
4.178058775486029e-05 8.059602117161643e-06 2.642646038980821e-05 3.650334205756651e-06
3.982051358331599e-05 5.960241501721404e-06 2.480155466751670e-05 3.488453658084338e-06
4.771928602130188e-05 1.018520103592593e-05 3.084344650628440e-05 6.440951789488290e-06
4.572914500701612e-05 8.055585508067357e-06 2.820013876740816e-05 2.770146789735115e-06
4.375290588466224e-05 5.938125788988924e-06 2.783639709834646e-05 1.685203777572302e-06
5.171800885610064e-05 1.019364684934251e-05 3.538333443546176e-05 3.910033824556169e-06
4.971533690128344e-05 8.057482312350285e-06 3.360400331858214e-05 3.637845594630326e-06
4.771678357373375e-05 5.927837993442183e-06 3.000394590944558e-05 -9.161377719744556e-09
5.572892997892083e-05 1.020118521577567e-05 3.913025730751037e-05 3.759811490674044e-06
5.372270932605841e-05 8.053871972885485e-06 3.748706952277299e-05 2.765760956791020e-06
5.172087295292925e-05 5.917868837922122e-06 3.619401462171580e-05 2.524811477636759e-06
6.431338452239672e-05 9.955504978903440e-06 4.615173111698398e-05 3.821534745431572e-06
6.374555265757360e-05 1.019140693833990e-05 4.592988497334175e-05 4.071466611303998e-06
5.752596535696861e-05 8.054629492605861e-06 4.010209690524470e-05 3.461917877844957e-06
5.974387587992745e-05 1.020375610058679e-05 4.293626390161924e-05 6.330596065862095e-06
5.572742846714957e-05 5.906915274650696e-06 3.855045458100704e-05 2.302440150700187e-06
6.454852654344465e-05 9.386721019765921e-06 4.623215397128054e-05 3.389591725947215e-06
6.320742170500993e-05 8.048973206536036e-06 4.616652519624210e-05 2.981914502802618e-06
5.974594881493352e-05 5.902471652418330e-06 4.316960785908099e-05 7.194263282845426e-07
6.454947211879613e-05 6.710013530942571e-06 4.648232692964542e-05 2.288615126033973e-06
6.374714627440945e-05 5.906151973010642e-06 4.625740972178024e-05 1.688139905884421e-06
6.431454231476202e-05 6.141748339786712e-06 4.643236633435000e-05 1.903507646696200e-06
