-1.213991121590212e-04 1.658813741804855e-05 3.073533173048714e-05 -2.967228040401147e-06
-1.218894259185394e-04 1.540602261518181e-05 3.097085884680870e-05 -2.657474648133097e-06
-1.218883723671472e-04 9.832547007761808e-06 3.105419075184050e-05 -1.223999573214123e-06
-1.213979685431854e-04 8.650279271385553e-06 3.082178147046556e-05 -9.354729738180280e-07
-1.202157120084693e-04 1.707746479633128e-05 3.023102497190976e-05 -3.067915358074810e-06
-1.179955612999991e-04 1.261836703527589e-05 2.905472137116212e-05 -2.094459390350761e-06
-1.202144453075650e-04 8.160819459032208e-06 3.032234956937533e-05 -8.574082129016005e-07
-1.118939089039664e-04 1.706426114899384e-05 2.598460281593533e-05 -3.281396142996877e-06
-1.118927864100340e-04 8.167746047847994e-06 2.612503775891437e-05 -1.757058984199272e-06
-1.073209248406859e-04 1.261538653754785e-05 2.585358649601883e-05 -2.545442026458155e-06
-1.036121211797812e-04 1.705671587165044e-05 2.468448883955753e-05 -5.713554787436715e-06
-1.036143877422410e-04 8.177978688403150e-06 2.455615294365109e-05 1.868980642338683e-06
-9.947247709944402e-05 1.261908037932169e-05 2.356615834831676e-05 -2.110410698444324e-06
-9.533653175135047e-05 1.704541545721903e-05 2.257411493229722e-05 -5.396907997006610e-06
-9.533545266759398e-05 8.191941076839105e-06 2.211707492436639e-05 1.564625768648207e-06
-9.120261948336167e-05 1.261622755178219e-05 1.997603753208619e-05 -2.359554095303546e-06
-8.707811936225807e-05 1.701946253057773e-05 1.898917153706419e-05 -3.956388333139778e-06
-8.707945085689778e-05 8.208799173643095e-06 1.878281417971356e-05 -1.368793836164349e-06
-8.296496520316498e-05 1.261314262068945e-05 1.829550169616372e-05 -2.722411926995173e-06
-7.888359915574230e-05 1.696859704309676e-05 1.694212319997095e-05 -3.276196253764344e-06
-7.888295124356022e-05 8.253963063122985e-06 1.719344938288246e-05 -1.912469675374019e-06
-7.481821306339587e-05 1.261196639166814e-05 1.486074671461464e-05 -2.892492629859989e-06
-7.077522805340323e-05 1.692961622832823e-05 1.410105578013607e-05 -3.642025213575043e-06
-7.077776549035804e-05 8.298422561262728e-06 1.216750225865787e-05 -1.666877052603019e-07
-6.675254292992551e-05 1.261328243751517e-05 1.302623104555465e-05 -1.825942527363592e-06
-6.277985118457454e-05 1.685041492452991e-05 1.319715931781864e-05 -4.133051956822363e-06
-6.277640487048230e-05 8.368686722178971e-06 1.442990856098339e-05 -3.589815988131287e-07
-5.883057332384802e-05 1.260579431232916e-05 1.319422354239551e-05 -2.346247109118434e-06
-5.494199116121437e-05 1.674804770946217e-05 1.162361823683526e-05 -2.897556613067071e-06
-5.494360673636834e-05 8.461853437891730e-06 1.045508035243472e-05 -1.887114311107230e-06
-5.108674107325772e-05 1.260245717795742e-05 9.162730958527147e-06 -1.942733119321002e-06
-4.730645677404698e-05 1.661967307201323e-05 7.513519295752559e-06 -2.551799676048443e-06
-4.730052710360978e-05 8.577011877524713e-06 9.912174387241128e-06 -1.336601063093626e-06
-4.355899880660838e-05 1.259592589632693e-05 7.468089733332480e-06 -3.144388381025333e-06
-3.990476491455644e-05 1.647988820640134e-05 7.316838060124686e-06 -3.090297848945237e-06
-3.990663640445986e-05 8.716940552415681e-06 5.976948199580546e-06 -2.053027348460887e-06
-3.644462333782121e-05 1.259609133282402e-05 7.150784974499857e-06 -1.008642498636747e-06
-3.307314822623412e-05 1.632925369826713e-05 7.390634938519244e-06 -5.270884203165380e-07
-3.307307329428061e-05 8.874385436829617e-06 5.564601720654540e-06 -3.766958643921156e-06
-3.056981456203726e-05 1.287595017251876e-05 5.819126383084011e-06 -3.386237760992528e-06
-2.809717341659900e-05 1.618160359885685e-05 4.153218093074473e-06 -1.515915771622942e-06
-2.809456870791051e-05 9.016065811802959e-06 6.696194803488237e-06 -8.656545447207365e-07
-2.460843464647218e-05 1.605388328109800e-05 3.909925153400036e-06 -9.877138238036265e-07
-2.524905513723097e-05 1.379089824492661e-05 4.841454203433752e-06 -4.452524034621364e-07
-2.460643130889484e-05 9.109686981449472e-06 7.649864991449123e-07 -5.642559967530954e-06
-2.215241238966957e-05 9.208223227739369e-06 6.675556254208259e-07 -1.711900094329008e-06
3.092837125686857e-06 8.622462726723625e-07 7.629698786449987e-06 3.102878486703468e-06
3.139413028452744e-06 5.993147913380453e-07 -1.512224502738691e-05 7.359429194131072e-06
3.082745238723421e-06 1.707277498920303e-07 -2.056025042112360e-05 -2.824460271592803e-05
3.041211551823251e-06 -2.342826249977652e-09 5.056480591159422e-06 -4.621409857141628e-06
-2.214446421227898e-05 1.596264555557601e-05 1.856646087165924e-07 -2.615989150973519e-06
-1.997892511587034e-05 1.576068508076131e-05 4.391202308860022e-06 -2.963180060417594e-06
-2.162138234227198e-05 1.174508724268939e-05 4.461737571786861e-06 -3.762915022336475e-06
-1.994446733045066e-05 9.125057325687603e-06 2.061083933089930e-06 2.701694618056626e-06
2.935171000135630e-06 9.950721244669554e-07 -8.700032294692245e-06 2.476464209283132e-05
2.729256065654306e-06 3.844057614796993e-07 8.350334917850833e-06 -1.792043969693722e-07
2.931624729578260e-06 -9.206769919250282e-08 1.942767910687026e-05 2.136995423133105e-05
-1.926892997374733e-05 1.369229219924552e-05 6.656064271916319e-06 -3.857473099204934e-06
-1.789244408045290e-05 1.529737432908236e-05 6.621097044085537e-06 -5.126889014908342e-06
-1.592621545082176e-05 1.463120215485964e-05 4.738940291757333e-06 -4.317496214007351e-06
-1.861534906276435e-05 1.092453811487445e-05 4.709713014190551e-06 1.961777725729995e-06
-1.790253284024859e-05 8.704648758472111e-06 9.433354361828105e-06 -5.797102302696443e-06
1.933868757519734e-06 8.976800054761000e-07 -2.035456837561205e-06 -1.041049554364507e-05
1.911665707643056e-06 -8.132903941304205e-08 -5.503027973793930e-06 -6.657288521228926e-06
1.419837466704766e-06 4.167277969980390e-07 -9.821879458525210e-07 2.579790457177692e-05
-1.411293032231749e-05 1.373991981979188e-05 4.671414985391476e-06 -3.335769191631334e-06
-1.564314898021191e-05 1.255881291979394e-05 4.448887022407534e-06 -1.348071375575826e-06
-1.631569930862287e-05 1.003619532015031e-05 4.234343781101158e-06 -4.914034349804878e-06
-1.603662759407191e-05 7.977529083380474e-06 9.343541816844052e-07 3.622032693930580e-07
8.221997921842154e-07 1.007688770786768e-06 6.182873369298070e-06 -1.367937812943050e-05
8.448155588451843e-07 -2.125605808576398e-07 -2.246407886382756e-06 -1.679765337718715e-05
1.923546005279108e-07 4.165895247649302e-07 -3.318493424601642e-06 3.536682061281975e-05
-1.245067035530809e-05 1.270739829719197e-05 4.793153707780068e-06 -2.555950769638179e-06
-1.097231864479963e-05 1.152651531791721e-05 5.358273168354188e-06 -2.905595722473494e-06
-1.400769537964075e-05 9.659211905955755e-06 2.520040359447150e-06 2.157818900203656e-06
-1.440107563500682e-05 6.985412034881261e-06 1.054928072578349e-05 -5.818843185491681e-07
-5.673220008452990e-07 1.194016477383405e-06 -1.075512849624707e-06 -2.059294692293485e-05
-5.717804311445868e-07 -3.890669898144608e-07 4.306518869975851e-06 -2.426144360963107e-05
-1.134750110429154e-05 9.764497848135071e-06 3.821285395606836e-06 -1.552925845927390e-06
-9.696050208246365e-06 1.019823906277910e-05 3.353266524599469e-06 -2.765826288909727e-06
-1.196146538211463e-05 7.842174481117041e-06 2.128716225043687e-06 -2.320165083477311e-06
-1.301123912546416e-05 5.789891553665274e-06 5.429275598431013e-06 -3.037410266171405e-06
-1.378335653718498e-06 4.259980505995891e-07 -2.593407683186939e-06 2.443667081496043e-05
-2.360968961024425e-06 1.497722378051837e-06 -2.418989828412018e-06 -5.457351529100311e-06
-2.356542134480057e-06 -6.958346882174764e-07 8.103448841793649e-06 -4.784953876581715e-06
-8.591663387777333e-06 8.779177982041013e-06 1.929105024523833e-06 -2.395790943332985e-06
-7.721633148250240e-06 7.342443468676405e-06 3.321998037217793e-06 -9.062111070745403e-08
-7.058811236694498e-06 5.837133017516901e-06 5.201244071920169e-07 -3.326015779977624e-07
-1.072113011440225e-05 6.150112492795214e-06 -1.055339161111726e-07 -6.401265088356573e-07
-1.191824919229409e-05 4.469006395319378e-06 -1.226263232368399e-06 -8.583930291867082e-06
-3.150877609148930e-06 4.052472791501397e-07 -1.300148231856017e-06 -8.266529925739098e-06
-4.106593155035471e-06 1.806312809692531e-06 6.742447715390170e-06 8.065252114631358e-06
-4.099967238756115e-06 -9.829031337384833e-07 3.307856285149210e-06 1.136540314011381e-06
-8.529823354700965e-06 5.826133458453926e-06 4.789723175094028e-06 2.352649322141100e-06
-6.573010795137074e-06 4.311978936319347e-06 -2.375431196709195e-06 -8.254377159275771e-06
-5.645253977388247e-06 2.039147588038583e-06 4.489938446881250e-06 8.481399422830977e-06
-6.106840274125202e-06 2.297648897319649e-06 3.116180947412378e-06 3.090529435351285e-06
-6.335321881199271e-06 2.818397636038225e-06 2.362051759120792e-06 -2.141060653365489e-06
-9.864507655240432e-06 4.280579075651689e-06 1.196578291628492e-07 8.877132070246476e-07
-1.111005255076264e-05 3.095622249381813e-06 -4.541075364902833e-06 -1.713782312242986e-06
-4.965615212458198e-06 6.318360958207444e-07 -2.031638541685653e-06 -9.842845010968195e-07
-5.711143195266173e-06 -1.192133602078811e-06 4.917612151489208e-07 1.559234502352026e-05
-7.584350185862552e-06 3.265164598798742e-06 5.986671201688001e-06 -1.083757550368376e-06
-6.150558103496096e-06 1.297024886460187e-06 1.608866746908312e-07 2.071733503693322e-07
-6.685965777188238e-06 2.123669272402040e-06 3.157023862296805e-06 -5.241086641505129e-07
-9.267243837127721e-06 2.677593864386764e-06 2.501803191832396e-06 -1.687571713417347e-07
-1.059494349015541e-05 1.724132369018787e-06 3.459813742349765e-06 -1.485193102346158e-06
-6.212677055592082e-06 -2.655494422933372e-07 4.562404151730108e-06 3.938738799114202e-06
-6.172186205984154e-06 -1.429756098747600e-06 3.394741382502194e-06 7.756529125212383e-06
-7.915667303473159e-06 9.587573854787561e-07 2.780763890216529e-06 -1.653418877228723e-06
-1.039185594696272e-05 3.726952699975730e-07 5.818557935061482e-06 6.413866167124627e-06
-1.044481079185947e-05 -9.077301469954754e-07 -3.900837224142778e-06 -9.352854456204308e-07
-7.161718840879048e-06 -1.127315954270667e-06 3.820029298185012e-06 -5.304447243728926e-06
-6.450848399275705e-06 -1.923161760448951e-06 4.452028299093235e-06 2.294524838664861e-06
-6.809282364734734e-06 -3.241358356197535e-06 8.000634399851453e-06 4.193620566837691e-06
-9.180894512623405e-06 -1.089310960955696e-06 5.247524396145223e-07 -3.401198397022369e-06
-7.314509000748805e-06 -4.483096862375890e-06 4.888092215612631e-06 -2.631189138889967e-06
-1.077746501275464e-05 -2.193735485777504e-06 -6.944283893682390e-06 5.188769168835272e-06
-8.025494869307822e-06 -3.296502621560786e-06 4.445850270061951e-07 5.130083189920365e-06
-9.764232895318602e-06 -3.398778572601586e-06 6.369175383338590e-06 5.412893568990822e-07
-7.938519421079001e-06 -5.657654162711129e-06 -2.591723983214596e-06 -6.997858892810218e-06
-1.133649833597406e-05 -3.392052543161330e-06 -9.741450650027749e-07 -8.072718875167400e-06
-1.082233572045669e-05 -4.550726890126029e-06 9.368109871498004e-06 -6.944043652791230e-07
-9.664919693663183e-06 -5.267490041283894e-06 3.063547693255216e-06 1.084190751545542e-05
-8.707978162770188e-06 -6.767042847736888e-06 5.445794128031347e-06 -7.269446312955239e-06
-9.586124606706146e-06 -7.736760153171339e-06 3.075678025293358e-06 3.332433995197298e-07
-1.209795955266027e-05 -4.475762356962525e-06 3.804542678563493e-06 1.631018767766443e-06
-1.151409591195629e-05 -5.814413384200812e-06 1.066867458277613e-05 7.944527304328744e-06
-1.084949649319403e-05 -7.336804666934699e-06 3.783639929485779e-06 4.672115241474632e-06
-1.057003028737894e-05 -8.630655966294099e-06 -2.394683710603243e-07 2.176753433782248e-06
-1.302344309838411e-05 -5.420077935545328e-06 -1.433175216277675e-05 -1.337913316279487e-06
-1.272408604972015e-05 -7.324994656982678e-06 6.356555067500299e-06 -1.912460375012727e-08
-1.163411028592202e-05 -9.413075343066041e-06 5.247616838594986e-06 -4.243063606851734e-07
-1.278245950784185e-05 -1.004349969357010e-05 1.911982267043238e-08 1.780622754098246e-06
-1.399525120069630e-05 -1.054210556693661e-05 -3.249971477355182e-06 5.484885844007609e-06
-1.409810451775083e-05 -7.728638513219045e-06 7.157745423054067e-06 1.906625950814892e-06
-1.408786044911919e-05 -6.183873439772505e-06 2.432020531137641e-06 -2.688225273511724e-06
-1.383284962434790e-05 -9.245515932007695e-06 -7.953241100883551e-07 3.415942061885701e-06
-1.524374029705107e-05 -1.091001934620177e-05 5.569228040390000e-06 2.838839694431871e-06
-1.653310711024482e-05 -1.112789461442622e-05 1.070320349969884e-05 -5.224815398559013e-07
-1.518395598501660e-05 -8.071806342667866e-06 8.930682397263651e-07 3.372672954268303e-06
-1.528348375595135e-05 -6.749146936115806e-06 8.431154318627714e-07 1.969687057991709e-06
-1.784529024319648e-05 -1.119125779524334e-05 5.593103574299877e-07 1.782477510830562e-06
-1.639423184285668e-05 -9.292980161961543e-06 5.804244289871747e-06 2.583902029562669e-06
-1.654245655008321e-05 -7.089770796024475e-06 1.770226540879377e-06 2.756019078657373e-06
-1.812603774228977e-05 -9.485512391526759e-06 6.411991031487992e-07 8.366125137774735e-08
-1.926865768299192e-05 -1.119354953736212e-05 5.843082318611078e-06 7.540573137986622e-06
-1.783693504751591e-05 -7.204611310982446e-06 6.215460815907020e-06 1.080594054572837e-06
-2.123827113463965e-05 -1.119991654985438e-05 4.414346320745024e-06 -2.909508730036143e-07
-1.968684018810527e-05 -8.511837716429115e-06 4.863723537793475e-06 4.171294326090854e-06
-1.927121034501702e-05 -7.206082954833158e-06 5.334145652820026e-06 3.475548717477209e-06
-2.395168300405637e-05 -1.118642538323857e-05 2.298506009378172e-06 3.585514789756610e-06
-2.261179365635134e-05 -9.039681531972385e-06 3.583182097091917e-06 2.927264953743616e-06
-2.124602991921068e-05 -7.208565952898784e-06 6.115286767465850e-06 1.128343301257854e-06
-2.751076102278857e-05 -1.119091055566509e-05 5.985332474026853e-06 2.226053744109417e-06
-2.572933894498200e-05 -9.205049046309065e-06 3.263686146653567e-06 1.125162133641963e-06
-2.394606849673528e-05 -7.215166018107595e-06 3.730935055208381e-06 1.681462740391433e-06
-3.122334940844880e-05 -1.118536248816609e-05 4.213731429078798e-06 2.307412786517821e-06
-2.937267995991579e-05 -9.200851102401848e-06 6.135090097354485e-06 3.188233855147131e-06
-2.751625544306699e-05 -7.215261741818896e-06 5.503375014550669e-06 2.056589991063963e-06
-3.490158043105426e-05 -1.116741964945527e-05 6.030895381915796e-06 2.931894926611144e-06
-3.306602375537763e-05 -9.203474958485820e-06 4.800376920426285e-06 1.692396376758775e-06
-3.122144442314837e-05 -7.221899331246972e-06 5.121579468006049e-06 3.319159375746941e-06
-3.856427352726242e-05 -1.114979647386170e-05 4.531681606103839e-06 2.946650337752743e-06
-3.673741604588025e-05 -9.197693928116671e-06 5.039774357436445e-06 2.812315974866524e-06
-3.490405474213468e-05 -7.234725582183584e-06 4.632347844445730e-06 6.998369738329325e-07
-4.219916400886754e-05 -1.114224399073831e-05 7.856388359533792e-06 2.913154892252705e-06
-4.038534764505046e-05 -9.197300015381836e-06 6.489739221174489e-06 1.472375293936642e-06
-3.856317638711377e-05 -7.244525530646140e-06 6.406568348036658e-06 1.355214562358518e-06
-4.581693631463587e-05 -1.112852122908929e-05 6.238187880357499e-06 8.877319020399840e-07
-4.401099285412412e-05 -9.197318363732700e-06 7.443371780836079e-06 3.015698174944521e-06
-4.220036386186540e-05 -7.252338671814990e-06 6.716661866601280e-06 1.085832393187297e-06
-4.940783326755933e-05 -1.110499950699562e-05 9.109721371392137e-06 2.605605105513950e-06
-4.761975510094562e-05 -9.197399378163546e-06 6.753126331511015e-06 2.646316400973161e-06
-4.581647262912594e-05 -7.266426391284352e-06 6.362005612990541e-06 5.244650777613290e-06
-5.296554817659256e-05 -1.109266928606929e-05 7.991941352536726e-06 4.067921006561500e-06
-5.119058903313924e-05 -9.191582489448510e-06 9.416052485746266e-06 2.445689452034200e-06
-4.941007003287672e-05 -7.285305809453047e-06 9.043416747455623e-06 2.217229573677137e-06
-5.652027459318590e-05 -1.110332039925168e-05 7.176390054048352e-06 2.429908833924615e-06
-5.473959930814499e-05 -9.192553705395556e-06 7.025705009285477e-06 3.120231682610189e-06
-5.296423639683829e-05 -7.289052165374685e-06 8.118725636092804e-06 1.420245041566527e-06
-6.411425419088269e-05 -1.087527710768314e-05 9.352317301356506e-06 2.679370032202478e-06
-6.361089512692596e-05 -1.108366346838132e-05 9.130280973309813e-06 2.454127586248475e-06
-5.811587626821676e-05 -9.193334324570610e-06 8.700642244360363e-06 2.413432634892488e-06
-6.007163755627841e-05 -1.108799216489056e-05 9.293830556478431e-06 -9.540922862888724e-07
-5.652113217468675e-05 -7.285081451996972e-06 7.249278380751622e-06 3.100814807895086e-06
-6.432277953435287e-05 -1.037209866642555e-05 9.502496177799532e-06 2.918745845207500e-06
-6.313258362507998e-05 -9.186576491992528e-06 8.521675980821512e-06 2.460781511823999e-06
-6.007352974964401e-05 -7.292740319696807e-06 9.223530418829594e-06 4.977614296851603e-06
-6.432338680892473e-05 -8.000443389723159e-06 1.024279192616355e-05 1.760990282178583e-06
-6.361193146606557e-05 -7.289487723847709e-06 9.693902009661169e-06 1.856661132698534e-06
-6.411500093239128e-05 -7.497646110653926e-06 1.007595065313870e-05 1.742901022643748e-06
