6.909354274727926e-05 -1.058998411704135e-05 -2.056439569660556e-06 -3.605733534269008e-07
6.933787399890233e-05 -9.998716521545447e-06 -1.752346858807448e-06 1.203256581999465e-07
6.933858363546055e-05 -7.213391846470082e-06 -1.778401731819536e-06 2.913333266983720e-06
6.909431102231889e-05 -6.622100371316586e-06 -2.083817055784878e-06 3.387623811378972e-06
6.850339349741151e-05 -1.083516047853463e-05 -2.743035463689693e-06 -4.998209333933479e-07
6.739823444783819e-05 -8.606446449977477e-06 -3.942476461761022e-06 1.543234888354861e-06
6.850420877817840e-05 -6.376924488333455e-06 -2.769308694516571e-06 3.524857590075716e-06
6.434627688570770e-05 -1.084343415292335e-05 -4.971829322201126e-06 1.315187288787864e-06
6.434625743750400e-05 -6.369069284965826e-06 -4.910071549771444e-06 1.804562210463949e-06
6.204164538117851e-05 -8.605020080577146e-06 -4.207153072509832e-06 1.636914831081600e-06
6.017361666605452e-05 -1.083883709900573e-05 -4.153184908549786e-06 3.150805365457012e-07
6.017155258155640e-05 -6.367383790291432e-06 -4.368334202947633e-06 3.489309720026869e-06
5.808710111175107e-05 -8.602122385043780e-06 -4.447039513873590e-06 2.307797616456903e-06
5.600331124310353e-05 -1.083400250240941e-05 -4.899945484092797e-06 1.569832819385637e-08
5.600410274042929e-05 -6.371533911205870e-06 -4.877242034619293e-06 4.746280640131496e-06
5.391857741252305e-05 -8.603969421956696e-06 -5.159630228065806e-06 2.153911735500273e-06
5.183177908294846e-05 -1.083652025489145e-05 -6.370352390092866e-06 3.309306458050074e-07
5.182972065203658e-05 -6.370951569363145e-06 -4.523966603829956e-06 1.741985309411737e-06
4.973987029932502e-05 -8.603284585434164e-06 -5.990567290389063e-06 6.452600550577470e-08
4.765148014219529e-05 -1.083467140981082e-05 -6.228511199219676e-06 1.794872559606972e-06
4.765118548425242e-05 -6.372359413539282e-06 -6.570017639918391e-06 -5.198856646956176e-07
4.556742706257771e-05 -8.603439069863016e-06 -6.098029641690370e-06 1.386291950161186e-06
4.349361629717841e-05 -1.082567186993532e-05 -5.463929939426038e-06 3.441672518807828e-06
4.349163682813016e-05 -6.380313716153852e-06 -5.724044748999887e-06 8.076287381558996e-07
4.141749048594070e-05 -8.602240043340634e-06 -4.815289234142523e-06 2.474171847650114e-06
3.933781301196491e-05 -1.082745183423970e-05 -5.446689609434672e-06 1.189518553773803e-06
3.933792175266051e-05 -6.376868962957093e-06 -4.613026908923444e-06 2.937628309429242e-06
3.725938909813098e-05 -8.601101324005441e-06 -5.161773730927104e-06 1.339064575265917e-06
3.519368446772391e-05 -1.081004320130128e-05 -4.791936348105380e-06 7.587869756125300e-07
3.519213783049892e-05 -6.389173219023055e-06 -5.173495034014855e-06 1.281513486762935e-06
3.313390462335777e-05 -8.599325119194887e-06 -5.110824006234421e-06 9.193099328384900e-07
3.108562550849001e-05 -1.078804340489303e-05 -4.747549580249589e-06 3.085895599417120e-06
3.108719665576530e-05 -6.411217953686225e-06 -4.259219506793286e-06 -1.149249917636107e-06
2.904280842729829e-05 -8.598927120457411e-06 -4.246322110550844e-06 1.552409948307791e-06
2.701825085954985e-05 -1.075369969664495e-05 -3.986815576582951e-06 3.080957628098319e-06
2.701473556549876e-05 -6.437778129015695e-06 -5.123310447096144e-06 1.626598303235998e-06
2.508152395554419e-05 -8.593871201780104e-06 -4.343911522560639e-06 3.146053057352129e-06
2.316340211013445e-05 -1.072643949945763e-05 -4.706467836729141e-06 2.073877225580551e-06
2.316751410200830e-05 -6.465829826835456e-06 -3.455023530276813e-06 1.785311861305755e-06
2.173675543714408e-05 -8.760785253556507e-06 -3.864657566391108e-06 1.315290648958292e-06
2.029755065960709e-05 -1.069848190709490e-05 -3.060565660773743e-06 1.772377794224296e-06
2.029470238494720e-05 -6.493684836005152e-06 -3.916217249651765e-06 1.184718814200328e-06
1.823191529875891e-05 -1.067732973890016e-05 -4.291900636508525e-06 1.135835142189472e-06
1.862943305376227e-05 -9.307383211905185e-06 -3.569919644698913e-06 1.951909815987266e-06
1.822616579128272e-05 -6.507403361652227e-06 -3.712412722542170e-06 1.547201522982297e-06
1.673697883832258e-05 -6.526886969535713e-06 -4.406465145887308e-06 1.001679043803407e-06
-2.860126468470806e-06 1.455974388267726e-07 9.538953410308102e-06 3.934538414730189e-06
-2.919020259874710e-06 3.112838188337348e-07 -1.427599082505484e-05 9.878562726548739e-05
-2.903621313096302e-06 6.863533240259624e-07 2.418008105080685e-05 -5.188531534288560e-05
-2.839451459590071e-06 8.765694721771517e-07 2.281749855199672e-05 3.889690168742204e-05
1.673598157852541e-05 -1.066166190553050e-05 -7.409981150233329e-06 1.023035008289290e-06
1.539741180849243e-05 -1.057248251013770e-05 -5.720302932395937e-06 4.771516660303434e-07
1.643034019491340e-05 -8.077595974616413e-06 -5.097963392864412e-06 6.253417886685387e-07
1.539965163969303e-05 -6.430437794180528e-06 -3.178144054179665e-06 8.262147585950426e-07
-2.708663721059507e-06 7.010287629125198e-08 1.801367566400502e-05 -1.690623285673917e-05
-2.420405689329610e-06 4.448833255812049e-07 -3.614236403785430e-05 -3.134310833492486e-05
-2.672947289623583e-06 9.593819970452967e-07 6.559649633350941e-05 6.204959335542209e-05
1.497021398984427e-05 -9.301282052112973e-06 -4.323326181973114e-06 -5.054897498025115e-08
1.408152612158723e-05 -1.033164085299136e-05 -2.773583986304234e-06 4.962055286451001e-07
1.281256927360253e-05 -9.947701257837819e-06 -1.761283058478868e-06 2.654704726949910e-06
1.457299332480492e-05 -7.554770580666818e-06 -3.512997782612682e-06 1.062947729912116e-06
1.411067086147124e-05 -6.103402048718815e-06 -4.013289712028858e-06 1.455326226413395e-06
-1.772131467448000e-06 4.877251874119459e-08 9.034774438209772e-06 1.217886191444943e-05
-1.776820811871549e-06 9.533506623625219e-07 9.926944950377830e-06 -6.308797442291864e-06
-1.299593838186672e-06 4.847156477425137e-07 -1.228718436229628e-05 -7.876219623598330e-06
1.160577381517214e-05 -9.419140745600424e-06 -2.402614641717792e-06 3.770646784882495e-06
1.264423986962675e-05 -8.627609688384926e-06 -2.456085652428308e-06 3.662856476295123e-06
1.308423567426379e-05 -6.961379735598601e-06 -4.212127674376016e-06 1.525626152235372e-06
1.290532805879549e-05 -5.567491112777221e-06 -4.453452655110262e-06 1.247963198598551e-06
-7.781293501574101e-07 1.546537396518450e-09 1.354327263670564e-05 -3.981179434389767e-07
-7.731163679157679e-07 1.052947692612745e-06 -1.012719389153080e-06 5.264589776005037e-06
-2.068129910822173e-07 4.838145154913369e-07 -1.100470999222173e-05 7.586676438789808e-06
1.047015288247492e-05 -8.758679979437504e-06 -2.381418352752238e-06 2.179341022463786e-06
9.437008591959478e-06 -7.988038429299204e-06 -1.930468282781594e-06 1.649216403666864e-06
1.154522524616253e-05 -6.699798846946784e-06 -3.994394904426018e-06 7.017236493782390e-07
1.183197206800146e-05 -4.842314497816702e-06 -3.283092116205768e-06 1.504980956820945e-06
4.636149770334588e-07 -1.893874834033872e-07 2.974308634021620e-06 -1.158574017918325e-05
4.569348876122555e-07 1.263691491258804e-06 3.578844528865231e-06 -1.845201101006882e-05
9.701846933442647e-06 -6.792504806430153e-06 -2.613764151677390e-06 8.771478624261115e-07
8.501131621823150e-06 -7.107470618030806e-06 -2.844720191948354e-06 1.574604108400860e-06
1.014574309925931e-05 -5.437251508708100e-06 -2.799070941218777e-06 6.094222237956356e-07
1.091701149055293e-05 -3.949798157878215e-06 -2.005974716869287e-06 8.225104917107641e-08
1.188351119646106e-06 5.057963234494672e-07 5.404630936748525e-07 2.491700529126481e-05
2.070145768207773e-06 -4.619242653387241e-07 -8.052770629988074e-06 -8.558687209965413e-06
2.059984851773823e-06 1.495503579972739e-06 3.031670612931630e-07 -1.271032690177289e-05
7.671418269464999e-06 -6.132745787439879e-06 -3.867532914315348e-06 1.000009181843807e-06
6.962244172819031e-06 -5.078351114153993e-06 -2.671165887970220e-06 5.230998782189358e-07
6.392623584394655e-06 -3.956770646488477e-06 -2.564389071321417e-07 9.799741083064102e-07
9.243046086113441e-06 -4.209114933546680e-06 -2.608150080504436e-06 -3.033683191121367e-07
1.017010560082392e-05 -2.923278127989244e-06 -5.140002481978739e-06 1.414321142487316e-07
2.754067915837236e-06 5.078212661686358e-07 1.784323005390585e-07 -1.187994976171534e-05
3.594008286120391e-06 -7.227810560109732e-07 1.303101790365313e-06 1.421437586748836e-05
3.600243266708201e-06 1.761702532954494e-06 -1.719870703947203e-06 6.827375463363730e-06
7.565277309518897e-06 -3.957844955964818e-06 -3.279557902524443e-06 -5.826689938254088e-08
5.957583605081085e-06 -2.786279662988090e-06 1.814846239895143e-06 3.578292936936504e-06
5.012890397747914e-06 -9.449534456306740e-07 1.639267828771583e-06 3.864207689607580e-06
5.434945032798331e-06 -1.157468653819311e-06 1.312316225903113e-06 -1.023891410887497e-06
5.668138256915587e-06 -1.584737824202855e-06 2.270083436111155e-06 -2.245349200076017e-06
8.603358871279865e-06 -2.770104513795703e-06 -2.007531824097882e-06 4.912781241620397e-07
9.608660461737350e-06 -1.819517009735974e-06 -7.499767356567995e-06 -4.343455687091314e-06
4.368527316199737e-06 3.319228947124099e-07 -3.517411328585043e-06 -4.589772351749056e-06
5.008243858571005e-06 1.933984865670115e-06 -9.184200417109467e-07 3.849975063004287e-06
6.766206018495466e-06 -1.958723690726007e-06 -3.723583041840882e-06 -5.359249215026960e-07
5.449301981913873e-06 -2.862824147845803e-07 -2.788611091602161e-06 -5.957650004645436e-06
5.948363773871500e-06 -1.000775161701752e-06 -1.571544178494748e-06 -4.416397805169850e-06
8.139030167322748e-06 -1.472660127605740e-06 -2.214964927983749e-06 6.134042115468178e-08
9.269936042900302e-06 -6.701918461208917e-07 -6.146629973463695e-06 -5.126848361381078e-06
5.455868948249859e-06 1.113964075396120e-06 -3.951258364850863e-08 -2.749992225829366e-06
5.395477065669848e-06 2.149242365863038e-06 1.454250749238312e-06 -2.026986771830934e-06
7.004736436472572e-06 -1.767598623729156e-09 -1.821581963987171e-06 2.072533933780096e-06
9.168257004006226e-06 4.973776316334781e-07 -3.119616259621972e-06 -1.256151581754157e-06
9.325915635250520e-06 1.677907015734303e-06 -1.837088833533579e-06 -5.511529789720887e-07
6.276772098933508e-06 1.876684818222833e-06 -4.807014915580023e-06 -4.257598689771220e-06
5.621658925247876e-06 2.616474593758579e-06 1.325165870073413e-06 -7.787624392547352e-06
5.881224732926432e-06 3.907264836581624e-06 3.238710207912541e-06 -3.682945646179741e-06
8.137820904507111e-06 1.819838126547858e-06 -3.324012541071325e-06 5.211419543898423e-07
6.290434474151982e-06 5.185381756849500e-06 8.060146198696469e-07 -1.164372203301860e-06
9.729293555650912e-06 2.875143497053418e-06 -2.024251830241922e-06 -4.704475726299872e-06
7.020480617317618e-06 3.943285990959051e-06 -2.168746856029810e-06 -6.618749311163227e-07
8.745722900256227e-06 4.044683786187753e-06 -3.859605014887030e-06 -1.974538239397397e-06
6.876522846932158e-06 6.419302972727778e-06 -4.879733103329139e-06 -2.300325107484575e-06
1.038285278129019e-05 4.052546672860969e-06 -2.879508084865230e-06 -4.131203639098875e-06
9.878533973642554e-06 5.235952312712444e-06 -3.007839963156440e-06 -1.234316357270568e-06
8.643754262468679e-06 5.986627613237917e-06 -1.705097477549718e-06 -2.651265492592160e-06
7.618162092759865e-06 7.627218594946988e-06 -2.712229410181333e-06 -2.828759673605972e-06
8.534481949160683e-06 8.773400883549085e-06 -3.042251526871864e-06 -4.400019864602471e-06
1.128433138282785e-05 5.154470695806802e-06 -3.216516102780968e-06 -9.864527710354700e-08
1.065689236330800e-05 6.600237967794032e-06 -2.709158766056658e-06 -2.270621589615468e-06
9.908197466700869e-06 8.325629429881721e-06 -2.878874717605329e-06 -4.640903375576538e-06
9.587817424914467e-06 9.836910249643530e-06 -3.735338388673844e-06 -5.672655805489205e-06
1.239502417852168e-05 6.136764755687784e-06 -4.404228528130698e-06 -1.456232047738897e-06
1.206301592841673e-05 8.319347992971991e-06 -4.552014488368316e-06 -3.833946390016139e-06
1.079291454138284e-05 1.077911560803394e-05 -4.092886385831965e-06 -6.415063393529519e-06
1.215263021811183e-05 1.160811696204587e-05 -3.345466575962265e-06 -4.855123423510363e-06
1.361828809898080e-05 1.229902801345417e-05 -3.063298756017730e-06 -4.053288285313720e-06
1.372505024160185e-05 8.798203402115308e-06 -5.048804829802649e-06 -3.355892147223834e-06
1.370667554678297e-05 6.961788632037499e-06 -5.543755919353066e-06 -3.471200279404856e-06
1.339706297962405e-05 1.065370855769332e-05 -3.568225602888633e-06 -4.006616713534427e-06
1.518780338885383e-05 1.281073471836358e-05 -3.706967047035726e-06 -3.550982440001721e-06
1.683503890518686e-05 1.315049019197811e-05 -4.433292276762955e-06 -3.833946519995380e-06
1.507279585289883e-05 9.211279310217891e-06 -4.670250488302641e-06 -3.112391129228889e-06
1.520132693442788e-05 7.571377718145496e-06 -5.096008212947338e-06 -4.073618199983503e-06
1.852847089623674e-05 1.329769375603151e-05 -4.296908538863568e-06 -4.466890896960086e-06
1.662048366513300e-05 1.076130034020427e-05 -4.622838478341897e-06 -4.080954151109696e-06
1.681946251920506e-05 7.928772360116547e-06 -4.697820315905823e-06 -3.630247383734254e-06
1.889895812900906e-05 1.102421061100511e-05 -4.976058279335438e-06 -4.601902554052848e-06
2.045007998614637e-05 1.335855985216463e-05 -5.274663024445123e-06 -5.041539195968630e-06
1.851285350412162e-05 8.027878716413392e-06 -6.103907033692111e-06 -4.202991452573533e-06
2.314358993316601e-05 1.342114657304271e-05 -8.633841959117465e-06 -4.873173126815780e-06
2.099298093528846e-05 9.717183630423766e-06 -6.637358966748469e-06 -4.392613630211098e-06
2.044685347366581e-05 7.970641662907925e-06 -6.542836788911669e-06 -4.375709652668791e-06
2.695762443517039e-05 1.351509102013680e-05 -1.063340294218471e-05 -5.122808799496078e-06
2.504303388925980e-05 1.044989375518791e-05 -9.535345638348266e-06 -4.383573709794146e-06
2.313953860938776e-05 7.899413168044513e-06 -8.235145900809759e-06 -4.301790052473408e-06
3.217999154780745e-05 1.361350578856187e-05 -1.051925336988763e-05 -5.423779194225292e-06
2.954137967228600e-05 1.066014660936993e-05 -1.020179975931542e-05 -4.804692505777108e-06
2.696459281658784e-05 7.810449124303769e-06 -9.591519565406888e-06 -3.113535500390126e-06
3.778209744646300e-05 1.371158554163943e-05 -1.509460537359991e-05 -5.222740015426261e-06
3.495125062741015e-05 1.066380628597211e-05 -1.305118571056112e-05 -3.432679452709576e-06
3.217594318341421e-05 7.706447309682242e-06 -1.185577872379363e-05 -1.900012868317319e-06
4.355702040243345e-05 1.380378293136928e-05 -1.719085149250591e-05 -6.908420982849505e-06
4.064228185044519e-05 1.066934907190370e-05 -1.546892951120843e-05 -4.942210529804628e-06
3.778196139664104e-05 7.621898696825461e-06 -1.379908510059028e-05 -3.343494422315614e-06
4.946655593992878e-05 1.387969705075469e-05 -2.119001130724688e-05 -4.610453136776758e-06
4.648955979071312e-05 1.067293975608756e-05 -1.955001428749474e-05 -4.174264071702570e-06
4.355505350313352e-05 7.539554373877475e-06 -1.746761047983124e-05 -2.005278234922669e-06
5.551414243875679e-05 1.394448454590667e-05 -2.469068631406527e-05 -4.736035217091785e-06
5.246762625899711e-05 1.067312397586779e-05 -2.321816769512341e-05 -4.040029310729677e-06
4.946724785982889e-05 7.466012373530653e-06 -2.142567824688617e-05 -3.360468204274341e-06
6.167476846011665e-05 1.399308965352368e-05 -2.578903036518127e-05 -7.912788818733502e-06
5.858025430203689e-05 1.067537982292578e-05 -2.469792741343375e-05 -4.642359065163829e-06
5.551282838136874e-05 7.404131928486659e-06 -2.414368017451969e-05 -3.971708427516616e-06
6.790435971085840e-05 1.403416916567252e-05 -2.852633662606006e-05 -5.477037847737654e-06
6.477791950959823e-05 1.067713522828389e-05 -2.743674059249075e-05 -4.114019805191638e-06
6.167535133398372e-05 7.358695669000804e-06 -2.627045315117980e-05 -8.558653670392744e-07
7.419667287957837e-05 1.406077082097597e-05 -3.335827030158605e-05 -5.152620761387888e-06
7.103988288005800e-05 1.068303982739458e-05 -3.060291509884046e-05 -4.293843671375117e-06
6.790015567515195e-05 7.326852806728809e-06 -2.820824651747287e-05 -2.910219603210730e-06
8.054200624399142e-05 1.407633873884629e-05 -3.681426441942058e-05 -6.179039771225575e-06
7.736598907290858e-05 1.067835373516751e-05 -3.566818894352634e-05 -3.899129037904050e-06
7.420092676245268e-05 7.300763382844488e-06 -3.370690711493963e-05 -3.038960849150109e-06
9.417230068208382e-05 1.372819757189968e-05 -4.227154065233485e-05 -5.965130712405308e-06
9.326676310061697e-05 1.410331087573165e-05 -4.191693599815392e-05 -6.253419382585117e-06
8.338400420135506e-05 1.068310797767154e-05 -3.655827714810701e-05 -4.306946086171872e-06
8.689704853024413e-05 1.409986073718971e-05 -3.709367080646940e-05 -7.951110408414059e-06
8.053891069838360e-05 7.283895034626623e-06 -3.655549493867024e-05 -1.923772653787201e-06
9.454739327938095e-05 1.282258588116663e-05 -4.240978415309209e-05 -5.436301631004910e-06
9.240501038844148e-05 1.068767402503218e-05 -4.180993598405662e-05 -4.760013103881393e-06
8.689595017571914e-05 7.272397956111846e-06 -3.698608270099373e-05 -1.217159811574360e-06
9.454818013650748e-05 8.552055879940346e-06 -4.246278245352943e-05 -4.039876376477899e-06
9.326725834377939e-05 7.270801834143523e-06 -4.194119298795321e-05 -3.172746429482116e-06
9.417303750837219e-05 7.646073069437239e-06 -4.231871000802488e-05 -3.476681988839659e-06
