9.185814370970366e-05 -1.472636374357044e-05 -9.326035045810077e-06 6.963788700968453e-07
9.219071617242175e-05 -1.392529025481316e-05 -9.496572486027170e-06 4.837915099280427e-07
9.219073348288906e-05 -1.014673701357290e-05 -9.780102358267752e-06 -8.279876215975014e-07
9.185823609400279e-05 -9.346098780406835e-06 -9.628261086126648e-06 -1.060729759832508e-06
9.105559907028249e-05 -1.505778353946807e-05 -8.965346279448149e-06 7.508437743770597e-07
8.955148010538281e-05 -1.203641587492746e-05 -8.511614217469924e-06 -3.562648789652411e-08
9.105594495936762e-05 -9.014918129243472e-06 -9.273421182795594e-06 -1.118631557832802e-06
8.542201899993927e-05 -1.504902829963383e-05 -8.159798988478126e-06 2.257055458510675e-07
8.542352645199673e-05 -9.028287494943473e-06 -8.243686424994106e-06 2.980250642719022e-08
8.231874957250524e-05 -1.203975542866090e-05 -8.615393140293672e-06 2.180583634325449e-07
7.979254880799288e-05 -1.506191475251492e-05 -8.014783677417178e-06 1.816005429608524e-06
7.979256097220562e-05 -9.018092458258786e-06 -7.709026906073485e-06 -1.293376834130693e-06
7.697029877863544e-05 -1.203963569099814e-05 -6.798670797813215e-06 5.790537146144166e-08
7.415078205626201e-05 -1.505880554237259e-05 -6.309665098952503e-06 1.419226139947204e-06
7.414954389038139e-05 -9.019550497530723e-06 -6.470447802843919e-06 -1.076192789388685e-06
7.133390806357404e-05 -1.203917892281096e-05 -5.989801035824651e-06 9.960822080034304e-08
6.852720104367227e-05 -1.504595549127805e-05 -7.707290249219869e-06 -1.766368437519744e-06
6.852566472200652e-05 -9.033186173837148e-06 -6.228350295644059e-06 1.364126837784020e-06
6.572521738619776e-05 -1.203962747988400e-05 -5.776442832779612e-06 -1.957336575320570e-07
6.293487494673634e-05 -1.503275444176189e-05 -3.648442929758057e-06 1.094681714987909e-06
6.293465059296221e-05 -9.048174835283504e-06 -4.158201231546361e-06 -1.530134254050736e-07
6.014783171335452e-05 -1.204189276130745e-05 -3.105790444899956e-06 3.738429771410441e-07
5.735868494797411e-05 -1.503246427696547e-05 -3.520185909190827e-06 2.297336280484499e-06
5.736348872623499e-05 -9.061566889037037e-06 -2.878629983456770e-06 -2.260553491943505e-06
5.457766328321437e-05 -1.205172277025530e-05 -2.165774094257438e-06 -4.029907542604249e-07
5.181578204961402e-05 -1.501085467034324e-05 -1.802304164598495e-06 5.301595479738388e-07
5.180993163520438e-05 -9.090778165698975e-06 -2.429034325582573e-06 -9.224567733619675e-09
4.905602859640205e-05 -1.204789287660016e-05 -2.435174287014805e-06 4.568370883903784e-07
4.630664506026413e-05 -1.498542082587860e-05 -2.235845691576442e-06 1.321919579341678e-06
4.630930410933471e-05 -9.109113222892371e-06 -1.110895377497512e-06 4.425360197872597e-07
4.355824146250374e-05 -1.204811483929007e-05 -5.795457231821333e-07 1.143306975550368e-07
4.081387098959215e-05 -1.497486340381488e-05 -5.545108069071828e-07 -7.106430578326678e-07
4.081470688690197e-05 -9.123107555860709e-06 -9.754559277064481e-07 -1.500520520238342e-07
3.808034973619258e-05 -1.205074141732927e-05 -2.555657391769096e-07 2.119939726548405e-07
3.536759386094200e-05 -1.494883809230785e-05 1.488919785659112e-06 1.261177701747461e-06
3.536995651935978e-05 -9.151804009108793e-06 1.042557683266839e-06 -6.128789600328004e-07
3.277803599430836e-05 -1.205188387989553e-05 1.554522621122180e-06 -1.432054691838567e-06
3.021687167492920e-05 -1.490254725200161e-05 9.900971830311409e-07 -2.076120729405044e-06
3.021059478250405e-05 -9.200698299299132e-06 2.033585114844060e-06 5.902339983128754e-07
2.830171253868398e-05 -1.226876472282677e-05 1.490095667278999e-06 2.521384539632290e-06
2.637567719015892e-05 -1.485527664396416e-05 -6.455912279134206e-08 -8.632293197462847e-07
2.637269988618449e-05 -9.242061927460239e-06 2.923636311448541e-07 -4.476352886230515e-07
2.361562060692043e-05 -1.481755380751445e-05 -2.748249935431524e-06 -1.893086169846151e-06
2.414410074423561e-05 -1.299803617791681e-05 -3.112269423490681e-06 -2.454665939556835e-06
2.361335907069662e-05 -9.270137252961549e-06 3.365573691606570e-06 1.087037668295405e-06
2.162551042431713e-05 -9.296187412105444e-06 4.595441501416364e-06 -1.501643003637042e-06
-3.443128496563423e-06 -7.390329785723901e-07 1.397859109237355e-06 -8.891621770871153e-07
-3.505002352089465e-06 -5.932906904503456e-07 3.559302798022294e-06 1.071511884948239e-04
-3.557496464214376e-06 1.311852482034798e-07 1.692062809519592e-05 -7.776899529381651e-05
-3.508791476901480e-06 2.424710030661993e-07 5.751518767914790e-06 -1.285352188209303e-05
2.162342675018031e-05 -1.478722803117599e-05 3.192872878107326e-06 -5.736550601417372e-07
1.984307867948071e-05 -1.466188152196113e-05 2.588412728420024e-06 -3.004491989159756e-06
2.121548608575698e-05 -1.136106901330064e-05 1.913692551808945e-06 1.408824144760097e-07
1.983253967645721e-05 -9.172095043308955e-06 6.628864733465638e-07 -4.165148764679212e-06
-3.289742456986761e-06 -8.003910118333916e-07 4.140782573243910e-05 -6.573407817573901e-05
-3.063358350134746e-06 -2.311579028010799e-07 -3.461480027642462e-05 5.003045479115051e-06
-3.385138050339797e-06 2.811254190453619e-07 1.851492410170039e-05 1.925214749339703e-05
1.927245065082328e-05 -1.297272361444503e-05 2.796319557884813e-06 -8.838427832328596e-07
1.809957988554874e-05 -1.433219954757411e-05 3.793066447675647e-06 -4.989992424477310e-06
1.641630963048926e-05 -1.381434310340055e-05 2.152849915726851e-06 -2.628441480108007e-06
1.873281094075651e-05 -1.066354925092707e-05 7.491727288310086e-07 -2.462530971803108e-06
1.812457471843221e-05 -8.755729373511464e-06 1.176291721524490e-06 4.662626350647358e-06
-2.213013660371927e-06 -8.014486373255401e-07 5.176046139314549e-06 1.322350744578666e-05
-2.190323435728722e-06 3.234946691958289e-07 1.677651934726034e-05 -6.714918829700084e-06
-1.618959893986491e-06 -2.070711494179571e-07 -1.889758795691652e-05 -1.586984135891699e-05
1.482156440544603e-05 -1.310705436300575e-05 -1.067909022903016e-06 9.994250648804979e-07
1.618791895425065e-05 -1.206528676337677e-05 1.128436006420713e-06 1.860276614777417e-06
1.676358811778947e-05 -9.887706039009950e-06 2.275247043654963e-06 2.591475211915753e-06
1.652211193593547e-05 -8.051688924017922e-06 4.719620088984511e-06 6.150738483793492e-06
-9.865943865225028e-07 -9.384842086723504e-07 6.115074509146347e-06 1.242890048013472e-05
-9.867514908109106e-07 4.291293052553261e-07 8.483719717384922e-06 1.244040733176203e-05
-2.647223145011111e-07 -2.035341558749860e-07 -7.230383518850470e-06 -2.681711124122823e-05
1.332858991960978e-05 -1.223926248669947e-05 -1.400200100271211e-06 3.683025053339850e-07
1.197205164075329e-05 -1.122082036633868e-05 1.973649706694950e-07 2.370095091749602e-06
1.473426490816377e-05 -9.538392559486070e-06 2.352618965193010e-06 -2.040646198476871e-06
1.510770174015556e-05 -7.112307656071577e-06 1.362357548229824e-06 -1.843213281470209e-06
5.635278607916351e-07 -1.152751296907280e-06 7.383058225239884e-07 1.315106312118095e-05
5.794146153184267e-07 6.518141039982986e-07 1.240955111505461e-06 1.478789063048807e-05
1.231509993815411e-05 -9.651081501385809e-06 -1.488600967464400e-07 1.020641377726027e-06
1.075717246894472e-05 -1.005774638612870e-05 -3.266257931763343e-07 4.187186600222936e-06
1.288968525558300e-05 -7.888080351340998e-06 1.535058586401262e-06 -1.870649668971056e-06
1.388619755249499e-05 -5.959607602945888e-06 -7.265958823409417e-06 2.137426874923035e-06
1.477397679254191e-06 -2.184730586118042e-07 -2.969617012104816e-06 -2.260770401283255e-05
2.571918936424229e-06 -1.465440640140628e-06 6.968721417020009e-06 2.853479022296170e-06
2.570322120977645e-06 1.020084643192293e-06 -5.819820867660899e-07 3.652904301851601e-06
9.686467125560038e-06 -8.780961734953755e-06 -3.153442646383598e-07 1.270760682158038e-06
8.791114106009798e-06 -7.427412015302826e-06 1.271350609972367e-06 -2.255954370110209e-06
8.056991868594582e-06 -5.983980559625559e-06 2.457936259446036e-06 -1.042392380959116e-06
1.172176035149891e-05 -6.297643432916614e-06 6.457514385152816e-06 -5.266023458698088e-08
1.291054097391815e-05 -4.646289781893695e-06 -1.044186513087901e-06 1.281529153718636e-06
3.450847278781274e-06 -2.322185724777519e-07 3.053011146557742e-06 1.105491917926317e-05
4.545080499589646e-06 -1.791803837003519e-06 -8.114764347994066e-06 -8.198372935203657e-06
4.532888265306351e-06 1.348974200692493e-06 -3.564414073529304e-06 7.003488005323653e-07
9.569318699684847e-06 -5.984814357269139e-06 1.683550970004471e-07 -3.609537034677180e-06
7.493895398775056e-06 -4.472298981681332e-06 4.258008181090575e-06 1.072428253531562e-05
6.302921105940530e-06 -2.061546180008623e-06 -1.040441659218133e-05 7.033570247942876e-07
6.844203831448861e-06 -2.350199934881276e-06 3.213467714755661e-06 -2.157334617367313e-06
7.140881061784643e-06 -2.915979331407955e-06 1.055572893709081e-05 -2.985739378092133e-06
1.090726323100846e-05 -4.449945896884827e-06 4.268603983001962e-06 -1.312136833019307e-06
1.219454462916124e-05 -3.223765591209049e-06 2.466445676083138e-06 1.565656049972738e-06
5.498469704729926e-06 -4.690318440772182e-07 4.526851597320834e-06 -6.607797808801199e-06
6.298270304262426e-06 1.588903876345338e-06 7.087448245214097e-06 -8.702788265012031e-06
8.534944872300410e-06 -3.402001246596614e-06 -8.025922541043351e-06 -7.482844639220598e-07
6.860179661255712e-06 -1.236827841629966e-06 -3.124700320314791e-07 6.892272343183130e-06
7.501173399256903e-06 -2.161565384426319e-06 7.523549693092515e-06 -2.479366743097675e-06
1.030594543843441e-05 -2.777587543331780e-06 1.555906827024892e-06 -8.836390312773469e-07
1.176010692264323e-05 -1.745412772588259e-06 9.049497561693894e-07 -1.046437938525715e-06
6.878780155111662e-06 5.290005397944875e-07 -2.192997132713650e-06 -2.660028693229632e-06
6.793410085688368e-06 1.852646237177057e-06 -4.158692410091671e-06 -2.269434489117466e-08
8.846912550971162e-06 -8.963401564558968e-07 2.681688765645261e-06 1.243446119285937e-06
1.162165712449349e-05 -2.468678178051776e-07 -3.209996496274158e-06 -1.887058788545983e-06
1.180711020812743e-05 1.230229354888840e-06 3.032661439799371e-06 -1.064923888804812e-06
7.925108029741939e-06 1.480951004219664e-06 4.311775839515652e-06 6.934723005900974e-06
7.082658972213910e-06 2.438776046950196e-06 -6.280890774368206e-06 8.054883590271862e-06
7.428358521780474e-06 4.076331431296015e-06 -7.175988374503533e-06 1.502150536931140e-06
1.029899429156196e-05 1.406242434922699e-06 1.132978941700616e-06 7.590486287894039e-07
7.951660059429544e-06 5.690050766020240e-06 -2.529005987243620e-06 1.439330275076389e-07
1.232002816274707e-05 2.753590246113212e-06 8.408111431940384e-06 -6.048946019837571e-06
8.877355754540821e-06 4.122994624905071e-06 7.711113813483695e-06 -2.977863105683879e-06
1.107085134235516e-05 4.245843949975662e-06 -6.009329301387871e-06 4.448358169393829e-06
8.678918317466651e-06 7.248062264620517e-06 -1.437674064600338e-07 2.392292147902141e-06
1.314528177796469e-05 4.233615342707529e-06 5.913207103963138e-06 -6.934521211558367e-07
1.250348684532647e-05 5.748493228125209e-06 -6.133479788471491e-06 4.551924647820977e-06
1.093436827488125e-05 6.716772612543610e-06 2.711987049846131e-06 -2.652474541298594e-06
9.637383672952857e-06 8.795434200725618e-06 9.060680497159318e-08 1.758074631108276e-05
1.079879049861976e-05 1.024969237117327e-05 3.649170538617743e-06 -4.051094068483142e-06
1.429279316266830e-05 5.637624749711950e-06 9.173917810707347e-06 -2.125358780116165e-06
1.349311574975440e-05 7.493701544047445e-06 -2.879816324344338e-06 -1.149830875395114e-06
1.254208352707371e-05 9.685208729935076e-06 4.091350937526163e-06 -5.503974010279738e-06
1.213364853824197e-05 1.161892695202930e-05 7.753568870988725e-06 4.168483116937190e-09
1.569935711836879e-05 6.896784859024364e-06 1.251866676677557e-05 2.225671050792287e-06
1.529139713079986e-05 9.684927002333411e-06 -1.006895532971433e-06 4.452091824442901e-06
1.367480005003710e-05 1.283289863779012e-05 1.245481617340467e-06 1.186133663679120e-05
1.539593320619081e-05 1.387890460452498e-05 4.760668103372739e-06 4.284946160036306e-06
1.726046862187357e-05 1.476579483066171e-05 8.234578757026095e-06 -1.566816388057462e-06
1.740505823761844e-05 1.029283107307965e-05 -5.471692234876226e-07 2.581160380548104e-06
1.738020460898405e-05 7.950939806816706e-06 -1.034957138395706e-06 5.493216047113139e-06
1.697894022539497e-05 1.266191087760269e-05 6.622312643921307e-06 1.782169400657891e-06
1.926522173706435e-05 1.542731345915219e-05 -1.939879749478418e-06 2.310649709221953e-06
2.138029839973486e-05 1.586693026172776e-05 -1.866185499935286e-06 5.730611152287643e-06
1.912103867741625e-05 1.081932050116514e-05 5.132889692422649e-06 3.301994580542063e-07
1.928750280531342e-05 8.724230041825932e-06 4.565195574420733e-06 1.743614289748859e-06
2.355466372298355e-05 1.605665185200974e-05 9.460186099963066e-06 8.532989689512470e-07
2.110093514457869e-05 1.280527695539291e-05 9.938596360972701e-07 1.866051776901741e-06
2.135993024593947e-05 9.173171412271792e-06 5.728136947979533e-06 -4.263011031715579e-08
2.402698856114160e-05 1.314182673990742e-05 4.179036942505655e-06 4.237150351948296e-06
2.602526922041420e-05 1.614334380445237e-05 4.139555491742115e-06 6.886926941918462e-07
2.353336046789650e-05 9.292533058440547e-06 7.448583088473140e-07 8.085657183726784e-07
2.949546847999003e-05 1.622132370300057e-05 5.370933733560929e-06 7.244767743969852e-06
2.672831361961308e-05 1.146159792744302e-05 7.698805621683300e-06 1.770361073039284e-06
2.602730471445675e-05 9.212761976565297e-06 7.215970731772150e-06 -4.022191358390596e-07
3.441905331258693e-05 1.634929374065835e-05 6.347120987734510e-06 9.048523467644268e-07
3.194572292554652e-05 1.238984622597043e-05 5.349040787446881e-06 4.540982921366658e-07
2.949814693387369e-05 9.108617662482480e-06 7.033529851952448e-06 2.601539748695389e-06
4.113946368543596e-05 1.646735542409756e-05 4.068866179250618e-06 3.315377549601688e-06
3.774783988358747e-05 1.266998859085427e-05 5.335502679118060e-06 4.946449767263300e-06
3.442373886270490e-05 8.983435814295702e-06 3.676290803311572e-06 3.977139118996479e-06
4.833802963026952e-05 1.656726691794794e-05 1.117060977848382e-05 5.556610497660026e-06
4.470737028304730e-05 1.266676162901285e-05 8.095013145057357e-06 1.524875205950446e-06
4.114252823151545e-05 8.867994266632838e-06 8.057434657938090e-06 2.950271479604014e-06
5.570971292990684e-05 1.665349478962654e-05 9.240057407722705e-06 3.685945164591863e-06
5.199537604755980e-05 1.267379787331383e-05 9.961566363484643e-06 3.562715885381114e-06
4.833221600960581e-05 8.772144316497832e-06 9.084174847676429e-06 9.489297502480907e-08
6.322375428642832e-05 1.671794246162098e-05 1.147698849610836e-05 1.191079555055183e-06
5.944798933205533e-05 1.267244668853876e-05 1.066142517120127e-05 2.963394574370201e-06
5.571228565293951e-05 8.692635942356857e-06 9.876087987081730e-06 2.561964276218386e-06
7.083283059112585e-05 1.676863785850484e-05 1.236917731013908e-05 4.402092813426810e-06
6.701390143110156e-05 1.267266807380756e-05 1.167893143090069e-05 3.077931091986704e-06
6.322257471631487e-05 8.627515580238581e-06 1.090768730603575e-05 4.511611897980259e-06
7.851744206695531e-05 1.679834378790222e-05 1.561120894031172e-05 6.709297693766519e-06
7.466565764290925e-05 1.266801911913901e-05 1.331975966463833e-05 1.879617234815162e-06
7.083685256705464e-05 8.572553678258627e-06 1.346836017046968e-05 1.668986688165864e-07
8.625336741185928e-05 1.682402530058386e-05 1.794175256327616e-05 1.727383781325242e-06
8.237619664971268e-05 1.267174625002786e-05 1.800481862716995e-05 3.137847389507931e-06
7.851367858660329e-05 8.540515379280715e-06 1.489378439641703e-05 -1.032666251473394e-06
9.401833641479903e-05 1.683536247846964e-05 1.991798289488364e-05 5.731904310711898e-06
9.013437945585357e-05 1.267400461119497e-05 1.746826771531955e-05 3.045657485437213e-06
8.625301377530402e-05 8.520980503396545e-06 1.769104931599437e-05 4.078407154949388e-06
1.018059454425575e-04 1.684264786520343e-05 2.454058202742629e-05 5.159640662271617e-06
9.790789541536917e-05 1.266865036702243e-05 2.312753123858270e-05 2.923208720364893e-06
9.402152091386585e-05 8.509365300220667e-06 2.039814340238008e-05 -3.054145917221760e-07
1.185278831986134e-04 1.639694891504378e-05 3.011292290849633e-05 4.269013620856255e-06
1.174193121562311e-04 1.685575806639929e-05 2.989271249636265e-05 4.524645399562617e-06
1.053016555611298e-04 1.266863683169045e-05 2.484849014261107e-05 3.036976181095068e-06
1.096134668551651e-04 1.684774192416989e-05 2.633004441835374e-05 6.293278319232900e-06
1.018045828221584e-04 8.493076684711169e-06 2.433843932645552e-05 1.007406667730268e-06
1.189870993623597e-04 1.528887257389528e-05 3.019997437493090e-05 3.833127903570610e-06
1.163623792403776e-04 1.267515387170894e-05 3.010702689949999e-05 3.214293145371803e-06
1.096118125986512e-04 8.495359173775261e-06 2.629015093118407e-05 -4.744349298836726e-07
1.189868584605766e-04 1.006186836657016e-05 3.065339410794315e-05 2.446114398107071e-06
1.174186447890648e-04 8.494317621757604e-06 3.024183425498372e-05 1.531798557463840e-06
1.185275189916497e-04 8.953367342757091e-06 3.055725073239948e-05 1.855011537554338e-06
