-6.755475425595589e-05 8.945028832040208e-06 4.900086517987594e-05 -7.097876339138654e-06
-6.781476918341138e-05 8.317147872947684e-06 4.935024143278891e-05 -6.610824080787500e-06
-6.781273383494651e-05 5.358457729833834e-06 4.931798459121889e-05 -3.041595448870532e-06
-6.755259944146262e-05 4.730887826431630e-06 4.893589188215064e-05 -2.431646288501761e-06
-6.692691765796726e-05 9.205108359147616e-06 4.822056417439953e-05 -7.211578857826134e-06
-6.574776390024154e-05 6.836937192877723e-06 4.670360383116387e-05 -4.821640581064537e-06
-6.692478661673388e-05 4.470935342398439e-06 4.806704478653181e-05 -2.259077967800845e-06
-6.250326682868380e-05 9.203063364524946e-06 4.626425441296015e-05 -4.812674205201649e-06
-6.250391132322508e-05 4.472401906720826e-06 4.551127286247349e-05 -3.973033189918387e-06
-6.007533476991326e-05 6.839658718172530e-06 4.472871259501582e-05 -4.003299853288397e-06
-5.810922848648527e-05 9.200592375567512e-06 4.077140149590905e-05 -7.575061980348022e-06
-5.811231887738661e-05 4.482179034111105e-06 4.131603003615658e-05 -1.037595202714539e-06
-5.591809681906879e-05 6.843761993473569e-06 3.798460584773514e-05 -4.180841602914397e-06
-5.371962576994027e-05 9.208352106134756e-06 3.854780182490053e-05 -2.671953742124121e-06
-5.371314556081897e-05 4.473391281151817e-06 3.913079900952402e-05 -6.165265328900780e-06
-5.150883351912295e-05 6.837921860845598e-06 3.763933011743295e-05 -5.629794620568096e-06
-4.929784213508055e-05 9.204948457334449e-06 3.400169709438385e-05 -7.207546614676003e-06
-4.929883968431274e-05 4.471726092798352e-06 3.309730395303949e-05 -3.045050188391720e-06
-4.708881518407662e-05 6.839116549293594e-06 3.194124863988604e-05 -4.611787623487117e-06
-4.488295570168456e-05 9.200165651127142e-06 3.146137758453907e-05 -5.732383406657142e-06
-4.488349750950048e-05 4.483815913014249e-06 3.194458547177171e-05 -2.315446958450188e-06
-4.267918038913473e-05 6.844238046756488e-06 3.079345538090480e-05 -4.365489456380198e-06
-4.047378771475723e-05 9.198896845919680e-06 2.806102978356913e-05 -8.102757763086856e-06
-4.047391245292258e-05 4.491583424092802e-06 2.862741725268576e-05 -3.963516198022335e-07
-3.827022598520319e-05 6.844767698264228e-06 2.538982045069667e-05 -3.975499817550437e-06
-3.608057707732322e-05 9.180724146976190e-06 2.443784837350923e-05 -3.916699922243289e-06
-3.607569234344917e-05 4.503237814094660e-06 2.465708122980409e-05 -4.041652880689287e-06
-3.389279162551023e-05 6.839479669504075e-06 2.403026763447885e-05 -4.974804242834126e-06
-3.172098028207238e-05 9.159819930231780e-06 2.204846380945357e-05 -4.935344844336384e-06
-3.172372628803913e-05 4.526072551868808e-06 2.133219667682499e-05 -4.595587865907618e-06
-2.956652681860203e-05 6.843461994495388e-06 1.937777985270531e-05 -4.749330617799594e-06
-2.743814418357703e-05 9.112076688737576e-06 1.933702544215028e-05 -6.678100226633509e-06
-2.744168871312343e-05 4.577873764130578e-06 1.850339496268313e-05 -2.473532392191415e-06
-2.532518255301858e-05 6.847339147694893e-06 1.717804564377793e-05 -3.225084750801825e-06
-2.325001685363672e-05 9.051414109845909e-06 1.367278447391362e-05 -6.298100138662645e-06
-2.325150571690517e-05 4.649886055389995e-06 1.580023381626344e-05 -1.619629416072276e-06
-2.127891026080644e-05 6.853589958360981e-06 1.455943623953018e-05 -4.188578421859731e-06
-1.935224720936616e-05 8.981585903663857e-06 1.455717913984207e-05 -4.981439660913199e-06
-1.934798859438476e-05 4.728398033641227e-06 1.095584485348923e-05 -3.287927336261681e-06
-1.792340624670107e-05 7.011592781493480e-06 1.085278250666450e-05 -6.083998795275843e-06
-1.651008553745754e-05 8.903850239089645e-06 8.198686649974932e-06 -6.880371541373878e-06
-1.650323158211880e-05 4.793769762687255e-06 1.381936790093365e-05 -5.359034379832621e-07
-1.450287858373971e-05 8.843133984314256e-06 1.103484805709698e-05 -6.169435531186669e-06
-1.487447935095893e-05 7.537362302163248e-06 1.169026810026078e-05 -4.484290817770647e-06
-1.450068180869637e-05 4.850403183166160e-06 5.444090224523202e-06 -6.019820801686583e-06
-1.308562221513262e-05 4.911475365012567e-06 7.921258939001357e-06 -4.489758754106352e-06
1.907546043721361e-06 -8.581164995504968e-08 -8.369179907651968e-06 3.373148960971516e-05
1.972876760015280e-06 -1.659688900595647e-07 3.071681823909909e-06 5.752703853091925e-05
1.945141443468789e-06 -5.169564076830528e-07 2.250384332719878e-05 -5.706512903636837e-05
1.879017657806057e-06 -5.799661737414696e-07 4.414088844886118e-05 1.368551451594631e-05
-1.307679702467511e-05 8.793464347123343e-06 6.218357006128937e-06 -6.179817846322395e-06
-1.183303964808720e-05 8.681836572537844e-06 3.963716644340236e-06 -5.122125303976555e-06
-1.277793713850008e-05 6.363258043556708e-06 1.066911544534535e-05 -3.805542797757640e-06
-1.181579345950625e-05 4.867947233210396e-06 6.198800395517965e-06 -3.528015312627967e-07
1.765313031777543e-06 -5.993089494999636e-08 9.870751562329818e-06 -8.958277015214845e-06
1.630322623033779e-06 -3.102232828564125e-07 -4.379643019888757e-05 -1.784340585865643e-05
1.745932582398137e-06 -5.897406802334740e-07 6.906048448941639e-05 7.216706322504963e-05
-1.142587940314541e-05 7.492450510258991e-06 4.620346328806416e-06 -3.367122508482056e-06
-1.063307974638627e-05 8.421913684336579e-06 4.157872212734405e-06 -4.967490190733430e-06
-9.496777667704418e-06 8.041509454060067e-06 2.236894666813543e-06 -7.447131862811894e-06
-1.105062229276259e-05 5.902178158380275e-06 5.252505469946893e-06 -8.062915258643961e-07
-1.064260264592409e-05 4.618325239195450e-06 1.222044775254069e-05 -7.033041464584259e-06
1.208097489488215e-06 6.523738933179666e-09 1.729594054404183e-05 1.148724763857573e-05
1.192342554648512e-06 -6.382885695876162e-07 1.530720685859184e-06 -1.345267357814178e-05
8.840479569101881e-07 -2.821032591511203e-07 -1.051703445247027e-05 3.636330700305569e-06
-8.446860804465367e-06 7.528340556100213e-06 3.330106974071004e-06 -8.915796563502113e-06
-9.332395733484402e-06 6.848882989355788e-06 2.922257599267604e-06 -5.723384257085107e-06
-9.722604738201905e-06 5.391556608309759e-06 4.035390118175471e-06 -8.178149799763811e-06
-9.561554445248208e-06 4.185980727789427e-06 4.775439163685083e-07 2.343316005767682e-06
5.122975979840858e-07 3.584327289721537e-08 5.550642225032707e-06 -5.957430945023943e-06
5.360493070329768e-07 -6.881429857055587e-07 5.292937422074085e-06 -2.894460170580654e-06
1.466406052305932e-07 -2.676320396771671e-07 -1.430638111632851e-05 1.618564187204643e-05
-7.482834038926553e-06 6.933528018789684e-06 4.801203632285639e-06 -7.164130571606688e-06
-6.619337901596527e-06 6.256726199194615e-06 8.729602594546009e-06 -3.497335690354494e-06
-8.385278442387184e-06 5.173616848162174e-06 2.786512796900971e-06 -1.314725681130998e-06
-8.616262708395557e-06 3.609641836604814e-06 1.326405909964588e-05 -1.370990082683818e-06
-3.029059020146116e-07 1.780861708032534e-07 5.777922332322841e-06 -7.828411460620131e-06
-3.144339173125312e-07 -8.216544305775264e-07 4.886383535901842e-06 -9.475881652418423e-06
-6.842697947978982e-06 5.237760480541641e-06 4.808349405517431e-06 -2.317404046703993e-06
-5.871391768963695e-06 5.493329531145566e-06 5.038892557252936e-06 -1.108234898339405e-06
-7.210504494186988e-06 4.115672065064536e-06 2.812412230508581e-06 -3.338819164519286e-06
-7.820465795006678e-06 2.918946569148277e-06 3.612396584893512e-06 1.651508350361949e-06
-8.133077745427459e-07 -2.971926351054637e-07 -2.556091740925071e-06 1.952964313619337e-05
-1.398796064779659e-06 3.484107618671835e-07 -3.301967068212826e-06 -9.726430817913192e-06
-1.388528462189824e-06 -9.863316301124539e-07 3.579478965935784e-06 -7.797765668222233e-06
-5.223334752549885e-06 4.670199016380438e-06 2.001577010316103e-06 -5.744242823719358e-06
-4.705682386449607e-06 3.828715421741972e-06 2.179157230586286e-06 -4.358928404946852e-06
-4.306530279772998e-06 2.943682663338068e-06 4.606277278353007e-07 -4.247810184558424e-06
-6.480635481080905e-06 3.124301050323362e-06 6.023861944000795e-06 -1.684691432473655e-06
-7.178478929165459e-06 2.131041312371000e-06 5.531701598044366e-06 -1.073020219535548e-05
-1.875872305380309e-06 -3.196826356233766e-07 3.296610523685290e-06 -3.240875484778798e-06
-2.447839813828239e-06 5.415094850507021e-07 -5.151472783881596e-06 1.117771265183609e-06
-2.452445810884888e-06 -1.160848181340464e-06 -1.209582457398377e-06 3.389697340451403e-06
-5.184706065077615e-06 2.937401192501706e-06 4.570866805512286e-06 -1.410722799860049e-06
-4.010503870868663e-06 2.045384670843930e-06 -2.208912920850607e-06 -8.739934657115103e-06
-3.393551285878152e-06 6.735962290908034e-07 7.401269258304233e-06 6.787305914925999e-06
-3.691498211061718e-06 8.301304088957739e-07 4.357891577362882e-06 5.100852124649095e-06
-3.842733602298427e-06 1.147533674682544e-06 1.183581660885949e-06 1.693966992202704e-07
-5.977444347130622e-06 2.027289286134363e-06 1.148090620169606e-06 -6.914333684578642e-07
-6.722385514224769e-06 1.319073114367330e-06 7.392083710465413e-07 8.078700684553496e-06
-2.977421421840442e-06 -1.903085440906584e-07 3.555595543259684e-06 -5.597917124190097e-06
-3.428380488523962e-06 -1.302893062466358e-06 -2.003252109701271e-06 1.073484395830704e-05
-4.616899181335492e-06 1.426699968965584e-06 2.238165858818610e-06 -2.767578603059397e-06
-3.718944220237669e-06 2.157681859756180e-07 4.693425872970570e-06 -1.488648956895430e-06
-4.055503063510986e-06 7.247148643724768e-07 1.654395742848575e-06 1.924669394904353e-06
-5.627767096936515e-06 1.081128983551430e-06 4.644076710811950e-06 1.944993589538404e-06
-6.439775010185151e-06 4.924809960489617e-07 7.782550970826711e-06 2.137521743200179e-06
-3.745986477088995e-06 -7.330226284984376e-07 5.576591687453273e-06 -3.453748199365544e-06
-3.704328121736442e-06 -1.455494455876175e-06 -4.771938661429944e-06 8.886404760409708e-06
-4.804327437962964e-06 4.036687318663106e-08 -4.504262778925609e-07 -2.157954708342715e-06
-6.323443926020152e-06 -3.310915946495026e-07 5.287904987590013e-06 4.168913420884125e-06
-6.380110169912451e-06 -1.122648266178302e-06 1.824993913385189e-07 1.774437826087976e-06
-4.319117475030055e-06 -1.262625021380070e-06 4.076526693507635e-06 -2.122638774051129e-06
-3.865699390878783e-06 -1.772815419961886e-06 -9.183943821443622e-06 6.995263123387926e-06
-4.078782273327830e-06 -2.617136078835446e-06 -5.644673617594036e-06 1.535309644904238e-06
-5.589376621226500e-06 -1.225310943400875e-06 1.593340030703501e-06 6.173698305695539e-07
-4.390078098337932e-06 -3.430878447995255e-06 1.607381949866566e-06 -8.438648618578670e-06
-6.626000621169426e-06 -1.936697061316061e-06 3.797957115356111e-07 7.090109258941013e-06
-4.853877913039136e-06 -2.647968828197226e-06 3.661507419865580e-06 -2.188991183517524e-07
-5.986214857884090e-06 -2.715179952647802e-06 7.993987853968131e-06 2.624672903790201e-06
-4.783842452361354e-06 -4.211272542532564e-06 3.733582077496395e-06 -1.078657796485016e-05
-7.026555832395054e-06 -2.723355653232700e-06 -1.721573164751273e-06 -9.088309353344033e-06
-6.690455801867367e-06 -3.477627618010155e-06 2.604219375673604e-06 -5.144815257665982e-07
-5.908225447894229e-06 -3.954776605567910e-06 3.970771122247354e-06 7.835078458843269e-06
-5.269662618124772e-06 -4.969951108063453e-06 1.361852673998071e-06 1.651737748981178e-07
-5.854121977215080e-06 -5.646486254406336e-06 -5.041017735200810e-07 -5.280855633430635e-07
-7.560093444550816e-06 -3.421832767141981e-06 2.462720162938384e-06 -3.052505641222048e-06
-7.158703958652071e-06 -4.329512432558884e-06 4.385227463223768e-06 5.371593295864274e-06
-6.704584397691442e-06 -5.373422150966183e-06 1.473448998929342e-06 2.708031633576527e-06
-6.517400823132725e-06 -6.278101830890246e-06 7.441552762902173e-09 1.927939057254958e-07
-8.225994946747479e-06 -4.056803771791942e-06 -8.822635685381803e-06 -3.541566418467289e-06
-8.002630749936848e-06 -5.366031364654544e-06 8.213504076726888e-06 1.660942306800850e-06
-7.242747701067649e-06 -6.835315134316578e-06 3.419788857473885e-06 7.278821577029359e-07
-8.051296309400237e-06 -7.298105304883948e-06 1.599037942174384e-06 3.293599330021131e-06
-8.915455582896729e-06 -7.675185781990263e-06 -8.912459725421727e-08 3.401100182038615e-06
-8.980763233393026e-06 -5.653357479095639e-06 1.001005629048074e-05 3.184186305623097e-06
-8.973598145428443e-06 -4.574615255100346e-06 5.981780300657635e-06 1.229298956266186e-06
-8.791934911220949e-06 -6.730087612755381e-06 3.427332133366267e-06 1.892360978713524e-06
-9.821968291765960e-06 -7.956156033113952e-06 4.172661479078823e-06 1.082948090038637e-06
-1.075438774824515e-05 -8.129131560445558e-06 1.281087720959430e-05 2.277242380437659e-06
-9.763687828630484e-06 -5.894796101750486e-06 9.887652611874561e-07 2.072177469218311e-06
-9.838466759036732e-06 -4.960029764962590e-06 5.725291566542738e-07 4.670703541521855e-06
-1.170539169829882e-05 -8.191659475361625e-06 4.219515526520533e-06 4.367462492821103e-06
-1.064721122676186e-05 -6.786915991455228e-06 5.774980900024350e-06 2.863696036964114e-06
-1.075042926184177e-05 -5.178543779468210e-06 2.599435002890945e-06 6.962448258529371e-07
-1.191130673549375e-05 -6.935108500015438e-06 1.071234674208332e-06 8.292622891446763e-07
-1.276478971917227e-05 -8.207342587297396e-06 8.797583320404152e-06 5.183230442544640e-06
-1.169904810598494e-05 -5.253783400387235e-06 9.367574039347344e-06 4.901730434471047e-07
-1.424068658559668e-05 -8.226902419280741e-06 4.445763603599008e-06 -2.472078951185751e-06
-1.307425021910406e-05 -6.208542309118663e-06 2.170942346391913e-06 4.075410826124504e-06
-1.276860618746188e-05 -5.240237537156206e-06 3.806814391017835e-06 4.084856535017042e-06
-1.628977676054616e-05 -8.248693433468584e-06 6.495737537375115e-06 2.727356213553968e-06
-1.526364209486187e-05 -6.607013819428302e-06 4.048163263423953e-06 4.339720246091065e-06
-1.423753909814575e-05 -5.229487855300370e-06 5.959868080119077e-06 1.565736415387129e-06
-1.904490804361559e-05 -8.270612737139016e-06 8.838175424754535e-06 3.394228539100134e-06
-1.766138199250615e-05 -6.730832222564844e-06 5.930471643772895e-06 -3.545145058346634e-07
-1.628762315160097e-05 -5.208561421036559e-06 5.612919741988977e-06 1.839621463294072e-06
-2.195095941629548e-05 -8.294920104455499e-06 6.161263865357985e-06 8.032468077624635e-07
-2.049283133125846e-05 -6.724340500323957e-06 8.412668200132304e-06 3.226526884850722e-06
-1.904837632413539e-05 -5.182172411872646e-06 7.849720752240447e-06 2.799506493968181e-07
-2.488471622880561e-05 -8.305996503045522e-06 7.091232348389932e-06 3.635004620911282e-06
-2.341237352920923e-05 -6.727212556305664e-06 6.208379537689827e-06 2.788515801259076e-06
-2.194731105916284e-05 -5.159490057057880e-06 5.627944044477453e-06 4.476144054611428e-06
-2.784843021903856e-05 -8.318511689020415e-06 7.549865227708587e-06 2.480534589620972e-06
-2.636294677156799e-05 -6.724831457692586e-06 7.865528621967016e-06 1.193940691699149e-06
-2.488736577509841e-05 -5.145513688385269e-06 8.466301829986492e-06 -3.194342027368396e-07
-3.082990546461550e-05 -8.331829606972483e-06 7.752612264384743e-06 3.041190503422120e-06
-2.933633348286531e-05 -6.727556167429351e-06 6.884627464323607e-06 2.028310293571569e-06
-2.784765542972403e-05 -5.133409958804277e-06 7.118685184404858e-06 8.796571257002868e-07
-3.383967008447928e-05 -8.339468287689141e-06 6.345069061814703e-06 2.730885587153144e-06
-3.233041608359042e-05 -6.726598151771666e-06 7.623872375057681e-06 2.407481707099098e-06
-3.083107520506769e-05 -5.124307604430922e-06 6.878466689489289e-06 1.251861615179065e-06
-3.684869407356254e-05 -8.339442862970067e-06 8.768941858805766e-06 2.765964347349617e-06
-3.534538662613980e-05 -6.730474782454617e-06 6.686570747400337e-06 2.282528331535036e-06
-3.383657815911781e-05 -5.116393649160885e-06 6.704268553462888e-06 1.472383568468056e-06
-3.986609241812687e-05 -8.346988524988321e-06 7.446059149894515e-06 -8.530199607208834e-07
-3.835476818966386e-05 -6.730372888982687e-06 9.748829834349667e-06 1.695993052852896e-06
-3.685010448915392e-05 -5.122759184552855e-06 9.251070579197516e-06 6.557181815315029e-07
-4.289227040974356e-05 -8.352757869461427e-06 1.158433000819103e-05 3.945465425541895e-06
-4.137766553359987e-05 -6.732248809189151e-06 7.427766655522956e-06 1.229668233068797e-06
-3.986459333327911e-05 -5.115188463281948e-06 7.458800313028768e-06 4.270432162517484e-06
-4.935007354640281e-05 -8.145987003418251e-06 1.357660786880542e-05 2.665890580310397e-06
-4.892620662783866e-05 -8.322690110619837e-06 1.317261163881581e-05 2.809698996920599e-06
-4.425217562520623e-05 -6.727855897606728e-06 1.194052404030311e-05 2.239925533979562e-06
-4.592511956011905e-05 -8.341832659190460e-06 9.659171520619028e-06 3.776369423254249e-06
-4.289438431489856e-05 -5.109763854809328e-06 1.043289337631049e-05 -1.259032908570158e-07
-4.952558800156419e-05 -7.720650762319265e-06 1.377792339985017e-05 2.356693486591341e-06
-4.852597926969308e-05 -6.722053882499188e-06 1.319029794269605e-05 2.169374643923031e-06
-4.592677786484556e-05 -5.106125853141481e-06 1.015432430550982e-05 1.001277580280929e-06
-4.952754530609761e-05 -5.722717653907619e-06 1.447519300775789e-05 1.582317126930590e-06
-4.892821586684412e-05 -5.120456404140332e-06 1.394664716018796e-05 1.095537241855072e-06
-4.935212906111461e-05 -5.297200579376715e-06 1.432480812240991e-05 1.241959094690113e-06
