-5.296124551062412e-05 7.242062895396710e-06 5.086085844255205e-05 -5.612369491862407e-06
-5.316975966970207e-05 6.739198729007773e-06 5.096549924747601e-05 -4.975657923719670e-06
-5.317182116839088e-05 4.367426364395676e-06 5.074961926726111e-05 -3.359689365616635e-06
-5.296346820894238e-05 3.864467055217208e-06 5.066045437850954e-05 -2.868741759696429e-06
-5.245804782313675e-05 7.450304472828336e-06 5.052978827110287e-05 -5.965058429323743e-06
-5.151514064865685e-05 5.554309747104352e-06 4.978314459056768e-05 -4.057901224853957e-06
-5.246037705888199e-05 3.656214447142703e-06 5.041202895710769e-05 -2.582277484689280e-06
-4.891736285645258e-05 7.448644699286020e-06 4.431554057886415e-05 -8.184061712756658e-06
-4.891780753106087e-05 3.660791936714629e-06 4.507194698969019e-05 -8.043091770585714e-07
-4.696150118536753e-05 5.553681096511478e-06 4.243981415121899e-05 -5.042690214658839e-06
-4.537854326855814e-05 7.438223835753623e-06 4.388673261309187e-05 -5.371389053606551e-06
-4.537505334239333e-05 3.665257019793623e-06 4.371962429283385e-05 -4.499073971067455e-06
-4.360962379201504e-05 5.548869977024955e-06 4.437856104960193e-05 -5.341948553234655e-06
-4.184963584840001e-05 7.424279971803288e-06 4.106669666218398e-05 -1.068540436826481e-05
-4.185443346592202e-05 3.676450602800781e-06 3.976764487265576e-05 1.107027462582762e-06
-4.010216601943944e-05 5.551702782954778e-06 3.799590011100760e-05 -3.262540760844447e-06
-3.836464688384331e-05 7.410257324782449e-06 3.781669123186824e-05 -5.524125008302400e-06
-3.836468744875513e-05 3.693252480024666e-06 3.873462781754661e-05 -1.919667567459602e-06
-3.663047204477118e-05 5.552023602970276e-06 3.635094199667904e-05 -4.197655698997011e-06
-3.490616700784881e-05 7.392698493339257e-06 3.384234442195089e-05 -6.259542024809182e-06
-3.490628387082844e-05 3.708513127436421e-06 3.333504924518020e-05 -3.675679832881773e-06
-3.318970358477623e-05 5.549392064844898e-06 3.158443879146475e-05 -4.754010595082161e-06
-3.149869886383603e-05 7.357823747612607e-06 3.069393861731665e-05 -4.406106125101330e-06
-3.149839058016802e-05 3.739870790667591e-06 3.009351134234291e-05 -5.339753593827901e-06
-2.981833790946651e-05 5.549305866931000e-06 2.956465650347921e-05 -4.996458060242122e-06
-2.815233290010516e-05 7.330174078767048e-06 2.746173414443358e-05 -7.903728704965536e-06
-2.815617070180779e-05 3.772573319923986e-06 2.665021639843799e-05 -1.296561874222566e-06
-2.650009769369003e-05 5.552718877034597e-06 2.432194186522501e-05 -3.272090939786945e-06
-2.487421441338508e-05 7.283844498159120e-06 2.257337832563661e-05 -7.671028036092719e-06
-2.487228467304280e-05 3.815315897143030e-06 2.350977979326677e-05 1.071964939627875e-07
-2.325559615607052e-05 5.549828762998325e-06 2.214799659403300e-05 -3.718825255437489e-06
-2.166398772534450e-05 7.246085085557847e-06 1.900859032759811e-05 -5.307934971935530e-06
-2.166231799201107e-05 3.853854350442449e-06 2.009822874840971e-05 -2.457917310254489e-06
-2.008769208765771e-05 5.549622321374234e-06 1.776930449210751e-05 -5.307725963512574e-06
-1.853730249169780e-05 7.204757690733320e-06 1.803013491443278e-05 -5.343210979374448e-06
-1.853444969809054e-05 3.888648131554763e-06 1.611291148751200e-05 -4.366485866026210e-06
-1.705831732936004e-05 5.542205710710761e-06 1.427365871784153e-05 -5.004015459505883e-06
-1.560601722127440e-05 7.154307961125252e-06 1.146006833765623e-05 -7.094045124780511e-06
-1.560998492127370e-05 3.933109776353837e-06 1.451626186896997e-05 -2.706043503082063e-06
-1.452106652452152e-05 5.668396904977260e-06 1.337794069575252e-05 -2.782816955488727e-06
-1.344062982992796e-05 7.115501790406923e-06 1.408868963477941e-05 -4.667169535199585e-06
-1.344212864412148e-05 3.986472209099244e-06 7.964161419966905e-06 -4.014275072213554e-06
-1.191419189703275e-05 7.071685990248850e-06 7.275306977350711e-06 -6.041084589846285e-06
-1.219967232318775e-05 6.070613883586096e-06 7.482977468980319e-06 -5.228133220615028e-06
-1.191220411528022e-05 4.008331167410935e-06 1.287696880626454e-05 8.255310696419635e-07
-1.082411509463984e-05 4.033105193411711e-06 7.737835299801523e-06 -1.383323688427572e-06
1.657173910113957e-06 -1.614987029199523e-07 3.925334106750783e-06 -2.933322599502718e-05
1.662145808426971e-06 -2.467818488899719e-07 -1.089194025703222e-05 -5.403710846434078e-05
1.696724156868136e-06 -5.306112153949493e-07 -2.658401796929938e-05 6.231164396795643e-05
1.695002635756440e-06 -6.252497516924014e-07 -4.460298550639152e-05 -1.094278625641701e-05
-1.082480648241572e-05 7.047206983897345e-06 9.075294521294228e-06 -5.696370768673845e-06
-9.853380784278683e-06 6.964925372905655e-06 9.443240716971535e-06 -6.882685320052797e-06
-1.059675751249625e-05 5.173033759058326e-06 4.112591046578079e-06 -3.416179757087403e-06
-9.844950441581489e-06 3.973319215152703e-06 7.050545990711622e-06 -6.218102864276147e-06
1.631921570093902e-06 -1.201869647564065e-07 -7.887870610858988e-06 1.453287047211385e-05
1.469313072462236e-06 -4.224270027824266e-07 4.303516742446467e-05 1.830363192154676e-05
1.665843714385172e-06 -6.796786449290991e-07 -6.388009553922152e-05 -7.235526627476784e-05
-9.538049091951474e-06 6.043937913511370e-06 8.179630618985553e-06 -6.445021658005878e-06
-8.905688608298719e-06 6.768490691814472e-06 7.740731181430104e-06 -6.933510464535201e-06
-8.006196046762943e-06 6.482201871725031e-06 7.777345895664150e-06 -3.482302778681507e-06
-9.246665541570200e-06 4.786699197502193e-06 6.801936558287614e-06 -7.043287482465421e-06
-8.908213104098572e-06 3.765722812378156e-06 2.038336562114602e-07 1.218759087610183e-06
1.060755021030475e-06 -1.636013978061740e-07 -2.026885216011796e-05 -1.254572775596457e-05
1.073564719886892e-06 -6.690847922354590e-07 -2.822689309363668e-06 1.668249332891274e-05
7.879024406205519e-07 -4.485510020916697e-07 8.506146489141494e-06 -6.590013486227490e-06
-7.161469018794621e-06 6.096533961254225e-06 5.289578341815380e-06 -4.685709801229905e-07
-7.883849905179578e-06 5.540587526820419e-06 6.481444220795486e-06 -3.363355731292037e-06
-8.188147534061980e-06 4.367320500055682e-06 6.351204362405751e-06 5.072706359109451e-07
-8.058853247798189e-06 3.423419199541225e-06 9.765980557073738e-06 -6.262400394775415e-06
5.128962208338374e-07 -8.021757436299637e-08 -3.971164218243468e-06 8.329606242789055e-06
4.912143077895021e-07 -7.254685737063267e-07 -6.510724144206929e-06 5.199812886601714e-06
1.405134680212229e-07 -4.561058774868721e-07 1.287888258374467e-05 -2.067286256047962e-05
-6.371784696050263e-06 5.619565260800170e-06 3.078735290058182e-06 -1.835135662402752e-06
-5.670584118249271e-06 5.070440753410206e-06 -2.482550501086032e-06 -5.014327864860645e-06
-7.111226657562033e-06 4.185757261744582e-06 5.879879462911442e-06 -6.240448813642282e-06
-7.296513605518086e-06 2.928725933842060e-06 -4.092003499828591e-06 -2.793109696845253e-06
-2.511574857691772e-07 9.475761434484683e-09 -6.665766811691847e-06 7.685084267464136e-06
-2.397896809483436e-07 -8.196896122369272e-07 -4.466199518895060e-06 1.303688943463606e-05
-5.845166500914061e-06 4.241094025398563e-06 2.234106575228414e-06 -5.096840342247071e-06
-5.052498970719923e-06 4.451597847446948e-06 1.049635634327484e-07 -6.576192546940827e-06
-6.131491673609007e-06 3.324992511761608e-06 5.716132661388992e-06 -2.401599616773298e-06
-6.653638583888256e-06 2.335320610552825e-06 4.378176061975111e-06 -5.935529768796303e-06
-6.709294077155670e-07 -4.259756473948482e-07 3.757732509862723e-06 -2.067063779344863e-05
-1.189643951918108e-06 1.679352073786553e-07 4.517467971879408e-06 9.984459993459784e-06
-1.198349041356004e-06 -9.931430092196883e-07 -3.586396782911591e-06 9.180788113455451e-06
-4.509692563798865e-06 3.784436547204856e-06 2.475042936838842e-06 -5.057753102878035e-07
-4.067955249739691e-06 3.087596896381920e-06 1.847320303958776e-06 -8.068288720927480e-07
-3.721990568252651e-06 2.355843326018480e-06 3.292163573305977e-06 4.877091643254399e-07
-5.534402359910511e-06 2.516841517974314e-06 1.089296443045461e-06 -1.899502781707569e-06
-6.149846374150889e-06 1.690320691444070e-06 2.756048824216488e-07 8.660243485564366e-06
-1.599190439963959e-06 -4.071537173842353e-07 -1.352132278658924e-06 4.349704256962225e-06
-2.115867878843386e-06 3.032769194560220e-07 6.317383961786056e-06 -3.140952880195462e-06
-2.111387544041444e-06 -1.162466297960591e-06 2.821060690872509e-06 -3.425889387372081e-06
-4.458725887559109e-06 2.353927729034712e-06 5.065732523591659e-07 -2.256486210348912e-06
-3.459022696265666e-06 1.610601496320891e-06 6.057803590327518e-06 6.696972406246909e-06
-2.956837021518236e-06 4.545333076266374e-07 -6.775687996610638e-06 -6.609901892130182e-06
-3.177360294391645e-06 5.812449849960356e-07 -9.972139534631405e-07 -5.592583179948918e-06
-3.297000169445681e-06 8.425720935869875e-07 3.195714993050872e-06 -1.657578094679469e-06
-5.122255693557201e-06 1.589708663733406e-06 4.882617692263288e-06 -1.976084948634217e-06
-5.756668264754999e-06 9.926314256612776e-07 5.781102824533796e-06 -9.759493214284876e-06
-2.562424685767309e-06 -3.059006405894213e-07 -1.179747963065518e-06 5.712232113645971e-06
-2.944423803615029e-06 -1.271748409717528e-06 5.096905683980452e-06 -1.014140969771180e-05
-3.973071105853064e-06 1.072953942291676e-06 2.133283296763568e-06 3.947113810557037e-07
-3.192002967084031e-06 7.346127743776018e-08 -8.611107046057834e-07 2.953954498035095e-06
-3.472082116274952e-06 4.878486742157916e-07 3.271702638545807e-06 -2.516258050579227e-06
-4.824943686322122e-06 7.633052887871234e-07 1.149971174937559e-06 -5.021430813598298e-06
-5.506838933568335e-06 2.867570450241633e-07 -4.049383982667041e-07 -2.843253234914783e-06
-3.212997154849480e-06 -7.786883344655264e-07 -1.796593837024957e-06 3.568513656644040e-06
-3.189932494013797e-06 -1.390957468434852e-06 7.547909444767954e-06 -7.471852085193658e-06
-4.130799384670313e-06 -1.349585124036056e-07 4.881874835492186e-06 -1.777636061275723e-07
-5.435082813970773e-06 -4.144874101500734e-07 4.687740337418206e-07 -3.640052492404659e-06
-5.511343504298258e-06 -1.116774608441372e-06 4.255566257871080e-06 -1.762255628869782e-06
-3.714053218272815e-06 -1.227690508794969e-06 -3.952776159049308e-07 3.042040756881091e-06
-3.334755562845633e-06 -1.653044524581227e-06 1.162790437079269e-05 -4.617031017743361e-06
-3.496868391859562e-06 -2.400817887741121e-06 9.447879704728462e-06 4.645476080541548e-07
-4.805390053861566e-06 -1.208314781486339e-06 3.580292010734793e-06 -7.854665562636827e-07
-3.744169013896649e-06 -3.127965401893344e-06 3.604723945196934e-06 1.000979183663141e-05
-5.716678133305946e-06 -1.811248063053528e-06 5.095077679934709e-06 -5.895253060563922e-06
-4.154725523443005e-06 -2.426176487348882e-06 1.625204451275662e-06 2.230364169972375e-06
-5.133700692819013e-06 -2.478745571078091e-06 -1.331523297265228e-06 -2.588832821944598e-07
-4.092603346523927e-06 -3.816376893028334e-06 1.211706318829758e-06 1.262694402447405e-05
-6.052802603091575e-06 -2.474711458595476e-06 8.747843561859284e-06 1.211969313140434e-05
-5.766987177698244e-06 -3.146823311292478e-06 3.686484008930179e-06 3.264877488988715e-06
-5.088145056764304e-06 -3.561953733844880e-06 1.100852556556341e-06 -4.435208384796924e-06
-4.519776351088016e-06 -4.455393765249020e-06 3.598959131911414e-06 4.217115774173150e-06
-5.027257560329803e-06 -5.083573018038058e-06 6.202466297022446e-06 3.726678936262539e-06
-6.527520520918340e-06 -3.111496395008065e-06 5.068452443320981e-06 4.740814519388643e-06
-6.194417605450797e-06 -3.897115079377607e-06 1.441917688885815e-06 -2.077048641164939e-06
-5.785149786498911e-06 -4.838230835312700e-06 4.383923554294172e-06 4.603473490471811e-07
-5.604473291286243e-06 -5.644341516275859e-06 6.606499442589127e-06 3.874922364281310e-06
-7.108305007241316e-06 -3.649069039097164e-06 1.786580729063225e-05 6.785751091245651e-06
-6.949293926832097e-06 -4.833719457292243e-06 -1.899472866370803e-06 1.360187467472944e-06
-6.267665456041274e-06 -6.134521033754832e-06 2.479958995725322e-06 4.529184095426151e-06
-6.986053675789157e-06 -6.568183451497621e-06 5.258765344054116e-06 1.569342367523567e-06
-7.754742128953401e-06 -6.923623816257380e-06 8.190701633215819e-06 1.355344459495414e-06
-7.821477409293184e-06 -5.082724017069937e-06 -2.444172677013811e-06 5.221012204935276e-07
-7.815994483462769e-06 -4.098171273483668e-06 1.494437899158259e-06 2.750399699944933e-06
-7.643201596716435e-06 -6.068187501758248e-06 4.425493106440205e-06 1.829375440939730e-06
-8.576399419397639e-06 -7.180352024127019e-06 4.663803526802269e-06 4.199691957387621e-06
-9.442575675213413e-06 -7.350828855113614e-06 -4.144871932742677e-06 2.829772590693237e-06
-8.525054401285621e-06 -5.303019438900759e-06 7.547073998930041e-06 1.552234685688524e-06
-8.589968374035177e-06 -4.424008540402428e-06 8.284932241863306e-06 3.056711942381909e-07
-1.033137429200901e-05 -7.422319093316534e-06 4.166573269109371e-06 3.216780926454305e-07
-9.332172504727940e-06 -6.105358241552318e-06 3.321685795176636e-06 2.072241961103667e-06
-9.441968356342070e-06 -4.632799300645597e-06 5.771953387130611e-06 3.095207785813810e-06
-1.052999627079251e-05 -6.237414688690782e-06 6.847908661707356e-06 4.494249051432148e-06
-1.132610890316495e-05 -7.441143178420535e-06 -4.879689401822204e-07 -2.656553569186988e-07
-1.032730515264233e-05 -4.688835062898449e-06 -1.192055324413987e-06 3.633525498677833e-06
-1.270499111368234e-05 -7.456145016947081e-06 4.705957849096430e-06 8.030607427751174e-06
-1.160621843046438e-05 -5.567608865428730e-06 6.681724121916180e-06 4.336341612841098e-07
-1.132173741314931e-05 -4.668114152830969e-06 5.035298041329480e-06 -9.143842956326124e-08
-1.463862222439983e-05 -7.482720690663367e-06 3.693034133163832e-06 2.992862299555455e-06
-1.368087504456149e-05 -5.942127155031212e-06 4.805137040919588e-06 1.510616587498757e-08
-1.270854603750599e-05 -4.637787422515881e-06 2.871191378789768e-06 2.888557410284131e-06
-1.722941109328507e-05 -7.512443344920700e-06 4.252272834042048e-06 1.929362479064397e-06
-1.592494963634449e-05 -6.048519717439573e-06 5.865655114309922e-06 5.211007321811863e-06
-1.464049376648650e-05 -4.614254745492834e-06 4.406406722973523e-06 2.057263649389013e-06
-1.998919633246892e-05 -7.527600559733237e-06 8.353858974236105e-06 4.644416901755702e-06
-1.860153611915129e-05 -6.049894362330405e-06 5.672895045314348e-06 9.387825487721406e-07
-1.722865726815277e-05 -4.588320795577978e-06 5.568236706400392e-06 3.130010038618522e-06
-2.277823767621926e-05 -7.538961577506471e-06 7.932394916935755e-06 1.127272957664046e-06
-2.138275907808598e-05 -6.045047154616564e-06 8.490119860364569e-06 1.634023641690923e-06
-1.999361344453520e-05 -4.564085322903356e-06 8.467573019058315e-06 -9.707710907800030e-07
-2.557313061637923e-05 -7.545999749845683e-06 8.408080679241777e-06 1.973334040288267e-06
-2.417285569410211e-05 -6.048154490712132e-06 7.766980047048949e-06 2.706284694125632e-06
-2.277458608449983e-05 -4.555142589487611e-06 7.000058839823026e-06 3.789324458393594e-06
-2.838616895749054e-05 -7.547604813728906e-06 8.348240340321431e-06 1.717699409642645e-06
-2.697775656052582e-05 -6.043255147455107e-06 9.197151526015842e-06 2.170938220613900e-06
-2.557489765700035e-05 -4.546067437659080e-06 8.737109774328290e-06 2.693189471669465e-06
-3.120074895840185e-05 -7.553213843777350e-06 1.128447709907665e-05 2.058711905087186e-06
-2.979374898805681e-05 -6.041800038899374e-06 8.969175766544895e-06 1.689952285900763e-06
-2.838633848383954e-05 -4.535388750790930e-06 9.325093620755762e-06 2.525154166602649e-06
-3.403767908182643e-05 -7.567584272617504e-06 9.324742592625232e-06 1.350444338886912e-06
-3.261384244925498e-05 -6.037810171785902e-06 1.148941366038579e-05 2.181938049903199e-06
-3.120356497637456e-05 -4.527589080871813e-06 1.060277157888975e-05 2.151790654294814e-06
-3.689770993160571e-05 -7.575204305096974e-06 1.105187453132067e-05 5.375636514381166e-06
-3.546451176216294e-05 -6.038047607670722e-06 8.422486269567818e-06 2.657175317606890e-06
-3.403592269801993e-05 -4.507284681969202e-06 9.062748367731846e-06 4.184276684643975e-06
-3.976602088984572e-05 -7.566844683078905e-06 8.421754520640574e-06 1.851001688528210e-06
-3.833390936113183e-05 -6.033952378766724e-06 1.145104966500332e-05 3.404768809961647e-06
-3.689984917369713e-05 -4.497560394987712e-06 1.084446750625895e-05 1.203394200888121e-07
-4.592079063526817e-05 -7.413006628112519e-06 9.553196544831996e-06 5.808551865358220e-07
-4.550984642217482e-05 -7.582384969886077e-06 1.017451598066024e-05 4.657355152571327e-07
-4.104954568399678e-05 -6.032716131477511e-06 9.378233567123515e-06 2.136298995151699e-06
-4.263149537800383e-05 -7.568888107242754e-06 1.324866064944744e-05 1.449607610502816e-06
-3.976661560646356e-05 -4.497326510946670e-06 9.688659183590248e-06 3.631028433600675e-06
-4.609101553176576e-05 -7.003092664976928e-06 9.258108900553153e-06 9.572603284808327e-07
-4.511607749379883e-05 -6.033835815649320e-06 1.070752812453516e-05 1.726898893029949e-06
-4.263075877152756e-05 -4.499205408997991e-06 1.291391674767003e-05 1.835041163810811e-06
-4.608874751963955e-05 -5.065413234019128e-06 8.816381872112557e-06 2.799041676346751e-06
-4.550782433263875e-05 -4.486846907883388e-06 9.649135176563929e-06 3.274142182903885e-06
-4.591849261569004e-05 -4.656016802634313e-06 9.069613414006836e-06 3.169068001152833e-06
