8.630935472732441e-05 -1.317644501012941e-05 -5.730117518509781e-06 -1.186431617527041e-06
8.661354554326206e-05 -1.244154821335769e-05 -5.568867444279076e-06 -8.554450580635021e-07
8.661384069736366e-05 -8.977712761796325e-06 -5.412582042901143e-06 1.180129562761850e-06
8.630969964713530e-05 -8.242976628675450e-06 -5.558406115884124e-06 1.467474426367437e-06
8.557485858489920e-05 -1.348092589505360e-05 -6.109658102986764e-06 -1.300006616169879e-06
8.419834062589043e-05 -1.070992772936213e-05 -6.524622542163288e-06 -3.148531529008908e-08
8.557531374671548e-05 -7.938592005975032e-06 -5.909430781153000e-06 1.547411529480247e-06
8.040584416048590e-05 -1.348327398517311e-05 -6.287000275716287e-06 -4.171278144199786e-07
8.040664276757791e-05 -7.938811192051706e-06 -6.117231461750699e-06 -7.166852139287364e-07
7.754952060571525e-05 -1.071146223019441e-05 -5.530978247696710e-06 -7.039858387428694e-07
7.523163167569925e-05 -1.348121038360079e-05 -4.059860763371777e-06 7.245376202023673e-07
7.523110364843402e-05 -7.940542251116916e-06 -4.323884240709165e-06 -1.814433615655141e-06
7.264089078531546e-05 -1.070963180638631e-05 -2.491265441450052e-06 -1.357711507801718e-07
7.004768808392664e-05 -1.348176541564226e-05 -2.717271994627527e-06 -1.286725413401397e-06
7.004657865817258e-05 -7.934273716541547e-06 -2.048652089611101e-06 9.428277935257360e-07
6.745370629886562e-05 -1.070633418889948e-05 -2.669654046558885e-06 2.471186597106240e-08
6.485662513461129e-05 -1.348830167872003e-05 -3.337391738165895e-06 -9.571298734313360e-07
6.485816526277110e-05 -7.925596511020320e-06 -3.142532348318927e-06 1.315046087670766e-06
6.226002657418596e-05 -1.070858757323870e-05 -3.010263400645525e-06 1.212575698387900e-07
5.965342466817592e-05 -1.350161353295441e-05 -2.586001609428055e-06 8.446339573286411e-07
5.965710510429656e-05 -7.921339649661219e-06 -1.276977559522879e-06 -1.824469926401729e-06
5.705087815549226e-05 -1.071339841185153e-05 -1.106262178668194e-06 -7.651814275710011e-07
5.445245791998458e-05 -1.349275923718965e-05 -1.528721333906318e-06 -2.716433027349638e-07
5.444989477714852e-05 -7.929835018976435e-06 -1.389625397457241e-06 -1.022868113889369e-06
5.185138860680729e-05 -1.070887117360819e-05 -1.379854657245497e-06 -6.642372440132730e-07
4.924992318922023e-05 -1.348861765347710e-05 -1.011641087109041e-06 6.621778327691433e-07
4.925063993724555e-05 -7.927601021765739e-06 -1.164652741867315e-06 -1.426259978457364e-06
4.665248490423432e-05 -1.070794674691603e-05 -1.384289075900692e-06 -2.616323812794520e-08
4.406710714941934e-05 -1.347252165807719e-05 -1.248863087391856e-06 2.969345071574322e-06
4.406451432793669e-05 -7.942274152820437e-06 -1.603458280783272e-06 -2.059657759032682e-06
4.148405322682643e-05 -1.070691342084703e-05 -1.232770980665918e-06 6.891277746872618e-08
3.891262543978051e-05 -1.345322968768275e-05 -2.087765428723292e-06 8.243645360158429e-07
3.891768941624837e-05 -7.965031965388109e-06 -1.284775625528384e-06 -5.226797193264702e-07
3.635806822370182e-05 -1.071058978228868e-05 -1.709528698973426e-06 -3.980894831490349e-07
3.383180997790376e-05 -1.341089692407622e-05 -6.547801040299706e-07 -1.165212627923531e-06
3.382547449614001e-05 -8.002118821049341e-06 -2.000572670112488e-06 8.965480458047625e-07
3.141253384377084e-05 -1.070428108845209e-05 -6.758635092317940e-08 1.369065139120464e-07
2.901271306263920e-05 -1.337570319982926e-05 2.821583857503385e-07 -2.371300226233066e-06
2.901836422672248e-05 -8.041921168967001e-06 1.284803290685279e-06 1.079472626287325e-06
2.722239844546704e-05 -1.091639818795735e-05 8.266770657789899e-07 -8.766759370759752e-07
2.541814652292225e-05 -1.334005554787275e-05 5.245587221407989e-07 -7.747976732796616e-07
2.541287577084859e-05 -8.081142155415261e-06 3.836962813061465e-07 3.100409081590558e-06
2.283472631002652e-05 -1.330812128243431e-05 -2.577152550180875e-07 4.893061783826019e-07
2.333063548719039e-05 -1.159923369140579e-05 1.065743063028531e-07 1.426163763829616e-06
2.283852497291131e-05 -8.109229165685234e-06 3.730923354728181e-08 1.599443418892498e-06
2.098055971908595e-05 -8.137412387301096e-06 -4.543885292986502e-07 -1.601786192400621e-07
-3.532852430333497e-06 1.907911587271057e-07 -1.465826483024165e-05 5.275992860501940e-06
-3.631900406688256e-06 3.020564729267140e-07 1.732033599182806e-05 -4.149018715681247e-05
-3.685408798524763e-06 9.809375997308833e-07 -2.829283479784498e-05 -1.508570432255996e-05
-3.583107550844087e-06 1.188220480903822e-06 -5.537941559178965e-05 -2.843663531359898e-05
2.096934226063719e-05 -1.328629331120533e-05 -2.716191366417368e-06 8.178953443418947e-07
1.930137352830172e-05 -1.317439935156865e-05 -2.879717178282400e-06 1.659564966058625e-07
2.059490196467113e-05 -1.007253175798835e-05 -1.202543562809187e-06 -1.504648503137942e-08
1.930201475479551e-05 -8.018486380488060e-06 -2.168350470244969e-06 -7.256850536332576e-07
-3.341982627427223e-06 1.646768484223446e-07 -4.235014864419506e-05 1.308828660115625e-05
-3.038278882413683e-06 6.346141901035303e-07 5.324708611618508e-05 3.034603367167738e-05
-3.337387313143066e-06 1.257785658509433e-06 -8.203014907025149e-05 -3.317507721112718e-05
1.876965060359173e-05 -1.159250062566006e-05 -2.501513002682161e-06 -1.068251025492907e-06
1.766979772432058e-05 -1.286998425422345e-05 4.080450731009474e-08 3.887307786377658e-07
1.609267054713216e-05 -1.238674324284073e-05 2.156260407156469e-06 4.286688338973451e-07
1.826920831256266e-05 -9.417371648217951e-06 -2.262266442497972e-06 -8.361008350434356e-07
1.769454167302068e-05 -7.616577495912991e-06 1.245389764146156e-07 -8.804845752967886e-07
-2.204324502962172e-06 7.313366996531262e-08 -1.367286028871096e-05 -1.723684445834530e-05
-2.216585483726174e-06 1.242244828313750e-06 -1.170547855409308e-05 4.039392444710094e-06
-1.618669570693554e-06 6.885889843573707e-07 1.440405695507828e-05 5.842809166716338e-06
1.458801534094613e-05 -1.172734014323781e-05 9.086500919169803e-07 -3.525128064526158e-07
1.588033211636228e-05 -1.074283011977909e-05 1.571727796781534e-06 -1.255113631289968e-06
1.642246493820178e-05 -8.682380843101273e-06 9.471438377478400e-07 -1.890971149199157e-06
1.620209459625103e-05 -6.952161069941245e-06 1.157549324507119e-06 9.562891897265359e-07
-9.694747141626015e-07 -1.990852987286849e-08 -8.598193316266364e-06 -4.701108830349393e-06
-9.622000139510531e-07 1.321193151808846e-06 -1.788168649740047e-06 -6.873446351723732e-06
-2.347909849085694e-07 6.924622817273104e-07 8.222386409377054e-06 5.308537174284060e-06
1.317458644840879e-05 -1.091224330626035e-05 -1.131460445699651e-06 -7.945705189055443e-07
1.188342176856218e-05 -9.952582302578142e-06 -3.295149341443662e-06 1.169237284332939e-08
1.451158156661513e-05 -8.359459319799600e-06 -5.047100290256771e-08 -1.216206295692598e-06
1.486695572816299e-05 -6.047936375311478e-06 -1.800301907629566e-07 1.225238873398265e-06
5.966425927958996e-07 -2.569488126489990e-07 -1.896346743232315e-06 6.687057593181370e-07
6.002412475284592e-07 1.542122490533832e-06 -3.642136777721111e-06 1.573784563076393e-06
1.221113502446394e-05 -8.467272167715728e-06 -2.176794668331653e-06 1.842236705166864e-07
1.071687651670213e-05 -8.856325854714889e-06 -1.184702745521214e-06 -3.591321393510758e-07
1.276402013064814e-05 -6.785007507512743e-06 9.367327275306541e-07 6.260731079240659e-07
1.371824323368288e-05 -4.938226991338016e-06 -1.354224459969425e-06 -5.968960288071547e-07
1.527905809722924e-06 7.019300882403544e-07 1.211157047549114e-06 -2.815924399525510e-06
2.595322544354552e-06 -5.712772474480179e-07 6.239728743652227e-07 2.145421692727672e-06
2.606167474610644e-06 1.883592922692373e-06 1.009175289304253e-06 4.700477853427763e-06
9.683907260417862e-06 -7.649086440102010e-06 1.932205668431194e-06 -3.697890129586972e-06
8.809236746425369e-06 -6.343848769772426e-06 1.716378557101884e-06 4.931640371606521e-07
8.097419578192757e-06 -4.950412487321027e-06 1.153632935284721e-06 3.410360227580704e-06
1.164168580894649e-05 -5.260927983428227e-06 1.468441008229446e-06 1.188858384338932e-06
1.278820494632003e-05 -3.667200655709016e-06 -1.131250979935078e-06 -6.688711603409778e-07
3.481536817448891e-06 6.575004708485924e-07 -1.821557812892580e-06 7.460416513481530e-06
4.571511912880359e-06 -8.628701541454366e-07 1.489256187349295e-06 -9.036432053990756e-06
4.559339503819948e-06 2.236890396626652e-06 1.777039451562075e-06 -8.670254722646426e-06
9.557448607455193e-06 -4.955700921598597e-06 1.370960726251608e-06 3.193115795028992e-06
7.545651438721212e-06 -3.492851576137648e-06 -2.185821479259538e-06 -2.333453076690741e-06
6.339926263715010e-06 -1.144960656474816e-06 -1.343821326473025e-06 7.203740073256087e-07
6.868876836787954e-06 -1.421650544359573e-06 -5.884978607981167e-06 5.848125213951176e-06
7.163993766059934e-06 -1.971798484888274e-06 -9.442715370137941e-06 6.077545605892336e-06
1.085533456320488e-05 -3.478055745243121e-06 -1.702660414986643e-06 1.917881864618462e-07
1.210727260209325e-05 -2.285209181670375e-06 2.261330643948406e-06 5.994750568684949e-06
5.519626827639437e-06 4.277524961976537e-07 -3.839251289785874e-07 -3.827356369924327e-06
6.305216672736835e-06 2.486056114619425e-06 -6.721688514339177e-06 1.156776498181869e-05
8.551007363152031e-06 -2.459504941965407e-06 -2.513078737547848e-07 -1.882503187327340e-06
6.885954227956469e-06 -3.438675539000141e-07 8.092143361734367e-07 -1.914878886021200e-06
7.512298297738316e-06 -1.237316468439813e-06 -6.972899027446088e-06 4.892359833757552e-06
1.028154081871906e-05 -1.851705728002131e-06 1.806291918329102e-06 -3.935911841278365e-06
1.170472836044871e-05 -8.435130832577164e-07 6.355849490649826e-06 4.632831837549244e-06
6.901039144922144e-06 1.417910599875173e-06 4.876560397767712e-06 2.100502920493149e-07
6.801065093564404e-06 2.746229701825613e-06 -8.235656715067573e-06 1.288552654882393e-05
8.852808843397124e-06 1.070137642241958e-09 -5.475331136087019e-07 -9.502903792296521e-06
1.158579170881397e-05 6.383736423207209e-07 4.330855548680469e-08 9.513412542855847e-06
1.180562748495908e-05 2.124855109108790e-06 -1.627251111359938e-06 3.620956476421039e-06
7.928435499986487e-06 2.368312064224565e-06 4.304475640891996e-06 -1.208087847898887e-07
7.078804839198100e-06 3.323183032250968e-06 -1.396733679387259e-05 1.051936744466004e-05
7.412118523779871e-06 4.964165016274112e-06 -1.237285005712470e-05 7.348415511802677e-07
1.028869448939352e-05 2.294696586664438e-06 -1.570388830407170e-06 -2.012897977291503e-06
7.931993202313525e-06 6.606976721103580e-06 -3.656680037242912e-06 -1.757894499596457e-07
1.234246185144494e-05 3.635171343574155e-06 4.379878653235505e-06 3.188504432249395e-06
8.869190147592078e-06 5.008490624229994e-06 1.668591556894033e-06 -3.735684878693149e-06
1.106989948149816e-05 5.137654994243195e-06 -8.239670852083719e-08 9.992187381318944e-07
8.668760623088093e-06 8.193038379460044e-06 4.187340188974101e-06 3.367804664647224e-06
1.318395956688235e-05 5.134070812875796e-06 5.005152172833474e-06 5.460230265796388e-07
1.252747983701487e-05 6.665790471219634e-06 -8.586491479578388e-08 1.332069795916366e-06
1.093959491247450e-05 7.633074765688584e-06 -1.157644511222839e-06 2.191165244480960e-06
9.617954639710625e-06 9.754141927969989e-06 -8.276536049012340e-07 2.949148168660358e-06
1.079685105369134e-05 1.123587177092879e-05 9.399041013562369e-07 -5.803624797507441e-07
1.434800797583391e-05 6.556138812320384e-06 1.128366151955389e-06 -1.250356832998220e-06
1.353424623191117e-05 8.426453339313985e-06 -1.298804129848171e-06 6.716213012964383e-07
1.257101307225898e-05 1.065595461390792e-05 1.579136866868576e-06 -1.155342832447616e-06
1.215570422721182e-05 1.262506383248317e-05 2.802009378461019e-06 -1.325707163196447e-06
1.579277904810999e-05 7.827089355494451e-06 -1.298589020212714e-06 4.907266693120887e-07
1.536681909660206e-05 1.065943649978059e-05 -5.294136588432496e-07 -6.749729873090807e-07
1.372125289979102e-05 1.386003305569894e-05 -1.654248391395502e-07 -3.261686705614363e-07
1.547520314151105e-05 1.493843962339846e-05 1.661413951764886e-06 2.804395689666377e-06
1.737746178427950e-05 1.585164507176102e-05 2.670848565232063e-06 1.703915836050263e-06
1.752012234409137e-05 1.127683508812934e-05 2.447198461941946e-06 1.388589135022414e-06
1.750094191621184e-05 8.895052591700574e-06 9.462904100137502e-07 2.266654248724603e-06
1.708589711361736e-05 1.369761284396925e-05 2.932899418416079e-06 2.149326841020757e-06
1.943146102039479e-05 1.653066020876684e-05 3.151630459020471e-06 2.928450675368831e-07
2.160094279490369e-05 1.698613512669029e-05 3.194992033897386e-06 5.897515493969913e-07
1.927814696170455e-05 1.181169804516871e-05 3.020978062339682e-06 2.201916753585873e-06
1.944669606100805e-05 9.670926784863997e-06 2.551892615150294e-06 2.994956362754169e-06
2.383552485040298e-05 1.718402406427202e-05 3.701394069550783e-06 1.389079385778768e-06
2.131274206551727e-05 1.384366921385779e-05 2.946655885607155e-06 1.949593703257003e-06
2.157521774479670e-05 1.012657114402067e-05 3.775433826321693e-06 2.466396488400154e-06
2.432056002629838e-05 1.419218836069391e-05 4.086779768247860e-06 1.689402385344134e-06
2.636384827465968e-05 1.726547480203022e-05 6.461735913186449e-06 2.087434181052621e-06
2.380824540051314e-05 1.025290143110384e-05 4.315050519554853e-06 1.852279382125157e-06
2.990838834967460e-05 1.734893758582678e-05 6.721606904716278e-06 3.101733801537964e-06
2.707585021912276e-05 1.247162417680464e-05 5.107883070053925e-06 1.879939624840328e-06
2.635786503855040e-05 1.017129047141007e-05 4.896982549242638e-06 1.664741757939697e-06
3.495396415242015e-05 1.748247350118981e-05 5.152711979578304e-06 5.039831008087929e-06
3.241774863460203e-05 1.342727086515900e-05 4.823499333977967e-06 3.111524038374012e-06
2.990885434934921e-05 1.006481060691420e-05 4.376558305341667e-06 1.572403647617423e-06
4.186559200367285e-05 1.761865881686486e-05 9.251966977347403e-06 4.524655154324887e-06
3.837345463163624e-05 1.371256571953477e-05 7.389823710410896e-06 1.923248730867802e-06
3.495922302477741e-05 9.936367318008395e-06 5.901984760253410e-06 1.260440738179096e-07
4.928145405748315e-05 1.773373454944710e-05 1.104496078129649e-05 3.153679782435191e-06
4.553754019015185e-05 1.371408304132317e-05 1.092287511220524e-05 2.324925685946162e-06
4.186374245788361e-05 9.807352334606956e-06 9.640162001373287e-06 -7.411509295817048e-07
5.688342366308871e-05 1.782198120849762e-05 1.259456715706546e-05 3.611327899386196e-06
5.305615324523503e-05 1.371213940754283e-05 1.107343650805926e-05 2.070787218730865e-06
4.928340136787684e-05 9.690016237958283e-06 1.090208775749060e-05 1.448857938404520e-06
6.463383348044116e-05 1.790267426225922e-05 1.286929800633632e-05 6.544516211695927e-07
6.073274455845636e-05 1.372070883529755e-05 1.364869662213676e-05 2.209197687103716e-06
5.687866290494969e-05 9.610886702253329e-06 1.198958788338760e-05 -3.351475886512756e-08
7.250762913561438e-05 1.795310973177920e-05 1.550457858790747e-05 2.589980367107724e-06
6.855660877190390e-05 1.371815563601932e-05 1.357813147853176e-05 8.157659007662900e-07
6.463706992080000e-05 9.537933666580780e-06 1.418281825879329e-05 2.369131785157276e-06
8.045377592444775e-05 1.799293885974588e-05 1.751700491344519e-05 3.633149395090774e-06
7.646776859495931e-05 1.372065730175345e-05 1.638899043192634e-05 1.636505470236796e-06
7.250522691988486e-05 9.484410471219486e-06 1.450894575018723e-05 -2.146048201584353e-07
8.846313438343007e-05 1.801864312388886e-05 1.929241099327717e-05 2.868172262489183e-06
8.445105783136973e-05 1.372254552526753e-05 1.875592491298983e-05 1.578556546635357e-06
8.045374697506695e-05 9.450963967217277e-06 1.794175047652625e-05 -5.895793864931305e-07
9.650627992025003e-05 1.803666105279408e-05 1.983149473881240e-05 4.667670834461186e-06
9.247947869944760e-05 1.372263444402530e-05 1.925771032110849e-05 2.223228468868251e-06
8.846306024404715e-05 9.426631971753613e-06 1.867870530974408e-05 1.122848160529728e-06
1.045630580013232e-04 1.803508243370956e-05 2.084360347982944e-05 2.197131460888318e-06
1.005351506632971e-04 1.372225139186091e-05 2.050699511543984e-05 1.228514102205333e-06
9.650608778254409e-05 9.408618034519201e-06 2.060892760839073e-05 -1.292579533362248e-06
1.218242277337033e-04 1.756138310659577e-05 2.582263093449534e-05 2.858942548427698e-06
1.206805823003580e-04 1.803528901304465e-05 2.527880227073798e-05 2.836729990120711e-06
1.081740481713315e-04 1.371952089615981e-05 2.302605123373805e-05 1.951530996887508e-06
1.126262994897969e-04 1.803585742992587e-05 2.628577234577891e-05 2.418090230374838e-07
1.045646566384881e-04 9.406591873055371e-06 2.025393911325264e-05 8.644617603699721e-07
1.222979046213517e-04 1.641742408323477e-05 2.606957587720294e-05 2.621557134066465e-06
1.195918258758317e-04 1.372093844570641e-05 2.458310501957992e-05 1.128707296619721e-06
1.126255039717642e-04 9.403312655264317e-06 2.661306314173945e-05 3.539881225999596e-06
1.222976176742213e-04 1.102486801140408e-05 2.637106939132794e-05 -7.087885580186254e-07
1.206800445628476e-04 9.406679260258678e-06 2.568239071506349e-05 -8.094833099460478e-07
1.218238618137289e-04 9.880702318006235e-06 2.616319273651531e-05 -8.792536383293006e-07
