-3.826667900484339e-05 7.458868093966623e-06 -4.046349864466918e-05 3.654849617626994e-06
-3.838861026088361e-05 7.164537449495633e-06 -4.037099126871536e-05 3.668382397754774e-06
-3.838691334292252e-05 5.775152614683792e-06 -3.953518011378965e-05 5.724145936314551e-06
-3.826468924494956e-05 5.479980809760732e-06 -3.960284613273174e-05 5.988758662572697e-06
-3.797227745323344e-05 7.580739609103377e-06 -4.062455831380339e-05 3.728415875942049e-06
-3.741748495654130e-05 6.468339047999251e-06 -3.979598507486517e-05 4.609890324316099e-06
-3.796966402117507e-05 5.357616490878354e-06 -3.985779112032663e-05 6.034564377677383e-06
-3.589454373339062e-05 7.573476309375081e-06 -3.465793095147680e-05 6.516159367955684e-06
-3.589009863694999e-05 5.352213793951651e-06 -3.444825567994296e-05 3.001916110350020e-06
-3.475235353052570e-05 6.460243326172506e-06 -3.430705110182441e-05 4.140044817500145e-06
-3.382972022890514e-05 7.568068331621080e-06 -3.243584123013626e-05 7.781416741006606e-06
-3.383359522067495e-05 5.355372755513521e-06 -3.258985037136294e-05 4.814484945582111e-07
-3.280025814766836e-05 6.463847572131231e-06 -3.047753373103668e-05 4.601697100150577e-06
-3.175751197659610e-05 7.578142963918643e-06 -2.998692901206616e-05 7.388161547957263e-06
-3.175895047774952e-05 5.350788499856035e-06 -2.912140854793084e-05 1.791476900526458e-06
-3.071660226834013e-05 6.465775668489424e-06 -2.793110922197619e-05 3.751872518756644e-06
-2.969528601231666e-05 7.556138181650198e-06 -2.664412282872793e-05 4.055817174946163e-06
-2.969685713006137e-05 5.378302687709333e-06 -2.656914957457253e-05 4.508715605989844e-06
-2.868528123564603e-05 6.467477474260574e-06 -2.526380980700475e-05 4.676132617543747e-06
-2.767766509340889e-05 7.548087862120820e-06 -2.221937195189104e-05 5.840093777228564e-06
-2.767791824005704e-05 5.386037071203869e-06 -2.270832345509277e-05 4.748304598179294e-06
-2.666348229389458e-05 6.466688860594041e-06 -2.171683347028575e-05 4.835781664042480e-06
-2.564807286771392e-05 7.551450609612846e-06 -2.217798333514680e-05 5.822790434300865e-06
-2.565007727543929e-05 5.383274512545031e-06 -2.137282821116600e-05 2.636441836286650e-06
-2.464060842401266e-05 6.468117333252122e-06 -1.951498764441504e-05 3.078801035922931e-06
-2.363148779569870e-05 7.554794192439356e-06 -1.761486722618486e-05 3.076908117368830e-06
-2.363551328011156e-05 5.382465186013463e-06 -1.782197562192308e-05 4.847849455292956e-06
-2.262675309082811e-05 6.470790478301484e-06 -1.832679502228424e-05 5.516553451116117e-06
-2.162365617074664e-05 7.557211021761714e-06 -1.698981359849922e-05 8.290251896119477e-06
-2.161777383695100e-05 5.382504446015015e-06 -1.632285489184808e-05 3.880705977827159e-06
-2.061151442308321e-05 6.466288405231303e-06 -1.430837603606955e-05 4.883070646623541e-06
-1.959616667674546e-05 7.561514146770940e-06 -1.433042557832766e-05 6.350716013874869e-06
-1.959390199649081e-05 5.365531210177785e-06 -1.536164572113903e-05 2.192247524898688e-06
-1.857166333771690e-05 6.461084541509465e-06 -1.337777453028292e-05 5.369187899487255e-06
-1.752939054888833e-05 7.576787937709189e-06 -1.098509543226392e-05 6.425842515797778e-06
-1.753383052354775e-05 5.349631999201366e-06 -1.077855163595507e-05 3.827704125690214e-06
-1.652745679509086e-05 6.464667213725870e-06 -1.112900021595609e-05 2.405649441751066e-06
-1.551374271465443e-05 7.601240998944166e-06 -1.104560115020056e-05 3.911543003463256e-06
-1.550932712785112e-05 5.319846715826752e-06 -8.078483911672504e-06 3.253132177525317e-06
-1.474191927835473e-05 6.550114907769768e-06 -8.385351631396250e-06 6.139850433507735e-06
-1.394133912657141e-05 7.631193084549987e-06 -6.820346618045947e-06 5.251454408356155e-06
-1.394744989803116e-05 5.295035815898379e-06 -1.193005023835673e-05 1.204577127675731e-06
-1.278183081162865e-05 7.649682521283728e-06 -1.005751166120678e-05 6.804286385384594e-06
-1.301612624402752e-05 6.863270734344417e-06 -1.092243652584163e-05 5.387956261234606e-06
-1.277835676067086e-05 5.266424210022501e-06 -4.004597761291493e-06 5.864897871147360e-06
-1.191644696567201e-05 5.241173656713362e-06 -7.876234814117898e-06 6.506913583100586e-06
2.187467291017416e-06 3.461914766421718e-07 -2.948230169186161e-05 -8.594808993809594e-07
2.250205619497984e-06 1.707660616431167e-07 -1.723063515494685e-05 3.376142003018107e-05
2.200477109377477e-06 -1.318986973011060e-07 -2.427860473291010e-05 -6.492915906239039e-05
2.144216977475972e-06 -2.609093836643942e-07 -4.462782937950753e-05 -4.048373219361563e-05
-1.192611237805834e-05 7.670367269421213e-06 -5.512651852447726e-06 6.984723009086928e-06
-1.112254190426234e-05 7.639490073593132e-06 -4.150634322898962e-06 6.044901535358947e-06
-1.175334231359560e-05 6.159883046925117e-06 -9.518069984000121e-06 3.195803722770476e-06
-1.113357085849032e-05 5.147414261393241e-06 -6.436094224681248e-06 3.051247111657166e-06
2.041977134614829e-06 4.170587160854136e-07 -2.466575063268722e-05 -2.488655781424600e-05
1.927357165105975e-06 -6.396718612744211e-09 4.152491272455735e-05 3.600193235168197e-05
2.013141672301694e-06 -3.118973824838967e-07 -4.652313772209685e-05 -3.035263493413444e-05
-1.087387492386374e-05 6.888731265828962e-06 -4.875405689971898e-06 4.279757309184580e-06
-1.032132998366072e-05 7.519713036779654e-06 -6.668205164388683e-06 5.778848735521590e-06
-9.534959568650406e-06 7.310263196461179e-06 -3.177612604524435e-06 7.342000735979271e-06
-1.063854261009403e-05 5.826584739418541e-06 -5.757507019933142e-06 1.642497007847698e-06
-1.035396672207425e-05 4.922310900518317e-06 -1.451392949753384e-05 4.506988994516710e-06
1.363009938793378e-06 3.801726617168034e-07 -1.402732202950317e-05 -1.178440389077867e-05
1.348363235068321e-06 -3.237092927824298e-07 -2.327506482289718e-08 -8.012289723824164e-06
1.012072335955136e-06 -1.374212884763008e-08 4.612583838824844e-06 1.377870292166925e-05
-8.762355204012664e-06 7.016261230342024e-06 -3.595435279558626e-06 6.916486507863480e-06
-9.441578935933913e-06 6.500229977379179e-06 -3.064571225833104e-06 4.682861246160747e-06
-9.717165188222269e-06 5.450031588699953e-06 -5.613303264909774e-06 7.243270908277860e-06
-9.605902970137703e-06 4.548985753171963e-06 -2.212973399005794e-06 -4.918435026977316e-06
5.828307005768808e-07 4.436608320504641e-07 -1.262951765686111e-06 -2.245417624859465e-06
5.965362868672414e-07 -3.975627281478413e-07 -4.034018455380516e-06 -1.042124865242120e-05
1.490967539703991e-07 -3.180074765713376e-08 9.292125914071802e-06 8.662897262145169e-06
-8.016931930515365e-06 6.613885278152732e-06 -6.545159706612530e-06 5.913825021600584e-06
-7.319362995808821e-06 6.119386843890634e-06 -9.630085869917330e-06 2.172496622304307e-06
-8.727536903737764e-06 5.271837650328204e-06 -4.461223933153033e-06 3.172874475576218e-06
-8.923156324415932e-06 4.036204123352020e-06 -1.020365972894202e-05 3.005096649565296e-06
-3.554903696918345e-07 5.762049469153602e-07 -6.388289791735424e-06 -2.075841079446747e-06
-3.640746043603095e-07 -5.386090674660714e-07 -7.479725210482787e-07 -1.877001382284630e-06
-7.487276086424143e-06 5.334779464227844e-06 -6.747178871154644e-06 1.633852309501415e-06
-6.661969879653403e-06 5.546811150393281e-06 -5.031584194376076e-06 -6.422252598332922e-07
-7.776176559731933e-06 4.421635180186985e-06 -5.288964185664496e-06 4.729635588446100e-06
-8.314526316242079e-06 3.393495926928221e-06 1.529898262353422e-06 -2.451424798854003e-07
-9.270690694760623e-07 -1.206993525078788e-08 -1.047797899162883e-06 -3.979183178336273e-06
-1.612735568844138e-06 7.702806645006360e-07 3.518174387439528e-06 8.971394747594966e-06
-1.621876693485637e-06 -7.629241487569988e-07 5.051704117780387e-06 6.330147039641508e-06
-6.069513143599845e-06 4.901665272229544e-06 -1.460010986799015e-06 3.483110716798720e-06
-5.551052619576827e-06 4.179630000369141e-06 -1.908139510077549e-06 3.473532136139411e-06
-5.110104679763682e-06 3.399245168105869e-06 -4.457143885704195e-06 4.185198839625499e-06
-7.158557094892387e-06 3.581126755277403e-06 -7.549278669796235e-06 2.096835265581045e-06
-7.834222486819549e-06 2.672313620352880e-06 -1.651051499653999e-06 9.521133397757004e-06
-2.159061689096552e-06 6.556802897076552e-09 -8.180756488462861e-06 -9.631425275201957e-07
-2.825313915439102e-06 9.562764466092665e-07 6.168426736881410e-06 1.092598366501464e-06
-2.829313633621155e-06 -9.877748346394291e-07 -2.141114210297760e-06 -1.199427199058798e-08
-5.970138372152897e-06 3.405628165151241e-06 -4.503363218635049e-06 2.597246807248149e-06
-4.760795346744147e-06 2.559905426704918e-06 -4.206036664998790e-06 7.341844797105320e-06
-3.973786939819822e-06 1.154271814344139e-06 8.077638909063100e-07 -5.923500330311967e-06
-4.300883630116394e-06 1.325239373967250e-06 -2.466733050652167e-06 -7.741912490659153e-06
-4.495306353266643e-06 1.656909471406664e-06 -9.336385593317726e-07 -2.469389937329752e-06
-6.716122116694781e-06 2.551167680810109e-06 -1.240735393548716e-06 3.596195316423125e-06
-7.459325064544426e-06 1.845192795806335e-06 -1.069189158497304e-06 -1.142473228785737e-05
-3.435896434870699e-06 1.404972923425338e-07 -3.426041431369893e-06 8.712591323623350e-06
-3.915261915650835e-06 -1.126016388923662e-06 5.470791534939667e-06 -5.921532914678654e-06
-5.353871433758096e-06 1.948129907828551e-06 -3.316711546347049e-06 5.412071595708035e-06
-4.293990183172512e-06 6.506726366682720e-07 -9.547616297788516e-06 -2.620332383788898e-06
-4.698679199153825e-06 1.209270155777325e-06 -2.543114777154614e-06 -7.101891060532692e-06
-6.381704364407610e-06 1.577879723643998e-06 -6.074465509954647e-06 4.894460980079675e-07
-7.251551271595885e-06 9.716527848620356e-07 -8.652017921616688e-06 -2.094812199501765e-06
-4.275245252786410e-06 -4.679933767307384e-07 -1.037830130166699e-05 8.299704345315678e-06
-4.205317400539407e-06 -1.285137420537152e-06 8.370779732656661e-06 -9.332810374523928e-06
-5.518011964815669e-06 4.344672732354457e-07 7.501072524961777e-07 1.390153862719771e-06
-7.215777919161643e-06 5.451905128623293e-08 -3.696430734691706e-06 -1.381722124369723e-06
-7.402691697113004e-06 -8.952130906765752e-07 -7.056264815882258e-07 -2.407336430442975e-07
-4.912410312922614e-06 -1.049840013039756e-06 -3.191084542392205e-06 -1.262564142878970e-07
-4.368488603524546e-06 -1.653549244238257e-06 1.657973115958880e-05 -1.118580821314605e-05
-4.545736578310075e-06 -2.733955163251788e-06 9.947304187985403e-06 -1.915670005596268e-06
-6.421821745435435e-06 -9.954023774764351e-07 -4.794634162722782e-06 -6.843847140754499e-07
-4.852893663769369e-06 -3.844193975658213e-06 -4.557001189016308e-06 8.027020879165487e-06
-7.777763286162628e-06 -1.861393902891079e-06 -2.100713711658860e-06 -1.669387062232480e-06
-5.493126024394534e-06 -2.753264752244511e-06 -5.887954690244204e-06 -4.076092067484611e-07
-6.938559169141743e-06 -2.841119214835833e-06 -8.936555933805701e-06 -2.677637583009242e-06
-5.337110822287193e-06 -4.926272628228585e-06 -7.775602181252231e-06 1.017376036137057e-05
-8.365802746026040e-06 -2.830551796571627e-06 -6.841043952416747e-07 2.230649115809825e-06
-7.938586355029668e-06 -3.865064559359230e-06 -1.134938290832726e-06 -2.336176056151370e-06
-6.863346172542498e-06 -4.529772626244509e-06 -1.953250185628584e-06 -5.387216861715678e-06
-5.953048028032997e-06 -5.993357096720563e-06 3.453989726532984e-06 -2.747282767381395e-06
-6.742977468757568e-06 -7.040042514625232e-06 -5.424041951470519e-07 -8.332733044747628e-07
-9.197526370600405e-06 -3.784986768622363e-06 -4.528520145479559e-06 2.055666677356136e-06
-8.644255101081913e-06 -5.068962112767860e-06 -3.332532911654762e-06 -3.456644020801487e-06
-7.964329071966576e-06 -6.636901899470285e-06 -6.654989146405458e-06 -1.117785054723110e-06
-7.666704172183360e-06 -8.031953778032112e-06 -8.089930348107467e-06 -1.609475988413848e-06
-1.021599358460762e-05 -4.630571395017155e-06 -1.844987023284455e-06 2.030885780628481e-06
-9.941803915672938e-06 -6.642021473660058e-06 -4.872799605380896e-06 -1.499883113639908e-06
-8.766883852824160e-06 -8.919888793857894e-06 -4.032228176006560e-06 -3.521303446958847e-06
-1.001837745918271e-05 -9.720235517094130e-06 -4.194587778865474e-06 -5.823665597248954e-06
-1.138559542678912e-05 -1.041043568539590e-05 -3.172346490998388e-06 -2.804280635073390e-06
-1.149062443463708e-05 -7.075876159530282e-06 -7.887629013967986e-06 -5.180131400670610e-06
-1.147242988140083e-05 -5.364415395584601e-06 -5.140747721947582e-06 -6.134979024545943e-06
-1.117070985962983e-05 -8.831270538350751e-06 -5.458700390395423e-06 -2.653879838989536e-06
-1.287805060311019e-05 -1.092511145051205e-05 -4.298353182319089e-06 -5.906136571068276e-07
-1.447542596400695e-05 -1.128123526433866e-05 -1.348848920758059e-05 -2.793496298140679e-06
-1.275956569345141e-05 -7.460631525639922e-06 -3.499531288582293e-06 -1.263925734324205e-06
-1.288223348960151e-05 -5.891859033797472e-06 -3.864913688430924e-06 -1.034395267070938e-05
-1.612152244857196e-05 -1.144713312769229e-05 -5.159727474214787e-06 -4.358321949079270e-06
-1.424810265631151e-05 -8.952551028039605e-06 -8.437093704073772e-06 -2.481912055394696e-06
-1.444989731675987e-05 -6.209071162235974e-06 -4.528355826218821e-06 -6.032630163514549e-07
-1.647694529859696e-05 -9.209256404636543e-06 9.756723418159364e-07 -3.214978295372173e-06
-1.801205776732341e-05 -1.153214192642495e-05 -9.902441690355349e-06 -4.350548647400318e-06
-1.609981072687940e-05 -6.282641520808148e-06 -8.213045279629116e-06 -2.817528318260307e-06
-2.069483381851284e-05 -1.160726864211223e-05 -6.473468768715419e-06 -1.015306273543904e-06
-1.854081390990978e-05 -7.919085445018994e-06 -2.327275578177696e-06 -2.940711780394094e-06
-1.800854368731653e-05 -6.198937647546559e-06 -4.521927392927467e-06 -3.044832138953548e-06
-2.454917603973460e-05 -1.173399255642605e-05 -7.999718021374141e-06 -3.069269114005921e-06
-2.261109483932151e-05 -8.638483341475494e-06 -5.548312638697293e-06 -4.442357435505039e-06
-2.069980916002945e-05 -6.085297648871341e-06 -9.580600815367562e-06 -1.255909563815360e-06
-2.985119688994576e-05 -1.187569309650788e-05 -8.800266330902106e-06 -3.842935365318491e-06
-2.715915978806208e-05 -8.857765231355944e-06 -6.394193905531197e-06 -1.357877373250210e-06
-2.454686402615737e-05 -5.971022317642025e-06 -6.578568197036099e-06 -3.236515070512985e-06
-3.561054636373950e-05 -1.198523676772134e-05 -6.612995712462932e-06 -4.316465864583598e-06
-3.269495944524624e-05 -8.858781582492034e-06 -8.048377316372999e-06 -3.970432864480919e-06
-2.985020079373163e-05 -5.840567026927501e-06 -7.571923362356199e-06 -3.023008600473199e-06
-4.156418982400013e-05 -1.208236801134895e-05 -1.067998602818630e-05 -4.039716176999256e-06
-3.855939268122229e-05 -8.855539846722008e-06 -9.045257698978668e-06 -2.039646416007097e-06
-3.561320892614091e-05 -5.730103451366464e-06 -8.090016785573666e-06 -6.087805757880899e-07
-4.766115977192411e-05 -1.216362915618928e-05 -1.003852927028971e-05 -4.193162279174062e-06
-4.458948098539015e-05 -8.858313187103947e-06 -1.017395671420437e-05 -2.915033057908074e-06
-4.156213561126979e-05 -5.630192496516090e-06 -8.888345736931945e-06 -1.205222380324170e-06
-5.388312322304409e-05 -1.221264153575855e-05 -1.334530572984038e-05 -4.764524071891859e-06
-5.075335911534536e-05 -8.860612408367117e-06 -1.114527262635250e-05 -2.114997866173603e-06
-4.766077195365808e-05 -5.557393818748478e-06 -1.229863025510626e-05 -1.279175995456226e-06
-6.020421559999708e-05 -1.224912220126670e-05 -1.362338240545742e-05 -2.104846771876313e-06
-5.703044365014960e-05 -8.855236302832759e-06 -1.472307635140773e-05 -3.800152873124929e-06
-5.388307265403092e-05 -5.503845579368318e-06 -1.116935598472660e-05 -2.200166422891275e-06
-6.659659036993749e-05 -1.227835229012770e-05 -1.499028408386001e-05 -5.395546477395975e-06
-6.339359045445426e-05 -8.846803636202655e-06 -1.302580286458055e-05 -2.043327233441171e-06
-6.020886001008098e-05 -5.450656878663535e-06 -1.482986905031936e-05 -3.536309149687575e-06
-7.301608807019229e-05 -1.229479409917237e-05 -1.499598434661426e-05 -1.870545861269540e-06
-6.980162223461113e-05 -8.848794413522009e-06 -1.610862406659990e-05 -2.884491601387535e-06
-6.659584056243298e-05 -5.418103614704174e-06 -1.476959532578159e-05 1.397022947327861e-07
-7.945951952090859e-05 -1.231096696697930e-05 -1.740528122580559e-05 -4.935531208561295e-06
-7.623255280431484e-05 -8.852716080746361e-06 -1.527891183483720e-05 -3.501952369399953e-06
-7.301405799062566e-05 -5.406677759504331e-06 -1.472400944816757e-05 -4.580003216793897e-06
-9.333687743622498e-05 -1.193948066233020e-05 -1.730509760196805e-05 -3.538978668737668e-06
-9.241784329478720e-05 -1.232075096162456e-05 -1.723496394188619e-05 -3.388649362034627e-06
-8.235724872876622e-05 -8.853957739027570e-06 -1.796780941080069e-05 -2.706759959369987e-06
-8.594332153011655e-05 -1.232747660511425e-05 -1.589700577205541e-05 -1.575605181805422e-06
-7.945839889860323e-05 -5.396039083807994e-06 -1.782717950274931e-05 -1.517146618983570e-06
-9.371754265631378e-05 -1.101961900865773e-05 -1.739328464731159e-05 -3.769486318624966e-06
-9.154517198184826e-05 -8.852715577689836e-06 -1.702015314747001e-05 -3.717034064483132e-06
-8.594414299983511e-05 -5.378314711839767e-06 -1.547688965040234e-05 -3.391540490844018e-06
-9.371995456201580e-05 -6.684696708820470e-06 -1.839956889652849e-05 -3.430007159127337e-06
-9.242004538876875e-05 -5.382890756533673e-06 -1.786280987818516e-05 -3.116371588174292e-06
-9.333933341513407e-05 -5.764343952244536e-06 -1.825114274103804e-05 -3.182227058376901e-06
