-5.988969384854795e-06 2.337298598196226e-06 -4.469647612062879e-05 6.637174620959782e-06
-5.979345652798144e-06 2.359641183789857e-06 -4.482712649165918e-05 6.328243311268714e-06
-5.978650330167320e-06 2.465990346170332e-06 -4.461512109826948e-05 4.763829829051880e-06
-5.988160099194683e-06 2.487971069217721e-06 -4.446025688471243e-05 4.398488256485443e-06
-6.012006246977746e-06 2.328223128461017e-06 -4.437629339150035e-05 6.760574367932783e-06
-6.054109864495648e-06 2.412092135144050e-06 -4.347363856506967e-05 5.375263147413764e-06
-6.010947110647546e-06 2.496826242226034e-06 -4.409796253713815e-05 4.236306150464559e-06
-6.163085868228890e-06 2.333381782079495e-06 -4.128913008934827e-05 6.187320884244873e-06
-6.161272981873504e-06 2.485546026190048e-06 -4.088185974948693e-05 3.374220893319180e-06
-6.234555851703873e-06 2.408352006789798e-06 -3.928847889961183e-05 4.434789241129975e-06
-6.292255614103061e-06 2.338833905325816e-06 -3.757963225375234e-05 6.185431639845477e-06
-6.293929081318577e-06 2.480024166882247e-06 -3.787981653015642e-05 3.156502552807152e-06
-6.360332925634324e-06 2.410288347492039e-06 -3.569726804894358e-05 4.876110000987938e-06
-6.422423788573537e-06 2.349650550549297e-06 -3.349299453346305e-05 6.648343437668541e-06
-6.422445889511668e-06 2.470401958732139e-06 -3.341865883652452e-05 3.559656366768488e-06
-6.477613686591857e-06 2.408794290617196e-06 -3.147813131126740e-05 5.290004627681652e-06
-6.518646435946502e-06 2.367480776000976e-06 -3.007774649476645e-05 6.276403163206437e-06
-6.518934856881384e-06 2.447775043860787e-06 -2.985441085948359e-05 4.706901898668482e-06
-6.552557029047379e-06 2.406859948787724e-06 -2.876393952360934e-05 5.726650804700294e-06
-6.573177332807641e-06 2.387614212825238e-06 -2.713121635763700e-05 7.064123271030698e-06
-6.576107465352153e-06 2.427384663614949e-06 -2.663377804391628e-05 4.350523163062693e-06
-6.586799256831759e-06 2.408142358434306e-06 -2.529343631211031e-05 5.462298026499416e-06
-6.580086228465656e-06 2.415176034928769e-06 -2.407783479277508e-05 7.074998858654623e-06
-6.578772576085757e-06 2.396852156998496e-06 -2.349018518038610e-05 3.015123291108857e-06
-6.563310651698099e-06 2.403573248449216e-06 -2.274229092516021e-05 4.612041983163796e-06
-6.533885631171653e-06 2.437423483869543e-06 -2.081105106816298e-05 8.092799672236808e-06
-6.532348924887562e-06 2.364966786505022e-06 -2.110681122365103e-05 1.288944038158970e-06
-6.496755059315714e-06 2.399938413898759e-06 -1.892385138027306e-05 4.893400164398720e-06
-6.439990564006288e-06 2.471054786629532e-06 -1.742107980468537e-05 7.547729296202880e-06
-6.441867964096249e-06 2.331327238841318e-06 -1.744513396979789e-05 2.397932967199726e-06
-6.376039334594618e-06 2.402493625323032e-06 -1.646797552080191e-05 4.982779320409483e-06
-6.291719358418308e-06 2.504794155543567e-06 -1.648499970130078e-05 5.611187617264941e-06
-6.290510304493373e-06 2.299096279074848e-06 -1.641390397339279e-05 4.473594904091059e-06
-6.195152534432322e-06 2.400403183474489e-06 -1.557063837177624e-05 4.980194417302778e-06
-6.076140807941551e-06 2.537395616772161e-06 -1.345734607439471e-05 6.311482658026171e-06
-6.074602322229543e-06 2.258456744594127e-06 -1.357254183023028e-05 3.745208584769348e-06
-5.948933253482808e-06 2.396227103973481e-06 -1.185406365249339e-05 4.847050776579942e-06
-5.799261834746809e-06 2.573844559127866e-06 -1.165635613716254e-05 5.026373404263838e-06
-5.799087213137270e-06 2.213005586758931e-06 -1.096912961557767e-05 3.902560902090721e-06
-5.681176856251081e-06 2.410737020363738e-06 -1.104125509089863e-05 4.153992476148114e-06
-5.537083188698985e-06 2.612018339773644e-06 -9.709588860144123e-06 5.455276267703525e-06
-5.537120765289598e-06 2.171089833959718e-06 -1.002418724285046e-05 3.551594690454437e-06
-5.306808577845482e-06 2.649571494530157e-06 -7.647482745700900e-06 5.325759565988058e-06
-5.364399704101764e-06 2.476469271176504e-06 -7.938242084867742e-06 4.737571698168199e-06
-5.309005427757303e-06 2.143026530796364e-06 -8.576999796729985e-06 4.412396937854286e-06
-5.118812425917524e-06 2.111316775690216e-06 -8.017051669711178e-06 4.625269286342320e-06
1.141709165740784e-06 -1.578796922089903e-07 1.820300124722467e-05 2.814571535135752e-05
1.147630642636476e-06 -1.384132736345321e-07 6.016227019749637e-05 1.784145879839969e-05
1.219064634461037e-06 -3.856690228387158e-07 2.188898730264258e-05 -1.077499244696570e-04
1.210134988166944e-06 -4.454806238782934e-07 1.817189134412890e-05 1.136829557164500e-05
-5.120835185064951e-06 2.677704079480088e-06 -7.181036030349133e-06 5.357366863204799e-06
-4.925924421135133e-06 2.693263076455688e-06 -7.813235435248526e-06 5.930665312682587e-06
-5.091666274864158e-06 2.322498622612543e-06 -7.876500137948206e-06 5.508234817504044e-06
-4.939507476604382e-06 2.058547243035405e-06 -7.508737043937226e-06 4.493703867622720e-06
1.128247442837457e-06 -1.692021560699144e-07 -2.057931774931467e-05 -4.252794729898370e-06
9.789430756029237e-07 -2.933384006174274e-07 -2.664030804864493e-05 1.875607477950529e-05
1.161063104084018e-06 -4.677370137624788e-07 2.787980548576477e-05 1.004001838218026e-04
-4.872768438697800e-06 2.513228935068454e-06 -8.069839596219670e-06 6.275928156838465e-06
-4.715860983008225e-06 2.693272484403047e-06 -7.486643187835680e-06 7.051719032154184e-06
-4.486040679925293e-06 2.657048681087532e-06 -5.938131174188128e-06 6.950924463871902e-06
-4.815014835528906e-06 2.230128622742777e-06 -7.271199321499760e-06 5.232333397786374e-06
-4.734911896223887e-06 1.955760111004286e-06 -6.595314212576506e-06 3.797529655317977e-06
7.388449690389221e-07 -1.012494010056575e-07 1.289488753795544e-05 -5.175234064724073e-06
7.400580976837942e-07 -4.962578862105074e-07 -1.501264549476854e-06 -3.674364819407110e-05
5.185306983656715e-07 -2.976902944867720e-07 7.585063300076678e-06 3.585420447261667e-05
-4.236512147696102e-06 2.597084270555273e-06 -5.491823509392563e-06 6.185908986823244e-06
-4.465213471145906e-06 2.431151933646768e-06 -5.666443690776215e-06 5.958698940585517e-06
-4.549365663677100e-06 2.109499010073786e-06 -5.823302452888117e-06 4.500812722999783e-06
-4.520053153799108e-06 1.800210284462296e-06 -5.921096403114962e-06 3.150666655554187e-06
3.292914673012714e-07 -8.115024183263030e-08 -4.855834775962466e-06 -1.178607386116504e-05
3.153823427816571e-07 -5.528596284330994e-07 -1.083261982548701e-06 -5.703804898116620e-06
7.366993287032373e-08 -2.898172539324323e-07 -2.819802975411517e-06 -1.817701787949394e-06
-3.982594796318338e-06 2.489871559168958e-06 -5.361451529933337e-06 5.272836188174660e-06
-3.725069837964372e-06 2.340823243303364e-06 -5.051237058189400e-06 4.695405828920437e-06
-4.234030109565998e-06 2.047775148646981e-06 -5.619835538306700e-06 4.045368659255909e-06
-4.310612320629781e-06 1.599712825699336e-06 -6.090948495579202e-06 2.409836718009899e-06
-1.992634934228869e-07 -1.190305639096819e-08 -3.623728940182666e-06 7.610688808577502e-06
-1.934612704209578e-07 -6.370322941244413e-07 7.200552207504582e-06 -1.595990672648545e-06
-3.790672789681639e-06 2.075954009952637e-06 -5.250083347504383e-06 3.871298743437686e-06
-3.462550220459628e-06 2.157713286039148e-06 -3.679384192921194e-06 4.088873818229639e-06
-3.909320159987252e-06 1.738286200068074e-06 -5.580230996727830e-06 2.628813952357168e-06
-4.116499069346255e-06 1.334096355033781e-06 -5.557009388454486e-06 1.915019842029969e-06
-5.082666316146750e-07 -3.154834796602228e-07 4.074029451048702e-07 -3.798947750967781e-06
-8.681957341910789e-07 9.470789401908561e-08 1.230267435522063e-06 1.308908716337861e-07
-8.715188230127015e-07 -7.287121395151422e-07 -9.531038196246825e-06 8.535064856134727e-06
-3.217203094188025e-06 1.929804385832329e-06 -2.384782035941641e-06 2.832911424805474e-06
-2.969566731782717e-06 1.637224589829504e-06 -2.640323654530538e-06 1.739865513536795e-06
-2.744085574322107e-06 1.309157071500684e-06 -3.596871230167008e-06 1.073294094288835e-06
-3.661879315641252e-06 1.398523600900329e-06 -4.597744903499526e-06 1.487922633733380e-06
-3.945313531072859e-06 1.003472915372637e-06 -4.906283513998156e-06 3.348320274623751e-06
-1.155664279086987e-06 -3.175210261402472e-07 -3.710351595368749e-07 3.816762970034919e-06
-1.511645725081081e-06 1.901988140969029e-07 -2.718148330850258e-07 -2.801239302585027e-06
-1.501470383029852e-06 -8.337700302309129e-07 1.150129268215690e-06 4.582334303682441e-07
-3.144607236790214e-06 1.319033796917927e-06 -3.339954789554283e-06 1.124531043313732e-06
-2.560174757397174e-06 9.352787009265806e-07 -3.842462738419977e-06 2.666288213745845e-06
-2.104894710563013e-06 2.805654584296888e-07 -6.845776401714278e-06 -2.643739037083700e-06
-2.288962817797474e-06 3.628680214740434e-07 -3.328804360434329e-06 -6.676392075393456e-07
-2.402446131513984e-06 5.219113321383904e-07 -2.490980605772938e-06 1.617558575733991e-06
-3.477097714709971e-06 9.496927961958415e-07 -4.439793524249322e-06 3.239204706037878e-06
-3.822262077595803e-06 6.224150626783330e-07 -5.180872805401473e-06 2.392276511474969e-06
-1.825896075884064e-06 -2.409034731379625e-07 -5.023262748660967e-06 9.342384134979833e-07
-2.066602649200700e-06 -9.029643894409945e-07 -2.005104602331147e-06 4.174261427211859e-06
-2.831642431154233e-06 6.661451559863544e-07 -3.480941566085080e-06 3.428471556037278e-06
-2.280429248536249e-06 1.887286711609692e-08 -2.144903020125808e-06 2.025069376472213e-06
-2.497767962823952e-06 3.035709855957445e-07 -1.806493251111055e-06 1.551200043016382e-06
-3.326173683012943e-06 4.974069386001231e-07 -4.569232541652570e-06 2.052697614015360e-06
-3.762452697365275e-06 1.918702417576022e-07 -5.057684793836196e-06 3.582321355351684e-08
-2.257155926159881e-06 -5.566999426044232e-07 -1.121699868978260e-06 4.744999060586134e-06
-2.206310765003196e-06 -9.907559378563122e-07 -1.724933600214405e-06 3.920766244056526e-06
-2.902560068187591e-06 -6.868146143397404e-08 -2.998363565365546e-06 2.200069076537985e-06
-3.763297503137891e-06 -2.714689596486078e-07 -4.689793096658470e-06 -1.499270759053608e-06
-3.892720961800027e-06 -7.695654381026494e-07 -3.916434406820163e-06 -2.782607803264218e-06
-2.572388638628082e-06 -8.622231172696304e-07 -2.299482318384559e-06 2.501078321775862e-06
-2.278989261807338e-06 -1.193610187652168e-06 -2.422114504892836e-06 2.556012723965668e-06
-2.351342350361017e-06 -1.779872833011828e-06 -2.440648951949455e-06 -4.936433097386097e-07
-3.369779328403362e-06 -8.129637185282756e-07 -3.922514662342203e-06 -2.246537824000951e-06
-2.496153034185898e-06 -2.402134955503351e-06 -1.966658031061171e-06 -1.766502901649629e-06
-4.131045801223072e-06 -1.286263540814094e-06 -3.736101031719049e-06 -2.337456015299722e-06
-2.857722247819167e-06 -1.782720028006598e-06 -3.052724836261768e-06 -1.080417910094173e-06
-3.674389127017093e-06 -1.829157586074949e-06 -3.455969370714817e-06 -1.650729589378644e-06
-2.752062555117751e-06 -3.021031881256727e-06 4.529554468167922e-08 -2.013336480936116e-06
-4.493886222175590e-06 -1.830720299250504e-06 -5.745013009967983e-06 -2.189125647091961e-06
-4.251623511071647e-06 -2.411589797678047e-06 -5.835460325650638e-06 -1.993821808677181e-06
-3.621455254047007e-06 -2.795146503689806e-06 -2.712749377628180e-06 -1.488670641683132e-06
-3.096749657314298e-06 -3.657121060258035e-06 -1.365066074047523e-07 -3.004326421241335e-06
-3.554945706463062e-06 -4.281523525274812e-06 -2.881831133101733e-06 -3.840834707306429e-06
-4.995074627156193e-06 -2.359208074981873e-06 -7.634753829058183e-06 -2.774253610888123e-06
-4.665019770513529e-06 -3.112791135786372e-06 -7.658313717018687e-06 -1.916397481381272e-06
-4.267403859478530e-06 -4.042283862684662e-06 -6.256576210011418e-06 -2.654761125592287e-06
-4.095345076543134e-06 -4.888853025329233e-06 -5.391577258121781e-06 -3.135068175144501e-06
-5.621678660207407e-06 -2.850230508250216e-06 -5.801140178530939e-06 -1.317678140333302e-06
-5.443126319873221e-06 -4.048449154618239e-06 -4.820468946362017e-06 -3.662316673306321e-07
-4.741691953005567e-06 -5.438370898912855e-06 -4.566868747989843e-06 -2.256555896143995e-06
-5.506695646064128e-06 -5.941466543514027e-06 -3.872724469617785e-06 -3.270172951755135e-06
-6.345437258024841e-06 -6.375511074668852e-06 -3.816373637177984e-06 -4.697351412061652e-06
-6.398806446890414e-06 -4.322538838888848e-06 -3.973313269606146e-06 -1.318201994498657e-06
-6.382631025260357e-06 -3.282396170748242e-06 -3.677226197421904e-06 1.779628873978373e-07
-6.208022002462641e-06 -5.397785905665552e-06 -3.628095611101739e-06 -3.224035136115393e-06
-7.265575232666957e-06 -6.703210049279661e-06 -5.885156803252983e-06 -5.228061348751635e-06
-8.260430032225311e-06 -6.942900646865024e-06 -7.308652458996129e-06 -3.843402277617219e-06
-7.189124108393876e-06 -4.557728503092910e-06 -6.363293936662144e-06 -3.006172678515271e-06
-7.269342014263284e-06 -3.600251519622648e-06 -5.755970985646249e-06 -9.699544685248485e-07
-9.299688447408046e-06 -7.064897119307670e-06 -7.444962852091219e-06 -2.533392733215991e-06
-8.110934888837650e-06 -5.480327690774415e-06 -8.184708076207583e-06 -3.606941583977656e-06
-8.241565930574059e-06 -3.770521427237809e-06 -8.410174379034886e-06 -3.610075546120443e-06
-9.522341192612567e-06 -5.651146744259051e-06 -7.471787554903099e-06 -2.494016773616583e-06
-1.051012076869425e-05 -7.139214576650639e-06 -8.144004391033256e-06 -2.751184366921533e-06
-9.275656931643136e-06 -3.799185229803203e-06 -7.994164212803320e-06 -3.881764507055396e-06
-1.222712719590104e-05 -7.210393122544680e-06 -9.640913660399212e-06 -3.919578321356176e-06
-1.084214764643410e-05 -4.831467675866370e-06 -7.732190370263690e-06 -2.125479109241438e-06
-1.050366582373537e-05 -3.730700520988593e-06 -8.021013431196754e-06 -2.488788113898333e-06
-1.472169407461941e-05 -7.311020763762388e-06 -1.009563417021358e-05 -4.069002022633632e-06
-1.345859889968268e-05 -5.291663525515944e-06 -1.021322839577218e-05 -2.855843991615089e-06
-1.222920279171754e-05 -3.646055690323039e-06 -9.125902125949734e-06 -9.517350570506400e-07
-1.821759127025563e-05 -7.421824057032334e-06 -9.806408522603999e-06 -3.593290539072890e-06
-1.643772378065297e-05 -5.427830216444931e-06 -9.743390291345451e-06 -3.326461434093850e-06
-1.472534838511088e-05 -3.545406133112944e-06 -9.876736794931093e-06 -2.333388605319863e-06
-2.205054557002351e-05 -7.526634370619307e-06 -1.200951289384752e-05 -3.567601318622048e-06
-2.010285927496554e-05 -5.425382708887929e-06 -1.092222963449609e-05 -2.637424824360870e-06
-1.821912855858825e-05 -3.428852725819616e-06 -1.027043583847626e-05 -2.483384903011483e-06
-2.606228260967383e-05 -7.622024771076105e-06 -1.343082260664891e-05 -4.380351827780448e-06
-2.402525620014438e-05 -5.432363626100981e-06 -1.256495157413915e-05 -2.900276593213539e-06
-2.204622672873910e-05 -3.331199946407605e-06 -1.172638493830440e-05 -1.867734001111264e-06
-3.022974513582686e-05 -7.686521205246121e-06 -1.390333265349114e-05 -3.225558366060958e-06
-2.812647085083507e-05 -5.430098747191262e-06 -1.407161896625397e-05 -3.030253162472632e-06
-2.606422938500302e-05 -3.241735216257459e-06 -1.341846745430105e-05 -1.619849563669818e-06
-3.451953924898134e-05 -7.751337636577338e-06 -1.508397073424004e-05 -3.736557134555604e-06
-3.235351543862961e-05 -5.426897719162029e-06 -1.402449167335718e-05 -3.044828474332915e-06
-3.023099094507837e-05 -3.169886949293538e-06 -1.397118818067270e-05 -2.805529962831210e-06
-3.891726691652415e-05 -7.802222872750578e-06 -1.665550590811682e-05 -2.907912053215931e-06
-3.670338328561486e-05 -5.428162104912088e-06 -1.621943517320706e-05 -3.113408798350768e-06
-3.451880408440686e-05 -3.103228851765740e-06 -1.481978372554872e-05 -2.587131114144287e-06
-4.338684991748314e-05 -7.837906851676944e-06 -1.841346679764026e-05 -3.391941460960835e-06
-4.114102227101593e-05 -5.429201417781833e-06 -1.743737759586500e-05 -1.949942379601952e-06
-3.891647592899792e-05 -3.055743019196152e-06 -1.745026438677681e-05 -2.077584933202088e-06
-4.791694660780930e-05 -7.860008906026394e-06 -2.012636922181792e-05 -4.675109763853589e-06
-4.564472585108289e-05 -5.425603647641732e-06 -1.906412859986929e-05 -2.895163567602722e-06
-4.338864618033016e-05 -3.017206292143051e-06 -1.784289358302044e-05 -1.183352778366200e-06
-5.247562372067210e-05 -7.875407742819265e-06 -1.982858275545833e-05 -3.968961892905366e-06
-5.019327763644837e-05 -5.425274007211000e-06 -2.025697210208483e-05 -3.610276505584305e-06
-4.791759789309513e-05 -2.989564094702648e-06 -1.973135433123137e-05 -2.136128440752867e-06
-6.229977959662790e-05 -7.623847792101222e-06 -2.428999992702379e-05 -4.135402844796137e-06
-6.164541674751255e-05 -7.894662642787007e-06 -2.423290697056421e-05 -4.223010377046427e-06
-5.451841590278569e-05 -5.431399514587826e-06 -2.071667718160159e-05 -2.558446161858431e-06
-5.704539211809300e-05 -7.891635031362604e-06 -2.267892740299253e-05 -4.218487852159919e-06
-5.247203589152422e-05 -2.981495651253208e-06 -2.055492264197483e-05 -2.205531415549456e-06
-6.257086539388526e-05 -6.969818695750015e-06 -2.430161840908124e-05 -3.977563646984347e-06
-6.102256598813712e-05 -5.428222901093653e-06 -2.410549789367034e-05 -3.527089901947932e-06
-5.704712469414449e-05 -2.970983050174348e-06 -2.221844411727283e-05 -1.190713548770866e-06
-6.257164262956002e-05 -3.885578560914491e-06 -2.412878291186271e-05 -3.318201658594582e-06
-6.164673786091549e-05 -2.961422493348645e-06 -2.391565071058117e-05 -2.886262506170946e-06
-6.230073387798339e-05 -3.231983398943247e-06 -2.407136971470227e-05 -3.041644172761619e-06
