7.320196263685032e-05 -9.820406201083177e-06 2.263751601730041e-05 -2.968822465111965e-06
7.351002722311499e-05 -9.077084932425228e-06 2.280347453339592e-05 -2.792244474229654e-06
7.350972666683108e-05 -5.571948011381175e-06 2.271596442659579e-05 -2.118490161090553e-06
7.320159238189312e-05 -4.828355378749735e-06 2.255518502116297e-05 -2.011474565229330e-06
7.245832542576700e-05 -1.012823962153900e-05 2.228496690407426e-05 -3.009587721610494e-06
7.106203359933044e-05 -7.324186563249199e-06 2.145685955627898e-05 -2.438601603114345e-06
7.245778156964402e-05 -4.520366145676902e-06 2.223664909685301e-05 -2.006618046583427e-06
6.721751576935115e-05 -1.012491689463791e-05 1.984498826268846e-05 -2.597897087028789e-06
6.721600583020087e-05 -4.519702364731036e-06 2.024794406547231e-05 -3.121771042419434e-06
6.432282051555438e-05 -7.320925852692856e-06 2.092614949602747e-05 -3.362277179866749e-06
6.197948368383993e-05 -1.011786853638306e-05 2.038186535673653e-05 -4.409487856565551e-06
6.197962112362782e-05 -4.524262656002894e-06 2.042740050724810e-05 -2.472721748617641e-06
5.937160641633513e-05 -7.321788400562140e-06 1.905223377287983e-05 -3.446035200071873e-06
5.677426115631775e-05 -1.010462541758576e-05 1.884234556371746e-05 -2.663395400573778e-06
5.677741022502331e-05 -4.544385421638320e-06 1.752874316507198e-05 -2.661202868974665e-06
5.418516888473505e-05 -7.327002638152269e-06 1.728894236848425e-05 -2.280364314847582e-06
5.160588484286106e-05 -1.008256640539521e-05 1.725479897225052e-05 -1.494986202716153e-06
5.160621666336869e-05 -4.572804767169543e-06 1.725801502957914e-05 -3.612682855604339e-06
4.903509337596720e-05 -7.327431005527499e-06 1.677309052208116e-05 -2.996374594821856e-06
4.649066855041786e-05 -1.003813803607306e-05 1.722970038646639e-05 -2.743580076728564e-06
4.648912272712916e-05 -4.613366451284967e-06 1.639494897786505e-05 -3.189441352645765e-06
4.396023808202041e-05 -7.323915213894693e-06 1.634005941015940e-05 -2.910914696943956e-06
4.145974709028896e-05 -9.993855364009178e-06 1.514806624399853e-05 -5.313342831700059e-06
4.146196563378769e-05 -4.656047883602907e-06 1.468179737640786e-05 -4.980834046260897e-07
3.898155785778611e-05 -7.326916555949390e-06 1.317312831743214e-05 -2.499418090742322e-06
3.653660619203058e-05 -9.942679964657632e-06 1.257870787242096e-05 -3.717360374221567e-06
3.653664527917796e-05 -4.713360688551693e-06 1.181593564412158e-05 -1.799339070587945e-07
3.410323136405534e-05 -7.328692927389553e-06 1.160920803231048e-05 -1.523261276721974e-06
3.170170975318586e-05 -9.881920696888116e-06 1.035228856867995e-05 -4.835916187176955e-06
3.170375137696691e-05 -4.776872801525702e-06 1.179569047492208e-05 4.828366292069350e-07
2.932527847380664e-05 -7.330691840792419e-06 1.119449986793835e-05 -2.976819382113835e-06
2.700976103482555e-05 -9.789477476983189e-06 1.193957076920999e-05 -4.327712975652418e-06
2.700581201144489e-05 -4.865447940349595e-06 1.073198740036319e-05 -1.700227877553773e-06
2.471947927750896e-05 -7.325599275627227e-06 1.020228163646057e-05 -2.731448686810890e-06
2.248559495606020e-05 -9.697184271100497e-06 8.066710808197268e-06 -3.322282766521531e-06
2.248738026060476e-05 -4.958314671289807e-06 9.899594764284277e-06 -4.111793349647883e-06
2.036936782195263e-05 -7.328811439343141e-06 7.952556362688678e-06 -3.327597545622918e-06
1.831492470350207e-05 -9.593263523658310e-06 9.239984610478554e-06 -2.909275848826987e-07
1.831457457004483e-05 -5.075216945658202e-06 6.493319077777385e-06 -3.004812421288347e-06
1.679165097266233e-05 -7.502238094554253e-06 8.322020124006209e-06 -1.380146939675066e-06
1.530093714997696e-05 -9.489027823399048e-06 5.958896535532932e-06 -2.691745147766011e-06
1.530238186888321e-05 -5.186558699189052e-06 9.116144007597231e-06 -3.531700366351429e-06
1.321777895988118e-05 -9.390408287106680e-06 5.647997870593466e-06 -4.561677978384690e-06
1.359302584287841e-05 -8.048339118718800e-06 5.573153931821343e-06 -4.541685781569572e-06
1.321055021816487e-05 -5.261920419194061e-06 3.645344310492011e-06 -3.445464455735382e-06
1.175753443113524e-05 -5.340211155942788e-06 4.744060742997270e-06 -2.500488844030782e-06
-1.492705899600820e-06 -1.050313496573059e-06 -2.236852556089106e-05 -1.106928636472109e-05
-1.516646342943305e-06 -1.043114128154896e-06 2.432208700684709e-05 1.220123403680527e-05
-1.556061033940240e-06 -7.261137604386346e-07 4.305156329274440e-05 -7.616573938266843e-06
-1.536762704462521e-06 -6.817842568112128e-07 2.406710494984736e-06 -3.035682964884649e-05
1.175311926674482e-05 -9.321369567598539e-06 8.331087995920977e-06 -5.391419248016746e-06
1.048007047603313e-05 -9.188585800967812e-06 8.153966270779449e-06 -3.470615564472751e-06
1.143768755115652e-05 -6.837899559289130e-06 6.032634396018680e-06 -2.075885993579624e-06
1.045420063017543e-05 -5.308871469843358e-06 5.168358807680531e-06 -1.522828632720877e-06
-1.452658333541507e-06 -1.038883541914905e-06 -4.794159732950801e-05 -5.146426094371931e-05
-1.265742019075316e-06 -8.146416959644628e-07 1.914003415714614e-05 2.904935160416750e-05
-1.474772097079212e-06 -6.722415520455314e-07 -6.606840866105598e-05 -2.525539756218658e-05
1.005840087162924e-05 -7.973598844061239e-06 6.580147268409174e-06 -2.365339864223678e-06
9.262554125339173e-06 -8.899361633942400e-06 4.561437536543196e-06 -2.261578372855244e-06
8.129217747112692e-06 -8.501803439221973e-06 2.105656469122295e-06 -2.782849810429733e-06
9.675063092225503e-06 -6.361919094575083e-06 5.718074537742764e-06 -1.784086578156405e-06
9.258510804482608e-06 -5.087991388179414e-06 6.321565214897011e-06 -1.813523948097306e-06
-9.484766526133893e-07 -1.099476512900842e-06 -1.379460987842385e-05 4.130830664707742e-06
-9.604434508676627e-07 -5.868478279365122e-07 9.401962861639627e-06 -6.797205671779717e-06
-6.851582174155492e-07 -8.256092605026117e-07 1.189826639649354e-05 -1.131720506238852e-05
7.096185676312463e-06 -7.973851426150842e-06 4.348913911894446e-06 -2.270186823018916e-06
7.960882753247709e-06 -7.303830022000271e-06 2.184660332192490e-06 -3.876001596996073e-06
8.343780228641057e-06 -5.856078818844658e-06 4.946684229239606e-06 -2.442552587500775e-06
8.179295744174881e-06 -4.699769090951453e-06 5.222895270466861e-06 -2.545052135995977e-06
-4.387960246613541e-07 -1.140950255647921e-06 -5.376985028073090e-07 9.165728424706431e-06
-4.276551803418575e-07 -5.642764875533470e-07 -1.237649661053530e-05 1.367190988893845e-05
-1.095722960186848e-07 -8.194730430010975e-07 3.200513624847894e-06 -2.687941014899843e-05
6.154836642608525e-06 -7.367137259086197e-06 7.517892835687527e-06 -2.775064508743762e-06
5.338883845688566e-06 -6.688259219318495e-06 4.201711271652003e-06 -3.728449056981855e-06
7.024600411368145e-06 -5.643736478344703e-06 6.348483177969584e-06 -2.364973001874998e-06
7.238653838818726e-06 -4.158394545289712e-06 3.285859855158279e-06 -2.177729040793404e-06
2.515475702720690e-07 -1.251134046868771e-06 -5.274158170672575e-07 1.611806352284664e-05
2.324062187836275e-07 -4.683589071653833e-07 5.150081728567190e-06 1.680374852554071e-05
5.546409766844311e-06 -5.697120651788151e-06 4.981719761463588e-06 -2.505041595249649e-06
4.656231893003262e-06 -5.936004162667437e-06 2.300961490746883e-06 -3.944804459641273e-06
5.882632088370047e-06 -4.638086077459740e-06 3.775777584026858e-06 -9.358018012418834e-07
6.457076991599209e-06 -3.528912710559623e-06 3.435522924993158e-06 -2.643977827358195e-06
6.435390040504057e-07 -8.526504895974894e-07 -5.377251214702202e-06 -2.889277204339805e-05
1.092005929212477e-06 -1.393430482764143e-06 1.343557519746864e-05 1.526093201360024e-05
1.103808991433863e-06 -3.334889852650361e-07 -1.444446766995270e-07 9.986442876821900e-06
4.073199504788598e-06 -5.155211862596437e-06 1.262047048960187e-06 3.755841151859869e-07
3.627924004973513e-06 -4.374868487233650e-06 3.280481807155770e-06 -8.792363555389015e-07
3.304136763298031e-06 -3.569567324763160e-06 1.982772338807104e-06 -2.748256081602687e-06
5.212175906983882e-06 -3.730228133382999e-06 8.350919240870840e-07 -1.080415752866023e-06
5.846939189172012e-06 -2.847230438433324e-06 4.979567262169749e-06 -1.139039514459905e-06
1.468120746065803e-06 -8.590026767851377e-07 1.299690968966297e-06 1.067613799851409e-05
1.930813882323418e-06 -1.529309005562794e-06 -9.548021008003255e-06 -1.240457526524208e-05
1.935116790813825e-06 -1.871482752443258e-07 6.472413575345842e-07 -9.082712645416303e-06
4.058000500562485e-06 -3.559105872137310e-06 3.995479282379965e-06 -1.274951246815201e-06
3.067775814672826e-06 -2.786368329898319e-06 1.243545078943182e-06 -5.239112530300860e-06
2.669264020421139e-06 -1.634498180051778e-06 2.305022050410704e-06 -4.523675847508535e-06
2.868892834807807e-06 -1.751564726557109e-06 1.670425188488654e-06 7.508152037262293e-07
2.959479902963003e-06 -2.008014435311707e-06 -1.168101770686175e-07 2.620044186514531e-06
4.751702583871916e-06 -2.751727330625880e-06 -8.603723245333456e-08 -1.927235903036833e-06
5.393283113942618e-06 -2.139431754128395e-06 6.672692810149334e-06 2.394060314017333e-06
2.339254094443085e-06 -9.628562624271857e-07 4.386019230677089e-06 1.012295785963615e-05
2.702486452094839e-06 -5.377579841934387e-08 6.398053805716678e-06 -7.987653181526101e-06
3.593104396820981e-06 -2.238267269296089e-06 7.992900914086789e-06 -2.107119285629090e-07
2.908314030312412e-06 -1.283461794894110e-06 6.161248115319580e-06 6.367163401468708e-06
3.142151827315550e-06 -1.666033597396583e-06 4.045515844214993e-06 4.359189252291696e-06
4.445672309492080e-06 -1.935402782517309e-06 1.027104855091301e-06 -3.478159499408342e-06
5.098744740490790e-06 -1.460499810734009e-06 5.253474131105319e-06 5.073617369139982e-06
2.962473334898867e-06 -5.177318999998620e-07 1.656341222994595e-06 3.231316888217799e-06
2.939839748485407e-06 5.477327380063241e-08 4.021128395004168e-07 -1.650038951643811e-06
3.769145971754070e-06 -1.096571889232154e-06 1.583766437381671e-06 -5.310286688164156e-06
4.971922440573925e-06 -8.021712361124073e-07 6.801323804558848e-07 1.584725119836349e-06
4.966483786085536e-06 -1.986329254514181e-07 -1.097618194632357e-06 -1.324219415695616e-06
3.424124974558660e-06 -1.042299465120232e-07 4.646385121204221e-06 2.751884443921168e-06
3.076904748527814e-06 2.739610873289311e-07 -1.219982468150762e-06 5.783039683453046e-06
3.267641606149661e-06 8.682402795699404e-07 -4.224066762817357e-06 3.864847728991711e-06
4.370688572754480e-06 -1.103074663207286e-07 3.667597607212929e-06 -3.232043333288554e-06
3.530514353604194e-06 1.420849455626898e-06 6.248502215218450e-07 1.155916913579672e-06
5.098658626093166e-06 4.027410387851399e-07 4.622771757002684e-08 4.590869390655191e-06
3.842425277599371e-06 8.975200468605946e-07 4.212802324520806e-06 1.386294508006968e-07
4.629609279118755e-06 9.470862901376968e-07 5.157704979617276e-06 1.117703341994361e-06
3.837038945767157e-06 1.936399211165519e-06 9.027402407851612e-06 2.478378589173275e-06
5.320291471834088e-06 9.462541922213825e-07 3.183487832261496e-06 6.118248106292685e-06
5.086327078549012e-06 1.459044910525506e-06 4.200247076511715e-06 1.167882132622299e-07
4.591530714669656e-06 1.766749885807910e-06 -7.796413796285575e-08 2.080172388720546e-06
4.184727623687293e-06 2.391050285124526e-06 7.183041635514256e-07 1.432653519877913e-06
4.563124339405573e-06 2.781372557655007e-06 3.414516978074176e-06 6.522696089420005e-06
5.609232126225302e-06 1.432637299435095e-06 5.419116165684180e-06 -3.956016638970578e-07
5.366407977847816e-06 1.992117077124727e-06 5.424006308035766e-06 2.788216984441042e-06
5.092959864039794e-06 2.615016940476255e-06 5.202441917248070e-06 6.535678852433455e-06
4.977180789546581e-06 3.117459059279933e-06 6.491373884534128e-06 6.389642296475374e-06
5.960745702356389e-06 1.836194976791573e-06 6.777167548861678e-06 1.470049811779068e-06
5.839684109314929e-06 2.598340257818748e-06 5.248580320255446e-06 2.405570123265485e-06
5.403597423762078e-06 3.404792178257412e-06 4.114167684447101e-06 4.976502307843433e-06
5.853243636821738e-06 3.636426527233155e-06 3.244600992638673e-06 5.106713156914123e-06
6.318390513547110e-06 3.803970155333407e-06 3.421144316763065e-06 5.847470622946629e-06
6.367822942438124e-06 2.752960376910726e-06 5.516755984221056e-06 2.145008946161261e-06
6.369058873957526e-06 2.152406258276191e-06 5.832761334127341e-06 2.379221213371148e-06
6.263568245623081e-06 3.329216136846923e-06 3.750267611592748e-06 3.435437081120963e-06
6.787395178170464e-06 3.919762192483859e-06 5.918397737343755e-06 5.994287059054177e-06
7.255387078549734e-06 3.977806680888931e-06 7.480313577356672e-06 6.047157277462442e-06
6.773345650606093e-06 2.884395149906198e-06 6.281911934438652e-06 2.104283549595714e-06
6.809012765276083e-06 2.385771927990655e-06 6.846003169969502e-06 3.106470793193597e-06
7.720727494319559e-06 3.983634944441624e-06 8.363312405459223e-06 6.272387074438984e-06
7.216538427284179e-06 3.327756609532639e-06 7.828404070837600e-06 4.327990472018504e-06
7.267980910984085e-06 2.534998636968368e-06 7.568695323764841e-06 1.541270568627366e-06
7.827503723655642e-06 3.389791307460163e-06 9.185511504089924e-06 5.122446390491483e-06
8.213483499323485e-06 3.957687936691272e-06 8.279682340420014e-06 5.675299748087849e-06
7.730604884568078e-06 2.592404720108895e-06 9.590162368482874e-06 1.894712265903237e-06
8.865653630040826e-06 3.928921281651275e-06 7.503431365337877e-06 5.641852904875511e-06
8.362978394577965e-06 3.058714911903386e-06 7.767688219909947e-06 4.875035384382727e-06
8.215741315840817e-06 2.616070504373282e-06 7.644300175971768e-06 3.541187143966930e-06
9.693261980596529e-06 3.882972493403574e-06 1.306048734792045e-05 4.847307792612437e-06
9.296673494782969e-06 3.238887168291808e-06 1.089602818094373e-05 3.439632495579502e-06
8.862460270135410e-06 2.650934536230982e-06 1.029671181585722e-05 3.937494407389343e-06
1.071045300957875e-05 3.835750453467720e-06 1.316396549602534e-05 4.499651078612474e-06
1.021253789392327e-05 3.287561010030511e-06 1.271706700452477e-05 5.132100933325986e-06
9.690823629714822e-06 2.695380908736184e-06 1.085680317472680e-05 4.557290453423742e-06
1.169028457442074e-05 3.777534026617421e-06 1.570760667792874e-05 4.648352307793845e-06
1.121972513413587e-05 3.285746593408893e-06 1.447007234096107e-05 3.712001822433088e-06
1.071338251799205e-05 2.737304956930462e-06 1.392341153218665e-05 4.301847400624478e-06
1.256052220372115e-05 3.728021607059395e-06 1.896072329986590e-05 6.208392657406333e-06
1.214054584138976e-05 3.284371705421930e-06 1.718202071162080e-05 4.731236558305734e-06
1.168898973560227e-05 2.793981579848719e-06 1.547163643880444e-05 4.271326945697018e-06
1.335047694969778e-05 3.682677745333830e-06 2.195896048055408e-05 7.195668684707787e-06
1.296933715758815e-05 3.278540327248747e-06 2.023145115282327e-05 4.405602251996005e-06
1.256370116774301e-05 2.832965062134588e-06 1.927633014407071e-05 3.228728877594179e-06
1.406882736934301e-05 3.650946973044058e-06 2.231428093763553e-05 4.616765262394905e-06
1.371921451899996e-05 3.283380913161003e-06 2.277376513150470e-05 5.225703273017871e-06
1.334740209047224e-05 2.878187323324051e-06 2.092832721382492e-05 2.170544119810037e-06
1.471337644194343e-05 3.611106854707478e-06 2.565535452504156e-05 5.621156866765330e-06
1.440539565855350e-05 3.283682372954953e-06 2.351726513391619e-05 3.743702077020282e-06
1.406932937912374e-05 2.917317412309810e-06 2.378776699961766e-05 4.556007294227108e-06
1.529472437086384e-05 3.588636903797351e-06 2.979069048052882e-05 6.360032612266403e-06
1.501040683851813e-05 3.283619825257057e-06 2.731127143599075e-05 4.590856530880054e-06
1.471380061657577e-05 2.955043521690315e-06 2.460142696784571e-05 2.504327785516448e-06
1.584511766589530e-05 3.578469297031241e-06 3.350771040670757e-05 3.319968900151057e-06
1.557349059284811e-05 3.288313720768391e-06 3.264777328449499e-05 4.345161030927362e-06
1.529212164257970e-05 2.983504035185805e-06 3.039619872305460e-05 2.613660668262948e-06
1.637311318519887e-05 3.567012887060985e-06 3.655878363640127e-05 7.769157691469835e-06
1.611246365361915e-05 3.287817919146401e-06 3.395455313992979e-05 4.905774524617284e-06
1.584605277522953e-05 2.998141675631967e-06 3.288789165107140e-05 5.980356514717468e-06
1.745952329000954e-05 3.530529178048480e-06 4.303330431322586e-05 5.328975908222220e-06
1.738610509551252e-05 3.560341163915020e-06 4.304456183625627e-05 5.513108289257842e-06
1.660526340279566e-05 3.287467910280972e-06 3.835364102680698e-05 4.079830065105003e-06
1.688437835528731e-05 3.555300350992576e-06 3.923943647531930e-05 7.709496010344451e-06
1.637290646541369e-05 3.008180732077603e-06 3.719841239669661e-05 1.275265363774658e-06
1.748998916252446e-05 3.457872529655948e-06 4.301026503361834e-05 5.103692737152558e-06
1.731618122638310e-05 3.284845351667406e-06 4.319515735055997e-05 5.230369043395812e-06
1.688522829025838e-05 3.017927960699638e-06 3.878773966454566e-05 7.884499707085032e-07
1.749036997812715e-05 3.111339820725190e-06 4.268910403196986e-05 5.740117144024574e-06
1.738674564293048e-05 3.009205901763137e-06 4.258139255227385e-05 5.161436937581345e-06
1.745998921644387e-05 3.038893415187735e-06 4.266144719311243e-05 5.412149692581050e-06
