7.680110816414912e-05 -1.308819459341725e-05 -3.958545510167106e-06 -1.267979292807971e-07
7.705946207282321e-05 -1.246441986299690e-05 -3.706988612107045e-06 1.347815330843674e-07
7.705869816768078e-05 -9.523570911468288e-06 -3.570025849198962e-06 2.075155908090282e-06
7.680025785994990e-05 -8.899660012922505e-06 -3.794348218867476e-06 2.219039810645936e-06
7.617733581923550e-05 -1.334653372599106e-05 -4.497999851905995e-06 -1.568592098718199e-07
7.500751542822919e-05 -1.099342305927926e-05 -5.247173985998240e-06 8.944762630223771e-07
7.617634978710473e-05 -8.641227636731909e-06 -4.263468399136380e-06 2.176594730250033e-06
7.178967871141408e-05 -1.334414407077479e-05 -4.373225724914805e-06 1.807058498872314e-06
7.178894546051486e-05 -8.640790752629717e-06 -3.781967708588445e-06 -1.975761850715087e-06
6.937040305531395e-05 -1.099288542894458e-05 -2.579935743092722e-06 -7.095123409351395e-07
6.740658147265099e-05 -1.334479593363277e-05 -1.962879429635896e-06 1.651508964577606e-06
6.740881365266745e-05 -8.644509763494412e-06 -2.214319489383458e-06 -2.810012904859108e-06
6.521635825921378e-05 -1.099561472146417e-05 -2.415663310635039e-06 -4.247277572546279e-07
6.302660548378140e-05 -1.334235857356780e-05 -2.328524990805544e-06 2.245844155483407e-06
6.302544068835515e-05 -8.647074438021490e-06 -2.844379747994748e-06 -1.853629500580555e-06
6.083355563997564e-05 -1.099293927047235e-05 -2.026388860154070e-06 4.926086593660355e-07
5.863589347168632e-05 -1.334487051797455e-05 -1.563365987941703e-06 1.462420411967753e-06
5.863787497614528e-05 -8.641853945601998e-06 -2.213645268435985e-06 2.113500722692998e-07
5.643708703543146e-05 -1.099440736354461e-05 -1.027595937809519e-06 9.298076179237613e-07
5.423870200103635e-05 -1.334680699504015e-05 -1.040764174952988e-07 6.740619696636711e-07
5.424175971457884e-05 -8.646103453078562e-06 -3.551782597621604e-07 5.494532050516906e-07
5.204757724793290e-05 -1.099809435289274e-05 6.644540559229086e-07 2.940898139763972e-07
4.986071411971536e-05 -1.334330279018962e-05 -3.580321749735708e-07 -1.702765073800239e-06
4.986038309588740e-05 -8.651770201112480e-06 -9.102287332097641e-08 1.171109385391488e-06
4.767037311274916e-05 -1.099709501654388e-05 -1.938912021608028e-06 -3.119869751397596e-07
4.547154258895788e-05 -1.335104393654680e-05 -2.963509195147866e-06 -1.204476950062057e-06
4.547227526271685e-05 -8.642451905453975e-06 -3.785721034352646e-06 1.889752727513802e-06
4.327181215575988e-05 -1.099701254879314e-05 -3.193985996838572e-06 1.172896707271465e-06
4.107290731337336e-05 -1.335380290140913e-05 -1.544934665640206e-06 1.031819568060171e-06
4.107195647495863e-05 -8.639071949945708e-06 -1.544255486463556e-06 1.533502775261508e-06
3.887157820943374e-05 -1.099650403186833e-05 -1.031988724618832e-06 8.925301910975576e-07
3.666156278481237e-05 -1.336420750633913e-05 -3.180587393549934e-06 -1.453328092420056e-06
3.666278119293609e-05 -8.630632249306094e-06 -2.019431116891055e-06 1.543324875786278e-06
3.445055349320563e-05 -1.099796229855452e-05 -4.187042234207141e-06 -5.413027689136703e-07
3.224461798030587e-05 -1.335805905300953e-05 -3.017765123382884e-06 8.880987204776641e-07
3.224404692199846e-05 -8.635674182815382e-06 -4.419666363844911e-06 -4.423007206230650e-07
3.013077879713114e-05 -1.099539677199532e-05 -2.781973541144698e-06 5.741495226592201e-07
2.801896823405910e-05 -1.335448404573467e-05 -3.259300348562863e-06 -4.700726892849554e-07
2.801620973832316e-05 -8.632128490300164e-06 -2.198602173364340e-06 3.804933310070978e-07
2.643201135902331e-05 -1.117694889138157e-05 -2.755913422241523e-06 -1.594164246052676e-07
2.480911984561940e-05 -1.335749673621445e-05 -2.396082257370229e-06 -9.208426546623033e-08
2.480955147021701e-05 -8.627064044502493e-06 -2.065686634117758e-06 2.908139353894151e-07
2.247006783696464e-05 -1.336001546122600e-05 -1.878184334475064e-06 -4.367550829666953e-07
2.292866058354430e-05 -1.179978944109345e-05 -1.800746260904714e-06 -1.434167248454742e-07
2.247013655081608e-05 -8.625577465309409e-06 -2.417921661551078e-06 4.939802064887524e-07
2.076977441457706e-05 -8.625922133318346e-06 -2.725899258927460e-06 2.715538359827315e-08
-3.581619417381664e-06 -2.366615162294223e-07 -2.702714275471712e-05 -5.894459113972654e-06
-3.631817683771644e-06 -1.986576530669735e-07 -2.438941672386503e-05 5.332359989192042e-05
-3.643040292767075e-06 6.820752801392991e-07 4.779651361250599e-05 3.889073441321052e-05
-3.575997533131127e-06 7.993974385946624e-07 3.085008602905917e-05 8.403638053217270e-06
2.076915041932187e-05 -1.336192893381535e-05 -2.374913400761499e-06 -4.465752448707393e-07
1.922273938590133e-05 -1.327494053355088e-05 -1.988990417783216e-06 4.839758768224303e-07
2.042665373271674e-05 -1.040158099873089e-05 -2.858316354173316e-06 2.644945900884645e-07
1.922857743601147e-05 -8.492119613458562e-06 -2.822438617811651e-06 -3.881841099587955e-07
-3.474324130203860e-06 -2.434503652127708e-07 -1.437696524260684e-06 -3.948342826791865e-05
-3.091108725632206e-06 2.356615427802939e-07 -1.299232421277544e-05 -1.324444713028130e-05
-3.429498387937217e-06 8.408778742935669e-07 1.177782159841510e-05 -1.955024222896665e-05
1.873380479332967e-05 -1.181362159242895e-05 -2.208568813183229e-06 7.925511415825787e-07
1.769800419429297e-05 -1.301172004432430e-05 -1.839539562734247e-06 1.343077083728490e-06
1.621480239681551e-05 -1.257723389012267e-05 -2.132880203822149e-06 1.282646164845787e-06
1.827187018323918e-05 -9.788496696907693e-06 -2.597919734348241e-06 1.844452967760415e-07
1.773591775087979e-05 -8.093610577882369e-06 -2.986206175130358e-06 -4.539724746086277e-07
-2.251623697776468e-06 -3.331831367715030e-07 4.833472841304145e-07 2.154941906862743e-05
-2.267697977345864e-06 8.582364262352245e-07 9.191146178220091e-06 7.073069613565847e-06
-1.621749966217679e-06 2.422105469605702e-07 -5.895573966644084e-06 -3.545860491260933e-05
1.478853173182006e-05 -1.197819689773957e-05 -2.270173420062975e-06 9.113733781934430e-07
1.602186896577841e-05 -1.104223657194275e-05 -2.452758074146761e-06 8.465132076584738e-07
1.653933490892106e-05 -9.094538077632595e-06 -3.151991546547930e-06 -1.780218239605472e-07
1.633490179385750e-05 -7.438352651613522e-06 -3.375101225541273e-06 -3.103523155684593e-07
-9.925459705800432e-07 -4.305886689529032e-07 9.431241973169483e-06 5.535284033245230e-06
-9.885573597710748e-07 9.666836562386827e-07 -9.976790667550116e-07 9.699998761718289e-06
-2.360931786664930e-07 2.210476921421832e-07 -7.154033819312501e-06 2.071036728656174e-06
1.343941668374130e-05 -1.122351172767618e-05 -1.983617601057423e-06 1.658826314775558e-07
1.217845701476859e-05 -1.031560351206943e-05 -3.360742578324232e-07 -2.261473988586998e-09
1.472369703652317e-05 -8.784629915157940e-06 -2.641813103060062e-06 -2.155409112131857e-07
1.506335849163333e-05 -6.543190895536358e-06 -1.475601954031959e-06 -6.782092086485392e-07
6.237910036830231e-07 -6.462172059951518e-07 3.096691452962771e-06 -5.409652378126697e-06
6.120648382186257e-07 1.182740843248635e-06 1.592060214458786e-08 -1.036792291083602e-05
1.249551958107490e-05 -8.889290361190233e-06 -2.528588306071081e-07 -4.318280683085295e-07
1.102993979882961e-05 -9.269225217537386e-06 -4.868956348660930e-07 -3.127155722302535e-07
1.303140112267114e-05 -7.250865749743932e-06 5.240797064780669e-07 -1.250853895560440e-06
1.396741192041817e-05 -5.442765726071149e-06 1.289691561250774e-06 -1.528421007347121e-06
1.553028431358071e-06 2.500008255976781e-07 -3.473752497586820e-06 1.451217471024296e-05
2.680753758697681e-06 -1.009374074173377e-06 -4.428619880928794e-06 -1.877512404627101e-06
2.683482460637797e-06 1.525436730557305e-06 5.090042727126794e-06 -6.666402963778579e-06
1.000792002024783e-05 -8.096833159867025e-06 -1.036692657972976e-06 -1.789525084856642e-06
9.124022632270889e-06 -6.819497993635598e-06 -2.758823088457173e-06 -1.425938218815055e-07
8.384915980140278e-06 -5.445668437694637e-06 -1.858362554032627e-06 1.119651476181675e-06
1.193283316629967e-05 -5.757938191124473e-06 4.973574212919190e-07 -1.309062490888809e-06
1.307983930157961e-05 -4.170699951121199e-06 6.539301269151108e-07 -1.325775944259651e-06
3.584250354585463e-06 2.554461672065240e-07 1.309987184766230e-09 -5.198194466595241e-06
4.685447601909471e-06 -1.336079069049474e-06 -4.367201172115013e-07 9.317874046659675e-06
4.686117206721508e-06 1.879824460421543e-06 -2.795512330436549e-06 4.653649951248602e-06
9.863125951441292e-06 -5.454277974129804e-06 -2.773916226243487e-06 5.912139904043133e-07
7.808110684620322e-06 -3.986995577608602e-06 -9.564155707468207e-07 5.920729419389902e-07
6.526070846723234e-06 -1.633103131572165e-06 5.729521673850882e-06 3.628215182632738e-06
7.082037541109159e-06 -1.910803307086660e-06 1.901829327547122e-06 -2.070367897783928e-07
7.397466734472347e-06 -2.461977243853259e-06 3.523600425312774e-07 -2.114203717504661e-06
1.115678547101151e-05 -3.981713659784997e-06 -1.191628972055966e-06 -7.072564035163170e-07
1.242667966894600e-05 -2.778293182393144e-06 -1.176108219971806e-06 -8.984545973418570e-07
5.677463640408956e-06 2.203552061622859e-08 1.650983468550568e-06 -1.464779980812963e-07
6.488845752057079e-06 2.118390322671716e-06 8.858106447861802e-07 7.581841145817904e-07
8.823645732325317e-06 -2.951419644461401e-06 -3.200456485655550e-06 -2.099848214749381e-06
7.092376126488922e-06 -7.891767857097877e-07 -1.926844926144291e-07 -4.207401418111284e-06
7.750321665419729e-06 -1.714193966456166e-06 -1.270480426028029e-06 -3.649406507393272e-06
1.057610578698923e-05 -2.338960189393111e-06 -1.144498783674884e-06 -4.246347350564674e-07
1.204105162123841e-05 -1.302902180782096e-06 -1.613764333131990e-06 -5.401422104601714e-07
7.086623492405739e-06 1.034340580103130e-06 2.098792910538593e-07 -2.775084800671298e-06
6.980103351830718e-06 2.394746190682185e-06 1.128007553607522e-06 -1.664185102344141e-06
9.116180837174615e-06 -4.464036216325399e-07 -6.018860379726703e-07 -3.102657879273979e-06
1.193665913204747e-05 2.124629473793020e-07 -4.232703356833713e-07 -1.584264344258400e-07
1.219082157058257e-05 1.750761927379878e-06 -8.347709834806005e-09 1.797422178546203e-06
8.142006924323475e-06 2.014425026427980e-06 -1.625070477928705e-06 -2.093259202162085e-06
7.258001004945049e-06 3.008711846147892e-06 8.158175388702698e-07 -4.127311583996331e-06
7.580537957179834e-06 4.739851637693150e-06 9.054764382047070e-07 -3.434697709513443e-06
1.061155593788670e-05 1.921078513657010e-06 -5.203109846237170e-07 1.568853364766232e-06
8.108347669317151e-06 6.487538245227834e-06 -8.043913277816629e-07 -2.377333720601563e-06
1.277837379148274e-05 3.328788131505693e-06 -2.811846794229721e-07 6.032266756923549e-07
9.111683205918232e-06 4.777303390564252e-06 -1.223214384852317e-06 -2.148305696505169e-06
1.144818881681285e-05 4.908181962155257e-06 -8.018583601822444e-07 -7.485508242407070e-07
8.887209776086697e-06 8.185962781970658e-06 -3.510355800945636e-06 -2.253057070821168e-06
1.370302588411336e-05 4.910164097969656e-06 -1.409629420430622e-06 -7.429270589028045e-07
1.301329548792558e-05 6.532798164325149e-06 -1.502414140170194e-06 -1.239709953154095e-06
1.130301100125583e-05 7.577916889490688e-06 -1.827643506556781e-06 -2.000906848281103e-06
9.882061127188804e-06 9.872477337078352e-06 -3.114875672393733e-06 -1.264165737087010e-06
1.114427074628418e-05 1.149634479720357e-05 -2.138227968126846e-06 -9.432575129280778e-07
1.498592121649978e-05 6.407467306850397e-06 -1.729673840874567e-06 -1.097018727734218e-06
1.410687078438220e-05 8.429420888633309e-06 -9.766141218435082e-07 -2.228684162677863e-06
1.305927220685336e-05 1.086528171366264e-05 -6.456338056652865e-07 -1.824861512594579e-06
1.260794455224439e-05 1.303279766875550e-05 -1.127284582254698e-06 -4.845287818902711e-07
1.658031446334763e-05 7.762723268859000e-06 -6.850137318823386e-07 -2.311758513347274e-06
1.611254867544850e-05 1.086728563763822e-05 -1.913372002469946e-08 -2.653984866732947e-06
1.430651528402664e-05 1.440508239407233e-05 -1.081234247759493e-06 -8.557713845105920e-08
1.624536541297374e-05 1.562398926626350e-05 -1.083300872161810e-06 -2.829382929348928e-07
1.835358872862428e-05 1.665936311777740e-05 -1.262177420132417e-06 -1.305527315689879e-06
1.850806701418013e-05 1.155516290822246e-05 -4.129843437786099e-07 -1.897001458194963e-06
1.847960900672705e-05 8.917057422448411e-06 -5.062158596879901e-07 -2.603890071341449e-06
1.802511937382868e-05 1.424973536159919e-05 -6.764535330027574e-07 -7.355570194185494e-07
2.064259213936877e-05 1.743089109950477e-05 -1.592032206603641e-06 -2.360452991607826e-06
2.307709231512685e-05 1.795868877577269e-05 -2.112516088704442e-06 -2.823834091582235e-06
2.047358930243426e-05 1.214915115088256e-05 -4.344488019934446e-07 -8.100717768668313e-07
2.066524593492109e-05 9.764528052876373e-06 -7.693902855956039e-07 -1.399777651046719e-06
2.559148308219688e-05 1.819801707779220e-05 -2.967313477176771e-06 -2.527390982480247e-06
2.274600865480494e-05 1.441918301032681e-05 -1.533095828592627e-06 -1.558517330012382e-06
2.304914003472609e-05 1.025041935590374e-05 -7.039316454414079e-07 4.303497597358429e-07
2.613553247616230e-05 1.481609040398178e-05 -2.476895101387770e-06 -1.920501460106828e-06
2.845393768508190e-05 1.831165875532983e-05 -1.301737274359527e-06 -1.293004573742199e-06
2.555488064420165e-05 1.037137326167829e-05 -1.302051214075839e-06 5.909435301840526e-07
3.248227520539961e-05 1.842669960250276e-05 -1.006478799468469e-06 -1.489167972338008e-08
2.925330510884412e-05 1.286685106927208e-05 -1.842608528351714e-06 -1.282576016788771e-06
2.844420420973221e-05 1.025859107329238e-05 -1.385516201191131e-06 -1.811677233905738e-07
3.827623702595169e-05 1.859789832128298e-05 -3.294268352138442e-06 5.586938469223884e-07
3.535968676974278e-05 1.394513492676011e-05 -3.028030679348515e-06 -1.776196458511348e-07
3.249408312507433e-05 1.011024761572013e-05 -3.396683203243708e-06 -1.421418711402684e-06
4.622225072936285e-05 1.877426951426685e-05 -5.240523523765115e-07 -5.558202394685315e-06
4.220108315813959e-05 1.427881918807599e-05 -2.145045595739950e-07 -2.662873701126422e-06
3.827297062315526e-05 9.945514781940628e-06 -8.580218572935264e-07 -3.309357824074715e-06
5.477782629202306e-05 1.891766216569333e-05 -2.220947569367572e-06 -2.387740721294604e-06
5.045719551553800e-05 1.427381251072783e-05 -2.379358566894431e-06 -1.451997334836289e-06
4.622543544384428e-05 9.778777100162009e-06 -1.936691190777470e-06 1.103039555614007e-06
6.356197796556530e-05 1.902612848188158e-05 -2.135949226449523e-06 3.114942259745757e-07
5.913584975148658e-05 1.427119703470970e-05 -2.412825119021162e-06 -7.795437588771255e-07
5.477885483088198e-05 9.626281596872054e-06 -2.231336659966466e-06 2.370664982508764e-07
7.253568945058423e-05 1.911462445273898e-05 -2.543805020401967e-06 -1.410315177844412e-06
6.801921018888792e-05 1.427315971857126e-05 -2.284177517023118e-06 -3.337010289066012e-07
6.355984870630374e-05 9.518915546158371e-06 -2.687312750767621e-06 -1.154811937039286e-06
8.166968322321864e-05 1.918429967003241e-05 -3.596024678555674e-06 -4.571703184008845e-06
7.708146279743486e-05 1.426817429720202e-05 -1.886903475429452e-06 -2.232388122907827e-06
7.253934970408068e-05 9.426703040131717e-06 -1.434930459524430e-06 -1.061804969799616e-06
9.091035881042378e-05 1.924050761133222e-05 -4.831021154233573e-06 -1.822945784483262e-07
8.627289720683960e-05 1.427123028335943e-05 -5.713177284512297e-06 -1.992304063075657e-06
8.166734377192700e-05 9.354164747941970e-06 -3.711861544409569e-06 -1.545256909771170e-07
1.002279162475178e-04 1.927306191818149e-05 -3.833432116045367e-06 -4.975677722117988e-07
9.555975969812548e-05 1.427242129460877e-05 -4.024580462726204e-06 -1.738927688244337e-07
9.090982760233331e-05 9.304151660105382e-06 -5.953689642528456e-06 -1.742008686072632e-06
1.096026645440268e-04 1.930064840631703e-05 -5.739662771807196e-06 -3.047476429720352e-06
1.049061905304840e-04 1.426875358766970e-05 -3.986244674122863e-06 -1.532896576308547e-06
1.002300729420532e-04 9.268123790805841e-06 -2.861802853234556e-06 -9.432966612891847e-07
1.190216338336542e-04 1.931507275830429e-05 -5.780268834169962e-06 -1.215918181600657e-06
1.143070438260858e-04 1.426739279355701e-05 -6.627787540784283e-06 -1.974238314062526e-06
1.096018969358402e-04 9.235795344686800e-06 -5.748740120216401e-06 -7.068965216487999e-07
1.392390516198547e-04 1.876285525549137e-05 -6.953540200957015e-06 9.208197118077028e-07
1.378991072883454e-04 1.931774598470434e-05 -7.387611588130625e-06 9.668087900467934e-07
1.232496349339362e-04 1.426189090998121e-05 -5.674497921958170e-06 -1.586062699941455e-06
1.284588769734668e-04 1.931411271416991e-05 -6.857322566007138e-06 -1.095966495201274e-06
1.190248458382726e-04 9.214068981443880e-06 -5.911450472652329e-06 -2.386622102698272e-06
1.397940837916764e-04 1.742311987768957e-05 -6.763576609843595e-06 6.539207633692952e-07
1.366220416702369e-04 1.426450144086494e-05 -7.944753428130422e-06 -5.009573475262397e-07
1.284574394671955e-04 9.209491825541937e-06 -7.176768704858689e-06 -1.221076439611783e-06
1.397932584332441e-04 1.110693466273449e-05 -6.867755870173637e-06 -1.518334168039991e-06
1.378978253576774e-04 9.211751700963877e-06 -7.587616904024403e-06 -1.959909533742683e-06
1.392380711168588e-04 9.766853554675562e-06 -7.087762098129527e-06 -1.867178031960094e-06
