-7.327237975831298e-05 1.181882712017818e-05 -4.399887300167249e-05 3.853597774605930e-06
-7.353523785849610e-05 1.118329565497606e-05 -4.408823750805817e-05 3.674602690858325e-06
-7.353555125507728e-05 8.184866722404598e-06 -4.423142665058029e-05 3.199081963359233e-06
-7.327268056743115e-05 7.549083364985960e-06 -4.414004195840001e-05 2.924795130185797e-06
-7.263754771336159e-05 1.208213995247191e-05 -4.381137048747772e-05 3.951663023413780e-06
-7.144804189391532e-05 9.684082640849175e-06 -4.307983054235207e-05 3.405430388112552e-06
-7.263773643572775e-05 7.285636536424339e-06 -4.391171505250407e-05 2.776182837684724e-06
-6.817348051252761e-05 1.208054294547982e-05 -3.917921532797377e-05 4.882721490688178e-06
-6.817227702998363e-05 7.284251477795242e-06 -3.899955140174673e-05 1.085890407512233e-06
-6.569680863632072e-05 9.680569118039512e-06 -3.738769445379166e-05 2.752184312776536e-06
-6.369489388402605e-05 1.206848715760645e-05 -3.563850695345453e-05 5.439024663258143e-06
-6.369360325976540e-05 7.290293083997906e-06 -3.566223308990686e-05 6.086071214612329e-08
-6.146399290402485e-05 9.679369139363248e-06 -3.369416653437479e-05 2.916310639401445e-06
-5.923766178249205e-05 1.206260954380949e-05 -3.256564929087216e-05 5.525588651824115e-06
-5.923838369540528e-05 7.298908351444188e-06 -3.271902859425919e-05 1.125501028373973e-06
-5.701470208836996e-05 9.681890905946346e-06 -3.190039325343024e-05 3.832903217172105e-06
-5.480077659828017e-05 1.205401501231759e-05 -3.077035765568942e-05 6.305591962110106e-06
-5.479933586440183e-05 7.310319866771081e-06 -3.030734607968734e-05 1.521285208736675e-06
-5.258407484289419e-05 9.682314050332785e-06 -2.794295241358728e-05 4.014750272027823e-06
-5.036309245659180e-05 1.206036106933066e-05 -2.562766983635239e-05 5.127269075618238e-06
-5.036216075566014e-05 7.305929905394331e-06 -2.466614398548554e-05 1.578106751370129e-06
-4.814266035173045e-05 9.683278431114980e-06 -2.266079307831393e-05 2.806610688892127e-06
-4.593888444612051e-05 1.204405800168415e-05 -2.219996523610090e-05 2.607122493500326e-06
-4.593681751437240e-05 7.321137235951402e-06 -2.224378058133507e-05 2.519451076832653e-06
-4.373763543439957e-05 9.682189207553208e-06 -2.263374434568199e-05 3.044323138659553e-06
-4.153393235069131e-05 1.204284673289964e-05 -2.120545257577479e-05 5.342304989516942e-06
-4.153734761309424e-05 7.325730692619032e-06 -2.189572793501805e-05 2.402907316281076e-06
-3.933094952570392e-05 9.686685285703155e-06 -1.881302694015094e-05 4.468716596385112e-06
-3.713509008727360e-05 1.203137687287935e-05 -1.694948589597734e-05 6.927776016469329e-06
-3.713299657740062e-05 7.341333660694303e-06 -1.535340197266018e-05 1.250801858865538e-06
-3.494288817420752e-05 9.686582118524558e-06 -1.504846078453967e-05 3.024172320053513e-06
-3.275769194940794e-05 1.202505501351935e-05 -1.359886140425878e-05 4.623045693595246e-06
-3.275820250461401e-05 7.350328614548512e-06 -1.535607295607960e-05 1.449242023672993e-06
-3.057695917376294e-05 9.688605453492656e-06 -1.308871610053179e-05 3.260512175403893e-06
-2.840325149169141e-05 1.201115976051426e-05 -1.233203618763793e-05 3.186977082091088e-06
-2.840746472324483e-05 7.368616850097719e-06 -1.200238433044532e-05 3.385208113339005e-06
-2.632247328769993e-05 9.692892685720569e-06 -1.056284364154282e-05 3.895926785029300e-06
-2.424844849512983e-05 1.199421809038028e-05 -8.160970302338925e-06 5.107799273561030e-06
-2.424276402178719e-05 7.386824764995074e-06 -7.688544261553470e-06 1.405439739594344e-06
-2.269366755651329e-05 9.868443023890364e-06 -7.604463875709770e-06 2.419129049707725e-06
-2.112687194765341e-05 1.196966186956132e-05 -8.794709372713440e-06 4.592872808690593e-06
-2.112899387751936e-05 7.411402230993424e-06 -8.892143251510222e-06 4.553050567891709e-06
-1.889097256433175e-05 1.194552372123394e-05 -8.134047801521031e-06 4.153212453368165e-06
-1.932035123603880e-05 1.046429100122038e-05 -8.343088311178739e-06 4.001317293534912e-06
-1.887952509584938e-05 7.432240844203519e-06 -8.015469444435235e-06 2.878777576879284e-06
-1.726467997934022e-05 7.456643907387335e-06 -4.607313148700749e-06 -1.955694963078442e-08
2.789967821738711e-06 6.155242668173737e-07 5.267490511501794e-05 -2.524323810844149e-05
2.878083132494195e-06 4.139418072630273e-07 1.973100727730736e-05 -5.457311640184792e-05
2.890925889947125e-06 1.898715606627955e-08 3.361074356105641e-06 1.281534419411409e-05
2.817723920594538e-06 -1.253050880096014e-07 2.897367541401566e-05 2.853831036470487e-05
-1.726897189010089e-05 1.192503057502700e-05 -6.596858258178316e-06 3.878296321429452e-06
-1.581619596845387e-05 1.182212312781440e-05 -5.576227330539062e-06 3.805673621615732e-06
-1.693238445184936e-05 9.131937511637881e-06 -5.126524816831871e-06 3.149376519972658e-06
-1.581353650790359e-05 7.359397649637194e-06 -5.459289386425352e-06 7.941679679872534e-07
2.583755881957788e-06 7.003754574543923e-07 3.023689168485201e-05 2.199786959143940e-05
2.468476413286053e-06 2.489962398160582e-07 -3.971718924546814e-05 -1.482405736211348e-05
2.647843976207731e-06 -1.765226611995576e-07 5.673168802353346e-05 3.082655259625401e-05
-1.534949856417166e-05 1.044898049049386e-05 -4.988779201292246e-06 3.253562271017560e-06
-1.439477404042078e-05 1.155094844533881e-05 -2.657085629308117e-06 4.297580010591192e-06
-1.303637704828883e-05 1.113370430209989e-05 -1.707732507716306e-06 5.275452658653841e-06
-1.491929403448920e-05 8.571958167387765e-06 -5.327404511630421e-06 3.418170215659337e-06
-1.442535490479795e-05 7.030786078886938e-06 -5.778390459148327e-06 4.550108663157224e-06
1.768692029002193e-06 6.637988852911286e-07 1.750455190335949e-05 1.940749723388904e-05
1.762273381674582e-06 -2.250939726574377e-07 -1.177206365431147e-06 -6.345288209638224e-07
1.319978384041856e-06 2.660322057561546e-07 -2.215778168592409e-06 -2.297729458495423e-05
-1.175920056592719e-05 1.056082350211219e-05 -2.734052259426592e-06 5.808102130631137e-06
-1.285434400434846e-05 9.723245871151824e-06 -3.155540018711267e-06 4.250645115459930e-06
-1.332686912009725e-05 7.948501887315799e-06 -4.991785376132789e-06 3.224494164615658e-06
-1.313478711801525e-05 6.477143532674497e-06 -4.446574763601440e-06 1.723170129000596e-06
8.115436647082977e-07 7.529434864657359e-07 -6.910620933746524e-06 1.085051532212707e-05
8.018994972883856e-07 -2.900401836086849e-07 1.082390430491757e-05 2.079158485933560e-05
2.391967792038019e-07 2.665902019101026e-07 -1.012824335434782e-05 -3.106914820379934e-05
-1.056311462232391e-05 9.853775068448921e-06 -2.871337720740012e-06 4.135173716912341e-06
-9.467389528981042e-06 9.029714698896647e-06 -5.712827705498211e-06 4.358494588169713e-06
-1.169425606528797e-05 7.670954574956272e-06 -2.729316627944131e-06 -5.804017279674129e-08
-1.198586200658052e-05 5.709979183727783e-06 -5.989906163208419e-06 1.891370050762629e-06
-4.315500421821393e-07 9.545810644840917e-07 1.188290245694593e-05 1.868899726059546e-05
-4.285284631002214e-07 -4.750659687969460e-07 -2.896667785055519e-07 1.068865544150166e-05
-9.746485120189802e-06 7.760447641755983e-06 -4.455678728922712e-06 3.818411375238427e-06
-8.493361387152006e-06 8.092064064168426e-06 -5.977544337030188e-06 3.820161448364421e-06
-1.020799162002334e-05 6.333471581104124e-06 -1.920027135247950e-06 4.366470902488526e-06
-1.101621710507778e-05 4.787819808653362e-06 -5.676685068258551e-06 3.141045544982653e-06
-1.142465976771480e-06 2.645722713133115e-07 -1.012511349487024e-05 -1.128027436037293e-05
-2.007572785408782e-06 1.215394348309015e-06 4.466275105940167e-07 9.668917423314333e-07
-2.009612342091062e-06 -7.427491927560929e-07 2.893863971683192e-06 6.668599496595147e-07
-7.635267964277097e-06 7.059628602834827e-06 -5.215077767119795e-06 2.175091098772072e-06
-6.913764392287830e-06 5.964786823546990e-06 -1.878962707711803e-06 2.314322560917937e-06
-6.332256893304045e-06 4.804604983690215e-06 8.675258538517381e-07 2.314330634058957e-06
-9.260339836859526e-06 5.057202486179787e-06 -3.557912846921443e-06 4.354361439201025e-06
-1.022357217599630e-05 3.727062234452569e-06 -5.207178573678625e-06 2.564566566619444e-06
-2.708956868479481e-06 2.413564009967835e-07 3.103674806346944e-06 1.148199337504432e-05
-3.552922596088563e-06 1.494919708794213e-06 -5.571625813282245e-06 4.307323431348440e-07
-3.547207012895981e-06 -1.006977212782013e-06 -5.091523622772069e-06 -6.765526075854943e-06
-7.539823290707144e-06 4.801736036031377e-06 -2.691169930965102e-06 2.598315049710858e-06
-5.888565442044926e-06 3.605128112328196e-06 6.983170359394796e-07 -1.455996261252461e-06
-4.973433405811263e-06 1.703893290363711e-06 2.964519886855994e-06 5.984894385755682e-06
-5.375190889324208e-06 1.910713676279455e-06 -6.556599561459988e-06 1.179708870914628e-05
-5.593647131588168e-06 2.345463613077571e-06 -1.138058927380406e-05 1.181555809934142e-05
-8.601150009758822e-06 3.576184237460938e-06 -7.426953320717717e-06 4.717071584804763e-07
-9.640605681256423e-06 2.593140231549567e-06 -1.864546921169382e-06 6.759221504594058e-06
-4.325713597249625e-06 4.115317884924384e-07 2.764632002852037e-06 2.853576034990465e-07
-4.958714993109372e-06 -1.193734930622277e-06 -4.790002062236123e-06 1.785455298324399e-06
-6.734621314432125e-06 2.740454239552833e-06 8.650708815638702e-07 -1.170983872236334e-06
-5.404027781524775e-06 1.043051955186102e-06 -4.619445789864172e-07 -9.750480023113581e-07
-5.888075549715599e-06 1.752680178354278e-06 -1.039512154043752e-05 9.543182847484292e-06
-8.129768694100761e-06 2.247935482615464e-06 -2.755931793133823e-07 -5.877827556744227e-06
-9.285511016399875e-06 1.415697110351118e-06 3.820702991459717e-06 4.723157253889868e-06
-5.418053303588670e-06 -3.674400028213800e-07 1.058987420330351e-06 -3.752051864571273e-06
-5.356505037757904e-06 -1.409909859758493e-06 -1.110901616721522e-05 8.262730517217537e-06
-6.973074332737345e-06 7.622513572924921e-07 -3.252558505880162e-06 -6.998693606096571e-06
-9.164784396194411e-06 2.434867300395254e-07 -6.126175415646654e-06 7.592655083021265e-06
-9.303501316569234e-06 -9.282717794112240e-07 -3.228170917562728e-06 3.690818560429011e-06
-6.245684097552665e-06 -1.130317863341146e-06 4.423406416918689e-06 2.591531417031402e-06
-5.583860232573169e-06 -1.874934212951933e-06 -1.797878538230546e-05 1.113222891252890e-05
-5.844451725010031e-06 -3.158548289850629e-06 -1.974129645258195e-05 -4.277994945116023e-07
-8.118925004840884e-06 -1.068567264765459e-06 -5.532140007109891e-06 -8.581919113879110e-07
-6.262175204477009e-06 -4.431590466795880e-06 -6.740240717540335e-06 -1.027107947017990e-06
-9.704141795871461e-06 -2.128625497975198e-06 6.757351023226323e-06 2.030285869240765e-06
-6.987660298413098e-06 -3.193019299472537e-06 3.430304014989760e-06 -7.725347800595605e-06
-8.733382736356469e-06 -3.287085673452122e-06 -4.086739473037993e-06 4.029184141829339e-07
-6.866172074247749e-06 -5.663927687933837e-06 7.548927222056920e-06 4.545276680754291e-06
-1.035661676730912e-05 -3.302487952504988e-06 3.650671505750247e-06 1.603433861391296e-06
-9.856027022270677e-06 -4.471019195647013e-06 -7.204092263305004e-06 7.645785231520555e-07
-8.616582218978985e-06 -5.231786774715186e-06 -6.938789381708598e-06 -2.842288788960180e-06
-7.599152654077243e-06 -6.854898849529120e-06 -9.902448890782092e-06 5.774439926318753e-06
-8.509309818360045e-06 -8.007426400074512e-06 -4.017611963747305e-06 7.412635934858697e-07
-1.124342201989244e-05 -4.385977893835505e-06 -3.177746893307503e-07 -2.297410001009362e-06
-1.062087096133566e-05 -5.833495854231455e-06 -5.341616488318393e-06 -8.406927248131488e-07
-9.874775023614534e-06 -7.561283480872089e-06 8.690836567927928e-07 -2.605352187391320e-06
-9.558748460448237e-06 -9.071997793527491e-06 3.285210420921106e-06 -2.218540503231460e-06
-1.236049864471524e-05 -5.368366901857416e-06 2.590654672492436e-06 1.266642316248725e-06
-1.203145180076371e-05 -7.549527012964134e-06 -3.263589230978423e-06 -3.997133158142179e-06
-1.076404275835138e-05 -1.001287551713958e-05 -4.397602733701556e-06 -1.551881496084502e-06
-1.211774793371890e-05 -1.084628620666937e-05 -4.937705807973025e-06 9.164825321621318e-07
-1.357835344825152e-05 -1.153982507719810e-05 -5.167749437361278e-06 -9.374120043020363e-07
-1.369308983351160e-05 -8.028464223304556e-06 -4.982252337361613e-06 -4.007648059079999e-06
-1.367686687155260e-05 -6.193451212904631e-06 -3.937273861793550e-06 1.133642732858660e-06
-1.335898065237090e-05 -9.890135230239062e-06 -4.679986963894073e-06 -1.412212843167985e-06
-1.515543340253636e-05 -1.204859392794672e-05 -6.039276808474490e-06 -1.804713590719678e-06
-1.680723346779854e-05 -1.238719717944044e-05 -5.688343026655234e-06 -1.531131775638131e-07
-1.504056045200339e-05 -8.441459997499340e-06 -4.237036105288992e-06 -3.514365665950514e-06
-1.517071970594978e-05 -6.802888778973760e-06 -5.403330991812706e-06 -1.715046328962603e-06
-1.849945146175074e-05 -1.253854379950686e-05 -3.945725302194177e-06 -4.754703103202514e-07
-1.659244870168509e-05 -9.995100042545544e-06 -4.285815522431652e-06 -1.568784662117489e-06
-1.679099499934724e-05 -7.155153186123995e-06 -2.346117633789815e-06 -2.644098397231081e-06
-1.887486749042974e-05 -1.025918200604972e-05 -2.814992698325680e-06 -2.118461297099068e-06
-2.043017252687599e-05 -1.260161838581131e-05 -3.706968011473183e-06 -5.136880179858321e-06
-1.849198267203070e-05 -7.252511647717371e-06 -1.848645532628084e-06 -1.609098922710500e-06
-2.314472643621746e-05 -1.266307802143496e-05 -4.117030583525370e-06 -3.910366454614463e-06
-2.097716274297545e-05 -8.946029360328588e-06 -6.529054816087440e-06 -2.608702643149707e-06
-2.042980939578805e-05 -7.192841052023668e-06 -6.259702197992417e-06 -7.488211353108226e-07
-2.698727699823126e-05 -1.276580106773528e-05 -4.309122703358660e-06 -2.928917290227633e-06
-2.505818662441925e-05 -9.681274776592699e-06 -4.350714703320314e-06 -1.081692856620044e-06
-2.314122828750022e-05 -7.116624660726342e-06 -5.486875160730391e-06 -5.392952373671580e-07
-3.223216228230150e-05 -1.286950431159557e-05 -6.244968355029229e-06 -9.930530264806827e-07
-2.958043223649656e-05 -9.901011322198860e-06 -6.177725671251851e-06 -9.564482287167109e-07
-2.698822874753458e-05 -7.029619324044203e-06 -5.753201969595607e-06 -9.408924457883755e-07
-3.786527812400710e-05 -1.295016270088010e-05 -4.010928144795658e-06 -2.773533589987210e-06
-3.502178230298944e-05 -9.901713447715947e-06 -4.473362758232446e-06 -2.646778006067300e-06
-3.223001432056136e-05 -6.931636384120349e-06 -5.260109831608111e-06 -2.292033024284664e-06
-4.362747170655239e-05 -1.300863048673770e-05 -5.260696454488062e-06 -2.631989624770479e-06
-4.073100720286936e-05 -9.899613436442225e-06 -4.812514836198370e-06 -1.431504696688049e-06
-3.786663680718227e-05 -6.849284430757903e-06 -4.302401172126699e-06 -1.825902317891327e-06
-4.948551966411085e-05 -1.307417491272909e-05 -1.537586157372797e-06 -6.895992738506329e-07
-4.653658871311149e-05 -9.904792247011745e-06 -3.894943995553997e-06 -1.514625122553028e-06
-4.362649737620726e-05 -6.795220969432809e-06 -5.111827945316243e-06 1.374885091463857e-07
-5.543805635468818e-05 -1.311086071331532e-05 -5.481911231389815e-06 -1.186997428681514e-07
-5.244885026897725e-05 -9.909545006982943e-06 -2.836011888703208e-06 -1.158597264467694e-06
-4.948241985510569e-05 -6.741480270688088e-06 -2.643635173851709e-06 -2.523310754166530e-06
-6.144651349077748e-05 -1.312675982039184e-05 -4.062430789802239e-06 -6.680196941693089e-07
-5.843766335578171e-05 -9.904989493660487e-06 -5.497138850520194e-06 -2.634206838711764e-06
-5.543949304857088e-05 -6.702982229623063e-06 -3.883164669035159e-06 -3.670433264652376e-06
-6.749555585060372e-05 -1.314842631383376e-05 -2.401447967791157e-06 -3.484844073507838e-06
-6.446448520437066e-05 -9.899531419391532e-06 -2.578130707092492e-06 -1.971654110440929e-06
-6.145085975252546e-05 -6.676934175225804e-06 -4.962363253359671e-06 -3.386115199400150e-06
-7.357267902384485e-05 -1.316122814254089e-05 -3.149177065803816e-06 -2.770407793330192e-06
-7.052838287091294e-05 -9.905855244024725e-06 -2.915737774506886e-06 -1.940627739034728e-06
-6.749042912036983e-05 -6.656576703450035e-06 -2.349846840969982e-06 -6.345430244617517e-07
-7.965756772384859e-05 -1.315314600194020e-05 -3.204271215235952e-06 -3.367630022998082e-06
-7.661974744129661e-05 -9.905734144247773e-06 -2.891529755673407e-06 -2.266838177751303e-06
-7.357391947458135e-05 -6.651214881311543e-06 -2.793939087912151e-06 -1.202414583233145e-06
-9.268551204543331e-05 -1.280498736856639e-05 -4.345801989561156e-06 -5.673865124929019e-07
-9.182216094701502e-05 -1.316325985365921e-05 -4.469725053915710e-06 -5.259538743629467e-07
-8.237564394638909e-05 -9.904006747844890e-06 -3.764366319065152e-06 -2.211619124615386e-06
-8.573366974614205e-05 -1.316795039255714e-05 -3.454257950334945e-06 -1.608416020147971e-06
-7.965853585719696e-05 -6.656427370535451e-06 -3.381604617212949e-06 -1.255131744632233e-06
-9.304306597840386e-05 -1.194074821924655e-05 -4.301466119938030e-06 -7.081789529089329e-07
-9.100084856076637e-05 -9.905382507232823e-06 -4.601371217561179e-06 -1.367168825963102e-06
-8.573287143052809e-05 -6.640768638763996e-06 -3.680759150778779e-06 -2.146652783419523e-06
-9.304334509460241e-05 -7.869943826412684e-06 -4.369648762538024e-06 -1.927748614661901e-06
-9.182216805093579e-05 -6.647013359583498e-06 -4.599908914444157e-06 -2.200715164954419e-06
-9.268572809201585e-05 -7.005419514345623e-06 -4.433199331383050e-06 -2.125586350604800e-06
