8.075749415980738e-05 -1.296580318487210e-05 -5.678559709676730e-06 -9.343397266822440e-07
8.103494646848682e-05 -1.229693519782857e-05 -5.631135472981002e-06 -1.006694336143617e-06
8.103520407177686e-05 -9.142438198971075e-06 -5.420474363894196e-06 -8.642756650461740e-07
8.075783563759695e-05 -8.474031542025707e-06 -5.450483438843824e-06 -9.334926917336117e-07
8.008785132030183e-05 -1.324264808393704e-05 -5.745882111914049e-06 -8.721132341233364e-07
7.883258345207622e-05 -1.072030989994067e-05 -5.925263823334910e-06 -1.070624233817411e-06
8.008844693241567e-05 -8.197462173576290e-06 -5.502406355609285e-06 -9.991900776723269e-07
7.538339189617151e-05 -1.323811522527953e-05 -5.699370228785650e-06 2.614110057112879e-07
7.538560497728006e-05 -8.209933613625166e-06 -5.677774870691361e-06 -2.408604569064915e-06
7.279286934810514e-05 -1.072688931943074e-05 -5.603761866907320e-06 -7.060185797732303e-07
7.068728588272163e-05 -1.324042180462284e-05 -4.600886846430033e-06 2.074235504695071e-06
7.068763429478614e-05 -8.214903728565527e-06 -5.416159200380480e-06 -2.056196981563131e-06
6.833416994507106e-05 -1.072755096363945e-05 -3.965567404057117e-06 2.449966944630450e-07
6.598416439865945e-05 -1.323486016894646e-05 -3.416868851238255e-06 9.494834740293788e-07
6.598261312858152e-05 -8.216768208843894e-06 -2.971192357619242e-06 -1.186907476569508e-06
6.363631239899686e-05 -1.072411999754398e-05 -2.169053456208723e-06 -1.054763823792647e-06
6.129518960178549e-05 -1.322919738887172e-05 -1.767034079490592e-06 -1.368084987990077e-06
6.129535573814187e-05 -8.218735235784179e-06 -2.608087440362781e-06 -7.912563630647048e-07
5.895742092685501e-05 -1.072479458957202e-05 -1.501138753832447e-06 -9.334140421579673e-07
5.662157528624112e-05 -1.323243755997216e-05 -6.290268892317930e-07 -3.813976465060431e-07
5.662380557441713e-05 -8.222725792323240e-06 -1.968552990620285e-06 -4.060382991123920e-07
5.428709170341384e-05 -1.073043224134547e-05 -8.839367698469097e-07 9.612969973381381e-08
5.194613533431836e-05 -1.324212626496233e-05 -1.194156722692270e-06 -3.820342411438535e-07
5.194775493476797e-05 -8.222923834430224e-06 -1.023064531117340e-06 -3.787740960267193e-07
4.960312517500816e-05 -1.073346286444635e-05 -4.479361581321809e-07 -6.236309950612189e-07
4.726158111923497e-05 -1.324067171388028e-05 1.103843471052490e-06 -4.300528181907360e-07
4.725962070088141e-05 -8.222685227643981e-06 8.390212061476412e-07 -1.172421999642655e-06
4.492377325677765e-05 -1.072979802695689e-05 1.921298620111754e-06 -6.596252900310696e-07
4.259295948132479e-05 -1.323393332531173e-05 7.584588741566328e-07 -1.942330963208701e-06
4.259280024829972e-05 -8.224940719881089e-06 1.039018823186939e-06 1.758919751318046e-07
4.025841938904267e-05 -1.073081617408748e-05 -7.224881041514458e-07 -9.921708245199209e-07
3.791078486492070e-05 -1.324817801182497e-05 -2.032811483505281e-07 4.258402281722459e-07
3.791466392642478e-05 -8.220439244720472e-06 -2.911170425758546e-07 -1.952794097263076e-06
3.556420016864627e-05 -1.073726428370315e-05 1.423213959333460e-06 -4.717008108201215e-07
3.322239685432169e-05 -1.324414798581032e-05 2.887553551463222e-06 3.240178191595952e-07
3.322049509980131e-05 -8.229907851069901e-06 2.079659982947288e-06 -3.986226653500770e-07
3.097560230090986e-05 -1.073710848564312e-05 2.442100333452641e-06 -9.262072694759719e-08
2.872861737206860e-05 -1.324445409341268e-05 6.510422310399727e-07 -1.873871506247170e-06
2.873110313963264e-05 -8.235557921847341e-06 1.981367522091385e-06 1.043872353173531e-07
2.704644237395488e-05 -1.093690023056379e-05 6.631947284199902e-07 -1.094814966327277e-06
2.533446993623326e-05 -1.323787690754020e-05 7.848655946766940e-07 -1.130311656231669e-06
2.533603573532838e-05 -8.248824930485910e-06 8.822180364945654e-07 -5.356753586518876e-07
2.287647180647399e-05 -1.323073782681563e-05 9.282204689380863e-07 -1.113173645680514e-06
2.335522437218781e-05 -1.159414430367197e-05 9.219227417528776e-07 -1.010587684545967e-06
2.287573065663098e-05 -8.256225816204000e-06 7.849440960921225e-07 -9.104651699958189e-07
2.109199024717063e-05 -8.264102005233196e-06 7.693502937932353e-07 -1.343739720243378e-06
-3.616421097851971e-06 1.682767217294395e-07 -2.588697513810589e-05 -4.757136259645789e-06
-3.666924585005872e-06 2.428561296287541e-07 -3.177234450975617e-05 1.011832370093009e-04
-3.619093544431380e-06 1.089793219471602e-06 3.271586066741679e-05 -3.744394710944032e-06
-3.555114326673679e-06 1.180752210133742e-06 1.811742461883809e-05 -6.869134636676147e-06
2.109275207826430e-05 -1.322592629497994e-05 6.744296678466530e-07 -8.769127447016914e-07
1.947446824838158e-05 -1.312845186540229e-05 1.706448206016440e-06 -1.885912432818806e-07
2.072977180650043e-05 -1.012560815466257e-05 6.801656010591873e-07 -1.139806370041009e-06
1.947383739506193e-05 -8.131493998933100e-06 1.126248727209859e-06 -1.416693808236671e-06
-3.495600556510151e-06 1.424190756566599e-07 2.274623635489120e-05 -6.048097410153993e-05
-3.111450859574158e-06 6.484630241336144e-07 -2.086286994474211e-05 -5.609387987534614e-06
-3.424761222552841e-06 1.210280033477402e-06 1.218467868066601e-05 -2.036816564822026e-05
1.896015467110423e-05 -1.159808120737231e-05 1.749739098433141e-06 -5.403531071001608e-07
1.788020108790805e-05 -1.284574796746716e-05 1.917487633290285e-06 -1.899334021255589e-07
1.633156039766625e-05 -1.238565066416311e-05 1.074905710974341e-06 -9.791750587098352e-07
1.847216436022220e-05 -9.486176260872445e-06 1.469928284284268e-06 -1.150718823131036e-06
1.790964041473864e-05 -7.726239070425596e-06 7.682593637188781e-07 -3.138183636751633e-07
-2.258789007161548e-06 8.698381996738037e-08 -4.095625567668800e-08 2.129600309831382e-05
-2.275596763524837e-06 1.249786044824716e-06 1.571496037204637e-05 4.836273978834870e-06
-1.638805228360779e-06 6.232583695129392e-07 -1.394851552865862e-05 -2.313357341276346e-05
1.485345730010666e-05 -1.175236957000409e-05 -2.003386953182093e-08 -1.685965514071906e-06
1.612665130840425e-05 -1.078460873267996e-05 8.983653489667565e-07 -1.194512599437851e-06
1.666190105466747e-05 -8.767177961560181e-06 2.521088859942463e-07 -4.081510802869984e-07
1.644630630406712e-05 -7.063337533789815e-06 -2.423666454031459e-07 8.612835840145813e-07
-1.003152185211569e-06 -2.469724550928109e-08 1.133073829712444e-05 4.049276559102424e-06
-1.000070675875866e-06 1.368057835300124e-06 -7.252471197175719e-07 5.374515464602919e-06
-2.541417797093467e-07 6.325612330930325e-07 -7.544298949576947e-06 1.618107016584635e-05
1.346173922588411e-05 -1.096282858914983e-05 -1.345600906643139e-06 -9.494594661203545e-07
1.217807798858344e-05 -1.002610559766494e-05 -2.805763675648505e-07 -1.935909958549244e-07
1.478240678109537e-05 -8.449810319848835e-06 -6.480956970963163e-07 4.267324928649851e-07
1.513266962716415e-05 -6.160852564315023e-06 1.004147963780638e-06 1.080507456231086e-07
6.090875126457929e-07 -2.449463182035481e-07 1.061437506832765e-06 -1.453710419113357e-05
5.958941409841233e-07 1.583400986662344e-06 2.672694900504796e-06 -8.409162273295797e-06
1.250355999537896e-05 -8.561692466651985e-06 -2.258747178111399e-08 1.298172504786566e-07
1.101115993098402e-05 -8.950805174120583e-06 -2.900443315145411e-07 4.611289185829986e-08
1.305309970315845e-05 -6.890665818479323e-06 1.014909024977022e-06 -9.101086199503826e-07
1.400869707711803e-05 -5.052685453227536e-06 1.724582326284941e-06 -7.442147283876832e-07
1.536741485164635e-06 6.638723377775778e-07 -2.358576153288343e-07 1.510289128787063e-05
2.659322435134621e-06 -5.976592753396441e-07 -3.789478500769224e-06 -3.054519849001085e-06
2.668405949188364e-06 1.924660893698559e-06 2.647587304293111e-06 -6.668334069202931e-06
9.974298723875456e-06 -7.755406508641078e-06 -5.271924872489310e-07 -1.626119707907928e-06
9.081366062976232e-06 -6.454559596543424e-06 -1.097208246254417e-06 -3.647427420408691e-07
8.344291902098279e-06 -5.060245935647760e-06 1.330850272255021e-07 2.409762633775641e-07
1.193410235318128e-05 -5.375675520608133e-06 2.747271588100592e-07 -7.229140404804364e-07
1.309662321222273e-05 -3.769903079426872e-06 1.871979015733440e-07 -1.078992713639093e-06
3.565223207178102e-06 6.612713511980983e-07 -1.669251537083403e-06 -6.533830599033804e-06
4.670766783245727e-06 -9.224640489476949e-07 -1.681915327082073e-06 5.145495057354335e-06
4.669682495381625e-06 2.286789182369227e-06 -3.732118289914862e-06 8.432860226967323e-07
9.831448395641634e-06 -5.067062998296550e-06 -1.204773989680565e-06 6.984088077163896e-09
7.772046835673099e-06 -3.589178253375367e-06 6.191031012464830e-07 -1.794281126864931e-06
6.516486834113597e-06 -1.222476935303089e-06 5.154772027044741e-06 5.895969770603327e-06
7.065372922966674e-06 -1.502376174716097e-06 1.414638016373261e-06 2.986412291896289e-06
7.373706211856658e-06 -2.056360823107366e-06 -1.100686204789245e-07 -1.306802727004183e-07
1.114157369091338e-05 -3.579387956815867e-06 -6.710508573306554e-07 -9.421613741462630e-07
1.242261521414138e-05 -2.367663712207736e-06 -7.114718187516368e-07 9.835537341726559e-07
5.666778009067413e-06 4.289358279940799e-07 9.726420614342692e-07 -5.524797069912275e-07
6.479669955598105e-06 2.524962115422458e-06 -7.837141531220037e-07 1.861516383106502e-06
8.794100303773297e-06 -2.546317963971278e-06 -5.382202769952348e-07 -2.417061227668457e-06
7.078187895087109e-06 -3.837738619884966e-07 4.209781791849179e-07 -1.404880463290590e-06
7.728769035230516e-06 -1.307651054634052e-06 -1.038651832205231e-06 -3.712460071835855e-07
1.055650892133533e-05 -1.928527218020563e-06 2.612651627319144e-07 5.354316833861633e-07
1.202519907672536e-05 -8.890267074713992e-07 -8.694246488649551e-07 2.050180884832371e-06
7.076716145185674e-06 1.439836689932886e-06 1.316497318207377e-06 -2.216220199587255e-06
6.973238772177674e-06 2.800641104390808e-06 1.094047679773872e-06 -2.575500092243687e-08
9.095233133995433e-06 -3.690601938880002e-08 7.930469546810178e-07 -1.503571573261376e-06
1.191707431142950e-05 6.288610963578976e-07 -5.198679579035271e-07 2.018490653812544e-06
1.216210359285965e-05 2.168878634649389e-06 2.390986449151866e-07 3.574922717597877e-06
8.130502672902357e-06 2.422813820090040e-06 4.199146871049686e-07 -1.640064355892249e-06
7.252097003588137e-06 3.411252749849764e-06 1.084851466011119e-06 -2.382672663399003e-06
7.577078582152758e-06 5.133827885364272e-06 1.385958511889906e-06 -2.071429952367033e-06
1.058888079013665e-05 2.340139349742829e-06 1.211364354032174e-08 2.495657288872331e-06
8.105049470611301e-06 6.866091390878267e-06 7.564595945233247e-08 -7.266623398648481e-07
1.273678280667163e-05 3.743779346859518e-06 9.036007086924783e-07 2.884041481091357e-06
9.098717438432879e-06 5.174265727034040e-06 -1.443988139974511e-08 -9.018764511310400e-07
1.141523834502709e-05 5.309698810247830e-06 4.695858301622356e-07 1.531458191385494e-06
8.877920801972131e-06 8.546490623215182e-06 -2.224581814285241e-06 8.220510041368473e-08
1.364323196900757e-05 5.313966561414958e-06 6.893575031887526e-07 2.008594475609805e-06
1.295970506935364e-05 6.919098903512510e-06 3.235775760670052e-07 1.899138233908917e-06
1.127073145709049e-05 7.948278362081270e-06 -4.050943158795118e-07 9.703107197594335e-07
9.866524207814291e-06 1.020880011776917e-05 -1.699499480313919e-06 1.716274756675150e-06
1.111779895658203e-05 1.180322720881261e-05 -1.088231335408522e-06 1.917735485770300e-06
1.490068943626673e-05 6.799475836941242e-06 1.438556035449246e-07 2.020336528455857e-06
1.403734440567810e-05 8.790247663941906e-06 4.222680041901931e-07 9.673068169246904e-07
1.300831655467390e-05 1.118248200495324e-05 1.172987814843817e-07 1.202970896111950e-06
1.256504702170943e-05 1.330165939785145e-05 -2.661969532733379e-07 1.868368788082103e-06
1.646035099704388e-05 8.141557863533477e-06 1.385662382149591e-06 1.086616283795610e-06
1.600390959790516e-05 1.118226536307694e-05 2.128742941439686e-06 7.054275095070542e-08
1.423622643622577e-05 1.463582620270094e-05 7.881878477436906e-07 1.570997848468912e-06
1.612751172861449e-05 1.581097124144469e-05 -9.530354466417083e-08 1.563896268617612e-07
1.817812438664486e-05 1.680348162942555e-05 3.829973110403915e-09 2.057168119147676e-07
1.833262230040507e-05 1.185318013207025e-05 5.098632915457422e-07 -6.097193822466770e-07
1.830720526053811e-05 9.281006402155557e-06 1.252261850818860e-06 4.003282699557098e-07
1.786349225943795e-05 1.447213874499110e-05 2.738591281948768e-08 -3.665630395694512e-07
2.039375681206509e-05 1.754253108376623e-05 1.164292335944726e-06 2.540783478595471e-07
2.274577468275334e-05 1.804708367819866e-05 3.053078289281458e-07 -3.720096203527555e-08
2.023539246815024e-05 1.243265541123572e-05 -3.158016974810633e-07 -1.662206072411148e-08
2.042046581438420e-05 1.011794866761315e-05 -7.077648814847269e-07 -3.396174576174417e-07
2.517367976225808e-05 1.827450990744282e-05 -1.151298591629285e-06 2.871683465337209e-07
2.242970350422686e-05 1.463015128016199e-05 5.861518370871190e-07 1.431645029403114e-06
2.272270905926582e-05 1.060115992449221e-05 4.096992988597541e-07 7.395141559329317e-07
2.570144643017718e-05 1.501310558354284e-05 -9.711650553054302e-08 5.693761992465593e-07
2.793945965965932e-05 1.837969666700972e-05 1.200618456796798e-06 9.294207239131925e-07
2.514294928307164e-05 1.072517766440664e-05 1.928479834650962e-06 1.653238349867486e-06
3.181985075552885e-05 1.848404145268992e-05 5.327301257853717e-06 1.299339012158995e-06
2.871262284198166e-05 1.313683648197438e-05 2.376930393360653e-06 -1.127286876995203e-07
2.793042115150017e-05 1.062390790908080e-05 2.582565459422977e-06 9.456646074898361e-07
3.736085545611503e-05 1.863398844967205e-05 -2.046769472231724e-07 3.403520255249040e-06
3.457539916112441e-05 1.418050433892779e-05 1.644747980300378e-06 2.593169159927190e-06
3.182316819043780e-05 1.049369940963517e-05 7.769458909566851e-07 5.322226582704162e-07
4.495776028517273e-05 1.878576064076019e-05 3.236469092151471e-06 1.628765404888846e-06
4.111710378626178e-05 1.449276359226670e-05 1.382907337610656e-06 2.142802517729666e-07
3.736520440764519e-05 1.034662609929636e-05 2.352437038545088e-06 -1.039403939457476e-06
5.313219830165911e-05 1.893922234983001e-05 6.258570797013135e-06 2.749465669437487e-07
4.899891192533300e-05 1.449671247752848e-05 4.894571910492653e-06 1.495433894826896e-06
4.495521232540858e-05 1.020135889766783e-05 1.754725393898482e-06 -5.658864448651461e-07
6.154243394417599e-05 1.906287018953539e-05 7.111867556850539e-06 8.128965359202287e-07
5.730035764621114e-05 1.450544714655527e-05 7.121510792811795e-06 8.619961066808475e-07
5.312922503903680e-05 1.006267960816121e-05 6.710484391934504e-06 2.389957925468101e-06
7.013950207929773e-05 1.914951092232185e-05 7.654598654101723e-06 2.616323939654861e-06
6.581306774472698e-05 1.451138838090013e-05 6.891735329961582e-06 8.065189057253434e-08
6.153907453365496e-05 9.955783527079315e-06 7.612079381328758e-06 -2.553350203942637e-07
7.888323072508465e-05 1.921433394946090e-05 9.908977064084731e-06 3.065417867146763e-06
7.449256338285808e-05 1.450493380511090e-05 8.378282879019711e-06 1.624674480552074e-06
7.014401060443753e-05 9.867239123755987e-06 6.572891288793985e-06 -8.887103690873588e-07
8.774904598275548e-05 1.928910754461756e-05 1.195259340744755e-05 1.336105980106539e-06
8.329194482064326e-05 1.450783666203102e-05 1.174714275062409e-05 8.341752144411003e-07
7.888159750901664e-05 9.796572889648886e-06 1.059127330211623e-05 -3.590295235513855e-07
9.671870208925489e-05 1.933068864291841e-05 1.168808229905483e-05 1.726555367047093e-06
9.222185111404756e-05 1.451441548611502e-05 1.158264046381484e-05 6.518143684761875e-07
8.774530111681496e-05 9.734312554047385e-06 1.192977372672963e-05 -6.062896272103292e-08
1.057445199255260e-04 1.935339203942751e-05 1.242999420144403e-05 1.266898288925492e-06
1.012248908544206e-04 1.450931211262404e-05 1.203054373037223e-05 1.064175119728141e-06
9.672225879514547e-05 9.693914360903617e-06 1.141857335330852e-05 4.426900196162572e-08
1.148204575161294e-04 1.937771073394341e-05 1.441564440955097e-05 1.693583503549633e-06
1.102739572912361e-04 1.450750581429447e-05 1.328179609865186e-05 9.675736549451164e-07
1.057443511731445e-04 9.662730259506702e-06 1.270133488990953e-05 6.892479271374625e-07
1.343224320903754e-04 1.885686635255594e-05 1.535860542582248e-05 7.736273673910739e-07
1.330278026520487e-04 1.939270490680341e-05 1.499866623135748e-05 9.247527578623355e-07
1.188961136344530e-04 1.450726154102846e-05 1.480624795319467e-05 1.646218658347187e-06
1.239198295280284e-04 1.938506648369969e-05 1.520389709151634e-05 1.901298014690452e-06
1.148208438367453e-04 9.636901014690384e-06 1.385341399642315e-05 9.849646849495842e-07
1.348587174576264e-04 1.756277159867273e-05 1.550812646134113e-05 4.018609870238839e-07
1.317942715249327e-04 1.451080601403203e-05 1.508120016682351e-05 -2.553024416755881e-07
1.239186341552553e-04 9.631716720082634e-06 1.593643680708646e-05 3.128559980226714e-07
1.348582298946334e-04 1.145946965150695e-05 1.574322781829353e-05 -1.243768545734199e-06
1.330269504587292e-04 9.629061382211521e-06 1.545894473904969e-05 -1.468732476150947e-06
1.343218268474077e-04 1.016507496905663e-05 1.566388004184267e-05 -1.425037882563434e-06
