7.809695982017571e-05 -1.292306050834038e-05 -1.934818064846581e-06 -5.929654465833478e-07
7.835793164873689e-05 -1.229287302431336e-05 -1.966258117096979e-06 -6.611961215149109e-07
7.835788616377258e-05 -9.322527119059132e-06 -1.974370414379362e-06 -9.929095091022597e-07
7.809691125257031e-05 -8.692350961586508e-06 -1.942919632995919e-06 -1.067743792883669e-06
7.746688314258931e-05 -1.318411826954255e-05 -1.861695553782641e-06 -5.653090419603305e-07
7.628538389616512e-05 -1.080768333694394e-05 -1.702736695092454e-06 -8.378549861425930e-07
7.746683563299904e-05 -8.431298793714112e-06 -1.866731064523366e-06 -1.099375148764610e-06
7.303058209386157e-05 -1.318564678551963e-05 -1.252147074667751e-06 -6.065239521171820e-07
7.303060696517599e-05 -8.429881966578980e-06 -1.240724323909139e-06 -1.126297916429820e-06
7.057967173571068e-05 -1.080784106666621e-05 -9.863858227852690e-07 -8.532286186812980e-07
6.858872158380120e-05 -1.319009507461542e-05 -7.658139737344918e-07 -6.359236779478760e-07
6.858889050539517e-05 -8.426112301689663e-06 -7.675381285611746e-07 -1.049031560516235e-06
6.636480927046468e-05 -1.080796068677633e-05 -5.555812257931105e-07 -8.952252177882040e-07
6.413688535487407e-05 -1.319581033308815e-05 -3.814247752122568e-07 -6.568436424180328e-07
6.413741974985232e-05 -8.421025963754407e-06 -6.998721924104733e-07 -9.025896498450065e-07
6.190784323837838e-05 -1.080830209403662e-05 -2.350728241781668e-07 -9.027994269650225e-07
5.967425054584198e-05 -1.320148742264453e-05 -1.821355835934877e-07 -7.859470048286674e-07
5.967517720096677e-05 -8.415941685355421e-06 -8.952491388639370e-07 -8.594639445192524e-07
5.744044283668694e-05 -1.080879872675655e-05 -1.745268979159029e-07 -8.506682725857048e-07
5.520211923739082e-05 -1.320658266838667e-05 -2.227038002420507e-07 -9.118352341218708e-07
5.520297136057348e-05 -8.411052184528816e-06 -9.338298641866705e-07 -8.473822313538430e-07
5.296358244075119e-05 -1.080911138456667e-05 -2.744089287552229e-07 -8.008322689201530e-07
5.072100848358316e-05 -1.321124653409204e-05 -3.367933533215513e-07 -9.212068374584550e-07
5.072141244716544e-05 -8.406388572942945e-06 -6.561617221781285e-07 -9.223229073288880e-07
4.847752998066161e-05 -1.080908321142706e-05 -3.884409834920969e-07 -8.009031677333220e-07
4.623121023543035e-05 -1.321489576942522e-05 -3.685349015887278e-07 -7.868701025434520e-07
4.623123241135284e-05 -8.402554590491696e-06 -3.925360242960473e-07 -8.657540880075054e-07
4.398389742353977e-05 -1.080874695613569e-05 -3.537112860211297e-07 -8.015231970803903e-07
4.173541660286452e-05 -1.321654523617267e-05 -2.818965107008789e-07 -6.769527996544074e-07
4.173524785576547e-05 -8.400406233894618e-06 -2.553783333260629e-07 -8.622574733058489e-07
3.948659469343964e-05 -1.080824615502604e-05 -2.071245937025500e-07 -8.073940434119952e-07
3.723867050105679e-05 -1.321524683876873e-05 -1.645663038111311e-07 -7.091739865579393e-07
3.723833785582909e-05 -8.400339664841004e-06 -1.889016264629361e-07 -8.980698444913079e-07
3.499129828281048e-05 -1.080725987062772e-05 -1.324600291155337e-07 -7.915284813732961e-07
3.274598837704835e-05 -1.321206719547127e-05 -8.035761993112487e-08 -7.087291491423924e-07
3.274558541046537e-05 -8.401173246198328e-06 -8.492035621425404e-08 -8.336204435771231e-07
3.059188775715653e-05 -1.080598958871137e-05 -2.855211024178273e-08 -7.537635052432635e-07
2.843907699540808e-05 -1.320981533685990e-05 5.202942624400534e-08 -6.531666866748501e-07
2.843855841864217e-05 -8.400496678300429e-06 3.269896269194374e-08 -8.071150230986759e-07
2.682475499949230e-05 -1.099273833595897e-05 1.069017889089317e-07 -7.052830395281349e-07
2.517580989063413e-05 -1.320999706090782e-05 1.860093569288060e-07 -6.074343791851104e-07
2.517534196237188e-05 -8.397614008353377e-06 1.653941947596993e-07 -7.746088322695877e-07
2.279846460076085e-05 -1.321178511194559e-05 2.801915317003541e-07 -5.877478676269384e-07
2.326469109716597e-05 -1.162489968707595e-05 2.591894449719211e-07 -6.419804730302803e-07
2.279808374225073e-05 -8.394555157495076e-06 2.770651425375087e-07 -7.554095708846114e-07
2.106757816220207e-05 -8.391093464506623e-06 3.631617229534780e-07 -7.323606794364077e-07
-3.649826373268742e-06 1.496318537636798e-07 6.349409809926119e-09 -7.166183495519613e-08
-3.722480656802271e-06 3.241652508945635e-07 5.646950402982723e-09 -7.085144449689961e-08
-3.722156066566201e-06 9.751373072939606e-07 5.762171191563561e-09 -6.595681338027239e-08
-3.649832820081820e-06 1.147662100494641e-06 6.661997098351285e-09 -6.465018964549118e-08
2.106854753330450e-05 -1.321341761663139e-05 3.636394966537442e-07 -5.944924072801991e-07
1.949356601392158e-05 -1.312532179180267e-05 4.165318169329354e-07 -6.182393415650045e-07
2.071976083940640e-05 -1.020001691111011e-05 3.887691182609122e-07 -6.783992767261583e-07
1.949756808630399e-05 -8.249904974457956e-06 4.307838497957062e-07 -6.975347009794042e-07
-3.476021967614690e-06 7.759868557758841e-08 7.903411884467739e-09 -7.181785192074230e-08
-3.300543834253299e-06 7.917276046526026e-07 1.093885720392637e-08 -6.779185614464300e-08
-3.477213510874249e-06 1.219941973171063e-06 8.727267205098033e-09 -6.458722805705312e-08
1.899548922236315e-05 -1.163695056537582e-05 4.407287581857649e-07 -6.583758791043492e-07
1.793760098136717e-05 -1.285935456002977e-05 4.387678110572772e-07 -6.612631290052720e-07
1.642009386580958e-05 -1.241708268335491e-05 4.296781822323128e-07 -6.905926379825715e-07
1.852227100375789e-05 -9.571487865698092e-06 4.562596241106751e-07 -6.736474680932827e-07
1.797251232025475e-05 -7.837179573163617e-06 4.569857112464183e-07 -6.430203882377689e-07
-2.296868756394434e-06 6.027858103227607e-08 1.424210346934238e-08 -6.437045983354297e-08
-2.295319191384524e-06 1.242828796253243e-06 1.325046283063615e-08 -7.296320366115110e-08
-1.684246410367045e-06 6.526857921504114e-07 -1.398078903663670e-09 -6.739085686106272e-08
1.496152556213588e-05 -1.180531594839181e-05 3.905993423067797e-07 -7.200596088255362e-07
1.622269241266345e-05 -1.084921689428022e-05 4.390089947576129e-07 -6.916247840526181e-07
1.674975315642078e-05 -8.858586449395594e-06 4.480378582628219e-07 -6.489351135778880e-07
1.653964811407182e-05 -7.165524757805636e-06 4.488586518313828e-07 -5.678624479240024e-07
-1.021061133176912e-06 -4.739776457896170e-08 -1.981990227691569e-08 -5.675129197634188e-08
-1.020752816675695e-06 1.354293834890359e-06 -1.606797064829558e-08 -6.774308078909436e-08
-2.662159005660594e-07 6.541738157765762e-07 -1.811519186226112e-08 -5.387795806642172e-08
1.358100152974171e-05 -1.103042689031636e-05 3.335086481252600e-07 -7.229501872601935e-07
1.229662478669017e-05 -1.010299328342457e-05 2.432360750978953e-07 -6.922454226584128e-07
1.489414998679766e-05 -8.539399560117151e-06 3.952364258459328e-07 -6.244332351850686e-07
1.524303805972117e-05 -6.255482765648920e-06 4.118478759851953e-07 -4.732832283256079e-07
5.992996171972747e-07 -2.824621055891990e-07 -1.164556019398802e-08 -5.008349723751216e-08
5.997110478530738e-07 1.592129833923324e-06 -3.017581998411884e-09 -3.186099103813701e-08
1.262069382360492e-05 -8.647607127787050e-06 2.610172021246271e-07 -6.195169951738998e-07
1.112631964983485e-05 -9.035589330481997e-06 1.405334489887579e-07 -6.414675414228681e-07
1.316845048012397e-05 -6.978687025850688e-06 2.888423974132888e-07 -5.002250274117977e-07
1.412238482061434e-05 -5.134238807216352e-06 3.444819570427461e-07 -3.422419376585072e-07
1.552409351875120e-06 6.551355514382668e-07 9.996785629516902e-09 -2.709303945089135e-08
2.684779524003362e-06 -6.230995257506849e-07 1.073659936314340e-08 -7.681507415231834e-09
2.683408767910266e-06 1.936518297291719e-06 2.023146953965563e-08 -1.702034184170321e-08
1.008484370645003e-05 -7.841469396252073e-06 4.050440232243570e-08 -5.436796738732615e-07
9.185238082225610e-06 -6.536751451859153e-06 -5.981568620256355e-08 -4.089215955738435e-07
8.437092011825158e-06 -5.136146932628938e-06 -1.157109677467485e-07 -2.729739475305749e-07
1.204518592257485e-05 -5.454384112370070e-06 1.751859044552735e-07 -3.388945846493680e-07
1.321213977724054e-05 -3.837263129668049e-06 2.497550485090850e-07 -1.938138689283860e-07
3.594833576043102e-06 6.524426914086944e-07 8.865931606702356e-09 -2.150733641837219e-09
4.711327592044078e-06 -9.595272055419145e-07 -2.165147459716145e-08 2.929413379193457e-08
4.711062097171312e-06 2.286857907701863e-06 -1.382655700679412e-08 -1.603466906865992e-08
9.938188774843104e-06 -5.144129714959371e-06 -1.526414556330725e-09 -2.774404536861549e-07
7.853862040283365e-06 -3.653214219318514e-06 -1.457849286629187e-07 -1.279469295597366e-07
6.572169660436491e-06 -1.246826941327127e-06 -7.679443378329183e-08 2.702063310329502e-08
7.128425295415346e-06 -1.527595576788531e-06 -9.718954614667113e-08 1.442675829141245e-08
7.441865409650202e-06 -2.091345483417657e-06 -1.172308621768473e-07 -1.458162146089971e-08
1.125189304169806e-05 -3.643287958396618e-06 7.583069506380927e-08 -1.494420165021080e-07
1.254211239911521e-05 -2.413879099330087e-06 1.439685531605811e-07 -6.471067756322581e-08
5.715901895304114e-06 4.174476668335104e-07 -4.754921107298546e-08 1.452828592184869e-08
6.533576488100680e-06 2.536909225375559e-06 -4.796827612258082e-08 1.073924714657984e-09
8.888586017392375e-06 -2.594056058658567e-06 -7.376048358127895e-08 -4.059672717011313e-08
7.143855051250148e-06 -3.959174481084079e-07 -8.366984461559825e-08 2.512924378927380e-08
7.802231148886264e-06 -1.330085171034336e-06 -9.548725366352027e-08 1.423142146276027e-08
1.066273214704705e-05 -1.969026800000859e-06 8.942905701679919e-09 -1.900502889716286e-08
1.214324736469646e-05 -9.145803205297086e-07 4.422329496730980e-08 1.231623983832773e-08
7.142924185337023e-06 1.440448427890111e-06 -6.231899540729533e-08 1.915846247542015e-08
7.035502263448462e-06 2.815818291045971e-06 -4.870999454498602e-08 3.705767534087395e-09
9.185011049499532e-06 -5.037371576544196e-08 -6.353758895016568e-08 4.734723448720669e-08
1.202994910480578e-05 6.187502683999995e-07 -1.591170590032132e-08 3.523217799330577e-08
1.227658135883981e-05 2.170959900932977e-06 -7.359962791240910e-08 1.322433653357771e-08
8.209726483954243e-06 2.430524349773023e-06 -5.695147354963253e-08 1.723728233715508e-08
7.317938176912049e-06 3.431862120558522e-06 -4.437765406829201e-08 -4.194062929985834e-09
7.646686837483453e-06 5.167345472401865e-06 -4.380665232611332e-08 -4.293184577396218e-08
1.068924265648101e-05 2.342994029199825e-06 -6.505889714177322e-08 2.518087396607135e-08
8.180696215456674e-06 6.915863041692700e-06 -5.308038312189070e-08 -7.864402963867222e-08
1.285857452633657e-05 3.760306183752332e-06 -1.106168577521670e-07 -2.178836174755007e-08
9.184671639166316e-06 5.206756325975695e-06 -6.585249152175037e-08 -4.500822426550398e-08
1.152416231715150e-05 5.342199417540916e-06 -9.833684674592434e-08 -6.071441148436219e-08
8.961985394585991e-06 8.613567131974113e-06 -7.885451345424921e-08 -1.162754734240208e-07
1.377679057285058e-05 5.345779191522597e-06 -1.300919612186707e-07 -7.169670107895042e-08
1.308526002541790e-05 6.968120592761648e-06 -1.222615889468882e-07 -1.060075832023677e-07
1.137753177692875e-05 8.009495344912004e-06 -1.121281611898081e-07 -1.153632562841053e-07
9.958921689869800e-06 1.029570743116198e-05 -1.044055438273205e-07 -1.265438445726876e-07
1.121950915605420e-05 1.190993735096443e-05 -1.209625191687213e-07 -1.202972791474755e-07
1.504845840025363e-05 6.845151632025498e-06 -1.265885291891410e-07 -1.143005826797574e-07
1.417250545365779e-05 8.859706384251449e-06 -1.253565922867171e-07 -1.275674276531797e-07
1.312856856599787e-05 1.128217717254509e-05 -1.287256155551810e-07 -1.225106270642852e-07
1.267978614956620e-05 1.343120248190130e-05 -1.303304443827256e-07 -9.328287293375930e-08
1.662961131772300e-05 8.200572508707723e-06 -1.036318768574333e-07 -1.368151261783826e-07
1.616579434951147e-05 1.128257674506103e-05 -1.037991559821574e-07 -1.154195423405552e-07
1.437260239196467e-05 1.478720144911612e-05 -1.209195830153940e-07 -6.183644363475527e-08
1.629097815598594e-05 1.598477709172788e-05 -9.245571096480368e-08 -2.098026242862368e-08
1.837653637250502e-05 1.700402810717892e-05 -5.438284361357955e-08 2.226081967521702e-08
1.853111588653471e-05 1.196115259879030e-05 -6.006397613994975e-08 -9.862737978115362e-08
1.850649114047145e-05 9.351525435889879e-06 -6.594941265924987e-08 -1.396179154523352e-07
1.805314125789583e-05 1.462409432683059e-05 -6.671087056223548e-08 -4.316961915719046e-08
2.063710665662238e-05 1.776444890655679e-05 -3.091750487703695e-09 5.918852860435068e-08
2.303546714204790e-05 1.828390227584569e-05 5.998530454289592e-08 9.517100013710871e-08
2.046745577661501e-05 1.254867503624364e-05 -1.694610889965945e-08 -8.273297018059506e-08
2.065657471258428e-05 1.019264490722050e-05 -1.317200028421799e-08 -1.356904007657303e-07
2.551090228191128e-05 1.852014483442790e-05 1.279349891695331e-07 1.249933488742263e-07
2.270983538305378e-05 1.479461576296944e-05 4.059490296484143e-08 -1.520411697255172e-08
2.300696448578566e-05 1.067644390394760e-05 4.847726918942619e-08 -1.340755977123865e-07
2.604893258446381e-05 1.518495040113320e-05 1.368231913330615e-07 9.594968697567704e-09
2.833601239103571e-05 1.863286505260612e-05 2.221760596191725e-07 1.617467621844475e-07
2.548022350412551e-05 1.079961818519999e-05 1.164030934994588e-07 -1.366534937751529e-07
3.231786630565163e-05 1.874673000673734e-05 3.752255992736946e-07 2.097582324104679e-07
2.912760169865938e-05 1.326008683902957e-05 2.354892204629330e-07 -5.775472083671233e-08
2.832979641821564e-05 1.068869416700186e-05 2.133695277204331e-07 -1.552020032070649e-07
3.802032121151999e-05 1.892349497402406e-05 6.888082205071071e-07 3.081254713407587e-07
3.514815687529165e-05 1.432916038342125e-05 5.034255013479559e-07 -5.171864342498004e-09
3.232098910941043e-05 1.054264619406109e-05 3.718214800783047e-07 -1.967157623353612e-07
4.587843248581281e-05 1.911719491827903e-05 1.346403641884802e-06 4.460675562177637e-07
4.189450457445753e-05 1.465405926000662e-05 9.724004816280077e-07 1.680193299960175e-08
3.802155680129665e-05 1.037365696170404e-05 6.882141283048458e-07 -2.818845805057230e-07
5.438746555238469e-05 1.928401752799180e-05 2.292640190672245e-06 5.425255817935156e-07
5.008178176149054e-05 1.465366772071797e-05 1.785163721194096e-06 1.502987020779631e-08
4.587861456615796e-05 1.018851641594051e-05 1.347441103336727e-06 -4.146931351942117e-07
6.318005459226325e-05 1.942619560522242e-05 3.343068659725823e-06 5.445657055248535e-07
5.873938319224305e-05 1.465457727335495e-05 2.818943435002314e-06 1.404641274786281e-08
5.438714438535879e-05 1.002407332999116e-05 2.292947589034836e-06 -5.137461567983388e-07
7.221367145103446e-05 1.954512221708688e-05 4.301827902318366e-06 4.736567927765123e-07
6.765983037029113e-05 1.465568287493628e-05 3.848147631401332e-06 1.408660611021214e-08
6.317970014534357e-05 9.884031505748115e-06 3.342835927881201e-06 -5.163899764811434e-07
8.144532187312383e-05 1.964196437872792e-05 5.086181936997712e-06 3.723189247445488e-07
7.679946636452932e-05 1.465691698735621e-05 4.725622330281875e-06 1.252574473362127e-08
7.221327259092375e-05 9.767459620165935e-06 4.302324439433205e-06 -4.466907897791092e-07
9.083499086233115e-05 1.971856411674464e-05 5.665281872896098e-06 2.450850392937539e-07
8.611649939805996e-05 1.465823544997181e-05 5.415220768020692e-06 9.607722561354529e-09
8.144489431305140e-05 9.673179007490778e-06 5.087444099752038e-06 -3.502882535234073e-07
1.003468862715535e-04 1.977691086854116e-05 5.975050368372195e-06 9.400894203469805e-08
9.557295219782173e-05 1.465956896837746e-05 5.870358754360291e-06 1.023165185462058e-08
9.083455624987336e-05 9.599245672763626e-06 5.665450291633856e-06 -2.263299299713215e-07
1.099487377732738e-04 1.981834710168603e-05 5.968938241714013e-06 -5.318245953689617e-08
1.051350866909875e-04 1.466081490068341e-05 6.022577416069877e-06 1.986385955609777e-08
1.003464791496863e-04 9.543496735732461e-06 5.972007845648460e-06 -6.559314651323519e-08
1.196097814415890e-04 1.984399003861606e-05 5.664999046702431e-06 -1.726636479641499e-07
1.147716571728301e-04 1.466186086440713e-05 5.858427231632856e-06 3.911403854089583e-08
1.099483965396812e-04 9.504369726685361e-06 5.962378452287576e-06 1.109408818878931e-07
1.403824891094117e-04 1.928802163795877e-05 4.354255695075803e-06 -2.310162696529798e-07
1.390048145867454e-04 1.985861289480989e-05 4.448157391083458e-06 -2.691224573031486e-07
1.239483837460194e-04 1.466258726049077e-05 5.447588174605348e-06 6.084034416645674e-08
1.293026091960211e-04 1.985609361504264e-05 5.121431641273270e-06 -2.509882282386604e-07
1.196095344149582e-04 9.480542371880102e-06 5.657032570070820e-06 2.738600292638126e-07
1.409531486385009e-04 1.791043956108011e-05 4.315247423090181e-06 -1.383654900597898e-07
1.376926093303871e-04 1.466310521467087e-05 4.542486427130401e-06 8.159357961565424e-08
1.293024878067081e-04 9.469622825334387e-06 5.116131902480633e-06 3.933272040701266e-07
1.409531428609150e-04 1.141578654920627e-05 4.314910185626749e-06 3.023666100742910e-07
1.390047723700614e-04 9.467560622735434e-06 4.446243796684828e-06 4.308530953262487e-07
1.403824731316389e-04 1.003816990422767e-05 4.353474985162171e-06 3.935282165523096e-07
