6.946801050329022e-05 -1.071984168526692e-05 -5.432915613192835e-06 2.957724706682003e-06
6.971129698421315e-05 -1.013362747508301e-05 -5.716112845035384e-06 2.577893414614506e-06
6.971059153041406e-05 -7.368749897052590e-06 -5.661756160857539e-06 1.938277418247235e-07
6.946724404745743e-05 -6.782543487350015e-06 -5.374843621993174e-06 -1.787614245542135e-07
6.888088960802554e-05 -1.096244785406414e-05 -4.806886744650555e-06 3.045568444215299e-06
6.777819356315533e-05 -8.750788769441976e-06 -3.656705848661394e-06 1.343611501192929e-06
6.888006734506902e-05 -6.539928110217305e-06 -4.747862639038831e-06 -2.647851544183821e-07
6.474749964963392e-05 -1.095650567595057e-05 -3.052625955324252e-06 9.462431710913031e-07
6.474743963137912e-05 -6.545209555079464e-06 -3.113572327180378e-06 1.718243192427761e-06
6.247147433184178e-05 -8.751916536610922e-06 -4.389425940725885e-06 1.301014289745029e-06
6.062094225219203e-05 -1.096449529714423e-05 -4.793326814817674e-06 2.198083426269663e-06
6.062283302254241e-05 -6.542610393220796e-06 -4.657274617375596e-06 1.522233802419945e-08
5.855534148449655e-05 -8.754092404370796e-06 -4.917767940417367e-06 7.316027704720716e-07
5.648471184450282e-05 -1.097251054500730e-05 -4.728066543665919e-06 2.754462523708467e-06
5.648315909304852e-05 -6.532386519480128e-06 -4.703885018963456e-06 -1.529228474727610e-06
5.441248014436302e-05 -8.749983784090620e-06 -4.718424408799383e-06 7.663755069550956e-07
5.233904315012092e-05 -1.097370058958565e-05 -3.774928952899180e-06 2.412676048345898e-06
5.233964034626135e-05 -6.523367775038314e-06 -5.674427280032203e-06 1.306338804176061e-06
5.026687980965344e-05 -8.747432450089083e-06 -4.549622917253226e-06 2.818431287560207e-06
4.818807057775007e-05 -1.097856527042129e-05 -4.503297509539753e-06 1.083004652749917e-06
4.818807665806794e-05 -6.514384849350347e-06 -4.167805834942687e-06 3.360394381073225e-06
4.610320399696376e-05 -8.746052532841791e-06 -4.617509048162393e-06 1.465977308982928e-06
4.400913556392972e-05 -1.098423983431604e-05 -4.846455394146511e-06 -2.703132307472516e-07
4.401085363213820e-05 -6.507871893479309e-06 -4.660291329325663e-06 1.743534808595643e-06
4.191914391797159e-05 -8.746140819242364e-06 -5.217779407504213e-06 4.038436702098909e-07
3.984211897753491e-05 -1.096629055517098e-05 -4.639429702204721e-06 1.587255864611319e-06
3.984090171721157e-05 -6.523526485781268e-06 -5.446572381824841e-06 -4.477852736053642e-09
3.776872343230338e-05 -8.744433249541025e-06 -5.024912951898047e-06 1.527573935572230e-06
3.569943557687487e-05 -1.095548755168068e-05 -5.323085834685971e-06 2.150100032184134e-06
3.570008558787681e-05 -6.533394362702640e-06 -4.985460114002311e-06 1.602909386672049e-06
3.363288766202559e-05 -8.743373580895794e-06 -4.868836767676512e-06 1.961659301069767e-06
3.157885371910411e-05 -1.093833699832468e-05 -5.117014631664936e-06 -8.002373098035511e-08
3.157664166072301e-05 -6.545717357455729e-06 -5.529680592315570e-06 3.839237993374833e-06
2.953223529596365e-05 -8.741799700647960e-06 -5.542215262057960e-06 1.305041655467791e-06
2.749909420939715e-05 -1.092117493531077e-05 -5.630051420923236e-06 2.685471454285081e-07
2.750195998755270e-05 -6.566980855981889e-06 -4.621177994277539e-06 9.574562357766016e-07
2.555700124509871e-05 -8.744265545256478e-06 -5.165634268912255e-06 -1.381661877231539e-07
2.363221553860709e-05 -1.088758845232482e-05 -4.669800732424265e-06 1.149101831348724e-06
2.362605915954759e-05 -6.595045488271381e-06 -5.715877620277228e-06 7.990013675036529e-07
2.218603210328666e-05 -8.905028867247489e-06 -5.120875756082899e-06 1.569581625175262e-06
2.072610469680680e-05 -1.086077249533568e-05 -5.510515082786444e-06 1.473433970747118e-06
2.072610754833830e-05 -6.616432538321294e-06 -4.711886018684796e-06 1.270235231837926e-06
1.863943641218114e-05 -1.083746490324408e-05 -3.858521629494716e-06 2.066868145448765e-06
1.904087156560519e-05 -9.456312688506444e-06 -4.658850593178680e-06 1.026679715595062e-06
1.864175677155380e-05 -6.631864384921644e-06 -4.599406881638051e-06 9.420189429391753e-07
1.713731376874394e-05 -6.642714809134496e-06 -3.600233465548782e-06 1.314877747807606e-06
-2.830505126398089e-06 1.934190816841865e-07 -1.013138024917984e-05 -4.890971273129448e-06
-2.883538493210336e-06 2.961307042922760e-07 1.356635549146056e-05 -9.848256497457637e-05
-2.901388306707257e-06 9.382979920450746e-07 -2.422474117836439e-05 4.684642198252111e-05
-2.854076681321417e-06 1.016530878270829e-06 -2.252499411893706e-05 -4.169612980883430e-05
1.713714832186574e-05 -1.082334896720284e-05 -6.133537170330559e-07 2.210706224812635e-06
1.577472673558157e-05 -1.073245453647808e-05 -1.825995607749848e-06 2.722288860740385e-06
1.682959467903918e-05 -8.212789561880756e-06 -2.887126288475420e-06 2.078529956902483e-06
1.576692412914982e-05 -6.534344373353693e-06 -4.167305736192274e-06 1.251916824770625e-06
-2.714230070913975e-06 1.584295172625168e-07 -1.790234866695818e-05 1.513970003739289e-05
-2.520155646546220e-06 6.754800530045109e-07 3.813736318218745e-05 2.673117378641564e-05
-2.753108330020357e-06 1.045009230689360e-06 -6.399327552554785e-05 -6.376213802829667e-05
1.533884264805071e-05 -9.443960554356628e-06 -3.049246983481800e-06 2.904119020268686e-06
1.443855953338642e-05 -1.048358977533925e-05 -4.367084248768669e-06 2.542772917773454e-06
1.314569621122777e-05 -1.009147807358021e-05 -4.901255694138065e-06 2.208315885965243e-07
1.492499112440549e-05 -7.671436812345243e-06 -3.526958208275818e-06 1.270376903361737e-06
1.445637350442310e-05 -6.202608705006706e-06 -2.900763147732759e-06 5.288068995634547e-07
-1.808034445717391e-06 1.499137946370240e-07 -8.316714872820414e-06 -1.420168743236646e-05
-1.803695001864696e-06 1.092640084502072e-06 -9.389461150494811e-06 3.523008999523891e-06
-1.324315220357139e-06 6.391095211664358e-07 1.278161200567520e-05 4.788342155094168e-06
1.191546504735915e-05 -9.555870722068063e-06 -3.791210001734578e-06 -1.036047256733877e-06
1.297240990258035e-05 -8.751722108423639e-06 -4.107315007052145e-06 -1.180608075292275e-06
1.341827175272484e-05 -7.071287524333665e-06 -2.468593894447602e-06 6.725296225210199e-07
1.323974317673268e-05 -5.652954055908394e-06 -2.234849703976054e-06 4.612956636530813e-07
-8.131361205568124e-07 3.199680145459642e-08 -1.284313722870041e-05 -2.108873377043467e-07
-8.146188069904963e-07 1.164769643281022e-06 1.842768170650295e-06 -7.501028789366973e-06
-2.061414918012460e-07 6.446624278719751e-07 1.099128000658764e-05 -1.080363468641343e-05
1.076035192050237e-05 -8.894802023954312e-06 -3.422562407383521e-06 5.430998676750605e-07
9.688390574714614e-06 -8.105568756188074e-06 -3.097171371586018e-06 7.013901352245239e-07
1.185519581868873e-05 -6.804378344228794e-06 -2.205016546098030e-06 1.389866296309647e-06
1.213860873918623e-05 -4.899383810623517e-06 -2.849641307260793e-06 -3.635947006762620e-07
4.698025546641970e-07 -1.363177412131569e-07 -3.098060186624596e-06 1.052434533536273e-05
4.768087716469080e-07 1.324760295874827e-06 -3.976322209550281e-06 1.723063491775911e-05
9.956343080180924e-06 -6.883838753884320e-06 -2.476158784260763e-06 9.495310867914649e-07
8.728813575764760e-06 -7.202450612578824e-06 -1.708918885145076e-06 3.249957807776320e-07
1.040580078540028e-05 -5.498995631853408e-06 -2.402082781261534e-06 6.254602391415701e-07
1.118760741674074e-05 -3.983203134056261e-06 -3.405943807246066e-06 5.858484744521406e-07
1.226031860836962e-06 6.242650855443505e-07 -1.294077917492986e-06 -2.728638053314647e-05
2.100713917273852e-06 -3.859934975521721e-07 7.441407648585391e-06 7.040071854256219e-06
2.108935790756346e-06 1.622488210829788e-06 -1.282185840999040e-06 1.017063428458791e-05
7.881413861907985e-06 -6.204275403356731e-06 -3.323789344198466e-07 4.305831365585519e-07
7.168170007102115e-06 -5.136628851859482e-06 -1.447350797245589e-06 6.424548763395883e-07
6.577057918918682e-06 -3.994419540834155e-06 -3.432247783962652e-06 -2.269962214943464e-07
9.482937553496923e-06 -4.247456889852861e-06 -2.189679267410270e-06 1.070207445125797e-06
1.042715359054214e-05 -2.938336962217714e-06 -9.573122780999807e-10 1.597445701292993e-07
2.826889403832335e-06 6.208753185118564e-07 -1.634862060297174e-06 9.618868714827795e-06
3.711942242146741e-06 -6.391741684176961e-07 -3.661780910966434e-06 -1.588651361940852e-05
3.706073300676644e-06 1.891855898757741e-06 -3.967299755000614e-07 -9.430442779329650e-06
7.781862907981725e-06 -3.999239360681554e-06 -1.052154066770930e-06 8.861549936726390e-07
6.117030030183527e-06 -2.794608058415391e-06 -5.003774741286448e-06 -3.411725028441387e-06
5.150887457686399e-06 -8.529251446409650e-07 -4.399209027364477e-06 -5.704773709464965e-06
5.573021632354777e-06 -1.074518418416767e-06 -4.073848215556920e-06 -6.351132966987151e-07
5.805211246939242e-06 -1.527242555646819e-06 -5.011543237537781e-06 1.095443828819166e-06
8.840157988332244e-06 -2.783711936039158e-06 -2.728450516523386e-06 -2.191296790930425e-07
9.873547819198919e-06 -1.791861274954586e-06 2.202020207232035e-06 3.790340991572429e-06
4.488607961575969e-06 4.334558809947459e-07 1.115798420993730e-06 2.559112626171697e-06
5.125629979578557e-06 2.103862179761492e-06 -1.429302378478985e-06 -7.247521345113775e-06
6.950639803600931e-06 -1.935836638931576e-06 3.490733946083743e-08 7.818388557765537e-08
5.596406908011043e-06 -1.955246678420189e-07 -1.534874311208876e-07 4.142495065666041e-06
6.096400838942968e-06 -9.231397726832383e-07 -1.389197121888407e-06 2.863690024879254e-06
8.365824455397828e-06 -1.437814054355981e-06 -2.320920833670073e-06 -7.582618862620035e-07
9.534124665650701e-06 -5.989159309999620e-07 8.628575187892565e-07 3.701330058984867e-06
5.612953178441441e-06 1.236568511991230e-06 -3.102172019635237e-06 2.979034940240758e-07
5.527998779843371e-06 2.316287301477433e-06 -4.104685032510563e-06 -1.313911940666304e-06
7.193332837257855e-06 7.644925717596542e-08 -1.950346051716526e-06 -3.636871049774589e-06
9.424134252132447e-06 6.081567273598293e-07 -1.997928703641705e-06 -9.594303327002695e-07
9.589010559788645e-06 1.806256330142793e-06 -3.424809655195305e-06 -2.015833309314915e-06
6.449225440192149e-06 2.004832240456680e-06 1.357948090206917e-06 1.694650245042271e-06
5.752124445029265e-06 2.783618479219577e-06 -3.934476265723006e-06 4.444746683655081e-06
6.028691341161938e-06 4.104918692300393e-06 -6.188042372536875e-06 -2.701314679383879e-07
8.366412477071783e-06 1.942821022200658e-06 -1.247818910206561e-06 -2.980799867396530e-06
6.463009680630808e-06 5.421981146107740e-06 -4.257518749386721e-06 -3.567615581849350e-06
1.001583819553376e-05 3.032449221816654e-06 -3.706640968201506e-06 1.558361231003847e-06
7.217262374996670e-06 4.139534825382987e-06 -1.766888297605359e-06 -3.263101757451995e-06
8.993445905180159e-06 4.241259166691745e-06 -1.094855083498630e-06 -1.956969370616172e-06
7.069112325715442e-06 6.693450741355631e-06 1.027943527910152e-06 -3.182630265038421e-06
1.068296244302737e-05 4.239656407965654e-06 -3.122685149683630e-06 3.890089365521113e-07
1.015442758823795e-05 5.464005811523155e-06 -2.510032327835503e-06 -3.326753618650888e-06
8.881790548867937e-06 6.244378703033505e-06 -3.055628250517976e-06 -2.503756303490889e-06
7.827813396395916e-06 7.934491780756474e-06 -1.480796663045531e-06 -3.316704042326301e-06
8.771888574530892e-06 9.115389034070060e-06 -1.705880979158694e-06 -2.439743146461308e-06
1.160244370460416e-05 5.374294863728122e-06 -3.145730333999186e-06 -4.297838081478965e-06
1.095318726588582e-05 6.872169914849968e-06 -3.216739285747448e-06 -3.168017351536599e-06
1.018766865975745e-05 8.653213746911508e-06 -2.710549143530090e-06 -1.910782964963585e-06
9.858940971254441e-06 1.021996008281106e-05 -1.687132538898982e-06 -1.988340857573270e-06
1.274975108598996e-05 6.394940721642097e-06 -2.690309620566234e-06 -3.707287271166947e-06
1.241214852594584e-05 8.654566495770566e-06 -2.430637462451513e-06 -2.870423665849883e-06
1.110582563772209e-05 1.120014500049600e-05 -2.165335540507275e-06 -2.005524455854651e-06
1.249251662117497e-05 1.204941565688169e-05 -3.452261487716127e-06 -3.970850472386977e-06
1.399451428597145e-05 1.276642699208506e-05 -4.461224984544588e-06 -5.294691288520651e-06
1.411580410379911e-05 9.146280054569011e-06 -2.766272413855559e-06 -3.605640901774501e-06
1.410304968225194e-05 7.254269969249925e-06 -2.383726790156856e-06 -2.378426465699468e-06
1.376781686348750e-05 1.106575785216931e-05 -3.846852073853626e-06 -4.234369175981373e-06
1.561449920512492e-05 1.329936738849975e-05 -4.826949278833197e-06 -6.221670962538932e-06
1.732853102108203e-05 1.365872151083053e-05 -5.436550042181827e-06 -6.330679857298348e-06
1.550261471955806e-05 9.571231393709456e-06 -3.926126845212364e-06 -4.086650539994631e-06
1.563756147242000e-05 7.878605267965041e-06 -3.628682547864368e-06 -2.070932795217358e-06
1.909134777190398e-05 1.381628489356722e-05 -6.960628975359275e-06 -5.904931854043506e-06
1.710308759427195e-05 1.117673150715429e-05 -5.029240103748579e-06 -4.227669187869337e-06
1.731307827257266e-05 8.242537467868663e-06 -5.174494751341468e-06 -2.645054772799052e-06
1.947444611851600e-05 1.145429899667150e-05 -6.533701509838935e-06 -3.999865159041300e-06
2.108655222393336e-05 1.388339603399408e-05 -7.454781731341675e-06 -5.455184440395552e-06
1.907172187441136e-05 8.342799715386243e-06 -5.073460373088855e-06 -2.095428526728984e-06
2.388875944060077e-05 1.395068182055765e-05 -6.269548189283751e-06 -5.717531823682434e-06
2.164805480325435e-05 1.009569647720290e-05 -6.464118393149037e-06 -3.177643305473315e-06
2.108180724014974e-05 8.277343919649653e-06 -6.156238539712286e-06 -1.758335482022687e-06
2.788463771833491e-05 1.405860197885588e-05 -7.906862721992551e-06 -5.747410375083735e-06
2.587748109738631e-05 1.084504019277504e-05 -7.153598524031791e-06 -3.519355041656645e-06
2.389499750410729e-05 8.186646044322105e-06 -6.874031992892007e-06 -1.442867473274655e-06
3.334569344811307e-05 1.418532197240804e-05 -1.279478463675305e-05 -6.012544482019914e-06
3.057908879750432e-05 1.108352614763289e-05 -1.055238274404835e-05 -3.662898259678388e-06
2.787782467909299e-05 8.087544130425153e-06 -8.673117685395522e-06 -2.428364622024645e-06
3.925017274129734e-05 1.428699532874077e-05 -1.426690052327258e-05 -6.285455727100966e-06
3.626680732199301e-05 1.108237495811029e-05 -1.325994818196074e-05 -4.938693990282256e-06
3.334921013943992e-05 7.982053683868161e-06 -1.160956039633053e-05 -3.612114615564739e-06
4.532059453069196e-05 1.436987024309678e-05 -1.808063107388096e-05 -4.413325251819977e-06
4.225822488238652e-05 1.108172273350997e-05 -1.684993112670841e-05 -3.305262701940692e-06
3.924843060883652e-05 7.876655846206594e-06 -1.553029914264652e-05 -1.751648564892801e-06
5.155096963104087e-05 1.444172782730167e-05 -2.049826251478480e-05 -6.630162394275834e-06
4.841231677918833e-05 1.108204291759258e-05 -1.890512548195176e-05 -4.007799158179916e-06
4.532136649571107e-05 7.792931875941595e-06 -1.785864937208869e-05 -3.062271806959106e-06
5.788820002477787e-05 1.450081650273279e-05 -2.279046540756712e-05 -6.390603919324094e-06
5.470431865701088e-05 1.108548660492691e-05 -2.151568026447895e-05 -4.207223270626677e-06
5.154916317419191e-05 7.726124196876204e-06 -2.021262804106355e-05 -1.841768262391575e-06
6.431545744088755e-05 1.455493582898814e-05 -2.702474925134418e-05 -3.324134690649196e-06
6.108431419713413e-05 1.108687662275940e-05 -2.538327048726286e-05 -3.587576931413024e-06
5.788822559727681e-05 7.671509172613157e-06 -2.336426414458257e-05 -1.375836455035800e-06
7.083926654443919e-05 1.459261836456772e-05 -3.017180004581826e-05 -5.691946129958727e-06
6.756442167934906e-05 1.108793679095217e-05 -2.829330280176646e-05 -4.102011448235571e-06
6.431406508924269e-05 7.620698396172915e-06 -2.650382195591243e-05 -4.384189176327153e-06
7.742101809596706e-05 1.462014244509793e-05 -3.112863402552763e-05 -6.034811721503863e-06
7.412424282037825e-05 1.108460407351468e-05 -3.108428370781731e-05 -3.737441250697264e-06
7.084258156053653e-05 7.579126870549480e-06 -3.064027118955333e-05 -2.135261673541589e-06
8.402109284454897e-05 1.463643259805704e-05 -3.276746759089917e-05 -5.022837412812830e-06
8.071575900844192e-05 1.109147723147680e-05 -3.132720976630604e-05 -4.363340888383652e-06
7.741615064237183e-05 7.555805161217573e-06 -3.059757048551806e-05 -2.061874717962215e-06
9.821448630303216e-05 1.424201136445051e-05 -3.857217174705254e-05 -4.311145162260389e-06
9.727439589591957e-05 1.463127116360956e-05 -3.823571990999212e-05 -4.305786374409365e-06
8.698930003117582e-05 1.108901904408966e-05 -3.554763944811348e-05 -3.811275242277944e-06
9.064673836384992e-05 1.463030869980000e-05 -3.790012586596615e-05 -2.657848843870702e-06
8.402333327072622e-05 7.545401908972167e-06 -3.313295650869080e-05 -3.306364833198913e-06
9.860389385142528e-05 1.330216366744996e-05 -3.872022728516233e-05 -4.155254093536992e-06
9.637809816255002e-05 1.108667221580925e-05 -3.765181949665297e-05 -3.219950711690353e-06
9.064726659552746e-05 7.543919116541977e-06 -3.804024569572542e-05 -4.213263396885162e-06
9.860309083846422e-05 8.871955056086698e-06 -3.863543159705543e-05 -2.358107144768647e-06
9.727371568015308e-05 7.543130901966107e-06 -3.818795373933471e-05 -2.273834928500410e-06
9.821368656272300e-05 7.932316719566160e-06 -3.849427097693832e-05 -2.248190996535885e-06
