-1.164095040488532e-05 2.772028158669835e-06 -4.279786418260674e-05 4.409454444169039e-06
-1.165666019765770e-05 2.733503735818063e-06 -4.284006694976347e-05 4.238510307603507e-06
-1.165660796881228e-05 2.552474185535850e-06 -4.279057151987870e-05 3.514781232548051e-06
-1.164086692123950e-05 2.513765448217863e-06 -4.274219838357292e-05 3.319975184231190e-06
-1.160289901473020e-05 2.788099941502527e-06 -4.268143609469344e-05 4.494201171906326e-06
-1.153150222557528e-05 2.642773331044530e-06 -4.239444884152067e-05 3.829825718069452e-06
-1.160271382796793e-05 2.497586492997716e-06 -4.261163743243920e-05 3.220070535625343e-06
-1.133020253841014e-05 2.791882156001380e-06 -4.101721991711471e-05 4.886601221462512e-06
-1.132939179933155e-05 2.491043988515677e-06 -4.088102804687866e-05 2.375540519560423e-06
-1.116945261754438e-05 2.640511565671397e-06 -3.894844086622393e-05 3.487012375018290e-06
-1.103949732379460e-05 2.792909305778650e-06 -3.750096277765157e-05 4.944213043005897e-06
-1.103949620738122e-05 2.487971742390563e-06 -3.762284504017384e-05 2.412641021214649e-06
-1.089818116009200e-05 2.640768360382144e-06 -3.652514463053034e-05 3.609649845323365e-06
-1.076048984402239e-05 2.792490290564760e-06 -3.550688901901583e-05 4.990040022324308e-06
-1.076194726076674e-05 2.492101740201402e-06 -3.602301132474570e-05 2.986609026191849e-06
-1.062401914393378e-05 2.643502139103496e-06 -3.497124073870205e-05 3.913171612140744e-06
-1.047604124402020e-05 2.807074922196974e-06 -3.266809175006843e-05 5.750921608534468e-06
-1.047689518084821e-05 2.481182538862390e-06 -3.327547976150276e-05 2.213494870517052e-06
-1.032239542883042e-05 2.643830744407599e-06 -3.125563513686774e-05 3.751596508553629e-06
-1.015721823215021e-05 2.821025539290664e-06 -2.937907256955281e-05 4.742261448796172e-06
-1.015592324089978e-05 2.462560382429378e-06 -2.995103052032745e-05 2.266029815480797e-06
-9.988341567094026e-06 2.639541174279523e-06 -2.908184484068703e-05 3.555076626731145e-06
-9.812336379821057e-06 2.832287511128439e-06 -2.798406069318475e-05 4.690612496423954e-06
-9.811193873274590e-06 2.442745629558905e-06 -2.854511840153915e-05 2.385940761161247e-06
-9.629137131342227e-06 2.636714236483334e-06 -2.719752910939951e-05 4.008241669305606e-06
-9.426862942374366e-06 2.859722944105125e-06 -2.500803525452894e-05 6.127510274832993e-06
-9.428556305228322e-06 2.416668439471285e-06 -2.524321414473604e-05 1.980517314773905e-06
-9.216426454837404e-06 2.640444677688719e-06 -2.294671226903334e-05 4.264471199864985e-06
-8.988556779440338e-06 2.890712042955428e-06 -2.148976209903983e-05 5.535422158477562e-06
-8.990433786959424e-06 2.395231501618820e-06 -2.107390458705061e-05 2.147794431445809e-06
-8.756868627001950e-06 2.644728733386046e-06 -1.988834790633508e-05 3.432591861452895e-06
-8.507634337243452e-06 2.922656599040713e-06 -1.845835540761383e-05 4.835534166174032e-06
-8.506930400854477e-06 2.366783571764153e-06 -1.830670382817798e-05 1.519397900545275e-06
-8.245231321228062e-06 2.644335200541464e-06 -1.665790272829393e-05 3.115762087270941e-06
-7.951649426217351e-06 2.968695731128354e-06 -1.472641222184319e-05 4.965287020950754e-06
-7.951990442039877e-06 2.320440904412275e-06 -1.519546047412739e-05 2.067621145528359e-06
-7.655234855490655e-06 2.645805055414570e-06 -1.350281773596673e-05 3.918100052334119e-06
-7.331713283542546e-06 3.014969706433959e-06 -1.245773696871400e-05 4.923537751842272e-06
-7.333948302385520e-06 2.278373654134306e-06 -1.236840625724958e-05 3.053660156143390e-06
-7.085583307851214e-06 2.680119991457544e-06 -1.149344502592053e-05 3.931572070906344e-06
-6.812071913985828e-06 3.052274236922839e-06 -1.025061899373437e-05 4.846924247687670e-06
-6.813402238120541e-06 2.243079160630318e-06 -9.862841351128002e-06 2.501438037751090e-06
-6.398046458326658e-06 3.086892571929542e-06 -7.877745734396721e-06 4.571626293884729e-06
-6.490784992994273e-06 2.794760462355160e-06 -8.236737506287234e-06 3.603045759041739e-06
-6.398739587352138e-06 2.215872344657146e-06 -7.871142802557373e-06 2.342201589254632e-06
-6.071567997333320e-06 2.186136603304378e-06 -6.779014878823816e-06 2.327309000146338e-06
1.246984798511853e-06 -4.128579650088102e-07 -8.138145499037495e-06 -8.818930162550088e-06
1.242969943525978e-06 -4.589548453667464e-07 3.339008558250135e-05 1.264790083842661e-05
1.217989342725075e-06 -7.989328292403428e-07 6.823170539849613e-06 -3.761747793748525e-05
1.234576321590205e-06 -7.667098315532506e-07 -4.009103115040268e-05 -2.750139146233784e-05
-6.076616393194215e-06 3.110554376742037e-06 -6.467237611746496e-06 4.374105435229252e-06
-5.758545578949685e-06 3.115188688636459e-06 -5.705910430551313e-06 4.554374234925292e-06
-6.016001263845856e-06 2.532349730897070e-06 -6.528458189378938e-06 3.077328884450556e-06
-5.766981902057680e-06 2.128904284081223e-06 -6.278735563734770e-06 2.261778974684213e-06
1.238036040874737e-06 -3.894433425487413e-07 -1.096235237845081e-05 -4.940938692602326e-05
1.057914589094036e-06 -5.170239482526569e-07 2.349429122981836e-05 2.882332071656181e-05
1.267653387555430e-06 -7.477615359293422e-07 -7.256172486355006e-05 -2.729005928571909e-05
-5.664435832175765e-06 2.823188452803233e-06 -5.603131643834694e-06 3.985586965698349e-06
-5.432221298566420e-06 3.087064090975378e-06 -5.005037683115593e-06 4.760491410519231e-06
-5.095914058594485e-06 3.012400188988667e-06 -4.541921258015287e-06 4.913891260046369e-06
-5.567578634905635e-06 2.396406259610023e-06 -5.874349005068339e-06 2.942646601364571e-06
-5.447461679329620e-06 2.009126405315455e-06 -5.728412838839985e-06 1.637441885724631e-06
7.841989112331481e-07 -3.708214810826822e-07 -1.032008439806595e-05 4.212868783278219e-06
7.760277652474693e-07 -8.125910700681307e-07 4.738059007270535e-06 7.334597450559473e-06
5.524593045281167e-07 -5.620134514665548e-07 7.706278645972883e-06 -1.299070324025909e-05
-4.755243756182648e-06 2.901536616734216e-06 -3.883161776723954e-06 4.993798206115656e-06
-5.058244344930195e-06 2.677863485734992e-06 -4.713313139613428e-06 4.230326395755444e-06
-5.177137850419479e-06 2.232046883435548e-06 -5.221541970334054e-06 2.197112555120874e-06
-5.132747812504779e-06 1.823907145232183e-06 -5.219768776628095e-06 7.911672305846671e-07
3.406472359374903e-07 -3.187627207620566e-07 -5.359103666779228e-06 6.691544987477712e-06
3.466321591526556e-07 -8.369870934970355e-07 -4.042179716373236e-06 -1.785772688097933e-06
7.559125945651712e-08 -5.824077289260690e-07 6.787513690817116e-06 -5.287450918436611e-06
-4.421275966451067e-06 2.741264615717874e-06 -3.103266711535593e-06 4.624640902008335e-06
-4.091900357435123e-06 2.533238528322526e-06 -2.644467785130534e-06 3.846395623506320e-06
-4.745346179796839e-06 2.153132867232224e-06 -4.464509523571282e-06 1.753512112768948e-06
-4.836872245137923e-06 1.578161971420627e-06 -4.938711922138909e-06 4.283030297653742e-07
-2.273533320823352e-07 -2.615271040489394e-07 3.372376625161819e-06 5.009525343096652e-06
-2.303685906491599e-07 -8.985412426463825e-07 -4.779946537065150e-06 -4.656482468625474e-06
-4.174047335521406e-06 2.183849775474479e-06 -3.197081177162826e-06 2.509445911086221e-06
-3.774673340974814e-06 2.285160034695826e-06 -2.204321405737239e-06 3.161818316690743e-06
-4.319337969842031e-06 1.757007037845249e-06 -4.412217406086390e-06 1.196049534445044e-06
-4.574297052740482e-06 1.266500320213420e-06 -5.182758409879749e-06 1.429477735625717e-06
-5.538924719127216e-07 -5.832559695363166e-07 9.475724166653890e-08 -3.362577761527044e-06
-9.473397677391181e-07 -1.451635508930811e-07 -1.718368058072689e-06 -9.680475350545363e-07
-9.391345955176905e-07 -1.003524381657767e-06 5.548958447369746e-06 -5.225328210467539e-06
-3.485057248155887e-06 1.990958610041992e-06 -1.923545969361721e-06 3.303053677112792e-06
-3.213254690282588e-06 1.644175735064821e-06 -1.469568526272105e-06 3.065842757530509e-06
-2.964925956593446e-06 1.258145511733797e-06 -7.310950875733913e-07 2.301607699298661e-06
-4.022976548924617e-06 1.351610032230465e-06 -4.760557663524815e-06 2.099451008498037e-06
-4.358806044393704e-06 8.908395985686434e-07 -5.363337958378090e-06 2.429638603148534e-06
-1.257066888194484e-06 -5.674172870051384e-07 -3.586860124863612e-07 2.039774003631550e-07
-1.637151344020956e-06 -2.144896712640391e-08 -5.984855994468104e-07 9.895395632385303e-07
-1.642956620106665e-06 -1.119800651994887e-06 -2.251279067335008e-06 1.320856312720159e-06
-3.422078727836288e-06 1.266622565393888e-06 -2.328118993114762e-06 2.340759485078139e-06
-2.763146502337475e-06 8.232811789061024e-07 -3.889163713814074e-07 6.173869449372078e-07
-2.283485362537369e-06 7.192167280571718e-08 3.207897447580912e-08 1.876247211959451e-06
-2.480572022612550e-06 1.627266218384289e-07 -1.131391950827104e-06 1.573623075528434e-06
-2.598387397706716e-06 3.433872474859541e-07 -1.302106188101775e-06 9.201842635062660e-07
-3.808835977619342e-06 8.336557336059647e-07 -3.964207180130094e-06 1.971870378338433e-06
-4.205569888359117e-06 4.569422399233506e-07 -4.366895735889097e-06 2.154376379692511e-06
-1.984034124254554e-06 -4.922107719028524e-07 -1.100236099774251e-07 1.494812089867468e-06
-2.249320142841869e-06 -1.203992518351564e-06 -1.957773807544948e-06 -6.168031378330117e-07
-3.075018270680443e-06 5.083430403496446e-07 -1.290426268038463e-06 3.834636580707616e-07
-2.476868989163852e-06 -2.148582709505708e-07 -1.393901145845932e-06 1.172959380136784e-06
-2.707854329879790e-06 9.730133185018455e-08 -1.673252659300619e-06 1.141859625317415e-06
-3.633179548483381e-06 3.164237219588966e-07 -2.824490231763703e-06 1.013579493783621e-06
-4.122658745807908e-06 -2.877493642410335e-08 -2.992051690602008e-06 1.747800973702824e-06
-2.457836455274075e-06 -8.324214353706289e-07 -2.082704472987291e-06 -4.091620279600287e-07
-2.405307626991366e-06 -1.298145498663503e-06 -2.266142102932739e-06 -1.114457196355171e-06
-3.153268206227488e-06 -3.144357586136874e-07 -2.603429020670902e-06 8.698770214773090e-07
-4.111956871232676e-06 -5.421377391650412e-07 -2.871481198525373e-06 2.047617568335298e-06
-4.235924622774593e-06 -1.074989227419517e-06 -3.746374174688099e-06 8.341738663373935e-07
-2.803677780435167e-06 -1.160882313505872e-06 -2.494655621271372e-06 -8.456644364276695e-07
-2.487686230929228e-06 -1.514925870074695e-06 -2.324871534981496e-06 -1.462416818662053e-06
-2.577158955649937e-06 -2.145968627868778e-06 -2.283620556781613e-06 -1.791953234342497e-06
-3.673446721059411e-06 -1.123111446027226e-06 -2.580641944460218e-06 5.958501861921752e-07
-2.742460928182884e-06 -2.808032330795935e-06 -2.315373588000098e-06 -1.937884808938933e-06
-4.479916664126281e-06 -1.628886670180920e-06 -4.552815812431121e-06 -7.515991152792106e-07
-3.127502663117928e-06 -2.152214590199077e-06 -2.347331341391813e-06 -1.776791692124875e-06
-3.992723327546808e-06 -2.203031418940266e-06 -3.715277278441894e-06 -1.918190706688471e-06
-3.013312679627146e-06 -3.460951841021939e-06 -2.593750073552475e-06 -2.178285082874020e-06
-4.858017335307048e-06 -2.203453197475858e-06 -4.207753196587887e-06 -1.842520995357785e-06
-4.601401408691510e-06 -2.817872719954545e-06 -3.557056981666024e-06 -1.951953016571449e-06
-3.933664853477917e-06 -3.221580364775199e-06 -3.235657623039586e-06 -2.162685076119408e-06
-3.376300605323325e-06 -4.136977645735680e-06 -2.732871013276889e-06 -2.337740149720940e-06
-3.868875003454968e-06 -4.805059650382669e-06 -2.228659834199980e-06 -2.324219960310893e-06
-5.393143802768259e-06 -2.765740079391786e-06 -3.045284598073494e-06 -1.553682544702880e-06
-5.046476968048943e-06 -3.567967238048042e-06 -2.645120662567048e-06 -1.715901803963419e-06
-4.629746755246980e-06 -4.552286477225742e-06 -2.139302566399934e-06 -2.279482527089048e-06
-4.448826685755301e-06 -5.444324104061301e-06 -2.110768890060314e-06 -3.064536441996590e-06
-6.060976934925702e-06 -3.296027470072189e-06 -3.461917408448093e-06 -1.813902502692051e-06
-5.875657206279813e-06 -4.560903508303437e-06 -3.763451647404216e-06 -3.113599863773348e-06
-5.139965274501277e-06 -6.018697457120323e-06 -3.360620123814499e-06 -3.817583568482036e-06
-5.933365542423037e-06 -6.533708184730130e-06 -4.001464889009655e-06 -3.585173328741762e-06
-6.807327683345250e-06 -6.986215587153479e-06 -4.292744140495596e-06 -2.952441992809975e-06
-6.866834904688199e-06 -4.842532815307083e-06 -4.477631415689181e-06 -3.425730591080548e-06
-6.854757232219495e-06 -3.756913149573990e-06 -4.448963026699340e-06 -2.903280441131581e-06
-6.664180458571910e-06 -5.965122215105121e-06 -4.430491579602579e-06 -3.409955216327884e-06
-7.771694053985529e-06 -7.327636036270069e-06 -4.037998519609638e-06 -2.554530782589440e-06
-8.807039522065884e-06 -7.569479171914644e-06 -4.711372723901316e-06 -3.026207876027734e-06
-7.690139479226516e-06 -5.087758132839295e-06 -4.454747844122686e-06 -3.294396906361281e-06
-7.772385831336967e-06 -4.089070420378303e-06 -4.578381455631938e-06 -3.385420106960499e-06
-9.882163490059291e-06 -7.687149540118631e-06 -6.048680974691133e-06 -3.382693177550645e-06
-8.656397963655543e-06 -6.053688176227531e-06 -4.297997108919455e-06 -2.719023540486316e-06
-8.787400141215383e-06 -4.274088081331884e-06 -4.521445692424200e-06 -3.199477249846241e-06
-1.011373895933723e-05 -6.227586832859469e-06 -6.069433342777548e-06 -3.219004199176166e-06
-1.112241416153626e-05 -7.752307802757095e-06 -6.916797664685464e-06 -3.619967737253308e-06
-9.863122240283749e-06 -4.313842882042084e-06 -5.356257132730869e-06 -3.132972055624062e-06
-1.288805315033403e-05 -7.814934229486553e-06 -6.082727696557093e-06 -4.145842387134177e-06
-1.146757544716356e-05 -5.379675908734681e-06 -6.416497399643518e-06 -3.911239951117906e-06
-1.111987362155715e-05 -4.248238221722319e-06 -6.146548714130231e-06 -3.549423443213864e-06
-1.544251620931001e-05 -7.903800252221972e-06 -6.462911190512387e-06 -4.657443493003569e-06
-1.415456386994645e-05 -5.846388582544415e-06 -5.911510327410412e-06 -4.007321568606325e-06
-1.289333072843999e-05 -4.161993698908886e-06 -6.019865342653884e-06 -3.970504132336232e-06
-1.897579491755531e-05 -8.007571677477876e-06 -9.051276769459056e-06 -3.661616243077949e-06
-1.718019514999454e-05 -5.990012485682599e-06 -8.203787171837344e-06 -2.966230110753577e-06
-1.544385699217671e-05 -4.070837180394987e-06 -7.177937453580768e-06 -2.443244866458130e-06
-2.283841528743926e-05 -8.106045253769390e-06 -9.889932804633924e-06 -4.512414857999623e-06
-2.087540141428707e-05 -5.994314887521783e-06 -9.262166713018059e-06 -3.219692458390684e-06
-1.897320489027773e-05 -3.975597767982044e-06 -8.872430108267040e-06 -2.206757913291739e-06
-2.685900538583960e-05 -8.174660971408689e-06 -1.127552408804469e-05 -4.829639112741240e-06
-2.482828793043801e-05 -5.993533636985188e-06 -1.039943101442070e-05 -4.199465731860046e-06
-2.283906909753743e-05 -3.882812408878926e-06 -9.339308649886348e-06 -3.052799776309913e-06
-3.099767366055636e-05 -8.238682246446611e-06 -1.214547107171398e-05 -3.152138292837580e-06
-2.890854433522394e-05 -5.990202672986074e-06 -1.228164561904151e-05 -3.345732401907669e-06
-2.686074949247767e-05 -3.808681041870911e-06 -1.172668229562383e-05 -2.946360555148991e-06
-3.526031437466687e-05 -8.304093177234470e-06 -1.385782252676751e-05 -3.913656041697696e-06
-3.310756052206795e-05 -5.991792190089179e-06 -1.253161583504876e-05 -2.427510370843028e-06
-3.099660004372747e-05 -3.742759356920765e-06 -1.257610886404696e-05 -2.427863177928815e-06
-3.962681867067455e-05 -8.351198816810187e-06 -1.655271699822013e-05 -4.417978273070922e-06
-3.742952127043243e-05 -5.992696256486423e-06 -1.523978344662452e-05 -3.147453507692479e-06
-3.525968084928739e-05 -3.681067967525545e-06 -1.348462862070146e-05 -1.472123156461394e-06
-4.408043660761740e-05 -8.393151092850588e-06 -1.639647129612131e-05 -4.003804075440743e-06
-4.183920073864220e-05 -5.988746259311793e-06 -1.679016873987792e-05 -3.967827826097032e-06
-3.962860910613681e-05 -3.630682368720450e-06 -1.619577872277659e-05 -2.830738541853120e-06
-4.861898292953847e-05 -8.425852156702907e-06 -1.739548541373165e-05 -4.386121658718931e-06
-4.633845412005608e-05 -5.985739148147760e-06 -1.647756422501152e-05 -3.622197004203156e-06
-4.408163974386614e-05 -3.580734824465451e-06 -1.659367242726063e-05 -3.733226109231663e-06
-5.319205474358518e-05 -8.437760529016644e-06 -1.971698086901287e-05 -3.751093389788065e-06
-5.090379855034021e-05 -5.986846100680344e-06 -1.886750137288088e-05 -3.067156886186141e-06
-4.861823230602866e-05 -3.546336399140851e-06 -1.764863259976103e-05 -2.227654311709781e-06
-6.303361991601414e-05 -8.182026225145794e-06 -2.144604663493828e-05 -5.123629824543332e-06
-6.237896067815637e-05 -8.452867956753267e-06 -2.115538095176317e-05 -5.195137230332828e-06
-5.524098882894767e-05 -5.987659008737126e-06 -1.975372660008274e-05 -3.303241167610839e-06
-5.777134447861557e-05 -8.447678645736052e-06 -1.961263227117962e-05 -4.179401879047758e-06
-5.319164350021293e-05 -3.537095065869560e-06 -1.959404005971305e-05 -2.512748752934734e-06
-6.330483497892723e-05 -7.527857719000602e-06 -2.157199957313035e-05 -4.900082156389891e-06
-6.175472958420955e-05 -5.985358574798236e-06 -2.072542701708273e-05 -4.160897581997213e-06
-5.777220227288523e-05 -3.526068367111602e-06 -1.934827966654609e-05 -3.170292955062659e-06
-6.330498546167913e-05 -4.442601216293969e-06 -2.154592871396259e-05 -3.476095644908867e-06
-6.237936675620752e-05 -3.517946070793707e-06 -2.105165623501080e-05 -3.070038425280151e-06
-6.303384560390979e-05 -3.788663147888798e-06 -2.139782791468646e-05 -3.180001188657067e-06
