-7.975702230553336e-05 1.172639215443194e-05 -4.149070280000452e-05 7.314412860282495e-06
-8.004959860533160e-05 1.102140304610282e-05 -4.203371390151875e-05 6.535156670330242e-06
-8.004998792967227e-05 7.696957790185478e-06 -4.195115241585266e-05 1.509081102357128e-06
-7.975744656140785e-05 6.991958423832280e-06 -4.139551687671655e-05 6.925916456808868e-07
-7.905098403155975e-05 1.201816655070171e-05 -4.027840791963439e-05 7.501633026092662e-06
-7.772716511062822e-05 9.359503701496191e-06 -3.827495781994454e-05 3.854271882117170e-06
-7.905144500509003e-05 6.700185083930990e-06 -4.015383928680074e-05 4.799176951105801e-07
-7.408923645116358e-05 1.201096181189298e-05 -3.758812827326918e-05 3.673245329189163e-06
-7.408862093184785e-05 6.706690979211111e-06 -3.768294825317457e-05 3.819030406166176e-06
-7.135953407587739e-05 9.356711257927668e-06 -3.679702841057502e-05 4.232648099774297e-06
-6.914356304187079e-05 1.200769782544067e-05 -3.400129050909302e-05 7.552356252892150e-06
-6.914063017197109e-05 6.701452809425478e-06 -3.411648376114759e-05 1.170836301086761e-06
-6.666469679701867e-05 9.353306547097014e-06 -3.130000988962434e-05 4.505965945536011e-06
-6.418864624541358e-05 1.200299662509246e-05 -3.129703865395482e-05 5.482276146380524e-06
-6.419328435093149e-05 6.710554618930130e-06 -2.995279007310169e-05 1.385096262819749e-06
-6.171805416124459e-05 9.360517333433426e-06 -3.089867343023162e-05 3.102451762640175e-06
-5.924460597113664e-05 1.200887079323278e-05 -2.922588306325795e-05 4.311844045502005e-06
-5.924681484715358e-05 6.715187045888029e-06 -2.963518083283826e-05 2.597269345614552e-06
-5.677394464868552e-05 9.362725619866542e-06 -2.630468063522872e-05 4.029643776927165e-06
-5.430834521334788e-05 1.200030765472483e-05 -2.445721739672998e-05 4.180929670435728e-06
-5.430606395357974e-05 6.719459580871217e-06 -2.315887906171768e-05 4.169991276782928e-06
-5.184182814879196e-05 9.357895535755250e-06 -2.363320292845867e-05 3.935525448722119e-06
-4.938265193024280e-05 1.198805853364971e-05 -2.185830564217325e-05 7.017660779066697e-06
-4.938257731837850e-05 6.726726524604080e-06 -2.261687421087101e-05 1.349052234301988e-06
-4.692777061814116e-05 9.357315478525269e-06 -2.115537135375003e-05 3.962209907239964e-06
-4.448162306429414e-05 1.197258776979699e-05 -2.122385598332235e-05 4.463261622113502e-06
-4.448688720312030e-05 6.747581738576246e-06 -2.011060524653488e-05 2.132409804330896e-06
-4.204285072826061e-05 9.364773823969060e-06 -1.880895642393962e-05 3.498976391695117e-06
-3.961074342454219e-05 1.195798160081450e-05 -1.615706698930027e-05 5.928477340296716e-06
-3.960966872630710e-05 6.772313097388082e-06 -1.692476989422697e-05 2.598537103266905e-06
-3.718525207395426e-05 9.366595663960165e-06 -1.553058922783065e-05 4.015473859265555e-06
-3.477890811058072e-05 1.193547461208819e-05 -1.538311449809211e-05 5.175197686376943e-06
-3.477927938513371e-05 6.800089991069475e-06 -1.474526235358112e-05 3.049198931451979e-06
-3.238277510861208e-05 9.368079563977791e-06 -1.415479316938951e-05 2.881966460593066e-06
-3.000888464886954e-05 1.190230096490024e-05 -1.294112890135592e-05 4.494852868898216e-06
-3.000526210885218e-05 6.829359761827702e-06 -1.374958623375468e-05 2.141888641833372e-06
-2.773964666657285e-05 9.362005046541931e-06 -1.179710019863833e-05 4.733731592411414e-06
-2.549604036827290e-05 1.185808734789450e-05 -9.848230331315410e-06 5.279911969819637e-06
-2.550110228410886e-05 6.878288316130977e-06 -9.892944423717373e-06 3.281669460251047e-06
-2.382756269616863e-05 9.561339058694643e-06 -9.930006098029257e-06 2.616634036476437e-06
-2.215572626349926e-05 1.180495650275886e-05 -1.178336073849504e-05 3.225171664041547e-06
-2.215658862384578e-05 6.932147458624392e-06 -8.683241854543852e-06 4.877712675673878e-06
-1.977847476954969e-05 1.175379939318804e-05 -8.831559655109945e-06 4.746359839865899e-06
-2.022914922146371e-05 1.018719495512119e-05 -9.250014875926154e-06 4.764457808069045e-06
-1.977259516199224e-05 6.972419938072148e-06 -7.450475221449185e-06 3.731082721938218e-06
-1.806661515185629e-05 7.006836128660545e-06 -5.191823421749039e-06 1.271683256084056e-06
2.898420794445263e-06 -7.216760226239016e-08 4.183171927087693e-06 3.033464240809759e-05
2.920627569945202e-06 -1.723767340144010e-07 2.955553350712426e-05 6.301832947348190e-05
2.893744617761719e-06 -7.871189524771586e-07 1.083554871690663e-05 -7.211352529852617e-05
2.869823095383777e-06 -8.814087285379229e-07 -7.100043096535823e-06 3.143103301732348e-05
-1.806587412330997e-05 1.172258454158160e-05 -6.921395487875439e-06 4.000152606686131e-06
-1.653664778365515e-05 1.160866825305888e-05 -5.454315444616732e-06 5.442538537704340e-06
-1.771259377909295e-05 8.781928220481910e-06 -5.554600881398349e-06 2.668051403705061e-06
-1.652955090772992e-05 6.909151800228448e-06 -5.037443772965273e-06 2.353206786134035e-06
2.815229989716922e-06 -2.604209211598918e-08 9.839310503391384e-07 -1.167262990419713e-05
2.477389738221190e-06 -4.987748798098505e-07 -1.346194440404922e-05 -3.224805840927068e-05
2.789979679345050e-06 -9.186045131945494e-07 1.593647165410947e-05 7.927693813450227e-05
-1.604423801253559e-05 1.016293599961932e-05 -5.813862489585662e-06 2.826207328564033e-06
-1.504470130050986e-05 1.131584461990317e-05 -4.777275665284524e-06 6.912319068653228e-06
-1.361941444691946e-05 1.087062284987921e-05 -5.044533895950542e-06 5.838096694578921e-06
-1.558681643039782e-05 8.187487187279744e-06 -5.202685537662658e-06 4.197422016739179e-06
-1.506756819893911e-05 6.572680986484307e-06 -8.436174628486574e-06 4.887944484489669e-06
1.815329763890693e-06 -4.211392065773679e-08 1.140614151415062e-05 2.373452897246125e-05
1.821913009384323e-06 -9.601885815268726e-07 -7.229476437664046e-06 6.933578033394616e-06
1.306764444418572e-06 -5.083394314719711e-07 1.515054342210439e-06 -2.996799444076180e-05
-1.227772464080095e-05 1.026458956421027e-05 -4.649703001707649e-06 4.788267840018119e-06
-1.342614571471740e-05 9.386371065035350e-06 -5.079832586958348e-06 3.161385999601046e-06
-1.391651629427034e-05 7.533033238748267e-06 -4.904643887034912e-06 5.474109217058137e-06
-1.371310607897086e-05 5.991624958190241e-06 -3.109014028785735e-06 -2.327291064668225e-06
8.163010211137904e-07 6.872825325824846e-08 -8.511643549409360e-06 1.151681605402438e-05
8.176251853439695e-07 -1.047752984037049e-06 9.537182709561785e-06 2.248372226069490e-05
2.100171470197887e-07 -5.249034263358025e-07 -4.824232513087611e-06 -3.916923973531434e-05
-1.102142466049028e-05 9.520491994903460e-06 -4.778620538773223e-06 5.844230659048421e-06
-9.874652217431485e-06 8.657667833809819e-06 -6.408746909974084e-06 4.530235575390926e-06
-1.220398710788875e-05 7.236817057502342e-06 -2.314554912535428e-06 1.571964387127355e-06
-1.251233573426850e-05 5.187719509186872e-06 -7.301273108069761e-06 1.782828330633544e-06
-4.702953892801498e-07 2.600646482578741e-07 7.357058436166000e-06 1.582284388865752e-05
-4.638344531526213e-07 -1.218976433959194e-06 -2.949709324524667e-06 9.492607594660479e-06
-1.016500117846771e-05 7.330737917815354e-06 -4.540506090429793e-06 2.865506609029823e-06
-8.860028742746344e-06 7.677428662994514e-06 -3.446165236442870e-06 1.602107331649987e-06
-1.064817733597573e-05 5.840563135766197e-06 -1.738607404711572e-06 4.282179412782052e-06
-1.149529624883769e-05 4.226487812137875e-06 1.095160083888889e-06 -3.321953420683577e-07
-1.220948613811588e-06 -5.002588246521748e-07 -4.151889672107920e-06 -1.283593216942683e-05
-2.101423937113160e-06 5.293131290844760e-07 -2.908023740305827e-06 7.701925910151264e-07
-2.111514160631782e-06 -1.503232103982200e-06 -1.156362006065363e-06 -1.257493174956383e-06
-7.967463705872398e-06 6.603858686955035e-06 -6.940075064708784e-07 8.472137523510727e-08
-7.215403210964211e-06 5.458678369320624e-06 -2.290826474050390e-06 3.076745856660170e-06
-6.609376020679279e-06 4.245570787888591e-06 -2.005044064776198e-06 4.745420010722432e-06
-9.665106423813016e-06 4.510066626116010e-06 -3.344362279461044e-06 1.532627321866092e-06
-1.066814014058397e-05 3.129020549525451e-06 6.996123803117181e-07 2.722070645450546e-06
-2.830771639163364e-06 -4.721435053466087e-07 6.531314127074000e-06 2.875890653450661e-06
-3.723508894485775e-06 7.978936865216746e-07 -6.330961810976696e-06 -1.852520093549784e-06
-3.720480364190868e-06 -1.784107625343900e-06 -8.378382592657667e-06 -4.259670661224039e-06
-7.870702487714218e-06 4.242681409867894e-06 -1.793818408139577e-06 4.536255969732586e-06
-6.147165849029559e-06 2.994624002921847e-06 -3.434889416805655e-06 5.547977525100094e-07
-5.195729698717346e-06 1.023887220326017e-06 6.182578910739542e-06 -5.289695243095936e-06
-5.620485209221848e-06 1.242192124791223e-06 -1.101080397774423e-05 7.615949020171576e-06
-5.849407127054968e-06 1.692819942294735e-06 -2.065981681650076e-05 1.480712410204481e-05
-8.982242854320800e-06 2.967762219633648e-06 -6.797290778700154e-06 2.686788762550707e-08
-1.005750859227629e-05 1.954875214675786e-06 3.491084260000051e-07 4.895849931115879e-06
-4.511092786984538e-06 -3.065229544167665e-07 4.237215554589354e-07 2.658345535203639e-06
-5.175536124292847e-06 -1.997012689527793e-06 -5.012163923497355e-07 -1.045637516059771e-06
-7.027695643862558e-06 2.095238648851469e-06 2.845226101938236e-06 3.828148010361548e-06
-5.646923560589831e-06 3.441525498538744e-07 -1.547932381343091e-08 -8.575434495762162e-06
-6.153501231842191e-06 1.079064004189296e-06 -1.716436189696328e-05 1.021477808852789e-05
-8.483656465721777e-06 1.585112860927384e-06 -1.330253722937878e-06 -1.021863920505566e-06
-9.683973814687385e-06 7.329390225129503e-07 -2.493403062638937e-07 7.527553341044408e-06
-5.665263452688239e-06 -1.125673827014136e-06 3.631560298486245e-06 -7.126245539645073e-07
-5.601496881270584e-06 -2.214211111054081e-06 -1.016075689619562e-06 4.104902436465558e-06
-7.276199608605880e-06 4.501620784224081e-08 -1.970427232147578e-06 -1.729241565760933e-06
-9.566973102583511e-06 -4.953807942565789e-07 -6.451977026478480e-06 1.622238671443649e-06
-9.712092174667439e-06 -1.720042256713693e-06 -2.696204367912150e-06 2.577097599317619e-06
-6.521375149850081e-06 -1.914382295164911e-06 1.027065304143624e-06 6.201650288170466e-06
-5.841701477564417e-06 -2.691186656508636e-06 -7.013657187767955e-06 5.586207888416396e-06
-6.118284806848130e-06 -4.039602571793276e-06 -1.424349755945094e-05 1.945943851067454e-06
-8.472892294158625e-06 -1.864584570988736e-06 -1.892329582214949e-06 1.517009124636828e-06
-6.544253589193060e-06 -5.372936983210707e-06 -5.914336594171822e-06 4.323919066106267e-06
-1.012662602699974e-05 -2.973514312142957e-06 2.310586600806400e-06 -1.816235194078055e-07
-7.295218615879476e-06 -4.082024344413581e-06 -3.873908193599801e-06 -1.654152919729040e-06
-9.116822701404862e-06 -4.179794094662143e-06 -1.176861692712226e-06 -1.954939776135170e-06
-7.156817496279840e-06 -6.657616364931443e-06 1.248701418393243e-05 8.204228944125732e-06
-1.080751046379126e-05 -4.190693540310918e-06 1.046131737862717e-06 1.012772493524901e-05
-1.029231554891477e-05 -5.417777392004261e-06 -4.164288943465661e-06 6.708974319645932e-07
-8.996706328682468e-06 -6.214426223565468e-06 -7.256101237702236e-06 -5.150995898062108e-06
-7.935380460835550e-06 -7.893120583121795e-06 -9.146300072681442e-06 -4.838841790048414e-06
-8.884495089409509e-06 -9.097529621109763e-06 -4.483159587440600e-06 3.086328046822817e-06
-1.173591644484295e-05 -5.334483793756873e-06 -7.442300180852457e-06 2.164462103626338e-06
-1.109332682700359e-05 -6.842294979839528e-06 -6.645462048701051e-06 -4.147674226449736e-06
-1.031068546790388e-05 -8.634465989239882e-06 -4.401174989657120e-07 -5.461971884309092e-07
-9.976771150918215e-06 -1.020527151038883e-05 3.160718922997030e-06 -6.104758965307902e-07
-1.289354043479484e-05 -6.358051656765909e-06 2.119340053915367e-06 3.617808866380541e-07
-1.256321681596436e-05 -8.624229255260262e-06 -4.296915719130785e-06 -2.187116214823729e-06
-1.124272000230922e-05 -1.118046661967227e-05 -5.293540931078523e-07 -4.110294786959420e-06
-1.264828781982982e-05 -1.204815024592472e-05 9.245201700679160e-07 3.353266155777986e-06
-1.416688783310271e-05 -1.277576350758654e-05 -1.503181311329378e-06 -8.572896772786475e-07
-1.428923084969769e-05 -9.125773429969597e-06 -2.491766022803865e-06 5.917472503809169e-07
-1.427062194642276e-05 -7.214438561984885e-06 -6.909808697976864e-07 1.924092397096406e-06
-1.393820736605870e-05 -1.105741238369937e-05 -7.050777023578475e-07 3.005713919108610e-06
-1.581318899406963e-05 -1.330868940824288e-05 -1.962962358150619e-06 -7.736692228732614e-06
-1.754398272713127e-05 -1.366673206291192e-05 -2.892608234850325e-06 -5.175033200711248e-06
-1.569126554282888e-05 -9.558010813742311e-06 -1.449538499209507e-06 1.111844084831798e-07
-1.582695672015700e-05 -7.849702571740732e-06 -1.442890202092581e-06 3.132857778943119e-06
-1.931671498231079e-05 -1.382802102930399e-05 -3.517319192979610e-06 1.300879664008455e-06
-1.731313594596174e-05 -1.116950041298863e-05 -3.824484393327857e-06 -3.865470147807352e-06
-1.752194700077971e-05 -8.216075421980570e-06 -3.782499269063148e-06 3.751887897218445e-07
-1.970774641283878e-05 -1.144475840483405e-05 -9.768466958740668e-07 -4.114669071195836e-07
-2.133464770880970e-05 -1.389483447661261e-05 1.618410525205432e-06 7.736301059697194e-07
-1.930257350220942e-05 -8.311199053079926e-06 -3.653601573898560e-06 -1.765160471570696e-07
-2.415566776913332e-05 -1.395468572414171e-05 -2.182297609078936e-06 2.181018623983539e-06
-2.189578846178777e-05 -1.007889824987483e-05 -1.943589910197857e-06 -1.692026793059617e-07
-2.132372745912104e-05 -8.248754295986352e-06 -2.838240881454416e-06 -1.264430707014645e-06
-2.814716664512199e-05 -1.404000523351097e-05 -2.383642242482611e-06 -9.620357188409869e-07
-2.614895014487589e-05 -1.084061584554354e-05 -8.868320800511917e-07 -2.014705687486426e-07
-2.415173076202084e-05 -8.166626279109923e-06 4.233145231575112e-07 -1.169309066329601e-06
-3.357467311605892e-05 -1.411917826644703e-05 -2.241920985071514e-06 -2.497258934367402e-06
-3.083531595761445e-05 -1.105795469074143e-05 -1.948840125086643e-06 -1.026435237170227e-06
-2.815157765483723e-05 -8.082202738635169e-06 -3.062244526871535e-06 -2.103948780069869e-06
-3.936627508635416e-05 -1.418486097572586e-05 -8.444865371343882e-07 -4.493619152641069e-07
-3.645018685147812e-05 -1.105710211162342e-05 -1.533372862567283e-06 -1.112712688896182e-06
-3.357256487130571e-05 -7.992287031686709e-06 -8.570957176533351e-07 1.219747170811303e-06
-4.528148523758244e-05 -1.423980382583644e-05 -2.801429606287995e-06 1.075240885548936e-06
-4.230635782099329e-05 -1.105472477459155e-05 -2.242865447051859e-06 -6.195808027948770e-07
-3.936922192602504e-05 -7.927149005761719e-06 -1.210850746805291e-06 -1.772867747516895e-06
-5.127686586067640e-05 -1.427991105959910e-05 -2.277784532165139e-06 -3.780232717384803e-06
-4.826782140241176e-05 -1.105352926324029e-05 -2.080767732707712e-06 -3.443033728797835e-08
-4.528090479245721e-05 -7.867526275273421e-06 -3.698502621182300e-06 -1.440634725961028e-06
-5.733833469371866e-05 -1.431228976832592e-05 -2.388093860484676e-06 -1.173857406246504e-06
-5.429673728125658e-05 -1.105133514683836e-05 -2.369792249299482e-06 -1.714599800963102e-06
-5.127719077111522e-05 -7.825752506217942e-06 -1.355400488179322e-06 1.920374269815252e-06
-6.345212777916147e-05 -1.433802287933436e-05 -2.140733880676694e-06 1.649659219890375e-06
-6.038754475446225e-05 -1.105004938609291e-05 -2.818903845827687e-06 -4.430076475623989e-07
-5.733786891601240e-05 -7.788111334722749e-06 -2.446483567904638e-06 -1.491731828659961e-06
-6.963616973392958e-05 -1.437151055661399e-05 -2.762270367553406e-06 -1.563513580986137e-06
-6.653284172997968e-05 -1.104696444859238e-05 -1.786455876235587e-06 -3.137371122218345e-07
-6.345585068787386e-05 -7.759057344302373e-06 -2.583270599629204e-06 -1.923954560534589e-06
-7.584715253216582e-05 -1.438261646957393e-05 -2.870690986891438e-06 6.519562393135963e-07
-7.273906148601000e-05 -1.105019910474637e-05 -3.529382105352092e-06 -9.360201724496627e-07
-6.963241268755608e-05 -7.725184279489083e-06 -2.709671325658564e-06 -3.963468288421565e-07
-8.209410898945816e-05 -1.439799421676361e-05 -2.570629590331818e-06 -5.103898988616401e-07
-7.896393235723690e-05 -1.104970861152043e-05 -2.008023415611583e-06 -1.023350275254977e-06
-7.584838141006936e-05 -7.716259353681669e-06 -2.367165407955721e-06 -2.249017396805339e-06
-9.550673170462777e-05 -1.403288659971455e-05 -2.530961873191738e-06 -1.316678182819107e-06
-9.461657517158022e-05 -1.440127312166144e-05 -2.594584803663097e-06 -1.221618631258975e-06
-8.490069762173920e-05 -1.105019310385483e-05 -3.555969457625837e-06 -1.947397358318457e-07
-8.835785709430190e-05 -1.439958288830387e-05 -3.043100289020304e-06 2.320069446027498e-07
-8.209388697651714e-05 -7.702738979089499e-06 -3.429488112784768e-06 -5.463892314706806e-07
-9.587550280373806e-05 -1.314318140008358e-05 -2.505504479402760e-06 -1.471175955327297e-06
-9.376948562453099e-05 -1.104547813180066e-05 -2.236306587015138e-06 -1.449714426290411e-06
-8.835919121213299e-05 -7.697394126305969e-06 -2.397879590669652e-06 -1.211070959534212e-06
-9.587670726155459e-05 -8.946684036068387e-06 -2.158334679686197e-06 -1.755822656827544e-06
-9.461807414964707e-05 -7.688902333683345e-06 -2.065648498382537e-06 -1.806149597221958e-06
-9.550806273314948e-05 -8.057149455799666e-06 -2.120005648205139e-06 -1.784627541549005e-06
