-1.475069723221138e-05 3.859071027702623e-06 -4.221975709712976e-05 4.878763799902800e-06
-1.477807572008200e-05 3.793078925880610e-06 -4.249340254312074e-05 4.558793657706140e-06
-1.477857621793054e-05 3.483320545725268e-06 -4.242063173276449e-05 3.860580280856359e-06
-1.475124737161554e-05 3.417369976874633e-06 -4.214598695098253e-05 3.573614872150229e-06
-1.468467163212589e-05 3.886467278419112e-06 -4.164866961709319e-05 4.989031366846496e-06
-1.456021714872447e-05 3.638459496511394e-06 -4.009126950235836e-05 4.174288979702532e-06
-1.468528228806870e-05 3.390007217117777e-06 -4.158667112499798e-05 3.480579682573739e-06
-1.421217526551974e-05 3.890448411399576e-06 -3.524042224799467e-05 5.311962989697833e-06
-1.421281702900986e-05 3.387933511823605e-06 -3.553368225492740e-05 3.661408497440430e-06
-1.395393439107451e-05 3.639843656328386e-06 -3.601507228956330e-05 4.890556308604992e-06
-1.374160997292531e-05 3.897304505722318e-06 -3.448205452297342e-05 7.682547509927410e-06
-1.374157660351545e-05 3.382882260089890e-06 -3.479212462630962e-05 2.498593830733571e-06
-1.350217219573903e-05 3.640770102290083e-06 -3.196438781793833e-05 4.800469855670298e-06
-1.325946445193498e-05 3.902938625682356e-06 -3.093645610509011e-05 5.620933265790369e-06
-1.325920455442832e-05 3.379895105761930e-06 -3.055604880888742e-05 2.699310787552052e-06
-1.301728555327127e-05 3.642130257405726e-06 -3.006338163297878e-05 3.776861252310641e-06
-1.278309952708836e-05 3.896074128736106e-06 -2.694782922704966e-05 7.138100254853230e-06
-1.278198789044750e-05 3.388676545673318e-06 -2.762441149525478e-05 8.040411895967104e-07
-1.254924199138529e-05 3.642641257042681e-06 -2.511798684908791e-05 4.480117432480404e-06
-1.231691631637166e-05 3.895590437480890e-06 -2.520252587282717e-05 4.257025988591019e-06
-1.231466536588518e-05 3.388423479636421e-06 -2.597669464461928e-05 4.965680894303583e-06
-1.207824287662991e-05 3.641206458947450e-06 -2.598498580677771e-05 5.049020232013835e-06
-1.183442625750976e-05 3.904688267917929e-06 -2.231542825394783e-05 8.013210514393988e-06
-1.183435743794669e-05 3.377315105681592e-06 -2.300768859931860e-05 2.416634415124058e-06
-1.158630007188204e-05 3.641955477024656e-06 -1.927157747420875e-05 5.341799696716627e-06
-1.132673345800007e-05 3.924668619484808e-06 -1.962594869106444e-05 4.586675485196721e-06
-1.132806285593067e-05 3.361424144435048e-06 -1.814355418449143e-05 4.369531513607513e-06
-1.106371253695552e-05 3.643247949167063e-06 -1.975605134044373e-05 3.601306638796056e-06
-1.079345517090023e-05 3.942113988705211e-06 -1.865167733044984e-05 7.365094753460652e-06
-1.078760897352536e-05 3.336897156110424e-06 -1.969781265249562e-05 1.377849767005406e-06
-1.051194484636941e-05 3.634709268896550e-06 -1.747409981571027e-05 4.769918630569610e-06
-1.020725394568008e-05 3.973381885875082e-06 -1.520243112437776e-05 6.502505221933536e-06
-1.020965825715527e-05 3.293093804340891e-06 -1.596596932480122e-05 3.158163140320922e-06
-9.888623570579896e-06 3.632366928993293e-06 -1.345873677381981e-05 4.872759999397115e-06
-9.539683209796999e-06 4.014884246370220e-06 -1.298371554395857e-05 5.984209187999927e-06
-9.539655822246610e-06 3.246726352400523e-06 -1.102878169476386e-05 3.265022554944105e-06
-9.188426833634747e-06 3.632046640362707e-06 -1.191946324430642e-05 3.687079738925916e-06
-8.801959771246686e-06 4.073385452835457e-06 -1.194493029098548e-05 6.221825957960767e-06
-8.799363678775585e-06 3.184808770833866e-06 -1.417323920607378e-05 2.695995306897152e-06
-8.502811229762120e-06 3.667832064110646e-06 -1.336080493227429e-05 3.725869750517417e-06
-8.167530552222362e-06 4.125444074788021e-06 -1.220850460665672e-05 6.997894099847995e-06
-8.173017622077769e-06 3.135808193416897e-06 -1.030706429870076e-05 3.970071004958166e-06
-7.662743964662525e-06 4.168137655044999e-06 -5.586642616749784e-06 5.554093849033507e-06
-7.775713409586591e-06 3.811046342327202e-06 -6.348825311820841e-06 4.306507244678974e-06
-7.658355596001736e-06 3.102037121284938e-06 -1.058214602679455e-05 3.113756182632586e-06
-7.258137021865117e-06 3.061418301979911e-06 -8.319527752167938e-06 2.391816526211474e-06
1.471410594009579e-06 -9.812014157343153e-08 5.261275663497004e-05 -2.332323131206576e-05
1.528127130773639e-06 -2.577975989844360e-07 1.714806704018250e-06 -6.413501130109812e-06
1.516593876085402e-06 -4.096112216124209e-07 -1.610826752714221e-05 4.672239344299505e-07
1.477715545576194e-06 -4.704962028244644e-07 1.787742254441565e-05 1.710573715639064e-05
-7.268176843687269e-06 4.195883915870968e-06 -5.969261749466344e-06 5.465008959150094e-06
-6.884725084150862e-06 4.200434985314353e-06 -6.611513535836953e-06 5.495173409154617e-06
-7.193312174313967e-06 3.486500502581240e-06 -7.217334280450242e-06 5.758234082223467e-06
-6.896645169611902e-06 2.987966315811312e-06 -5.619194418597024e-06 3.880216328331856e-06
1.324598790903400e-06 -2.741426961546692e-08 7.466636219679790e-05 3.063775129299704e-06
1.275289907057019e-06 -2.967557804624362e-07 -5.148988718310134e-05 -1.739735696155547e-05
1.387657121813595e-06 -4.876633510735655e-07 6.298363255389005e-05 1.504674607229155e-05
-6.771092970137274e-06 3.844624214753202e-06 -6.809569837169913e-06 5.072020865510936e-06
-6.483783334391459e-06 4.169823517179224e-06 -7.013165860568402e-06 5.367205437355788e-06
-6.069773739314947e-06 4.082451965885506e-06 -6.311243067095500e-06 4.378859479917352e-06
-6.657375012975053e-06 3.316971623303417e-06 -4.994004759293006e-06 5.394295698075813e-06
-6.510976851657447e-06 2.839375879229535e-06 -4.936661812895556e-06 4.985300181248747e-06
9.367916477276188e-07 -4.502005555985665e-08 1.375653570648819e-05 2.135372572007016e-05
9.033186104558690e-07 -5.461006028350322e-07 6.500957711555137e-06 7.551562886002336e-06
6.842877278450232e-07 -2.915069447537107e-07 -7.688776835553453e-06 -3.308590879468849e-05
-5.649670360946565e-06 3.948735565323764e-06 -4.388437522173232e-06 4.216824091605756e-06
-6.026607933412928e-06 3.670858732530241e-06 -6.448870338225563e-06 1.860291425590817e-06
-6.176079667195229e-06 3.112020028522775e-06 -5.892530322385588e-06 3.851123255277611e-06
-6.116729974139067e-06 2.605107997604586e-06 -6.555106212498187e-06 1.642096042005534e-06
4.000493088061062e-07 -3.701025824233317e-08 -4.525780930312519e-06 1.985527113840103e-05
4.136743668888212e-07 -5.795925121836057e-07 1.164279663599181e-05 1.950620083493312e-05
1.124618332316645e-07 -3.111740442068863e-07 -1.072819389645888e-05 -3.726715337566472e-05
-5.232623186056144e-06 3.743420092168342e-06 -2.734127781142503e-06 5.054988678893442e-06
-4.822326633750351e-06 3.484529322889114e-06 -4.622195349528872e-06 4.710566108637911e-06
-5.634766306105939e-06 3.006587334774412e-06 -3.753109082325220e-06 2.895838606152894e-06
-5.744581495881124e-06 2.299108636400234e-06 -7.964778930927820e-06 3.211132597329586e-06
-2.181683827321879e-07 6.540003122142635e-08 1.228995718485595e-05 1.743504358726183e-05
-2.328573781356276e-07 -6.964422870891013e-07 3.246503561850233e-06 1.618524095759069e-05
-4.924421178673341e-06 3.048387272777141e-06 -2.592020799554087e-06 4.730937005840738e-06
-4.432009378440887e-06 3.176443099185805e-06 -2.703796431577384e-06 3.005880726770499e-06
-5.100466798908241e-06 2.521502578128611e-06 -6.245411540279146e-07 5.261997393983592e-06
-5.419882954344167e-06 1.922617799103036e-06 -7.330047238272360e-07 2.168343242145291e-07
-6.111685572272014e-07 -3.102683134330584e-07 -1.010306888016812e-05 -1.807174609642784e-05
-1.069215654980701e-06 1.936700664157907e-07 2.169820011368701e-06 3.229310354275791e-06
-1.054329448926667e-06 -8.288935829149076e-07 1.631329789677587e-06 5.104422888101075e-06
-4.075598411507463e-06 2.808856199132224e-06 -3.424321900788823e-07 1.242989519455905e-06
-3.736060814451159e-06 2.377653245754556e-06 -8.520616678034410e-07 1.825912943301501e-06
-3.434205514999485e-06 1.903861388638297e-06 -1.845162179243378e-06 1.370708959662870e-06
-4.726247744243615e-06 2.023658105214521e-06 -3.762378769982606e-06 2.517122148251210e-06
-5.140013210430500e-06 1.455744450613381e-06 -1.469769210811698e-06 4.021468979628469e-06
-1.425911772962169e-06 -2.976347673971211e-07 4.589078507254766e-06 9.526823393641147e-06
-1.866481871022696e-06 3.629780133014629e-07 -9.076827600438618e-06 -1.168659133931054e-05
-1.865064337335581e-06 -9.596894017419317e-07 -9.655114409545810e-06 -5.357681863794184e-06
-3.992173572102894e-06 1.911476093057097e-06 -1.077743846565467e-06 2.756673783098714e-06
-3.193957621683299e-06 1.378213107832092e-06 -3.520826305470207e-06 -3.421501769689353e-06
-2.631753559061943e-06 4.820036862832090e-07 4.533485392249224e-06 -1.121059826597005e-06
-2.864866239410871e-06 5.888805455767499e-07 -9.139015119584345e-06 9.749658368710536e-06
-3.003506456587151e-06 8.008036524499705e-07 -1.668579730207293e-05 1.378467459012211e-05
-4.456118612774083e-06 1.383203277984859e-06 -8.645640904070047e-06 1.659064257436019e-06
-4.936127050539886e-06 9.286951470542250e-07 6.994292272986385e-07 9.521798469847931e-06
-2.272974314799382e-06 -2.146117640127232e-07 2.565473444642857e-06 6.123824405312595e-06
-2.596725207372110e-06 -1.048274996967710e-06 -3.181503035941721e-06 -7.428092645607515e-07
-3.581561640180717e-06 9.905966441566073e-07 4.239590909406004e-06 1.801957111441116e-06
-2.861594331806804e-06 1.293224724381407e-07 -4.121343551135790e-07 -1.418229371128870e-06
-3.139581914562459e-06 5.060863622359261e-07 -1.274780401305709e-05 1.103769194053664e-05
-4.242509563231650e-06 7.563731917952984e-07 -1.088063504066346e-06 -3.097239446489394e-06
-4.823974308554056e-06 3.421975264934123e-07 5.109614408096889e-06 1.233045302631876e-05
-2.838333118609735e-06 -6.156168244522670e-07 -3.765115234700857e-07 -3.796625342212547e-07
-2.792036539244968e-06 -1.161085601532059e-06 -6.782712233489665e-06 6.707031537499460e-06
-3.678268111072042e-06 8.527066795393652e-09 -2.640734482890102e-06 -6.167879617640604e-06
-4.811228885111842e-06 -2.545203821548018e-07 -5.950010358406759e-06 8.947839435209554e-06
-4.949265391742290e-06 -8.906589811429555e-07 -8.095102096392106e-06 3.135810245521487e-06
-3.256667651009388e-06 -1.007198468454980e-06 3.352218982357995e-06 6.137639576188527e-06
-2.899222198598573e-06 -1.423603269985552e-06 -1.175781305655833e-05 1.134919922802426e-05
-3.003264147082792e-06 -2.179198811766084e-06 -1.789602396659582e-05 7.810571271525977e-07
-4.291758802499269e-06 -9.525089341254072e-07 -5.329266704819528e-06 -7.032714326934751e-07
-3.194811925401994e-06 -2.955804448093922e-06 -8.037028255842705e-06 -1.853436101576818e-06
-5.228423289521693e-06 -1.561259948947010e-06 -4.553051277958573e-07 4.853979924112026e-06
-3.635227033251533e-06 -2.191354359572048e-06 -2.655426700482882e-06 -5.890227241675048e-06
-4.674222066800351e-06 -2.242151840182445e-06 7.919463428921836e-07 -1.530474379190123e-06
-3.524114487399916e-06 -3.720717526259554e-06 1.235829651596356e-05 3.364183374134424e-06
-5.676088019686676e-06 -2.254203802606764e-06 7.650682914230639e-07 6.670588022128064e-06
-5.385592717030788e-06 -2.967956432685088e-06 -3.706456170190215e-06 -1.525776147586222e-06
-4.601975712946189e-06 -3.448518616300203e-06 -5.950786963476422e-06 -1.265659748140140e-06
-3.959567569630118e-06 -4.495203993044067e-06 -4.819359898363574e-06 -1.234880824333006e-06
-4.522535917336109e-06 -5.276197051194361e-06 -1.962282430808219e-06 6.353292322552025e-07
-6.286209052310041e-06 -2.909015796415458e-06 -5.859281409165079e-06 -3.601259074633268e-06
-5.887474860069267e-06 -3.840578828887970e-06 -6.841280137169664e-06 -1.445042072355050e-06
-5.395470689637893e-06 -4.986326476713875e-06 -1.280890308035683e-06 -7.229635940350067e-07
-5.185407673223594e-06 -6.016948169465074e-06 2.704746824915354e-06 -2.302762053186232e-06
-7.052806878218826e-06 -3.520270364309715e-06 -3.057508673917404e-07 2.347818652377192e-07
-6.837094291245094e-06 -4.987539440375186e-06 -4.298047563390373e-06 -4.777581668829241e-06
-5.983666937405635e-06 -6.678838021066370e-06 -3.843705478038804e-06 -4.126585068732187e-06
-6.906474697199131e-06 -7.283240893808458e-06 -3.667540643307845e-06 9.799719774215571e-07
-7.922048037399867e-06 -7.812521851552408e-06 -4.710771046750624e-06 -1.154076612017564e-06
-7.992366454427418e-06 -5.316207812939285e-06 -3.947801749105693e-06 -3.449313143809999e-06
-7.977124774348548e-06 -4.050955680298802e-06 -3.622014213458897e-06 6.641035867878855e-07
-7.755555157377227e-06 -6.622323830584024e-06 -3.584052300148292e-06 -1.265885235008758e-06
-9.048987578757867e-06 -8.207982728332090e-06 -3.723015425501122e-06 -4.876545301303330e-06
-1.025575197466850e-05 -8.490140267787172e-06 -6.099997489051415e-06 -4.828716426789006e-06
-8.950163013206233e-06 -5.600661686579789e-06 -4.276977574020086e-06 -2.843075916265092e-06
-9.047908958932238e-06 -4.439231513918846e-06 -4.921117543874334e-06 6.881442890022544e-07
-1.150816797406249e-05 -8.633359113564793e-06 -9.818351376898187e-06 -2.611010128653418e-06
-1.007652291609675e-05 -6.724099501541868e-06 -5.113543982085052e-06 -1.971287877301513e-06
-1.022715779110458e-05 -4.648230334249554e-06 -5.135442276188983e-06 -1.909486888648073e-06
-1.178085609792926e-05 -6.929001935576324e-06 -7.298331713253131e-06 -2.110277297774184e-06
-1.296486839840716e-05 -8.715669373659932e-06 -7.977706723772170e-06 -4.836893637355981e-06
-1.148718927776726e-05 -4.689784833427604e-06 -4.756687820796542e-06 -2.041842771970504e-06
-1.502355343555808e-05 -8.787402873755814e-06 -5.986019683153678e-06 -5.615391561041860e-06
-1.337228873609416e-05 -5.937420686507472e-06 -8.063846627181903e-06 -3.144339654464903e-06
-1.296516413350222e-05 -4.611701115656640e-06 -7.845933743054760e-06 -1.831903987949779e-06
-1.801251809723282e-05 -8.907912166284175e-06 -7.545914705036532e-06 -3.814458479074017e-06
-1.649817980029221e-05 -6.483336905315924e-06 -6.613588919541367e-06 -1.482761060128036e-06
-1.503062142779406e-05 -4.512988066353174e-06 -7.191211456508381e-06 -7.011631206131484e-07
-2.219849080051936e-05 -9.034991644366023e-06 -1.085787666105311e-05 -3.313131917597941e-06
-2.007060864303714e-05 -6.649180456962751e-06 -9.312205468305149e-06 -3.061235609863749e-06
-1.801794281833223e-05 -4.389217379913188e-06 -7.171630554037320e-06 -1.928476772257344e-06
-2.675570981972953e-05 -9.152691127389839e-06 -1.317702380695270e-05 -2.760186640290873e-06
-2.444095417051643e-05 -6.657249964066086e-06 -1.320036776436817e-05 -2.136769482521843e-06
-2.219329834483765e-05 -4.269295630827214e-06 -1.231552195092511e-05 -1.917933360740943e-06
-3.151546857535815e-05 -9.247375750906330e-06 -1.360480032035516e-05 -5.302287688144076e-06
-2.910546685866015e-05 -6.656701210242036e-06 -1.203667978845892e-05 -2.898212772106110e-06
-2.675563981054629e-05 -4.162580518327916e-06 -1.254495399336977e-05 -2.883025531390137e-06
-3.642390126735831e-05 -9.311880980136359e-06 -1.585258460653215e-05 -2.667447909713563e-06
-3.394964101456136e-05 -6.652690520611250e-06 -1.536919143011763e-05 -3.212647733113978e-06
-3.151729663065093e-05 -4.061960477661384e-06 -1.294836759494323e-05 -7.588084283798245e-07
-4.147232397392796e-05 -9.373380831147830e-06 -1.776979001396733e-05 -2.839208535315048e-06
-3.892640196924648e-05 -6.647081369318948e-06 -1.721964309153570e-05 -2.356245641961378e-06
-3.642809436836165e-05 -3.988098274999519e-06 -1.693409403916261e-05 -3.129238683760440e-06
-4.663331231203090e-05 -9.437831228958480e-06 -1.857988481691712e-05 -4.657736786055485e-06
-4.403341486881491e-05 -6.651271975148904e-06 -1.760974968424438e-05 -2.737035314482110e-06
-4.146756706674855e-05 -3.923610504625408e-06 -1.769254991156210e-05 -2.838776912731583e-06
-5.189311300168060e-05 -9.482671956494775e-06 -1.906842257890029e-05 -3.688362914117131e-06
-4.925051154157793e-05 -6.648917174733819e-06 -1.883609867398371e-05 -3.840718163760390e-06
-4.663585287885400e-05 -3.862637250205595e-06 -1.743585620956145e-05 -1.509260804244758e-06
-5.720402455389624e-05 -9.500805093472963e-06 -2.108509290807992e-05 -3.102357991585267e-06
-5.454352087293601e-05 -6.644670444974569e-06 -2.080885095780308e-05 -2.384347838399329e-06
-5.189458916160620e-05 -3.811212121578970e-06 -2.050997574796540e-05 -2.731408214287052e-06
-6.255714144379869e-05 -9.524956364722498e-06 -2.119230836929170e-05 -6.059886159985216e-06
-5.987195861602677e-05 -6.645195806901835e-06 -1.992319422799817e-05 -2.649003418078997e-06
-5.720359913756681e-05 -3.787604355492957e-06 -2.046409531369393e-05 -1.698440297555241e-06
-7.409711124151046e-05 -9.214934268426400e-06 -2.288712210546601e-05 -4.232010059424489e-06
-7.333337398360327e-05 -9.531667589333780e-06 -2.222804182039014e-05 -4.137392573080459e-06
-6.496709112617634e-05 -6.649487801187914e-06 -2.318944981610780e-05 -2.842788390596902e-06
-6.794424412261128e-05 -9.536408864421730e-06 -2.221877448775335e-05 -5.412090455853274e-07
-6.255542401904577e-05 -3.769990752209546e-06 -2.118145327480382e-05 5.068692703349655e-07
-7.441344423086113e-05 -8.450749071977322e-06 -2.319539833898842e-05 -4.074960709999277e-06
-7.260651122197132e-05 -6.651066453468122e-06 -2.103374018017537e-05 -2.691126809025987e-06
-6.794398724274618e-05 -3.764973156847941e-06 -2.232211539988521e-05 -4.993273865941437e-06
-7.441376664406467e-05 -4.851083132171829e-06 -2.302821122916865e-05 -1.418653915103790e-06
-7.333360590277180e-05 -3.770004472225246e-06 -2.210206991162211e-05 -1.436441774431320e-06
-7.409742059258854e-05 -4.086782023270535e-06 -2.272457360374017e-05 -1.318972195601911e-06
