-1.283931046663736e-04 1.753981874231550e-05 -2.259429959837014e-05 4.322835288574940e-06
-1.288997971318942e-04 1.631663675767313e-05 -2.290969628132305e-05 3.371815530964264e-06
-1.288995013203029e-04 1.054927998262178e-05 -2.319431057562341e-05 -2.212748209449393e-06
-1.283928279492361e-04 9.326387890701679e-06 -2.291003801620045e-05 -3.108274677848904e-06
-1.271698174692962e-04 1.804640670255777e-05 -2.177941151580476e-05 4.712278713303899e-06
-1.248756213278580e-04 1.343309518110672e-05 -2.084265110439836e-05 8.028019474614828e-07
-1.271696770619533e-04 8.819957112762353e-06 -2.214467581984476e-05 -3.457972903444795e-06
-1.185616048953010e-04 1.804349094634975e-05 -1.991145785688415e-05 3.636092416203887e-06
-1.185624929829848e-04 8.825929715618176e-06 -2.029892729366016e-05 -7.799996471908871e-07
-1.138102845042086e-04 1.343591482868407e-05 -1.816689452556199e-05 1.738355775007107e-06
-1.099586577374476e-04 1.803899826445052e-05 -1.919627016389315e-05 3.972483022766278e-07
-1.099588410241422e-04 8.833510491290848e-06 -1.879737522363565e-05 2.705328089713242e-06
-1.056610852882777e-04 1.343608816460127e-05 -1.992625529865366e-05 1.508073954121025e-06
-1.013626432420326e-04 1.803478581810249e-05 -1.803082417155126e-05 2.933885208130516e-06
-1.013615418006315e-04 8.834625180765915e-06 -1.744367141538532e-05 -3.149948884074307e-07
-9.706173952559659e-05 1.343254219512173e-05 -1.429414376497447e-05 8.222472243654871e-07
-9.277233415044923e-05 1.801449687841135e-05 -1.447145475680166e-05 -2.893208669985972e-07
-9.277237508239010e-05 8.848177876859761e-06 -1.345332767423289e-05 1.099944529318276e-06
-8.849454243401067e-05 1.343032429061642e-05 -1.431798962211525e-05 3.502107725932194e-07
-8.424296777640355e-05 1.797850211280320e-05 -1.358875788797180e-05 3.037221681115517e-06
-8.424490562847678e-05 8.885179680334827e-06 -1.368679048282875e-05 -6.749837360123456e-07
-8.000510194566541e-05 1.343348112129817e-05 -1.174455663281008e-05 1.825823772162272e-06
-7.579039031996974e-05 1.793774703712732e-05 -1.183062227068061e-05 2.362214528219773e-06
-7.579083091731822e-05 8.930945128060305e-06 -1.082561887074062e-05 3.697012631674468e-07
-7.159023460467181e-05 1.343378074082213e-05 -1.121278957312219e-05 8.431530667766908e-07
-6.743471915721333e-05 1.786735540834170e-05 -1.011235799729917e-05 1.852257738766956e-06
-6.743269760149015e-05 8.995696871673529e-06 -1.058872853762968e-05 -4.066141291297301e-07
-6.330221556191769e-05 1.342973353700851e-05 -8.614958211756089e-06 8.092303103032594e-07
-5.921985995974801e-05 1.778103771522306e-05 -9.199225436032273e-06 -7.761154266681011e-07
-5.922364718898909e-05 9.080537259559793e-06 -8.458303495312338e-06 2.152237005685810e-06
-5.516602208013031e-05 1.343350998047041e-05 -9.491720322513479e-06 9.560318368130783e-07
-5.117608084301909e-05 1.768127793159122e-05 -7.021368362269725e-06 3.582510643566905e-06
-5.117096091570778e-05 9.182973588803391e-06 -7.303866394074911e-06 -1.175081180804062e-06
-4.721902369949459e-05 1.342925021857700e-05 -4.540450636382245e-06 1.072080138786118e-06
-4.334830705584997e-05 1.754685022471544e-05 -4.406498116085992e-06 3.327921136874941e-07
-4.334748186803383e-05 9.308232567453984e-06 -5.651142403388968e-06 1.713966802271091e-06
-3.967501233127695e-05 1.342527112692886e-05 -5.571666480247583e-06 2.566765715511647e-06
-3.609157955820589e-05 1.739232020421652e-05 -4.991080264741498e-06 1.442473126467397e-06
-3.609260279784283e-05 9.468970325282278e-06 -3.060048867803265e-06 4.209225956286731e-07
-3.342745584220788e-05 1.373087241567233e-05 -3.647453951018938e-06 8.295178830524431e-07
-3.078929473994703e-05 1.725740533028390e-05 -3.066973724015183e-06 3.173023578089681e-06
-3.078646489065153e-05 9.608376417227612e-06 -4.147632550708974e-06 -1.295463513629122e-07
-2.706758586430598e-05 1.713121127574083e-05 -4.264790969496188e-06 2.150832466858228e-06
-2.775441908814350e-05 1.470721992242923e-05 -3.557109827061957e-06 2.529005149238005e-06
-2.705888652908483e-05 9.707925638620012e-06 2.768575252527120e-07 3.767210298003368e-07
-2.443342556401319e-05 9.809412970757008e-06 1.504543040284503e-06 -1.892123758928602e-06
3.524326277805000e-06 5.144408286375487e-07 3.769291478069062e-05 -1.826040560758943e-05
3.617752979100215e-06 3.232042768194042e-07 2.345920464691430e-05 -7.703035916174241e-05
3.631158460412559e-06 -2.974491294861328e-07 1.663138205674489e-05 3.001994741175852e-05
3.541247892098890e-06 -5.020662388144408e-07 2.966503812561432e-05 3.029666115604391e-05
-2.442475036759514e-05 1.704193683081500e-05 -3.034773375272928e-06 1.274107856456629e-06
-2.210540469337644e-05 1.682634351171509e-05 -2.888737598498873e-06 1.790121856578734e-07
-2.386936081626030e-05 1.252752174658058e-05 -3.784377072025476e-07 3.178125057925341e-07
-2.207263692429905e-05 9.708589719300477e-06 -2.772140047772373e-06 -1.848802013913651e-06
3.316428986507152e-06 5.916525253852415e-07 -2.232547969392632e-05 4.086742046043112e-05
3.130347543595941e-06 2.865906796992043e-08 -1.412461287804238e-05 -2.591080458775940e-06
3.328291880790098e-06 -5.794342544298227e-07 3.007928970162544e-05 3.127371779140131e-05
-2.134507982137982e-05 1.461560550585836e-05 -2.005938977262106e-06 7.382852237659213e-07
-1.986296925878537e-05 1.633384145020951e-05 4.438440493358401e-07 4.451160182802218e-07
-1.774443111962945e-05 1.562807209005329e-05 9.868072284074800e-07 2.690996730070435e-06
-2.064521358914485e-05 1.163987697616829e-05 -3.422166499061907e-06 6.991175401368224e-07
-1.986705670853102e-05 9.248167109092509e-06 -3.803688443470418e-06 3.825827073314982e-06
2.204006853955830e-06 5.616061222704915e-07 9.227837704544768e-06 -2.158263790838888e-06
2.227163621813352e-06 -5.750976357685437e-07 -4.693544065106477e-06 -7.269417317046040e-06
1.629158845882476e-06 6.073134532756782e-08 3.870803063884104e-06 -1.107655611510551e-06
-1.578592722177692e-05 1.468030600113046e-05 -2.106533085296277e-06 3.994979000855746e-06
-1.744200238469979e-05 1.340522642689953e-05 -8.554495576142461e-07 4.059993704168797e-06
-1.816157187700134e-05 1.067868367575849e-05 -2.686315062631089e-06 2.315152354051255e-06
-1.785975673684870e-05 8.464465906109220e-06 -1.031474891151998e-06 2.964170069827784e-06
9.794227241678560e-07 6.990797323192782e-07 -4.014727073001094e-07 -1.417009256577091e-06
9.513160406911437e-07 -6.861958874135313e-07 2.103323847057107e-06 1.328951689478795e-05
2.395455052134355e-07 6.126932007429370e-08 -6.082310802586473e-06 -1.341080460531388e-05
-1.398124791739164e-05 1.356324882050160e-05 -3.412045669230274e-06 1.633831401303704e-06
-1.237189095603914e-05 1.229646832395512e-05 -1.699051489764900e-06 2.509999732997993e-06
-1.567157010448847e-05 1.026828122309269e-05 -2.121640042228957e-06 -2.099524864560369e-06
-1.609729082816805e-05 7.365633020733723e-06 -1.273674868210850e-06 -1.311670549822872e-06
-6.266352604910099e-07 9.182997602976539e-07 4.147988690664156e-06 7.448624613668597e-06
-6.101074547707030e-07 -8.978823027186459e-07 -1.600684043637722e-06 3.560927412522388e-06
-1.278339666374776e-05 1.039072606134612e-05 -1.653483299179049e-06 8.574255576580688e-07
-1.097461638258645e-05 1.087209068963463e-05 -1.933447352491579e-06 2.831470590820957e-06
-1.345736535447947e-05 8.293417321124743e-06 8.971458988515503e-07 -7.714597666531948e-07
-1.462160270351126e-05 6.052864720912783e-06 -5.282281077265010e-06 1.031277267066544e-06
-1.527270244634217e-06 4.656143836863660e-08 -3.207790783928887e-06 -7.525953309552829e-07
-2.638900047291493e-06 1.260679068695455e-06 3.782897546014760e-06 -6.303338805555599e-06
-2.645075110251232e-06 -1.225043254328651e-06 2.270659610821671e-06 -6.721743494450453e-06
-9.759188597022425e-06 9.339396218478245e-06 -1.685881684150893e-06 -8.625364446060551e-07
-8.783338669031111e-06 7.757553878851784e-06 7.854499984080471e-07 -2.954251036471253e-07
-8.031493809976044e-06 6.100282943318185e-06 3.773319388564013e-06 1.694687840084453e-06
-1.209192452651512e-05 6.447350326130038e-06 3.765567485615478e-06 3.843702588202674e-07
-1.343698866442574e-05 4.584865018124543e-06 -1.694569610101521e-06 -2.634030863947587e-06
-3.539293848850709e-06 1.491028818209953e-08 -1.552426934832582e-06 2.449399420875914e-06
-4.614090101895991e-06 1.595067445448053e-06 -5.168176745125175e-06 5.558745048234118e-06
-4.608854126669695e-06 -1.557649967364781e-06 2.011383142093033e-06 -5.846878547359641e-06
-9.675157350548493e-06 6.087898710836046e-06 -5.473559538098581e-07 -1.067787583891731e-07
-7.470577896753235e-06 4.426812561005546e-06 3.905445391042181e-06 4.239675555819705e-06
-6.400835511526973e-06 1.862913929072354e-06 -1.478667665011568e-06 8.030157833500888e-06
-6.891000957301662e-06 2.133183668947365e-06 4.541017109803553e-08 7.730355480532645e-06
-7.141340764177049e-06 2.711617185686110e-06 7.015177860491551e-07 5.522444924394782e-06
-1.114873601825255e-05 4.377740087244886e-06 -2.816395233960728e-07 -5.710838486335704e-07
-1.255793356092598e-05 3.043876369500370e-06 -1.094114348912117e-06 4.072531884025766e-06
-5.596838859471654e-06 2.440446583618060e-07 2.955261351025060e-07 -8.360126689862288e-06
-6.426409601938992e-06 -1.814593160236104e-06 -1.207430970144098e-06 7.090667455307002e-06
-8.621699682468166e-06 3.238825018935842e-06 -3.793028116670639e-06 -3.932269193715236e-07
-6.950548763940016e-06 1.029843407894048e-06 1.099181898888131e-06 3.232104401266136e-07
-7.540218196629043e-06 1.932495617761830e-06 -1.488596635307074e-06 4.302293926386960e-06
-1.049627855833203e-05 2.582055024301051e-06 1.398316846824312e-06 -1.006308819035513e-06
-1.200342500239529e-05 1.492518748735129e-06 -9.959098960271737e-08 -7.355388377547602e-07
-7.012625116724955e-06 -7.603475316801090e-07 4.538731334419489e-06 -2.660596527670317e-06
-6.956244697575456e-06 -2.094050966275509e-06 -9.136613318968399e-06 9.697499991528003e-06
-8.964718035886235e-06 6.372533564699772e-07 1.463868894759277e-07 -1.368974504843696e-06
-1.178713779345541e-05 -3.381924444388120e-08 -5.395785657943195e-06 3.863015712885196e-06
-1.188473985449343e-05 -1.507802752799719e-06 2.154349621420436e-06 2.109805188435434e-06
-8.096479128000096e-06 -1.748337112104489e-06 4.945836002299193e-06 3.850412423522788e-07
-7.266910311211839e-06 -2.669252515042692e-06 -1.583227446682113e-05 9.597021332059981e-06
-7.647966766212369e-06 -4.213231228221653e-06 -1.222893037691010e-05 1.206891636080348e-06
-1.041851596370601e-05 -1.703021451117752e-06 -4.000803611621281e-06 -9.561951658756595e-07
-8.220414228174853e-06 -5.697471815785405e-06 -8.701850756450271e-07 4.090818482606519e-07
-1.230615378943902e-05 -2.993275040083340e-06 1.109981194547214e-05 -1.939707693867276e-06
-9.066646186173013e-06 -4.267968346470122e-06 8.584887129863447e-06 -3.895386673966892e-06
-1.112231782380653e-05 -4.386334799799637e-06 -8.061905369977176e-06 4.183558592183130e-06
-8.968228018515300e-06 -7.111632068542150e-06 1.485061983657318e-06 1.746156864626242e-06
-1.299865115177326e-05 -4.399178518359831e-06 4.896650424298215e-06 -3.417782812500300e-06
-1.239521119924223e-05 -5.762622279867700e-06 -8.101191762308024e-06 3.447840411496640e-06
-1.098964735504646e-05 -6.621076521807798e-06 -3.174850987538613e-06 -4.138547982655049e-06
-9.834919486742157e-06 -8.432477183512947e-06 -7.419925400898003e-06 9.286673729692646e-06
-1.088945273232111e-05 -9.672476403652786e-06 -2.056109074306296e-06 -1.640483162368700e-06
-1.394140898366226e-05 -5.677990928602711e-06 5.007711418056499e-06 2.148124583881882e-07
-1.324400086730950e-05 -7.297568517665798e-06 -2.147584365002032e-06 -5.608188472078131e-07
-1.242880370624094e-05 -9.179062961755470e-06 3.313317702409806e-06 -4.750680085200846e-06
-1.208458853782969e-05 -1.078494285346876e-05 3.528301964211512e-06 -2.532310315109646e-06
-1.512126366537534e-05 -6.810831389109913e-06 3.445582344500085e-06 1.527210115335241e-06
-1.475891505329806e-05 -9.158731315418023e-06 -5.478914107316268e-07 -1.317400582521538e-07
-1.340087818745734e-05 -1.175631176607719e-05 -2.064477233651719e-06 1.639738976121184e-06
-1.483020599573121e-05 -1.258905381625675e-05 -1.516973395031588e-07 1.711481802249820e-07
-1.635146063353874e-05 -1.325759078831665e-05 2.111773378791966e-06 -3.075142044982383e-06
-1.648435493364157e-05 -9.662438426426489e-06 -8.653672276482097e-07 -2.743582528440457e-07
-1.647642841320033e-05 -7.733514315362665e-06 -1.135004959370880e-06 2.958910307608130e-06
-1.613908715795758e-05 -1.158779952479274e-05 1.627015265605687e-06 -9.036081639422975e-07
-1.795862365333919e-05 -1.374236494616942e-05 -2.220326539691877e-06 -2.063754717691064e-06
-1.961964593946353e-05 -1.404592303355380e-05 -1.632174037389267e-06 1.865364066929763e-06
-1.786198743901592e-05 -1.009581912422971e-05 1.488625850024777e-07 -4.584449853073299e-07
-1.798967966900073e-05 -8.412934668411661e-06 -1.100103017729208e-06 3.598241250000290e-08
-2.130902881250246e-05 -1.415842873592525e-05 2.833060413767853e-06 1.527044291545919e-06
-1.942691971912072e-05 -1.166631335719177e-05 -1.698328217785459e-06 -6.720584624512105e-07
-1.961881415320062e-05 -8.823050415586238e-06 1.262491852015746e-06 5.510630536143525e-07
-2.168598786933317e-05 -1.192014354059409e-05 5.530563953627397e-07 5.168740788821607e-08
-2.318425220953527e-05 -1.416932717185987e-05 2.280022660735340e-06 1.572082849522457e-07
-2.131156926869256e-05 -8.957923217002688e-06 -1.791310117828593e-06 6.095876581383985e-07
-2.577636353443504e-05 -1.418604753561548e-05 -8.731375599005870e-08 2.893404290925416e-06
-2.371907638075171e-05 -1.064500461645443e-05 -9.243276836315504e-08 -8.907697170125145e-08
-2.317951874268351e-05 -8.942894416890517e-06 -3.412469218293987e-07 -4.618345043240886e-07
-2.938168902205695e-05 -1.421986550199269e-05 1.024192837952651e-06 -7.096419931888423e-07
-2.758751267982403e-05 -1.134873215451459e-05 1.389655173263871e-06 -1.282197798794762e-06
-2.577379360654698e-05 -8.917916931467731e-06 1.963071596083044e-06 -1.700583635145114e-06
-3.419513315588325e-05 -1.425134279308801e-05 3.178691012409621e-07 -3.038931600568425e-07
-3.177893213857463e-05 -1.155404645454545e-05 5.307298387748786e-07 -4.189165870562031e-07
-2.938002187593892e-05 -8.885283878333709e-06 1.635368152246595e-07 -1.811650116402139e-06
-3.925292826947435e-05 -1.426741004206257e-05 1.388937765226796e-06 1.239732371461102e-06
-3.672017720347161e-05 -1.155234063133312e-05 1.090272464337472e-06 -4.776130767946787e-07
-3.419644331545583e-05 -8.853919781639700e-06 9.997170816399681e-07 2.448164959503012e-07
-4.434146693993152e-05 -1.428852152351330e-05 1.130124766097123e-06 1.085825426708771e-06
-4.178890329256332e-05 -1.155552786008639e-05 8.626532139180620e-07 4.915243447438674e-07
-3.925079572572660e-05 -8.839904555246669e-06 1.347638022674368e-06 -5.790316458482193e-07
-4.948526345051637e-05 -1.430231906802345e-05 6.730199540472435e-07 -2.603627993608636e-06
-4.690877537732644e-05 -1.154890070467757e-05 1.661111380009566e-06 -1.744720983621885e-07
-4.434518223009931e-05 -8.817993785357016e-06 7.524640784355437e-07 -8.127869213852102e-07
-5.463120287535064e-05 -1.431061593983065e-05 1.640909325833893e-06 6.354953989293646e-07
-5.205775094882286e-05 -1.154438818658628e-05 3.540008359165535e-07 -4.929560274854882e-07
-4.948509567523418e-05 -8.788821279667169e-06 1.050058970062704e-06 1.484103832950978e-06
-5.980331603545894e-05 -1.432110355767056e-05 2.902420864990078e-06 3.784482360115690e-07
-5.721172111746417e-05 -1.154506647804398e-05 2.777658708137381e-06 -7.793463930132065e-09
-5.463252910756063e-05 -8.776983518588828e-06 1.848444348785022e-06 -2.300268945861527e-07
-6.497179595180146e-05 -1.430891321739114e-05 2.254817533955860e-06 2.889791399279101e-07
-6.239271840080541e-05 -1.155132236403264e-05 1.956637547709880e-06 2.028143277574454e-07
-5.979939124690952e-05 -8.777216144903354e-06 1.960197739013223e-06 9.528280672392258e-08
-7.011431892030716e-05 -1.430422789997028e-05 7.157265680769120e-06 1.756220357871421e-06
-6.754488643921225e-05 -1.154937661529738e-05 5.058528294071520e-06 -1.454600059104786e-06
-6.497331602321654e-05 -8.791933957733643e-06 3.846268431206973e-06 -1.871529455723788e-06
-7.526308803379696e-05 -1.430833390829317e-05 7.568031926671193e-06 3.806564034688418e-06
-7.268678347207816e-05 -1.154973432284248e-05 6.721974190174022e-06 -1.920364352532835e-07
-7.011464330181484e-05 -8.794467805650815e-06 6.180660337211596e-06 -3.475527085232438e-06
-8.627976790014768e-05 -1.400771746081702e-05 1.491516489381165e-05 2.547587662777219e-06
-8.554938389498815e-05 -1.431043436978198e-05 1.370220697430928e-05 2.675920513078644e-06
-7.756917903257979e-05 -1.155325587923280e-05 9.192493398182739e-06 3.189683301136063e-07
-8.041182028861812e-05 -1.431206887267182e-05 9.045327901023627e-06 -1.017133597096753e-06
-7.526111214338447e-05 -8.794721373555572e-06 7.308344012689584e-06 -3.511506117605654e-06
-8.658226943919796e-05 -1.327701285920367e-05 1.545388668825614e-05 1.851385869378963e-06
-8.485499723482510e-05 -1.155489214254057e-05 1.188083310888801e-05 -7.462220501732867e-07
-8.041170034304147e-05 -8.796606660832120e-06 9.525029600573126e-06 8.839441571856152e-07
-8.658237146586389e-05 -9.832697400567932e-06 1.531430918577746e-05 -3.311771260568777e-06
-8.554945504738656e-05 -8.799197003035033e-06 1.372182198259023e-05 -3.892450652221783e-06
-8.627986584389152e-05 -9.101940697958267e-06 1.481347831586625e-05 -3.842692659223743e-06
