6.076597053324253e-05 -7.798520170636456e-06 -1.340375317287809e-05 1.381001091112311e-06
6.101312016018278e-05 -7.201623502399704e-06 -1.326687420872504e-05 1.601235375779170e-06
6.101218764343872e-05 -4.388108392752761e-06 -1.344295416319398e-05 3.621348912665188e-06
6.076490790202283e-05 -3.790881734372699e-06 -1.361045755447597e-05 3.950932850859099e-06
6.016921678710166e-05 -8.045771183110296e-06 -1.373149286068158e-05 1.352208974938500e-06
5.904994134715357e-05 -5.794032531529551e-06 -1.399546161517191e-05 2.826834553242465e-06
6.016790093446462e-05 -3.543424074316324e-06 -1.400951933975483e-05 4.047182599485679e-06
5.596984073621721e-05 -8.044413061411147e-06 -1.140669722763193e-05 3.998126218614283e-06
5.596816059204343e-05 -3.538996773315806e-06 -1.196546412810522e-05 3.420096419508177e-06
5.365483750702455e-05 -5.791302640481692e-06 -1.213942121992695e-05 4.158244490017121e-06
5.177423698483656e-05 -8.046826628005821e-06 -1.369867398757910e-05 3.994398429731310e-06
5.177677730524004e-05 -3.539736342524051e-06 -1.343285489577084e-05 4.065596609879011e-06
4.967560061096921e-05 -5.795269541152502e-06 -1.482717089514326e-05 3.560496247713493e-06
4.757774577259233e-05 -8.043197474518643e-06 -1.348279539724495e-05 5.709276825949032e-06
4.757794185187433e-05 -3.548514326843929e-06 -1.362129070141392e-05 1.121934067964080e-06
4.548308413902212e-05 -5.795894774497529e-06 -1.110282199814243e-05 2.993083043820060e-06
4.339575486613219e-05 -8.029352746319266e-06 -1.091497851101612e-05 2.917853047859869e-06
4.339704859876085e-05 -3.563171285064330e-06 -1.165510379600031e-05 3.404072550283484e-06
4.131286796403620e-05 -5.796452416531021e-06 -1.203467294952753e-05 3.259245933086361e-06
3.923674660575557e-05 -8.013175441848674e-06 -1.261446976591633e-05 3.640468234094158e-06
3.923672624206913e-05 -3.578661966745169e-06 -1.361124475647773e-05 3.547243513494529e-06
3.716730306525110e-05 -5.795034115584400e-06 -1.216788552702337e-05 3.931908832916592e-06
3.511524672540907e-05 -7.983227664869378e-06 -1.036882855350335e-05 5.179794086490244e-06
3.511511049831282e-05 -3.606017818208098e-06 -1.048696279679136e-05 2.249067705677524e-06
3.307029595561120e-05 -5.795386497318453e-06 -9.202761017252167e-06 3.765187402806131e-06
3.104083753064763e-05 -7.954621063319054e-06 -9.984062908473955e-06 2.955727805523760e-06
3.104508658140083e-05 -3.642297318681723e-06 -1.005557637472866e-05 4.324055174341710e-06
2.902824663766793e-05 -5.801289189680344e-06 -1.039528658134274e-05 3.722782296425783e-06
2.705026598906702e-05 -7.903312968659520e-06 -9.292558461329500e-06 4.094898552846242e-06
2.704679249637534e-05 -3.695122048283457e-06 -9.201478330898364e-06 2.866435454572602e-06
2.508872230672835e-05 -5.796334251912265e-06 -8.299003443565916e-06 3.243007658948211e-06
2.317026650966807e-05 -7.833980604034928e-06 -8.836351057081008e-06 2.951709628827372e-06
2.316896080581779e-05 -3.754093815202801e-06 -8.126009682707666e-06 2.724463579338924e-06
2.127221555056715e-05 -5.792698583164125e-06 -8.649411234331384e-06 2.625663224914201e-06
1.942255933129133e-05 -7.754877198356405e-06 -6.887512697856711e-06 4.797540008301521e-06
1.942484396245798e-05 -3.834088246399073e-06 -8.382903049753378e-06 1.994291970342420e-06
1.767229412235252e-05 -5.796551552063200e-06 -6.616224429450155e-06 3.874558101589306e-06
1.597213554031875e-05 -7.671481908747897e-06 -7.210153523069666e-06 3.646526811847075e-06
1.597130977606386e-05 -3.929039984648485e-06 -5.938727380206354e-06 3.348722269939939e-06
1.471207107609494e-05 -5.939012847972776e-06 -6.547405409055276e-06 3.454480183109481e-06
1.348098147251205e-05 -7.585566974710431e-06 -5.645095061140261e-06 4.114332114599925e-06
1.347752609294637e-05 -4.014992543367203e-06 -5.748008266916917e-06 3.264675645409373e-06
1.174898494168737e-05 -7.512672219390073e-06 -4.466263774131250e-06 3.427693103861983e-06
1.206452736995951e-05 -6.389562583354606e-06 -4.478627448797471e-06 3.362729945025350e-06
1.174349758372185e-05 -4.067765989093421e-06 -4.564496782769776e-06 3.244745806639415e-06
1.052902578488791e-05 -4.126443458225842e-06 -4.835245708233343e-06 2.911581564083008e-06
-1.517144760780933e-06 -2.078995453657210e-07 -4.299066166190645e-06 -2.509353362307671e-05
-1.542472501984614e-06 -3.520293342520422e-08 -2.051332230669617e-05 8.926936013590509e-05
-1.463125830889819e-06 1.761999371411710e-07 -2.224178338186352e-06 -9.738097747630138e-05
-1.451533666656673e-06 2.422153909057462e-07 8.304763304718103e-06 -4.068510075258339e-05
1.052412840566057e-05 -7.461292599208538e-06 -4.680150703255364e-06 3.455230597974768e-06
9.459505116506146e-06 -7.352079794062667e-06 -4.262632740696905e-06 4.062567320178935e-06
1.026344107029727e-05 -5.377942747927956e-06 -4.975445089315312e-06 2.976312221961605e-06
9.442399719685908e-06 -4.095853964877755e-06 -4.956030362417895e-06 2.357608993468686e-06
-1.430743604555601e-06 -2.898124818628961e-07 3.381177597701142e-05 -7.731487573659007e-05
-1.331292291028315e-06 1.796179871107540e-08 -1.502055763651379e-05 3.260821856805817e-05
-1.413046680679907e-06 2.702157528840013e-07 2.257178676929137e-05 3.277595579413480e-06
9.107677023248054e-06 -6.333769319261065e-06 -4.606939241074042e-06 3.456268956206561e-06
8.436676649123040e-06 -7.113960401344769e-06 -4.692814670083459e-06 3.959934651310441e-06
7.481759352226802e-06 -6.787132724087354e-06 -5.617821002189341e-06 2.716409391926954e-06
8.789960181922803e-06 -4.979438217901323e-06 -5.165518140788627e-06 1.841291788981556e-06
8.440338398928908e-06 -3.903462743327006e-06 -5.824983625052323e-06 2.702452603033128e-06
-9.682402694269946e-07 -1.905918157687842e-07 1.298762526171373e-06 -1.876451488274356e-06
-9.498269060754426e-07 2.731710076362572e-07 1.179341107166405e-05 -1.525825323154411e-05
-7.277629702079423e-07 -6.736854538820380e-10 -1.601422537949187e-05 2.071390030536925e-05
6.603523675574339e-06 -6.352115560120807e-06 -5.898531629413795e-06 2.045562477384943e-06
7.343254260047984e-06 -5.779726600548482e-06 -5.811238050981646e-06 1.739112669707510e-06
7.668741764758745e-06 -4.551856106330809e-06 -6.421095681306718e-06 2.278410607308917e-06
7.531729447023370e-06 -3.561899860998986e-06 -6.759842994461842e-06 3.329958196165625e-06
-4.362986443540045e-07 -2.588571196801578e-07 7.661910225906302e-06 -1.223146367618077e-05
-4.600341544557173e-07 3.184778511551940e-07 2.138708930502242e-06 -1.523262033535972e-05
-1.589662301888812e-07 2.923247477903193e-08 1.347223174459097e-06 3.146872791536003e-05
5.798276290247053e-06 -5.846189617385615e-06 -6.540385688663330e-06 3.478498262271176e-06
5.088209834750428e-06 -5.271942741359505e-06 -4.130810562292173e-06 3.367812521093166e-06
6.547241466709127e-06 -4.370579048689006e-06 -6.274974920303819e-06 3.310649629585517e-06
6.735518998671719e-06 -3.081584185018597e-06 -4.685629347093341e-06 1.744434280445197e-06
1.970225600947213e-07 -3.626342923341419e-07 -7.224331642270756e-06 -1.256395365245524e-05
1.911749382112385e-07 3.660626575887384e-07 5.321723983096576e-07 -1.112525850845323e-05
5.268211587180620e-06 -4.420553503327748e-06 -3.622602865328990e-06 2.613098774093507e-06
4.480656640805580e-06 -4.630005394082456e-06 -2.731820856839282e-06 2.526824143597334e-06
5.563098890896365e-06 -3.495605999404540e-06 -2.164026164016182e-06 1.519059852114086e-06
6.073669413599193e-06 -2.514574713564797e-06 -2.869679280934968e-06 6.227270279561967e-07
5.657268985803250e-07 3.128259829210229e-08 3.742203489745341e-06 2.486440251150351e-06
1.015303907145351e-06 -5.065772246849469e-07 -2.771371786762647e-06 5.066205905028355e-06
1.026072205548946e-06 5.227871930933593e-07 -4.319657449838392e-06 -2.953581980448825e-06
3.956432788916385e-06 -3.952042353118789e-06 -1.644414522049133e-06 9.585985057468427e-07
3.544070670854201e-06 -3.262891578500979e-06 -2.868956353858121e-06 2.746233885213842e-06
3.230282678044634e-06 -2.542324592469252e-06 -2.587173055598016e-06 2.868865868582767e-06
4.975291413300743e-06 -2.692265257910483e-06 -1.333241882730567e-06 1.758132534870721e-06
5.555173148320990e-06 -1.890846494749036e-06 -1.741116818526197e-06 -1.037510016881481e-06
1.386309049627574e-06 5.345298243348011e-09 -2.091082787204638e-06 8.641035237045178e-07
1.828907653773050e-06 -6.244083250418057e-07 -6.732574000327965e-07 -1.119035453201979e-06
1.836488818252368e-06 6.888261238462656e-07 2.089880797534656e-06 -7.806861906085800e-06
3.931266596836902e-06 -2.537295930240605e-06 -2.943205799992660e-06 2.946022787329023e-06
2.997878306553166e-06 -1.819638335009361e-06 -3.638269567477870e-06 -2.149627212454399e-06
2.569239567208166e-06 -7.375816798292019e-07 -2.721898078637918e-07 5.720626545475954e-06
2.774447508931373e-06 -8.574476864807928e-07 -2.702934658983714e-06 5.560971407967976e-06
2.876813887320974e-06 -1.102667796531400e-06 -4.755939221089915e-06 2.727826046490983e-06
4.570665205690860e-06 -1.801397975952644e-06 -2.928252136511152e-06 -1.864718912356570e-07
5.167245276785734e-06 -1.233091303896029e-06 -1.241419765116955e-06 3.256562139951677e-06
2.235571414519358e-06 -7.392383242447417e-08 -1.222450438287288e-06 1.365647523180909e-06
2.589263845943571e-06 8.021856295318495e-07 -7.028816263937564e-06 1.781818278877562e-06
3.482894569395034e-06 -1.316879081571152e-06 -3.063364819732846e-06 -1.412274576558329e-06
2.796979213626578e-06 -3.964073675313804e-07 -8.789081664082475e-07 2.976897658096491e-06
3.043514369873790e-06 -7.763518180035900e-07 -3.824087286656546e-06 3.677470964939020e-06
4.287161607651838e-06 -1.030129588439947e-06 -2.609004570517885e-06 -4.823803423405023e-08
4.915516006899575e-06 -5.792598726999107e-07 -1.454224107144533e-06 2.589420909022391e-06
2.831807423780078e-06 3.556427028030268e-07 -1.195817828756334e-06 -5.966987247431978e-07
2.813612551964181e-06 9.114776926666211e-07 -4.107531615949654e-06 1.962257237008655e-06
3.643529445603455e-06 -2.196205317805839e-07 -3.831784480577200e-06 -3.719089157302316e-06
4.820941218613401e-06 5.541404829529340e-08 -2.195547305783761e-06 2.272583695936711e-06
4.851407943810122e-06 6.655163146789033e-07 -3.193249861338860e-06 3.827688507870558e-06
3.281790172276627e-06 7.648044546013786e-07 -1.381516073794569e-06 -1.218023611383885e-06
2.946376686399456e-06 1.141147434605054e-06 -4.510627334106255e-06 -2.883931484712828e-07
3.115456485793603e-06 1.773158990280590e-06 -3.901425593185927e-06 -4.385081089062745e-06
4.245889032662749e-06 7.506450412981019e-07 -2.939270413654713e-06 2.083105979275708e-06
3.354628929821625e-06 2.374319579317765e-06 -3.821149868892294e-06 -5.361015719152481e-06
5.013510346546788e-06 1.272941521264722e-06 -3.686832219257208e-06 2.475527236252317e-06
3.691534117997604e-06 1.800800412143740e-06 -3.149927422309577e-06 -4.561812001116616e-06
4.527385513389590e-06 1.846313656996290e-06 -3.151525814148461e-06 -1.992076459879061e-06
3.656953259649738e-06 2.941468929685431e-06 -4.747357929065716e-06 -5.610836289886521e-06
5.285154067198418e-06 1.845819715384569e-06 -3.490350211886567e-06 -1.531752408990968e-06
5.040980185977320e-06 2.404555087641312e-06 -3.310706324863662e-06 -3.099634680838360e-06
4.482832791265660e-06 2.748701017410709e-06 -3.709444378848490e-06 -4.391154738747639e-06
4.023750449876490e-06 3.468705334029824e-06 -4.176521728836795e-06 -3.847224451751732e-06
4.447360368846357e-06 3.951223162662518e-06 -3.919945124708779e-06 -3.401330061194096e-06
5.655610526133176e-06 2.372660315721057e-06 -3.729404031623586e-06 -3.002588618737148e-06
5.378921034938076e-06 3.016709194134776e-06 -3.525780932978481e-06 -4.007610889597601e-06
5.058918186412284e-06 3.756839544560540e-06 -3.392490843146795e-06 -3.697147842255005e-06
4.922088705626125e-06 4.384370979386109e-06 -3.416063191324371e-06 -2.809841486163037e-06
6.110911727637663e-06 2.825123756278106e-06 -3.919432403120296e-06 -3.720167765022420e-06
5.970890039876308e-06 3.750376485313165e-06 -2.786061252798450e-06 -3.800850315247592e-06
5.439839203891579e-06 4.761797958809919e-06 -2.151198404414620e-06 -2.466888670474342e-06
6.002997044702622e-06 5.080859207122641e-06 -3.875916022822679e-06 -4.124431751779211e-06
6.596190630955868e-06 5.328133508594137e-06 -5.493921329905939e-06 -5.140924049610686e-06
6.647716635684008e-06 3.949730179246935e-06 -4.381907896033872e-06 -4.019528878281878e-06
6.641579995333250e-06 3.192924543366279e-06 -3.906420154692839e-06 -3.327738152795545e-06
6.516318411307594e-06 4.692883578081290e-06 -4.951549851773180e-06 -3.693257976875595e-06
7.214208040772131e-06 5.504832869507574e-06 -6.323134525617883e-06 -6.027914947520131e-06
7.848284832671812e-06 5.609675036630105e-06 -7.869130990309662e-06 -7.279933978820426e-06
7.183144698479906e-06 4.119377018915492e-06 -5.715304100843217e-06 -3.536827830766200e-06
7.230714468438854e-06 3.469112168408808e-06 -5.930124046269887e-06 -3.183316462297586e-06
8.488868199648325e-06 5.642197032477383e-06 -1.018090248446171e-05 -7.822631412185980e-06
7.780007763505516e-06 4.712623223085279e-06 -6.912905648693847e-06 -3.827065726541102e-06
7.851845579988143e-06 3.640600458757941e-06 -6.554456487966691e-06 -2.058385301272265e-06
8.629636989602231e-06 4.807680095975592e-06 -9.350248253083111e-06 -5.656599034868239e-06
9.186009035509818e-06 5.637600046363069e-06 -9.514203814748110e-06 -7.278785373463124e-06
8.486706947933205e-06 3.698643913858347e-06 -6.680525490223191e-06 -1.626816144061435e-06
1.013375850118913e-05 5.631119603615933e-06 -8.240604269962949e-06 -6.235680703972801e-06
9.388412534873680e-06 4.337370874545022e-06 -9.230886445606053e-06 -5.514939178349111e-06
9.184527343104135e-06 3.703694073559760e-06 -8.214607360816816e-06 -2.782464720017310e-06
1.143097992674863e-05 5.616846815050292e-06 -1.278781721449797e-05 -4.100673842098202e-06
1.079360024156814e-05 4.595028421263823e-06 -1.186803963877269e-05 -3.450789122683842e-06
1.013846685757162e-05 3.712742836502220e-06 -1.215936842201623e-05 -3.938680334280525e-06
1.309892647055448e-05 5.603427000218202e-06 -1.545018306505742e-05 -8.433382428215716e-06
1.226973726171605e-05 4.678979051970922e-06 -1.275619092942933e-05 -4.567505194857090e-06
1.142492796086733e-05 3.732112945553196e-06 -1.134049616674329e-05 -4.587837606207818e-06
1.480567383979996e-05 5.586697833642471e-06 -1.916549439392231e-05 -6.705487749686795e-06
1.395789313248648e-05 4.679106178293983e-06 -1.846790573630473e-05 -3.777265012944555e-06
1.309954913233344e-05 3.758367607974111e-06 -1.663543773943649e-05 4.344517332816815e-08
1.646663103073373e-05 5.555286386498301e-06 -2.133800346287821e-05 -6.173659703910274e-06
1.564645855027032e-05 4.672742995788009e-06 -1.931099862495382e-05 -5.557306999014337e-06
1.480861954682138e-05 3.764667880623075e-06 -1.783251082917340e-05 -2.858558360153801e-06
1.808707198420523e-05 5.536523000839055e-06 -2.762321703969724e-05 -4.936252761321875e-06
1.728049597113540e-05 4.673543460699655e-06 -2.551057489316571e-05 -3.738149994246582e-06
1.646526457475389e-05 3.790636976835035e-06 -2.277359524672149e-05 -3.409236486936726e-06
1.969589810868860e-05 5.528847878705337e-06 -2.912452229449219e-05 -7.518592116174774e-06
1.889377062652256e-05 4.672921234531160e-06 -2.770407548104313e-05 -3.852539349173294e-06
1.808800980126088e-05 3.810121069255925e-06 -2.719985906830900e-05 -2.332499158214158e-06
2.128583311532448e-05 5.519681319300451e-06 -3.334750100394634e-05 -6.317721483686577e-06
2.049361788985536e-05 4.672731785445025e-06 -3.146547879854108e-05 -4.123193021978491e-06
1.969494299589879e-05 3.817318479503498e-06 -2.909953629419905e-05 -5.303132783064883e-07
2.286576636707975e-05 5.507936532450432e-06 -3.672141536793056e-05 -6.448375525480482e-06
2.207913977085958e-05 4.667384846179119e-06 -3.496882747089799e-05 -4.487355586162309e-06
2.128881843130085e-05 3.820524426882433e-06 -3.338208606107407e-05 -2.140763973979990e-06
2.442958096193155e-05 5.506495899939451e-06 -3.853839109513978e-05 -5.907381110147613e-06
2.364902084680151e-05 4.668348511583473e-06 -3.786283310394297e-05 -5.298143921371801e-06
2.286540417712529e-05 3.826341523440976e-06 -3.595061743018244e-05 -3.638727002372115e-06
2.598362797712763e-05 5.507459562197074e-06 -4.068205201390569e-05 -4.826380907635635e-06
2.520577456069946e-05 4.673799440813023e-06 -3.985295255038958e-05 -3.268997955669448e-06
2.442619887754411e-05 3.836462842813921e-06 -3.988669833478832e-05 -2.695850559503472e-06
2.933490095965693e-05 5.407151411182000e-06 -4.612852960761305e-05 -4.033669822611061e-06
2.911482040971109e-05 5.498532112898074e-06 -4.641320792770300e-05 -4.090795945551838e-06
2.668569398176308e-05 4.669548766971667e-06 -4.220844532541951e-05 -3.782497087141338e-06
2.755044238206657e-05 5.501625685786618e-06 -4.605888082488169e-05 -6.190818657953515e-06
2.598659967808343e-05 3.836676259654353e-06 -4.014970980657637e-05 -1.844570274671762e-06
2.942604283090917e-05 5.186843163691096e-06 -4.599344148391458e-05 -4.073865829482634e-06
2.890450015442101e-05 4.668357893482301e-06 -4.704221094004759e-05 -4.596887697050773e-06
2.755032743665790e-05 3.834498829745074e-06 -4.585185488551792e-05 -2.468196986674720e-06
2.942545552019701e-05 4.150532068037002e-06 -4.615778870554843e-05 -4.970363193753596e-06
2.911416417153872e-05 3.838828608061556e-06 -4.652558602573168e-05 -4.854830638847100e-06
2.933427290851386e-05 3.930229332794296e-06 -4.628492256954661e-05 -4.941009852924456e-06
