8.403858269513536e-05 -1.327323265675074e-05 -7.366255080977445e-06 -1.062181976265428e-06
8.433315398994943e-05 -1.256112720870000e-05 -7.309159639827954e-06 -8.614311807229652e-07
8.433310673972828e-05 -9.205686474668535e-06 -7.131969649911566e-06 3.967592128684742e-07
8.403853689281024e-05 -8.493580958628028e-06 -7.169214882402321e-06 5.394072112970700e-07
8.332722002661062e-05 -1.356837185440725e-05 -7.520738863281070e-06 -1.142868699652212e-06
8.199353591433706e-05 -1.088330143898725e-05 -7.387761442677998e-06 -4.434244692097905e-07
8.332717962995641e-05 -8.198433957721403e-06 -7.285000529399758e-06 5.784363440294201e-07
7.831432071699025e-05 -1.357433202282031e-05 -6.297177171999644e-06 -9.596997913683150e-07
7.831437851669613e-05 -8.191824056246619e-06 -6.050571957971565e-06 -1.167925107069929e-06
7.553554518231253e-05 -1.088305456742937e-05 -5.950940529508611e-06 -1.246989920482382e-06
7.327913240678690e-05 -1.357461193003751e-05 -4.947219395172221e-06 3.639000037499563e-07
7.327948880813422e-05 -8.191708101541012e-06 -5.214631191495543e-06 -2.491362808499235e-06
7.076050963849962e-05 -1.088309478316040e-05 -4.097273420479954e-06 -5.674260263353353e-07
6.824871047267260e-05 -1.356440161954822e-05 -4.540277233387184e-06 -7.217138537372744e-07
6.824769490429910e-05 -8.200031024464069e-06 -4.026132777374196e-06 -1.361291611057061e-07
6.574167356301737e-05 -1.088101030694046e-05 -4.273932465386050e-06 -3.132394622724755e-08
6.323914615680000e-05 -1.355967588956696e-05 -4.563974138930967e-06 -5.870557262844317e-07
6.323947848034096e-05 -8.201646111395685e-06 -4.183375116092064e-06 6.940298326777005e-07
6.073743209631564e-05 -1.088060595023046e-05 -3.736862158636518e-06 -1.862167380080402e-07
5.823135933436964e-05 -1.356183667722602e-05 -4.242039789479851e-06 -5.711951417963013e-07
5.823204815505307e-05 -8.199539607721615e-06 -2.538037927184414e-06 -1.626394204377809e-06
5.572986886616995e-05 -1.088022409407277e-05 -3.140057940880642e-06 -1.553908106653608e-06
5.324414378556584e-05 -1.353649268062772e-05 -2.998580998311426e-06 -1.022262171176134e-07
5.324155726190125e-05 -8.218974961200943e-06 -3.239136601558886e-06 -2.147800760044395e-06
5.076205815906428e-05 -1.087550488739340e-05 -2.592407691753122e-06 -8.266496487190737e-07
4.828985137978584e-05 -1.352000647654081e-05 -2.426917238603229e-06 4.662697310307208e-07
4.829158795262010e-05 -8.231993033658783e-06 -2.337457650936727e-06 -1.645335805352415e-06
4.582755513654467e-05 -1.087707608025756e-05 -2.564033872072012e-06 -3.774458336840935e-07
4.338032433621492e-05 -1.350166106761047e-05 -1.833236680068593e-06 2.604688827941284e-06
4.337823177006473e-05 -8.252842079576079e-06 -2.516296149064030e-06 -2.486341712601310e-06
4.093556344106311e-05 -1.087656267392244e-05 -1.792786196440881e-06 -3.074622731742815e-07
3.849748759317632e-05 -1.348748990961337e-05 -3.451822223870046e-06 -5.400120150036821e-07
3.850075346292033e-05 -8.267593517832309e-06 -1.930071891128709e-06 -5.693877989472161e-07
3.606723318590665e-05 -1.087732154349528e-05 -3.027940923659616e-06 -1.274453456849029e-06
3.365084087769660e-05 -1.346062278704384e-05 -1.130552388489822e-06 -1.201772518967444e-06
3.364532213698067e-05 -8.284575659378485e-06 -3.386441720874109e-06 4.985411089363773e-07
3.133020694805373e-05 -1.086981985400076e-05 -6.698873102970204e-07 2.276891225511880e-07
2.901961732186715e-05 -1.343958563787812e-05 -8.416224334808728e-07 -2.573935036837812e-06
2.902356802228984e-05 -8.304636254184833e-06 1.010273101247377e-06 4.918785262383409e-07
2.729380801992459e-05 -1.107258234879853e-05 -1.345898057582538e-07 -1.574090940513018e-06
2.554917714644181e-05 -1.341772176590544e-05 4.012738063174402e-07 -6.262527334032059e-07
2.554383624321057e-05 -8.326496846554673e-06 -4.432109458565888e-07 1.845384948961077e-06
2.304348787552050e-05 -1.340177004774132e-05 5.873965944954220e-07 7.620032477597362e-07
2.352960125779105e-05 -1.173574159578180e-05 8.239994625590713e-07 1.227405781297966e-06
2.304509643488796e-05 -8.336828128833091e-06 1.528435213679549e-06 -1.040040863838950e-08
2.123046657178528e-05 -8.343966316922143e-06 1.640379177592067e-06 -1.658758779247717e-06
-3.575047368237027e-06 2.059964645210217e-07 -1.500683961434809e-05 7.260378629824999e-06
-3.674746560590244e-06 3.229817716103621e-07 1.229439629276450e-05 -4.838457073621594e-05
-3.712776487712108e-06 9.964382702954474e-07 -4.067578346665588e-05 -1.522062492007270e-05
-3.608434977926532e-06 1.205795527391614e-06 -6.244791360814799e-05 -2.240613501472692e-05
2.122647267130686e-05 -1.339197715618694e-05 -1.564195759436193e-06 1.014216464066205e-06
1.958315786220236e-05 -1.329238406768134e-05 -1.034642653030735e-06 -2.082476742384403e-07
2.086115116792871e-05 -1.023983041919600e-05 9.056181486320663e-07 -1.210133469691403e-06
1.958430869129107e-05 -8.205524452882815e-06 1.447093897500406e-07 -1.752015546042998e-06
-3.382031711902350e-06 1.766268349793061e-07 -3.888698421566481e-05 2.185558599503257e-05
-3.086293429054600e-06 6.451344792373549e-07 5.642681006556824e-05 2.495602416341090e-05
-3.360872681127313e-06 1.276218351085293e-06 -7.656482770955100e-05 -2.722714136833340e-05
1.906217022326364e-05 -1.173570162872835e-05 -7.724534785113942e-08 -1.955669742483362e-06
1.796619988616815e-05 -1.300505636640582e-05 2.790118758978762e-06 -5.805084859981397e-07
1.639204742179883e-05 -1.253246603892664e-05 4.775735515917061e-06 -1.482513920243482e-07
1.856537289665719e-05 -9.583089469687580e-06 1.496809465690289e-08 -1.549018269432247e-06
1.799088529784163e-05 -7.786607266210197e-06 1.924519754168204e-06 -1.053939231744422e-06
-2.245121084383478e-06 9.637236001449954e-08 -1.311188195487061e-05 -1.895754229465021e-05
-2.250977881125491e-06 1.262110579025857e-06 -1.264755148458250e-05 3.822402870007329e-06
-1.657299884343934e-06 7.145535653217860e-07 1.293548752297305e-05 1.008929173107983e-05
1.488652302757247e-05 -1.188370959754836e-05 2.684900122098095e-06 -6.125436911855391e-07
1.618255020657288e-05 -1.089868516438170e-05 3.952294594590462e-06 -1.169709872457955e-06
1.672308377795175e-05 -8.844755313493335e-06 2.647581056970652e-06 -2.006578004277495e-06
1.650346641748294e-05 -7.108608541161392e-06 2.633221084538029e-06 1.165953633479407e-06
-9.965589857436427e-07 -4.144865531885971e-10 -9.001778086281272e-06 -4.973898172201485e-06
-9.949867248486604e-07 1.358237570403351e-06 -1.540292700305756e-06 -1.010591935726080e-05
-2.550301269667661e-07 7.152493728810000e-07 8.142468124596498e-06 9.718856750482371e-06
1.346860135362774e-05 -1.107515970195319e-05 -2.037734589709502e-07 -7.835041983253070e-07
1.216525058391322e-05 -1.011786877827459e-05 -2.155432061991936e-06 1.628878026157615e-07
1.481163113619800e-05 -8.518649274385170e-06 1.165480812250616e-06 -1.212028949497241e-06
1.516992757430204e-05 -6.191085080682914e-06 1.561255506892341e-06 1.223656951864306e-06
5.948824622746148e-07 -2.537739891471528e-07 -2.319584712538029e-06 -2.525939423969875e-06
5.985654793146051e-07 1.583375546448970e-06 -3.525634861502109e-06 -2.667413449167694e-06
1.249497005623662e-05 -8.627638730227552e-06 -1.093988781047600e-06 2.696134054224422e-07
1.097951012868114e-05 -9.020441164192957e-06 -5.288827575367326e-07 -9.602892026586838e-08
1.305224603845625e-05 -6.931207885471246e-06 2.322951272091126e-06 4.959355686742754e-07
1.401791485212809e-05 -5.060964706385718e-06 -2.211958974601410e-07 -3.846444550932888e-07
1.545629450065013e-06 7.230408364253229e-07 3.044744614421357e-06 2.864991798255633e-06
2.638099500393603e-06 -5.778989669391394e-07 -8.865267835275018e-07 7.424031355739481e-07
2.648732129845050e-06 1.933577967090486e-06 1.437993783437373e-06 2.366023337004178e-06
9.926425769026295e-06 -7.803586317475703e-06 2.020871313632285e-06 -3.765058839427943e-06
9.029895978129276e-06 -6.481956888152243e-06 1.943233396533845e-06 7.770022216781140e-07
8.295341159796590e-06 -5.066810274444192e-06 2.322008779618136e-06 4.062024890866279e-06
1.191258778950427e-05 -5.385982555222422e-06 2.386737234296173e-06 1.564650102272469e-06
1.308082862588883e-05 -3.760393583918457e-06 -1.173218305040417e-06 -4.997604944064577e-07
3.544983310147828e-06 6.800616614849867e-07 -1.407688370387886e-06 6.559654857742618e-06
4.658524085159488e-06 -8.717317764821614e-07 4.570452352139357e-06 -4.958880325490267e-06
4.651751624056378e-06 2.305159576313627e-06 3.334435558730442e-06 -7.585371948178652e-06
9.789619032800467e-06 -5.074326064023925e-06 1.556364711782402e-06 3.599696665627048e-06
7.725370331765435e-06 -3.574223401506726e-06 -3.772767249009145e-07 -1.341806272445016e-06
6.476740375045967e-06 -1.161900540566583e-06 -1.033952173459707e-07 3.682314066681156e-06
7.022868865507105e-06 -1.447873787546323e-06 -4.493195526434838e-06 7.663456607413820e-06
7.329202260416055e-06 -2.014219276154398e-06 -7.734485355058474e-06 6.964989976720317e-06
1.111273072722296e-05 -3.564611761282484e-06 -7.597747194908346e-07 6.766062659342626e-07
1.239289249320817e-05 -2.341870115439850e-06 1.914950733581396e-06 5.713389416732529e-06
5.633731371654170e-06 4.543666374298187e-07 3.478659730682831e-07 -4.588499992377007e-06
6.439866425375887e-06 2.562799416276837e-06 -6.721960725410938e-06 1.403723726186035e-05
8.753644416996691e-06 -2.515508863323419e-06 4.110760259909516e-07 -1.472570942846166e-06
7.037541094558153e-06 -3.376902724281574e-07 1.616348642597402e-06 -1.499331137255577e-06
7.685201608810687e-06 -1.258591068014579e-06 -5.924596096395195e-06 5.706665874902777e-06
1.052430396163067e-05 -1.892758725427675e-06 3.166319175952765e-06 -3.558737229490076e-06
1.198483804099177e-05 -8.574383063031539e-07 6.769737858052316e-06 3.507396573379934e-06
7.048465546518863e-06 1.470559848408421e-06 6.626577139417173e-06 3.074190751630224e-07
6.945121638556577e-06 2.831881788678511e-06 -7.025157448926584e-06 1.429087152534789e-05
9.058011395567770e-06 1.502125025626083e-08 9.395637009780777e-07 -8.307844544329559e-06
1.186707881254961e-05 6.647533761976145e-07 1.021342939038068e-06 9.496549022249387e-06
1.210234825832728e-05 2.195187980375933e-06 2.991244814014738e-08 4.001470338102580e-06
8.101741154948392e-06 2.446315969910712e-06 5.692026370458388e-06 -3.377464022569506e-07
7.228552393520936e-06 3.429653925700763e-06 -1.256934466399095e-05 1.058852185298505e-05
7.563378602374194e-06 5.131136159477059e-06 -1.012539361814245e-05 7.240383616465521e-07
1.053606607773916e-05 2.368607848984771e-06 -9.280811174438180e-07 -1.555773545053706e-06
8.089954749976952e-06 6.840984836937414e-06 -1.851374197078092e-06 2.035262939306979e-07
1.266559238392351e-05 3.751776155799321e-06 6.362362143509643e-06 2.657057576907739e-06
9.066197219290475e-06 5.175105492084151e-06 3.053041981909180e-06 -3.284432763918398e-06
1.134813703657233e-05 5.307622584743207e-06 2.080961198192216e-07 1.530634373436655e-06
8.845352344001007e-06 8.494148963357390e-06 4.168843586232447e-06 3.508314598032044e-06
1.355116453722728e-05 5.303453950059864e-06 6.310759916946259e-06 -1.429504012503223e-07
1.287057862611312e-05 6.897249158449222e-06 4.285785256483939e-07 2.214729206114837e-06
1.121035908729889e-05 7.907520952489494e-06 -1.263186635479538e-07 2.454560407809829e-06
9.827321697258861e-06 1.013382414696637e-05 -5.986955083008891e-08 3.672459126206041e-06
1.105792835446606e-05 1.169812221694787e-05 1.757067704289932e-06 -3.089554823358264e-07
1.478190854066292e-05 6.781507185311976e-06 2.121344052726828e-06 -9.452977561501946e-08
1.392963168582164e-05 8.742022830700552e-06 -5.131138639198210e-07 1.833914790430804e-06
1.291715645586117e-05 1.108891966059366e-05 2.569179838905255e-06 -8.524744384886298e-07
1.247990356787966e-05 1.316761657658690e-05 3.530275253767781e-06 -1.242599457904801e-06
1.630888662292486e-05 8.109460612551493e-06 -8.317301288726856e-07 2.288355182971096e-06
1.586009620328913e-05 1.109354892923489e-05 4.226806205571273e-08 4.043087261229676e-07
1.412546836314497e-05 1.447526019339271e-05 7.617728499965693e-07 -3.646182774383080e-07
1.597251082378718e-05 1.561853345265551e-05 1.289894629554867e-06 1.695456608330501e-06
1.798084826941359e-05 1.659394962439013e-05 1.546182119179629e-06 6.923517150990221e-07
1.813230626975984e-05 1.174347698731680e-05 1.307386191361037e-06 1.503892754604720e-06
1.811343276216613e-05 9.228978460392823e-06 3.874251476521149e-07 3.736079619720038e-06
1.767064998614275e-05 1.430716424708426e-05 1.671513377454130e-06 1.491000801194852e-06
2.015500491458040e-05 1.732179274665507e-05 1.757872907237484e-06 -4.565728046913714e-07
2.245974534990733e-05 1.781525549779031e-05 1.962954244682629e-06 -4.032129381827896e-08
1.999173601688606e-05 1.230730818967854e-05 1.125332874419107e-06 1.721052208438902e-06
2.017266229727982e-05 1.003958218495142e-05 5.551244527701293e-07 2.948966657906006e-06
2.483733455695881e-05 1.803466295321871e-05 2.909230854309849e-06 4.818709960502565e-07
2.214883910723090e-05 1.446655810443219e-05 1.422433824202686e-06 1.323061216975647e-06
2.243104724627594e-05 1.051057612318112e-05 1.995228387174921e-06 1.911434056594274e-06
2.535305179110663e-05 1.483937483971900e-05 3.118571552303803e-06 9.202330401511959e-07
2.753912468624933e-05 1.813225578673190e-05 5.201181770733615e-06 5.713023003251031e-07
2.480650202065347e-05 1.063540077482357e-05 3.036960809128298e-06 1.413221952398923e-06
3.134310488198777e-05 1.823001163685648e-05 4.510075312473466e-06 1.041402229900833e-06
2.830016030739105e-05 1.299695310437599e-05 3.883921628415009e-06 1.183881189120739e-06
2.753464262119323e-05 1.053640202456637e-05 3.699677387002332e-06 1.290869600669360e-06
3.677401235019796e-05 1.838148101460677e-05 1.857335229479853e-06 2.793177875830554e-06
3.404354133537935e-05 1.401815694299979e-05 2.001501264047454e-06 2.081192815504082e-06
3.134673723528882e-05 1.040794904923246e-05 2.163699356560164e-06 1.384085141195276e-06
4.422062768355176e-05 1.854507532288082e-05 4.776447529712057e-06 1.815616005979885e-06
4.045333791699889e-05 1.432682231451642e-05 3.977024749659385e-06 4.023851008272873e-07
3.677798044137320e-05 1.026237007808388e-05 3.252383292685724e-06 -3.590047897450712e-07
5.225159648163341e-05 1.869310435383215e-05 4.901843134214303e-06 1.534472145520458e-06
4.818891237129887e-05 1.432955252399724e-05 5.057699088220197e-06 1.122370733573842e-06
4.421818665796444e-05 1.011078433927211e-05 4.820122282822203e-06 -6.028054571591408e-07
6.052483858960218e-05 1.880544824394703e-05 6.220353464606037e-06 2.114625163662948e-06
5.635467731541317e-05 1.432848783722166e-05 4.996504896238049e-06 5.607093370154793e-07
5.225326543630633e-05 9.962509546178696e-06 5.075833396984650e-06 -4.079006805487503e-08
6.898217428283102e-05 1.890127907153338e-05 6.678222295772301e-06 9.748926112339280e-07
6.472313151076004e-05 1.433678355637938e-05 6.706190670484617e-06 2.082992905928512e-06
6.052088576843663e-05 9.860148212661010e-06 4.897494844474967e-06 -1.530683009146685e-07
7.757081489220313e-05 1.895236775146044e-05 1.002561404670486e-05 1.967721331330075e-06
7.326253782695435e-05 1.433607471480297e-05 8.330239376305124e-06 4.621437240389566e-07
6.898363077246425e-05 9.773491015951210e-06 8.359018241475270e-06 1.864837714639744e-06
8.623332558249362e-05 1.898833375229707e-05 1.055539785782708e-05 3.066627062335031e-06
8.188968256111649e-05 1.433538534233433e-05 9.986947166291498e-06 1.454921030890804e-06
7.757027861593695e-05 9.718405112656949e-06 8.784001254814607e-06 -2.850389935726151e-07
9.496217073101329e-05 1.901050039740551e-05 1.284269810524424e-05 2.660253340539706e-06
9.059044581427372e-05 1.433350566519076e-05 1.189602725634579e-05 1.406770950382506e-06
8.623434966939811e-05 9.681256898238833e-06 1.105725761601300e-05 -2.604551184873807e-07
1.037195214346387e-04 1.902085860965349e-05 1.456973874131390e-05 4.986743784113154e-06
9.933839316567037e-05 1.433120557268821e-05 1.327601104461107e-05 1.863888407940492e-06
9.496330138045054e-05 9.653693666461559e-06 1.231811279581267e-05 7.679149973936992e-07
1.124713430375422e-04 1.901839682674793e-05 1.554714349349269e-05 1.475745482418325e-06
1.080979219611327e-04 1.433260417367329e-05 1.564971432352228e-05 9.333297313036977e-07
1.037181315747184e-04 9.643111215518776e-06 1.522528990962871e-05 -2.220707765071567e-06
1.312383283058733e-04 1.851579637334942e-05 2.156676658452749e-05 3.068558891110784e-06
1.299932509980223e-04 1.903162283820275e-05 2.094772170765714e-05 3.099141773632496e-06
1.163890777511323e-04 1.433071038501093e-05 1.747648267497426e-05 1.266950957057401e-06
1.212232022536709e-04 1.902806547587111e-05 2.100903636965126e-05 2.384916535005240e-07
1.124729978190753e-04 9.644985666219965e-06 1.522720385862781e-05 6.013895125191736e-07
1.317540357192844e-04 1.727056954166368e-05 2.184047375653511e-05 2.721141443763143e-06
1.288070285601453e-04 1.433504865002342e-05 2.010951093616475e-05 9.122583305638675e-07
1.212214890351629e-04 9.635519198007395e-06 2.113123145758180e-05 2.357488127779781e-06
1.317533767961223e-04 1.140042023278638e-05 2.206448340275626e-05 -1.134149269204294e-06
1.299920609565529e-04 9.638676877303048e-06 2.120991283752793e-05 -1.480527520784254e-06
1.312375000114881e-04 1.015475547807672e-05 2.180953970481762e-05 -1.467318555211331e-06
