-4.979961795887810e-05 7.951441290374651e-06 5.331759601768959e-05 -6.591792452810375e-06
-4.997804476836127e-05 7.521943400166216e-06 5.376076031664654e-05 -5.899321175683022e-06
-4.997767405657679e-05 5.497306554464952e-06 5.371846541297005e-05 -3.565345458739391e-06
-4.979929188850138e-05 5.068284084011778e-06 5.328837194885430e-05 -2.980182261717884e-06
-4.936910612072070e-05 8.129119797467397e-06 5.234021623607963e-05 -6.843619688317500e-06
-4.856163108012013e-05 6.509872557009954e-06 5.036450608347831e-05 -4.796946736695560e-06
-4.936901800332350e-05 4.890863770821312e-06 5.236702394028971e-05 -2.786984005122594e-06
-4.634470213896854e-05 8.125738540897110e-06 4.521334753290666e-05 -7.016469770401289e-06
-4.634642930637396e-05 4.899300732290228e-06 4.562197043817052e-05 -3.834451938386050e-06
-4.468807833744333e-05 6.514224175252606e-06 4.658440806861308e-05 -5.903392073735454e-06
-4.333535766341530e-05 8.139653713780012e-06 4.500210854822806e-05 -9.545099309462454e-06
-4.333487176704844e-05 4.888561022413683e-06 4.517265011378941e-05 -2.346310944371873e-06
-4.181877284529346e-05 6.513313106143377e-06 4.149614078608341e-05 -5.613697402693918e-06
-4.029688678918991e-05 8.145796558873031e-06 3.938534373867120e-05 -6.768022299925279e-06
-4.029634962492364e-05 4.879012965304738e-06 3.910387075565289e-05 -3.023827529892281e-06
-3.877300213961154e-05 6.510947077485040e-06 3.804335425576382e-05 -4.673068316655100e-06
-3.724987688303035e-05 8.143871978189469e-06 3.593981969083032e-05 -7.739021773797200e-06
-3.725211408583539e-05 4.878548852497730e-06 3.714033206787707e-05 -2.721545588948979e-06
-3.572899746830880e-05 6.510703814661754e-06 3.349576104533173e-05 -5.599892451830472e-06
-3.420681231286087e-05 8.143730693024724e-06 3.128974161442465e-05 -6.621805229446929e-06
-3.420558228409100e-05 4.876152002121683e-06 3.181765577444585e-05 -4.608687783735718e-06
-3.267699990443932e-05 6.510038185526941e-06 2.991248205285496e-05 -5.337994625310142e-06
-3.113698177321277e-05 8.155523694319053e-06 2.839615618638074e-05 -5.924326721335842e-06
-3.114163749305414e-05 4.871761863884796e-06 2.833244493114424e-05 -4.359684995819076e-06
-2.960171515047362e-05 6.517425883616394e-06 2.594246057846604e-05 -5.090126502821880e-06
-2.807195851366204e-05 8.155275565058166e-06 2.426478390149316e-05 -6.880872483567527e-06
-2.807133951117750e-05 4.879234774300729e-06 2.443789975831286e-05 -4.163051977750612e-06
-2.654451525240271e-05 6.515225821680164e-06 2.402330610796815e-05 -5.767006676244990e-06
-2.501585407041926e-05 8.150119940941832e-06 2.198260894846194e-05 -8.528472148651297e-06
-2.501466576601488e-05 4.874679330065795e-06 2.192581653900485e-05 -2.136658611419943e-06
-2.348432273596551e-05 6.512306529269685e-06 1.911910659190971e-05 -4.383028887178917e-06
-2.195610550398426e-05 8.147193368264687e-06 1.800102853593268e-05 -4.561975547961218e-06
-2.195530902069354e-05 4.880383340179456e-06 1.836049625928106e-05 -4.640778730233836e-06
-2.042775375709307e-05 6.515548128524036e-06 1.703565067659893e-05 -5.286469767136507e-06
-1.890277947827147e-05 8.142619697245604e-06 1.521755290968403e-05 -6.807980264787352e-06
-1.890509428188126e-05 4.893869921922508e-06 1.425440461506040e-05 -4.164463512138340e-06
-1.744944561785411e-05 6.521386208462912e-06 1.360519879323228e-05 -4.041854098593463e-06
-1.602241455902539e-05 8.102056691474895e-06 1.258278971086700e-05 -6.212839764560222e-06
-1.602290222728400e-05 4.940256179163219e-06 1.373326734783997e-05 -5.030225796791241e-06
-1.496139332561792e-05 6.641218158787606e-06 1.166608848919023e-05 -6.642969095442299e-06
-1.389258003673127e-05 8.072621981998935e-06 9.660925235480878e-06 -5.810892408636152e-06
-1.388993579517293e-05 4.961153983631663e-06 9.962558482831847e-06 -2.016758543664037e-06
-1.236197743038879e-05 8.047099920630969e-06 8.388347680516686e-06 -6.144603153629157e-06
-1.265389642405970e-05 7.039589496541486e-06 9.388703082137019e-06 -3.614367005157096e-06
-1.236027408380734e-05 4.981197591894956e-06 9.895043601274732e-06 -4.685100856594694e-06
-1.126144314222649e-05 5.000893652297539e-06 9.497448951425092e-06 -5.007524774212432e-06
1.738575791908476e-06 6.328093971162348e-07 4.810409673337263e-06 1.411840632707861e-05
1.780878280201269e-06 4.726310642503557e-07 1.486783028006955e-05 9.492020392746301e-06
1.785212194498331e-06 2.478825088909598e-07 2.321745383639487e-05 -7.521762922922318e-06
1.754950997774411e-06 1.699151034912975e-07 2.792454149566172e-05 3.763200464966809e-05
-1.125758236752613e-05 8.028014431749126e-06 5.256880391873189e-06 -6.827567117102855e-06
-1.027962862166117e-05 7.951865531949320e-06 6.732071223680929e-06 -5.584240882702137e-06
-1.103344733528183e-05 6.139991106097470e-06 9.270802958045509e-06 -4.832217730977296e-06
-1.027354704065900e-05 4.941017098544496e-06 8.586969510533199e-06 -2.245442567486969e-06
1.616564680369021e-06 7.077748535533008e-07 4.385119635667685e-05 -1.069913676693615e-05
1.471435816111563e-06 3.753076915421763e-07 -5.974688555985865e-05 -1.877594843782044e-05
1.683888853470877e-06 1.303891242499878e-07 7.145970398288832e-05 4.529912331456821e-05
-9.963350979215400e-06 7.026398496710236e-06 7.200493473444600e-06 -7.022338956330824e-06
-9.326741445283085e-06 7.760982076507546e-06 9.065409258202506e-06 -4.488605901727352e-06
-8.415484216307372e-06 7.473920612360147e-06 8.960031312234373e-06 -4.723693945258082e-06
-9.667990427096235e-06 5.761579279603911e-06 8.163303353977574e-06 -1.940815826534473e-06
-9.334812670104872e-06 4.734414751228896e-06 7.458726189047682e-06 -7.192482802111660e-07
1.084346573382831e-06 6.579149860056652e-07 1.004914373765999e-05 2.320145526156787e-05
1.091596001925520e-06 8.055523790464328e-08 9.299323982107013e-06 -4.724332255650961e-06
7.940332553744241e-07 3.912483806261266e-07 -4.214894869376713e-06 -3.302406596382132e-05
-7.561717106102191e-06 7.083811954926798e-06 6.730036928280828e-06 -5.371658606366879e-06
-8.290931866587032e-06 6.525042665785901e-06 8.542085908324641e-06 -5.442601547665093e-06
-8.601528439340674e-06 5.346526198998656e-06 8.268436932211784e-06 -1.886321508648369e-06
-8.470472582612395e-06 4.375201923218709e-06 7.742772239358236e-06 -4.745479787045576e-06
4.858163392278647e-07 7.311888647901999e-07 4.198454244503103e-06 1.638669616441721e-05
4.579739683445337e-07 4.557621340238823e-08 2.734954324659423e-06 3.006433430939612e-05
1.016551904786512e-07 3.538782828278743e-07 -1.292502899031784e-05 -4.205983386198143e-05
-6.764952910713828e-06 6.608512497090855e-06 3.773373995079118e-06 -4.376667338122322e-06
-6.041248876086549e-06 6.062030454471315e-06 -7.012807207812806e-07 -4.276145916452792e-06
-7.514815252399841e-06 5.160715217462283e-06 7.692211369285002e-06 -3.346718207161381e-06
-7.706372242657678e-06 3.874357621557682e-06 2.727607700624668e-06 -1.018103706050641e-06
-3.052914587861937e-07 8.301816645993118e-07 8.710340805889784e-06 1.528363172601617e-05
-3.002574179995384e-07 -8.438261674119617e-08 3.000908187754050e-06 1.464670768314407e-05
-6.224330591139701e-06 5.223017996265979e-06 2.211039322724249e-06 -2.699888037107106e-06
-5.408403007568989e-06 5.441521680024562e-06 1.345523751863237e-06 -5.030099967340913e-06
-6.526814514765065e-06 4.285791726016173e-06 6.354654701692643e-06 9.179927179840532e-07
-7.059359686978370e-06 3.275349091282793e-06 8.756711646915127e-06 -4.563960726771569e-06
-7.695545376980346e-07 3.707781061107079e-07 -6.567224073949160e-06 -1.530863512831474e-05
-1.306363621233261e-06 9.706678930249582e-07 5.149674654736049e-06 2.877920761735571e-06
-1.314314181078830e-06 -2.487211565743314e-07 1.546306786761535e-06 1.822227383137368e-06
-4.854157237646006e-06 4.761297681239349e-06 4.166783783362615e-06 -4.469941992645044e-06
-4.396949309915396e-06 4.047693327247259e-06 3.580828346060993e-06 -2.507027831166692e-06
-4.028483395154762e-06 3.292898129503577e-06 2.575648893218128e-06 -1.632861951716306e-06
-5.910597674249184e-06 3.453078888109926e-06 3.840715982455566e-06 -2.518303169784733e-06
-6.534664662099051e-06 2.593754165282040e-06 7.430720857023524e-06 -3.353866414736143e-06
-1.754296091001613e-06 3.692702857717919e-07 8.001084047067341e-06 4.793334550022332e-06
-2.295981259433268e-06 1.141613493568959e-06 -1.082278085825649e-05 -8.737858896194662e-06
-2.279725829552789e-06 -4.096638540892388e-07 -6.196919347058541e-06 -4.751357048196108e-06
-4.806005589733603e-06 3.289411935800229e-06 4.391296871974394e-06 -8.403714518963590e-07
-3.749508127204657e-06 2.516081369888994e-06 6.450865171616753e-07 -5.816604519650870e-06
-3.177915029185997e-06 1.289359321200655e-06 9.192466045807158e-06 -3.951852907883635e-06
-3.434283754617568e-06 1.428043820293454e-06 -4.904317625639832e-06 7.223042408226711e-06
-3.572410252650521e-06 1.708876001105818e-06 -1.358063870818244e-05 1.155272646685087e-05
-5.489889380941745e-06 2.497840360295719e-06 -2.363392193319432e-06 -5.279647846621342e-06
-6.150290367103445e-06 1.876767738731996e-06 7.148290001572641e-06 9.973346038880825e-07
-2.767157110845576e-06 4.747867270565230e-07 3.383295175824326e-06 7.376763524304580e-06
-3.172505880504140e-06 -5.227836187071890e-07 2.880267307603319e-06 7.591765909607743e-07
-4.295102776641381e-06 1.957065896716444e-06 8.503665676849085e-06 -1.402393547570827e-06
-3.450451600503061e-06 8.743593024275623e-07 5.332303920917180e-06 -3.872932927587302e-06
-3.760491591779727e-06 1.329449667956565e-06 -9.233816696746346e-06 9.151660250608175e-06
-5.180686525269433e-06 1.646379830300012e-06 2.973393734979960e-06 -7.886256921680866e-06
-5.911059208567784e-06 1.124715740356157e-06 8.152240123199799e-06 7.185575971726152e-06
-3.463130501353069e-06 -7.999997907545167e-09 7.025268248754994e-06 6.642339480182049e-07
-3.440623987692864e-06 -6.561406295491742e-07 1.397491874118045e-06 6.643092512120534e-06
-4.443251457252632e-06 6.978632726533068e-07 1.760954327139493e-06 -6.889855442502511e-06
-5.833133185511135e-06 3.774427835099112e-07 -2.343529851227497e-06 3.388148437646367e-06
-5.903864034479479e-06 -3.641162548463263e-07 -1.105453525701339e-06 -7.472802572921046e-07
-3.993049114293245e-06 -4.868347756210006e-07 8.556186836687468e-06 5.583207157402424e-06
-3.596942770304238e-06 -9.465462846370725e-07 -3.870667687359483e-06 9.946224875927757e-06
-3.766555063418208e-06 -1.753853256646348e-06 -1.092371460687036e-05 2.212406195651406e-06
-5.167274666292375e-06 -4.578610320517079e-07 8.404984252567031e-07 -3.847018052698341e-06
-4.019174574543308e-06 -2.543571118672285e-06 -2.028305261885152e-06 1.619625839275148e-06
-6.133428168020807e-06 -1.118386725200213e-06 8.390682175274424e-06 1.212345375631289e-06
-4.460158900825033e-06 -1.782945068688764e-06 2.498039371905612e-06 -3.860637608974206e-06
-5.540778191714634e-06 -1.835862519465483e-06 8.218111454345314e-06 -1.570714073245940e-06
-4.380623260138157e-06 -3.300588558732863e-06 1.805373773372914e-05 7.333401419890166e-06
-6.530354379461557e-06 -1.846591632576702e-06 1.073090156304685e-05 8.618008636891598e-06
-6.229227933510004e-06 -2.569212161368109e-06 5.555716437922029e-06 1.115985183211506e-06
-5.463499182365280e-06 -3.041738654059275e-06 3.559070258182173e-08 1.983536749730849e-07
-4.841271100190396e-06 -4.020538458877618e-06 -1.108191974572739e-06 4.242938376773935e-07
-5.400458773830647e-06 -4.726500921194395e-06 4.194302053470132e-06 6.589643012432175e-06
-7.071132589825296e-06 -2.523165631450581e-06 3.756182108272527e-06 1.269579547725997e-06
-6.695947365559257e-06 -3.410372737324159e-06 3.383197984375924e-06 2.001077511393828e-06
-6.236297187194450e-06 -4.457625871764334e-06 7.995257155134125e-06 4.039237870134096e-06
-6.043192102136480e-06 -5.367731781231976e-06 1.112139987179290e-05 3.475765923700356e-06
-7.746387055349362e-06 -3.130505963818005e-06 8.264997452708873e-06 4.573681814935678e-06
-7.552924833471218e-06 -4.449401806385408e-06 2.275251358079577e-06 -1.624440300986301e-06
-6.788703678809024e-06 -5.928155136195160e-06 2.599275361606214e-06 6.331393225868035e-07
-7.598625649753255e-06 -6.421665326109690e-06 3.508535172045310e-06 8.047529722992668e-06
-8.470284171192794e-06 -6.836003847283767e-06 2.169937416165333e-06 5.177409909563870e-06
-8.544877259010987e-06 -4.736928059230823e-06 3.013901806052109e-06 1.799457368924983e-06
-8.537168986484031e-06 -3.632813090460339e-06 2.716661179856231e-06 4.047548358467508e-06
-8.341578238652107e-06 -5.850123579980846e-06 3.649964651884486e-06 5.601675943030393e-06
-9.410880830260804e-06 -7.139264580570972e-06 3.486816878648149e-06 -1.807572725801249e-07
-1.039707768747101e-05 -7.337181751902289e-06 4.332650155309139e-06 8.904302577268233e-07
-9.345894199211465e-06 -4.985673701560924e-06 5.096965412379156e-06 3.253834906964648e-06
-9.424205145519336e-06 -4.005380378667710e-06 4.314744629958361e-06 6.124808231172426e-06
-1.140589389594321e-05 -7.423177066137704e-06 4.609239769186807e-06 4.337665938052716e-06
-1.027035549674922e-05 -5.911852175601746e-06 4.108951149855885e-06 1.020806570618743e-06
-1.038703649328039e-05 -4.221794606245547e-06 4.671418012914078e-06 3.884404550614801e-06
-1.162941542299576e-05 -6.067442773490334e-06 6.395929905538175e-06 2.411474901126356e-06
-1.254686593712202e-05 -7.456578204724445e-06 8.749856931069175e-06 2.560012360424514e-06
-1.140245491694934e-05 -4.282735721406714e-06 4.610131221641368e-06 1.898151239069570e-06
-1.415170106148561e-05 -7.488319319239020e-06 4.364658594450466e-06 2.858707189707012e-06
-1.286673858023484e-05 -5.287784334606552e-06 4.872105194030590e-06 2.055219010371689e-06
-1.254359112889013e-05 -4.248570963181470e-06 4.234526196449962e-06 9.864039489524230e-07
-1.643336653781313e-05 -7.539786137241191e-06 4.770584299522104e-06 2.175382642927907e-06
-1.528949601804259e-05 -5.715505393139204e-06 5.363050808003894e-06 1.628329666402597e-06
-1.415065369672097e-05 -4.195737288467030e-06 6.953872291071861e-06 1.235372388962448e-06
-1.951492651891475e-05 -7.590359203582021e-06 6.502507611962366e-06 1.698648560065601e-06
-1.796067277259919e-05 -5.845142481900076e-06 5.442315014746948e-06 2.042490981221420e-06
-1.643124632743932e-05 -4.145227362135519e-06 3.841659756765421e-06 7.389147631831884e-07
-2.281417108116450e-05 -7.637366678148069e-06 7.339837995612575e-06 3.282957883152147e-06
-2.114950904636084e-05 -5.844463692610703e-06 7.457523714465598e-06 2.260361001522379e-06
-1.951587106674322e-05 -4.097773961646344e-06 7.103035088811881e-06 4.261351830092303e-06
-2.620741850682533e-05 -7.680664273432231e-06 7.900558246023617e-06 4.794286992568036e-06
-2.449587660321032e-05 -5.844714136962065e-06 6.960678187262360e-06 1.807733219488190e-06
-2.281430503741706e-05 -4.050574466417424e-06 8.088324646962553e-06 1.037199795830486e-06
-2.967500781020936e-05 -7.711663607230900e-06 7.808769570656345e-06 1.016606844571200e-06
-2.793170879825271e-05 -5.847827389589587e-06 8.463618672092306e-06 2.528963120212221e-06
-2.620686230084638e-05 -4.012709549005120e-06 6.641244510949513e-06 -4.732100548062867e-07
-3.317681266915312e-05 -7.735771355505666e-06 9.435148299034728e-06 1.964386808911857e-06
-3.141922832374051e-05 -5.853291124339669e-06 8.293181060704876e-06 2.091870777378158e-06
-2.967078447649776e-05 -3.988547623084966e-06 8.512072336369886e-06 3.207649190010446e-06
-3.670701461449391e-05 -7.741590591236005e-06 9.953754932906032e-06 1.056994215666565e-06
-3.494087249713650e-05 -5.852719960200006e-06 1.045751185923767e-05 1.435491379243149e-06
-3.317959126186608e-05 -3.969387235252201e-06 9.932915893026234e-06 2.369363841321813e-06
-4.024344799044138e-05 -7.750062070489906e-06 1.018338121037558e-05 3.024109731975058e-06
-3.847274839178558e-05 -5.856618768919675e-06 8.808080750606010e-06 2.017520668764076e-06
-3.670428909392112e-05 -3.968843393228553e-06 9.212947827464011e-06 2.361549653723631e-06
-4.376905385807606e-05 -7.749740895013299e-06 1.070956317328569e-05 2.625510273253929e-06
-4.200948276091609e-05 -5.858451632326631e-06 1.170674411946361e-05 3.212999307442685e-06
-4.024307235139874e-05 -3.964500703383162e-06 9.958903079942428e-06 2.156299226670051e-06
-4.728609051414206e-05 -7.748851277469393e-06 7.899386952624562e-06 2.815093697988187e-06
-4.552595595438217e-05 -5.861145717567006e-06 8.523104432470095e-06 2.130172299731192e-06
-4.376786217385696e-05 -3.970827355219483e-06 1.121157929960816e-05 3.337901429766975e-06
-5.483055704986788e-05 -7.535211960403359e-06 9.017618091853460e-06 2.591910398181142e-06
-5.433263437611262e-05 -7.741622539667065e-06 9.126258987689889e-06 2.270008756556114e-06
-4.886854926302979e-05 -5.858824048419721e-06 9.970731543848780e-06 9.218911584784107e-07
-5.081752820137172e-05 -7.742586358637065e-06 1.085884613141901e-05 -1.615348523144464e-06
-4.728768593625155e-05 -3.971289951255602e-06 8.373428263125596e-06 -2.926304173251099e-07
-5.503677673888409e-05 -7.037067312135567e-06 8.993811611660078e-06 3.069218036826264e-06
-5.385802300759114e-05 -5.862799298779489e-06 8.377615392197480e-06 3.021737783209898e-06
-5.081599544906833e-05 -3.976645253299778e-06 1.010980641118905e-05 4.832733100153329e-06
-5.503611546341583e-05 -4.689484789897710e-06 8.686031722722708e-06 3.324677780747687e-06
-5.433148450618331e-05 -3.984282655500266e-06 8.616796090935027e-06 3.860712811058864e-06
-5.482973893099483e-05 -4.190933779632234e-06 8.643249409359353e-06 3.636832183880577e-06
