8.251463826989899e-05 -1.338555103044440e-05 -1.466296683710440e-05 -1.695214143545279e-06
8.279530533562752e-05 -1.270812626762177e-05 -1.453121929812972e-05 -1.094354724780925e-06
8.279509368313224e-05 -9.514659694804906e-06 -1.482324818612281e-05 2.353174507617090e-06
8.251438258675056e-05 -8.837131730337503e-06 -1.495642617186011e-05 2.806602076330654e-06
8.183708018859365e-05 -1.366611490412120e-05 -1.508516063872671e-05 -1.924627533992205e-06
8.056631076769473e-05 -1.111117357340261e-05 -1.475495235857259e-05 5.980625188890605e-07
8.183673002575664e-05 -8.556513645574871e-06 -1.531728437305761e-05 2.959450506691303e-06
7.706769242176462e-05 -1.366586250979318e-05 -1.083852563865595e-05 -7.549268704149096e-07
7.706765607357776e-05 -8.556479438035228e-06 -1.066791386789273e-05 9.790818241270111e-07
7.443571228241321e-05 -1.111172385165763e-05 -1.269898094891669e-05 -2.879102389100601e-08
7.229896144341936e-05 -1.366886397545494e-05 -1.192348544459465e-05 1.518981122972143e-06
7.229853384580307e-05 -8.553541879488191e-06 -1.164173410388844e-05 -1.597607853057709e-06
6.991294688889127e-05 -1.111002404609393e-05 -9.619021802513229e-06 -2.577751817958278e-07
6.752754526241328e-05 -1.366469975822045e-05 -8.457917530603529e-06 1.746119672374035e-06
6.752732095514764e-05 -8.552646494838514e-06 -9.786407548169699e-06 -6.335060075447172e-07
6.514253715301171e-05 -1.110858851298345e-05 -9.082375875873687e-06 7.277593507001954e-07
6.275667509428651e-05 -1.366863667235576e-05 -8.844398721204992e-06 4.937152183284305e-07
6.275704316830541e-05 -8.550802558849176e-06 -1.000748590277745e-05 1.365089817951301e-06
6.036957288140456e-05 -1.110982796394818e-05 -8.388037325437351e-06 7.382069749825529e-07
5.797221185448909e-05 -1.368160497825306e-05 -8.132162276317193e-06 -6.954719387260036e-07
5.796949363372104e-05 -8.534881857664827e-06 -7.052884009063369e-06 1.630344730848900e-06
5.556703700093731e-05 -1.110556236460213e-05 -6.934983407448181e-06 -7.633530313853429e-07
5.315329736652176e-05 -1.368778505581558e-05 -5.552696720370908e-06 4.854205883223549e-07
5.315733485099159e-05 -8.525511740006699e-06 -6.680547965067827e-06 -1.805065035858580e-06
5.074109760271464e-05 -1.111058421874766e-05 -4.403297042214516e-06 -3.146831948641337e-08
4.832686103846275e-05 -1.369652333006639e-05 -3.610176490048785e-06 1.166246735281949e-06
4.832574861095621e-05 -8.523858514108294e-06 -4.534647982126121e-06 3.366993619084999e-07
4.591425680873675e-05 -1.110959034314186e-05 -5.365707281348353e-06 1.026982222114951e-06
4.350520587630634e-05 -1.369335108872797e-05 -4.430579512279333e-06 2.506884412499394e-06
4.350499626075094e-05 -8.526263374177594e-06 -4.206287043909677e-06 -1.652684348269478e-06
4.109627978575084e-05 -1.111142980943202e-05 -1.865709483342115e-06 4.563216377437476e-07
3.868467266673666e-05 -1.369364342282603e-05 -4.182766847562887e-06 -1.394514498410073e-06
3.868169389378689e-05 -8.526285637522828e-06 -2.332762978181363e-06 1.077709870702038e-06
3.626384677552740e-05 -1.110929918949505e-05 -4.294987671836063e-06 -4.641378244458102e-07
3.384241520766062e-05 -1.368984055694121e-05 -1.269208384837619e-06 3.567857503442159e-06
3.384884597788286e-05 -8.531449548286309e-06 -2.893458418104388e-06 -4.378390620972893e-07
3.152665896021279e-05 -1.111291589576314e-05 -1.876730134449377e-06 7.785934240849691e-07
2.921454858304891e-05 -1.368409371892455e-05 -4.036943595848643e-06 -3.144171691861397e-06
2.920963529038936e-05 -8.539819920010893e-06 -2.720140955182431e-06 7.825568117576432e-07
2.748436503586474e-05 -1.131334292666818e-05 -2.599251608204027e-06 3.451184645876640e-07
2.572320860051179e-05 -1.367925944313717e-05 1.124178737996533e-06 1.691455096795259e-06
2.572277992859010e-05 -8.540379893092420e-06 -4.569161993077863e-06 -2.343260798659790e-06
2.319476733999259e-05 -1.366824785850566e-05 -7.444471248865597e-07 1.131823706802993e-06
2.368537987875809e-05 -1.198824384124993e-05 -1.415110238027651e-06 -9.083886083309316e-07
2.319271798750813e-05 -8.552579377856992e-06 2.381607285303042e-06 3.067619656778733e-06
2.136478430603287e-05 -8.560042673725145e-06 -8.684202427667022e-08 -2.943712845845669e-07
-3.576228161027598e-06 6.888890870360743e-08 2.741451578611597e-05 -5.022762436380863e-05
-3.660874567028531e-06 3.316504838115716e-07 2.230604397704158e-06 -2.567518343897266e-05
-3.678134628923040e-06 7.768844742216391e-07 2.705360318576137e-05 6.782768895083662e-05
-3.601296630815333e-06 1.030432609211084e-06 2.828756755539127e-05 -8.594475235815501e-06
2.136498590722768e-05 -1.365620734056127e-05 1.849419889726141e-06 3.736821182262438e-06
1.970302549463467e-05 -1.355408393850733e-05 -3.298699348103642e-07 1.144210272990139e-06
2.099295329467566e-05 -1.046924549257413e-05 -4.008043179406304e-06 2.851717297264365e-06
1.970231059563193e-05 -8.423070598553251e-06 -1.468476989655415e-06 -6.599716914686791e-06
-3.359451554572559e-06 -5.120425319324450e-08 1.567257544762523e-05 -2.784622585668230e-05
-3.134170691660406e-06 5.313370138610623e-07 -1.428991169710500e-05 8.337050192141133e-06
-3.391401587327149e-06 1.141052356844244e-06 -1.255426119340136e-05 -4.566109745839738e-05
1.917492509945909e-05 -1.197971717089559e-05 -1.563112953559772e-06 1.596533764409176e-06
1.806834510821983e-05 -1.326282138659312e-05 -2.670187671414924e-07 7.891202072068315e-08
1.647836820719197e-05 -1.278884160889648e-05 4.044934089858422e-07 1.485245397339231e-06
1.867355913950046e-05 -9.814857255968656e-06 -1.790323867573056e-06 -5.160675724610262e-06
1.810603621023173e-05 -8.005150781899699e-06 -3.214741422506452e-06 2.895514430473130e-06
-2.245818856799907e-06 -2.173097116011950e-08 -1.151916983188486e-05 6.466495741317592e-06
-2.257254503656854e-06 1.124979797532174e-06 2.023709908190157e-05 4.260418735335669e-07
-1.670070508475497e-06 5.246750069454637e-07 1.337924860209708e-07 -2.203383499474534e-05
1.495945442201653e-05 -1.213602623114525e-05 -6.985285805952082e-07 3.665580909039405e-06
1.626663893951293e-05 -1.114436689355003e-05 -4.215600665740302e-07 8.106660992884972e-07
1.681631816120814e-05 -9.077961710672506e-06 -3.088660579091713e-08 1.300382003251669e-06
1.659029437723325e-05 -7.304292503148443e-06 1.931450416264124e-06 2.776621255145371e-06
-1.004560721723047e-06 -1.449514229149678e-07 4.453704513617118e-06 1.937353370093150e-05
-9.875895961600679e-07 1.210253600303332e-06 -9.081689196066004e-06 1.987423299653809e-05
-2.813098403481441e-07 5.390628038496097e-07 1.580773408681393e-06 -3.991456681258444e-05
1.352932512687757e-05 -1.132471872504582e-05 -3.156519434434234e-07 1.287693728722214e-06
1.220263466941047e-05 -1.035640164712402e-05 -3.571665466460001e-06 5.923356617944842e-07
1.488149699218189e-05 -8.741003598843572e-06 1.022223286204628e-06 -3.593043006251286e-06
1.524340721056894e-05 -6.382856831959601e-06 -7.259445065709291e-06 -2.672055064434563e-07
5.848090095471137e-07 -3.723442365192719e-07 -4.934532389952467e-06 1.798933286070403e-05
5.872652351332666e-07 1.461395536654090e-06 6.309061951203501e-06 1.958753750826930e-05
1.253595345719358e-05 -8.848015289444956e-06 -7.093819775909789e-07 -4.967028601971483e-08
1.100498811103179e-05 -9.244515259560396e-06 -3.034976922425860e-06 1.107626776640307e-06
1.310075360498671e-05 -7.133783663983941e-06 2.499458618949875e-06 5.464201863923620e-08
1.407033984330329e-05 -5.251130701039343e-06 -5.893588870942452e-06 -1.382977758438453e-06
1.517492077421691e-06 5.470078010187956e-07 1.426031870349849e-06 -2.716578214533342e-05
2.633060353287491e-06 -6.995763934709164e-07 1.367446708718916e-06 9.191428204462684e-06
2.632859576900250e-06 1.807649368746977e-06 -1.303422373017249e-05 9.256008491945227e-06
9.946401965621967e-06 -8.012675358047209e-06 -2.090933035462039e-06 3.510485988916948e-06
9.050061741938298e-06 -6.688715512470145e-06 -3.009933258353144e-06 -3.839111814233173e-07
8.302908261638389e-06 -5.267350396894648e-06 -6.091635900585364e-07 -6.632017217418301e-07
1.195502599884068e-05 -5.577446765534551e-06 1.190114415714358e-06 9.655654863243112e-07
1.312463010421966e-05 -3.941730893524114e-06 -6.280015163441285e-06 9.645108632869786e-06
3.537609331981589e-06 5.523224980145545e-07 1.901680167085420e-06 8.317883508521714e-06
4.641668396558806e-06 -1.049586504363194e-06 -5.390577355401398e-06 -1.044595095291908e-05
4.638267828075939e-06 2.161257721709175e-06 -4.893675566235075e-07 -3.350783810514141e-06
9.818974955800103e-06 -5.270639144657778e-06 -3.868208251219368e-06 -2.873004234139890e-06
7.725378942603367e-06 -3.762022255052671e-06 4.069248944791117e-06 9.987863915031905e-06
6.470873445306258e-06 -1.324942866184271e-06 -1.291398907595303e-05 -2.782437320706541e-06
7.031862726391392e-06 -1.616647300961052e-06 4.400752284936855e-07 -2.430647244012814e-06
7.342049286097209e-06 -2.191079724348850e-06 6.377227347832259e-06 -9.698254453811260e-07
1.114729876764349e-05 -3.746014777560615e-06 8.349781412744203e-07 -7.868437058308325e-07
1.243926509643184e-05 -2.510070775326842e-06 1.603509904116377e-06 -2.415469966723755e-06
5.640335839022836e-06 3.105734847356997e-07 1.977647641364212e-06 2.485319277449685e-06
6.453917794232977e-06 2.414763167513205e-06 5.371334251406927e-06 -1.270939684060599e-05
8.769410414961934e-06 -2.694950511107863e-06 -4.882565379403318e-06 -8.275807755914281e-07
7.047667767422038e-06 -4.823607332592958e-07 1.874782857050982e-06 9.938432347311735e-06
7.705394462846022e-06 -1.426085628979527e-06 6.037135441347741e-06 3.600064544363516e-07
1.055302953818114e-05 -2.073981580920303e-06 -1.211670699616357e-06 -6.049580859903056e-06
1.203767704686990e-05 -1.013153432543023e-06 5.377547012609064e-07 7.676028647016656e-08
7.051488625335693e-06 1.326589891466564e-06 -1.525353351738231e-06 7.735955276375621e-07
6.942021517629431e-06 2.690871598110058e-06 -7.519521901377824e-07 -5.159642288057463e-06
9.069566635477796e-06 -1.610460708581203e-07 -5.758935645239258e-07 -8.216654287177886e-07
1.190694838332100e-05 5.236849815966818e-07 -4.014427147272770e-06 -1.854690144109874e-06
1.212423119611726e-05 2.046824738787473e-06 -2.031166337616326e-07 -2.916585484646486e-06
8.105442752463745e-06 2.304854363774745e-06 -3.872850160346030e-06 5.771081047825873e-06
7.218481795169511e-06 3.298440873713056e-06 -2.561450057996202e-06 1.670199485802294e-06
7.554728083522343e-06 4.997687268873720e-06 -2.896600383074418e-06 2.214928802812788e-08
1.056377083501390e-05 2.217740343116596e-06 5.978443659547672e-07 -1.301277704610936e-06
8.089109660238672e-06 6.705577957433205e-06 -4.115073991790197e-07 2.888760579182323e-06
1.269182331232077e-05 3.619445673229717e-06 5.007865156861101e-06 -7.038535298199794e-06
9.079347126333026e-06 5.036273595762952e-06 1.751124708381212e-06 -3.236493734027072e-07
1.138957395907980e-05 5.173879031163767e-06 -2.482816275606277e-06 2.557324354075536e-06
8.850822418545570e-06 8.370499608106833e-06 5.984498801032931e-07 4.505257431597334e-06
1.359425947843830e-05 5.169759627438549e-06 6.110812750715938e-06 9.958038084721412e-06
1.291346587958516e-05 6.767281096416523e-06 -3.967229371978925e-06 2.830869327792955e-06
1.123317369684543e-05 7.799549265497771e-06 -1.828142275889815e-06 -5.359228070586638e-06
9.837514054430198e-06 1.004759398013172e-05 -1.719240315363410e-06 9.679827404862400e-06
1.107713004458930e-05 1.161924627745609e-05 2.112449902526646e-06 -2.200465602470514e-06
1.484252595711331e-05 6.639819334409013e-06 4.097541226006008e-06 -2.031168859436867e-06
1.397541743420346e-05 8.634042982106441e-06 -6.092107480871508e-06 -3.686847455157706e-06
1.294966009060366e-05 1.100795382819547e-05 2.493543312575736e-07 -4.480575378947972e-06
1.251248805880691e-05 1.311181832038467e-05 5.373338907862837e-06 2.727346419934481e-07
1.638410002009807e-05 7.983359584205805e-06 1.884292391167875e-05 4.399520656027717e-06
1.592776870007064e-05 1.100751258732953e-05 -6.832707207229188e-06 2.482836251928880e-07
1.416817445517421e-05 1.444289624654365e-05 -5.603949250032455e-06 7.203521889193969e-06
1.603989911499174e-05 1.560086604557321e-05 -1.664838803641536e-06 6.772834881558382e-07
1.808171683757205e-05 1.659947302705582e-05 3.969546311530237e-06 -2.268897994255863e-06
1.824083305047925e-05 1.166648009496820e-05 -7.078657111006287e-06 -1.238421414720068e-06
1.821888375013740e-05 9.119561696138986e-06 -3.391242641929463e-06 5.158590475657178e-06
1.776603755191285e-05 1.426458689380660e-05 4.671193443052016e-07 -3.179448988795398e-06
2.029370306990329e-05 1.735131108648459e-05 -3.926514537033073e-07 2.288362728170256e-06
2.264487825301823e-05 1.786251620045016e-05 -6.138942728591400e-06 2.073755876863183e-06
2.012635742566158e-05 1.223465716278221e-05 2.547142284400243e-06 -2.839183634970746e-06
2.031607351533282e-05 9.941342166381758e-06 3.223738783103897e-06 1.700373951256258e-06
2.507173326515779e-05 1.808937692330246e-05 1.771565790490885e-06 -3.570580757236029e-06
2.232376846394306e-05 1.444219185363158e-05 7.562805481967045e-07 1.413735831161745e-06
2.261167287647852e-05 1.039863172089841e-05 2.313102911870550e-06 -1.351776455577224e-06
2.559647975790845e-05 1.482117327812334e-05 -7.039889802149361e-08 3.188003638698053e-06
2.783927560846266e-05 1.819706839974842e-05 -4.023222609766292e-06 -5.292261181876755e-06
2.504635050393275e-05 1.051853121797227e-05 -3.546069208304239e-06 7.432833600315082e-07
3.175257177764767e-05 1.830606474157105e-05 3.288070335763059e-06 4.833172963761921e-06
2.861553928615484e-05 1.293014900931979e-05 2.094484004288282e-06 -2.207999551885992e-06
2.783533504118692e-05 1.041050088077262e-05 1.491577727983005e-06 -2.138867086380454e-06
3.735224089253496e-05 1.847993772277169e-05 3.651350174781358e-07 -2.528521454532933e-07
3.452922480800059e-05 1.397567628682156e-05 4.884384649166353e-07 -1.191145334578035e-06
3.175026137951863e-05 1.026411456201936e-05 -1.032751088506893e-06 2.535422310961229e-06
4.504264447058120e-05 1.866754124935529e-05 1.703457656675859e-06 -1.121629035263205e-06
4.114423507709464e-05 1.430088906988431e-05 2.843369977743688e-06 4.971204457586883e-07
3.735030551253586e-05 1.010289808261675e-05 2.824520925102205e-06 -1.021927863576773e-06
5.337248294492459e-05 1.882145223836933e-05 2.416092337709058e-06 1.526440894171237e-06
4.915884631904316e-05 1.429458407779544e-05 8.151209239029691e-07 -2.395205179670159e-07
4.504437688345264e-05 9.923532360672233e-06 4.308033707770118e-07 -3.264168896083193e-07
6.195510615408347e-05 1.894502632780574e-05 4.088177534812701e-06 -2.044604853407476e-06
5.762624425155983e-05 1.429690308520276e-05 3.955520540469210e-06 -4.545106445404140e-07
5.336921400046002e-05 9.767594311321057e-06 2.771769080124755e-06 -1.137104452834188e-06
7.073775138499562e-05 1.903858794814615e-05 1.265563700283145e-06 1.138404865321654e-06
6.631692626939701e-05 1.429823379852368e-05 2.173584144133983e-06 -5.084380268126240e-07
6.195771215465028e-05 9.649263581982919e-06 3.788625471683144e-06 -3.919811645677446e-07
7.965276377853312e-05 1.909724443230985e-05 4.533393725290817e-06 -3.678129452094334e-07
7.517758869063585e-05 1.430175007743161e-05 3.583230889139286e-06 -4.529693029283645e-07
7.073354331066912e-05 9.562621287587413e-06 2.110226340039828e-06 -1.485134493638645e-06
8.867588164064673e-05 1.914549938585456e-05 4.611115557616862e-06 4.198644510093073e-08
8.414823993284086e-05 1.429434894784973e-05 3.686743713459688e-06 -2.368527610578357e-07
7.965685878796832e-05 9.498571591719016e-06 4.159268880429558e-06 -5.139716130019016e-07
9.776766093753861e-05 1.916930995003446e-05 5.125517148557023e-06 -1.358296549796402e-06
9.321430375140399e-05 1.429101071412075e-05 5.996680550492337e-06 -3.021628948787351e-07
8.867567318387769e-05 9.439223430021291e-06 4.492263710254407e-06 -1.046064052137351e-06
1.069061794468915e-04 1.918544993063269e-05 4.658872134523252e-06 9.825686244375878e-07
1.023311074128875e-04 1.429084642100106e-05 3.478121960231862e-06 3.704788742684950e-07
9.776931364166196e-05 9.411490161408680e-06 4.638292171031895e-06 1.333299587582846e-06
1.160603525721881e-04 1.919137440482573e-05 9.008554337476547e-06 -2.338157451385205e-06
1.114826416851315e-04 1.429293375491232e-05 8.020811855601246e-06 -7.833156484733620e-07
1.069044596272687e-04 9.399951398079384e-06 5.777290289298547e-06 -1.111682605878373e-06
1.356845816224678e-04 1.865789765573686e-05 9.994145299617266e-06 1.450371140644007e-06
1.343853371690162e-04 1.919681210896500e-05 9.660608174412661e-06 1.646265304479506e-06
1.201591749837369e-04 1.429069738349827e-05 8.293018978699305e-06 -1.356801861163647e-07
1.252161087663186e-04 1.920255452879480e-05 9.964776922207473e-06 1.544445271223310e-06
1.160609219735469e-04 9.389872874550049e-06 8.025808840099388e-06 1.462405277977310e-06
1.362226542784252e-04 1.735770482414531e-05 1.014466102511627e-05 1.013024101207078e-06
1.331479094181466e-04 1.429555219283583e-05 9.987072804576760e-06 -2.546952467308631e-07
1.252147227035909e-04 9.382043595943412e-06 1.022259861974175e-05 -2.018258231811969e-06
1.362209481995403e-04 1.123482520219447e-05 1.128922715274950e-05 -2.125724727050782e-06
1.343833848089395e-04 9.395530409661267e-06 1.071071594409360e-05 -3.075460927489083e-06
1.356827424778955e-04 9.934555933856865e-06 1.116061886324719e-05 -2.794359986313935e-06
