8.758107258623149e-05 -1.216473672624035e-05 9.554496214246998e-06 -2.141997530676081e-06
8.792326147971806e-05 -1.133791352549006e-05 9.544151139321362e-06 -2.329757582581068e-06
8.792343772137821e-05 -7.440272113913667e-06 9.378657350374600e-06 -3.017854035339368e-06
8.758123514293686e-05 -6.613317509658683e-06 9.360701777882183e-06 -3.110792956296864e-06
8.675479880486156e-05 -1.250732787105276e-05 9.614342200512128e-06 -2.039644395739321e-06
8.520575715688651e-05 -9.389199591431779e-06 9.291864058670447e-06 -2.512387724696545e-06
8.675488985556662e-05 -6.270665435807719e-06 9.357232363276336e-06 -3.156788775452964e-06
8.093618442553794e-05 -1.251143467534426e-05 8.736023798583961e-06 -1.312684256238808e-06
8.093541878160123e-05 -6.266053871602690e-06 8.259538474941021e-06 -2.299162720925437e-06
7.771196611067978e-05 -9.388198918710282e-06 7.752657805261143e-06 -1.327084368424381e-06
7.509485486977308e-05 -1.251539042608680e-05 6.638863130833852e-06 -2.431903647355860e-06
7.509521652755421e-05 -6.262002220762837e-06 6.544997331053657e-06 6.468069856069918e-08
7.217606842282022e-05 -9.389449160599008e-06 6.416886704488910e-06 -1.189666938804638e-06
6.925780567545672e-05 -1.251671459363411e-05 7.398076746152845e-06 -2.012785351413342e-06
6.926160876175570e-05 -6.267421572517458e-06 7.557223380454999e-06 -8.230981049760431e-07
6.634669927093423e-05 -9.393628061123604e-06 8.101482167519862e-06 -1.808237372560272e-06
6.344168295145590e-05 -1.250396268075025e-05 7.581113413604313e-06 -2.478718058072810e-06
6.344106740441383e-05 -6.281425160489306e-06 7.400208199982541e-06 -1.286934293534571e-06
6.054188650306762e-05 -9.391130998208353e-06 5.762822620312160e-06 -1.778221984715647e-06
5.765382766820449e-05 -1.247785421485746e-05 5.558399557809463e-06 -4.708338658894559e-07
5.765485836650422e-05 -6.302727538331628e-06 4.534833640675423e-06 -1.753569551671694e-06
5.477218379089392e-05 -9.389519262078879e-06 4.515119069334900e-06 -4.902840464932591e-07
5.190382922808733e-05 -1.245020264780984e-05 3.424121041020603e-06 -2.804418542862324e-06
5.190569962796028e-05 -6.329955339158856e-06 4.050603633832225e-06 7.220193423503294e-07
4.904900072394788e-05 -9.391658858486054e-06 4.278638445077536e-06 -1.661942428564414e-06
4.622062512506611e-05 -1.240850372543846e-05 6.093041016139263e-06 -2.432212342297676e-06
4.622147872194787e-05 -6.376518542881832e-06 5.680818940301256e-06 -1.063192586625493e-06
4.340711897691137e-05 -9.392703993154051e-06 5.891054170267265e-06 -1.636233536850292e-06
4.062804457678698e-05 -1.234988584776337e-05 3.096605832452085e-06 -3.943087199669357e-06
4.062574369057409e-05 -6.431475352959197e-06 4.311745618251406e-06 2.386162290601873e-07
3.786392971404350e-05 -9.389325930561624e-06 2.386934973065247e-06 -2.374883422397866e-06
3.513934722651621e-05 -1.228671577233399e-05 4.887423724655321e-06 3.139568031056605e-07
3.513987965652847e-05 -6.488710375605373e-06 2.679275030085172e-06 -2.414182323515039e-06
3.243693023640697e-05 -9.387702263889375e-06 5.111644842430076e-06 -1.198636481501074e-07
2.978207262545245e-05 -1.221328685254725e-05 4.350166725658363e-06 -4.231389080094874e-07
2.977980430715549e-05 -6.561864775456645e-06 6.259738174596692e-06 -2.425845403168890e-06
2.725825328904588e-05 -9.387657791569127e-06 5.059929405656559e-06 -1.749844398148528e-06
2.479479693861427e-05 -1.211656418807956e-05 5.934077432796789e-06 -9.728884951941701e-08
2.479732763821321e-05 -6.668804931841989e-06 4.117926837141524e-06 -2.246760755116437e-06
2.296815137096115e-05 -9.597054113651404e-06 5.273629816546664e-06 -1.086977598402619e-06
2.116595504212139e-05 -1.201408423889614e-05 3.195878443593978e-06 -1.359620878704276e-06
2.115973839102994e-05 -6.763935272724321e-06 6.508515438120221e-06 -2.689466885962067e-06
1.861287878002689e-05 -1.192815290984677e-05 4.280199288504954e-06 -1.724825465842900e-06
1.908678256530423e-05 -1.026044774790779e-05 3.790146287108178e-06 -2.847086878928689e-06
1.860995122857897e-05 -6.825610879677191e-06 2.097223080542977e-06 -3.214327859257928e-06
1.679936382735964e-05 -6.893293813396005e-06 4.020949418373175e-06 -2.538623297381400e-06
-2.475220585287419e-06 -4.424196544903283e-07 -2.029788447436027e-05 -1.035238448132517e-05
-2.534078152915254e-06 -3.973537956127542e-07 2.519284131751035e-05 -1.431198978653878e-05
-2.600085141748693e-06 7.822787014995940e-08 2.234615621676151e-05 -1.482071769183948e-05
-2.543421293571230e-06 1.966361815653660e-07 -1.847350373838470e-05 -4.212069621179238e-05
1.678886305610478e-05 -1.186912333733719e-05 7.305686349780357e-06 -2.131160373293387e-06
1.518686195201739e-05 -1.172788417569182e-05 6.663852270554282e-06 -1.255048849133217e-06
1.640968815247042e-05 -8.764558682453318e-06 5.372559665814202e-06 -1.335252117397752e-06
1.517060649735145e-05 -6.824300902813970e-06 3.957188007908560e-06 -1.100231019121500e-06
-2.368164663488826e-06 -4.427530282333726e-07 -5.347708718014969e-05 -3.280912639343628e-05
-2.129668985070457e-06 -1.190997834338272e-07 3.285474214235345e-05 3.501190938773378e-05
-2.396451843760748e-06 2.331694435991451e-07 -8.190691978867429e-05 -4.312973698017701e-05
1.466523439370338e-05 -1.020585933896338e-05 5.467342564827337e-06 -9.624765368315603e-07
1.364470389350260e-05 -1.139340839190272e-05 4.486186072667005e-06 -4.042126122721378e-07
1.218749717107166e-05 -1.090868831348497e-05 2.916008271210405e-06 -7.971063801682085e-07
1.418527118140395e-05 -8.156224343015986e-06 4.442576924664957e-06 -8.389602145272845e-07
1.365144157240841e-05 -6.504293799882656e-06 5.742262703275607e-06 -1.064846105583402e-06
-1.582166584675409e-06 -5.451442455259129e-07 -1.406106681622091e-05 -4.340422872614900e-06
-1.605414742081360e-06 2.834503908435658e-07 2.176041987903590e-06 -3.338156887776732e-07
-1.166941982172244e-06 -1.104699674022115e-07 1.626892369716426e-05 -4.073296370403762e-06
1.083116438627440e-05 -1.025834800647830e-05 4.000081287922129e-06 -6.837119259963314e-07
1.197942793661071e-05 -9.375284460582411e-06 2.610962182696552e-06 -2.332513534938085e-06
1.247526364184880e-05 -7.492391550469168e-06 4.719006335439645e-06 -1.956632530643906e-06
1.226714722001090e-05 -5.955565214844644e-06 5.083128851133193e-06 -9.163068161857221e-07
-7.388190846252680e-07 -6.073774865759177e-07 -4.435612456537341e-06 5.572239377264024e-06
-7.155505890724374e-07 3.256575521238750e-07 -8.669719171164484e-06 9.799355752786149e-06
-2.214968253255810e-07 -8.915647582862689e-08 5.682055195813044e-06 -1.288067840776645e-05
9.578076091920510e-06 -9.486644443113521e-06 5.654274848099719e-06 -1.482038036399714e-06
8.473469202807075e-06 -8.607181230439419e-06 2.367498508977259e-06 -1.773106666771968e-06
1.074865971348194e-05 -7.207412753585686e-06 5.027372072974080e-06 -1.845393574350981e-06
1.105007448931949e-05 -5.200376833990339e-06 2.719603348866182e-06 -6.414498540971724e-07
3.496726285007671e-07 -7.657954931645407e-07 9.634186192314232e-07 1.096899120102082e-05
3.388457070310268e-07 4.963391106041192e-07 2.304707625172792e-07 1.506824025436203e-05
8.756716859214998e-06 -7.291515656665858e-06 3.260853106844785e-06 -1.115420088440402e-06
7.515859665053124e-06 -7.621188456600053e-06 2.751097849869196e-06 -2.271334399652321e-06
9.226007000794336e-06 -5.846365352804371e-06 3.636439336132239e-06 -2.866260338895701e-07
1.002700529235116e-05 -4.297594105631433e-06 2.693241614904307e-06 -2.415793005016068e-06
9.974251553336006e-07 -9.996403444504669e-08 -2.477744270250227e-06 -2.388317415764629e-05
1.745371775126812e-06 -1.002178478359018e-06 9.959015584334098e-06 8.589060004978397e-06
1.757527788131774e-06 7.391937174025205e-07 1.964442847467393e-06 9.231490273727918e-06
6.683525974623904e-06 -6.573399125012425e-06 4.216409076519027e-06 -1.680303765625431e-06
6.006238072207906e-06 -5.476990484878929e-06 4.923715298253452e-06 -1.044145992878417e-06
5.485851861025109e-06 -4.327555031139080e-06 2.295932978145751e-06 -1.003061818296048e-06
8.294855559553683e-06 -4.573289295434069e-06 2.696397209327721e-06 -1.104982094244717e-06
9.213986088857316e-06 -3.290297355216289e-06 4.957409120901158e-06 -1.047732440208493e-06
2.369483649663036e-06 -1.300136151183754e-07 8.796503050842942e-07 9.669933449711503e-06
3.135553605498715e-06 -1.216105508754013e-06 -6.454213583732101e-06 -1.515402587138900e-05
3.126501195850852e-06 9.761707190883316e-07 2.847192856109845e-06 -9.065710864753567e-06
6.619987666444330e-06 -4.322487791595342e-06 5.005739588158672e-06 -2.988296812870398e-07
5.094605501092167e-06 -3.170477858210659e-06 -9.883263425314780e-07 -4.276291583193507e-06
4.349142311010225e-06 -1.402319189978879e-06 1.431314812895930e-06 -2.804408431343925e-06
4.695115212132599e-06 -1.595758834116304e-06 -1.538103456983417e-06 4.094405203294214e-06
4.871894071723289e-06 -1.999127651095329e-06 -5.020795650112019e-06 5.896055178126203e-06
7.643423415812116e-06 -3.142196426143010e-06 4.032561135978105e-07 -1.039878287590545e-06
8.608008261027143e-06 -2.220676142002200e-06 7.865563432314898e-06 6.687259751258414e-06
3.795187955336974e-06 -3.031164692687468e-07 3.784717428551231e-06 6.130604363068473e-06
4.363846154684396e-06 1.168470491732223e-06 3.292667551312110e-06 2.018628301345249e-06
5.878431529406224e-06 -2.358903113883224e-06 5.199325483546506e-06 3.899631982877531e-07
4.732901785907637e-06 -8.359041343459363e-07 5.438927233473800e-06 4.779053320955207e-06
5.143479589741889e-06 -1.461496602639622e-06 -5.672621497358736e-07 6.825633382009917e-06
7.189169316060996e-06 -1.897619261383812e-06 2.024435008573454e-06 -1.446165845134214e-06
8.226086252298491e-06 -1.154562606050168e-06 7.643245240578704e-06 1.017837512100062e-05
4.783360927821038e-06 4.121472496392728e-07 5.040230950231190e-06 4.587112128135870e-06
4.729927784112437e-06 1.349119394614413e-06 -1.750705638894794e-06 6.883821949189673e-06
6.129776375660464e-06 -5.572993286510908e-07 1.188847870755933e-06 -4.998799724131105e-06
8.080483278384820e-06 -9.252348598185261e-08 8.733022410897063e-07 9.910256018267186e-06
8.152234652801385e-06 9.242092240750381e-07 -1.780182345282778e-06 3.872018503104318e-06
5.520407901084134e-06 1.087259693986726e-06 6.380818524869193e-06 4.087816890607539e-06
4.938081334320646e-06 1.731255752782767e-06 -5.814840447109418e-06 1.032055806128675e-05
5.206010375461853e-06 2.795518868622143e-06 -7.372049150478407e-06 3.334437540004001e-06
7.128530303717408e-06 1.056949321292108e-06 2.414162351008577e-06 -3.663153604881657e-07
5.597428731783403e-06 3.830960805156606e-06 -1.000008067276874e-07 1.028086600471810e-06
8.449862898898197e-06 1.942860262849121e-06 1.904531088299122e-06 6.588078696677528e-06
6.187678802739442e-06 2.833660936537885e-06 4.871241105746207e-06 -1.503460298601799e-06
7.613581161663179e-06 2.916942283010890e-06 4.826321013851957e-06 1.553566964724446e-06
6.103064716772318e-06 4.817062265507118e-06 9.970644940031716e-06 3.979544027255775e-06
8.933929781099761e-06 2.912286067795231e-06 5.289637528035655e-06 5.342351751693935e-06
8.508630030570805e-06 3.876502459918523e-06 4.442938700774919e-06 8.455210098243382e-07
7.532098035628042e-06 4.475535354644662e-06 1.288570840285491e-06 2.959457898199642e-06
6.722489007237556e-06 5.752462637711383e-06 2.103752273724031e-06 3.679711519771949e-06
7.454324183842159e-06 6.612890534704675e-06 4.533393099486218e-06 5.805397280552775e-06
9.597103953273632e-06 3.812710135652819e-06 5.479630590089725e-06 -8.610851199205832e-07
9.103514693293347e-06 4.945761382768628e-06 4.607790141164567e-06 2.249493744653560e-06
8.529987859850444e-06 6.266046723484719e-06 5.743321519692728e-06 5.340434036611579e-06
8.284859025628309e-06 7.405031121767791e-06 7.084594522781962e-06 5.384667059693658e-06
1.042319772403167e-05 4.599647511136895e-06 5.005380042302301e-06 5.877749361762279e-07
1.017356986527887e-05 6.262818582916222e-06 3.972380136360342e-06 1.785406204376616e-06
9.214177665414614e-06 8.102938269452933e-06 3.019786982325356e-06 4.924777591313623e-06
1.023595045278111e-05 8.698974076767971e-06 3.588590371081450e-06 6.898831879272108e-06
1.132099839576144e-05 9.174339521998654e-06 4.112415821903213e-06 6.565783386774332e-06
1.140833361696164e-05 6.623967549141897e-06 6.181824911500414e-06 2.952392853792812e-06
1.139701551668473e-05 5.251146245333976e-06 5.727998405934510e-06 2.286563014409003e-06
1.116805659878554e-05 7.990399782646852e-06 4.805477476526711e-06 5.241965121132922e-06
1.245902278147262e-05 9.521630839030604e-06 5.481398786423402e-06 5.654824266805485e-06
1.364147302686908e-05 9.743871997249144e-06 6.213933558499108e-06 5.523729374744716e-06
1.238966042054510e-05 6.931462417743146e-06 7.028560058146862e-06 3.549557471673396e-06
1.248121907148091e-05 5.731134840219950e-06 7.540050974442915e-06 4.046471247723002e-06
1.484928416643601e-05 9.830069540987556e-06 6.462696049808464e-06 6.019973803086413e-06
1.349953759714282e-05 8.044905428307814e-06 6.874028220458308e-06 4.882595858394836e-06
1.364191160877714e-05 6.018082930521880e-06 7.871088113306593e-06 2.936478542760668e-06
1.511620083963615e-05 8.225144484183169e-06 7.571697700929988e-06 4.991071237507923e-06
1.620552795715305e-05 9.851243533676741e-06 8.223373374708790e-06 6.076940037896731e-06
1.484553056591570e-05 6.103083758009841e-06 8.607836948814440e-06 2.381226561455113e-06
1.808844411298492e-05 9.868169301917704e-06 9.119885576102200e-06 6.038149827004084e-06
1.659461139253347e-05 7.304945030375897e-06 7.921209949741043e-06 4.280126276022425e-06
1.620609496091495e-05 6.077801832283700e-06 7.714451247027618e-06 3.104589757054502e-06
2.069095553768747e-05 9.887016331226695e-06 1.087614883934252e-05 5.436775266038206e-06
1.939810586171728e-05 7.811947898055285e-06 1.038557378052296e-05 3.922323676640219e-06
1.808438936230956e-05 6.050377211025562e-06 9.950836457566200e-06 3.365254278749304e-06
2.416474586001651e-05 9.901750174222291e-06 1.190606467976286e-05 7.158362606650377e-06
2.242408949549246e-05 7.954903825399657e-06 9.758832838333029e-06 5.300594666623557e-06
2.069527601394609e-05 6.027400983739712e-06 8.670931045095357e-06 4.505488354681064e-06
2.780941866970121e-05 9.914341338398175e-06 1.775771513620490e-05 5.396324956121031e-06
2.598328056531963e-05 7.954601473650578e-06 1.595102374587301e-05 4.421504478263782e-06
2.416542681579974e-05 6.006435010837566e-06 1.307837266375969e-05 2.191445709906912e-06
3.148282668360077e-05 9.925616549115189e-06 1.931440061650516e-05 6.278596674467069e-06
2.964065673343627e-05 7.952880323233211e-06 1.823935264982990e-05 5.296118485853875e-06
2.780909965849764e-05 5.993371644140285e-06 1.702396365093647e-05 5.234867747365376e-06
3.517108260964640e-05 9.923557542500723e-06 2.200713032667184e-05 5.888353255302525e-06
3.332827123090321e-05 7.950706049712102e-06 2.075272490332138e-05 3.423678738638704e-06
3.148319729290849e-05 5.976575966300854e-06 2.038931876878290e-05 2.044421073332760e-06
3.887020163837034e-05 9.936980015462189e-06 2.558287152750622e-05 6.976003785334167e-06
3.701647211606299e-05 7.949044423062555e-06 2.309457428114237e-05 5.271037323444199e-06
3.517291948359086e-05 5.975986547005992e-06 2.056053391344574e-05 2.253659280405662e-06
4.258298750012089e-05 9.945167007524946e-06 2.949526751776158e-05 5.319986115896053e-06
4.072426721223691e-05 7.951162052373738e-06 2.855423392834339e-05 4.479252084770730e-06
3.886764703847563e-05 5.963464503978173e-06 2.653959071526975e-05 3.352450517074219e-06
4.631397879962455e-05 9.950819125143206e-06 3.066860043836174e-05 5.800904120123258e-06
4.444640690061507e-05 7.947953265805648e-06 2.950595805361041e-05 4.325659446435380e-06
4.258562892350904e-05 5.953835467409261e-06 2.922601757639206e-05 3.065271153529666e-06
5.005543304410507e-05 9.959338925566166e-06 3.474612823314423e-05 5.329184945403268e-06
4.818280291511658e-05 7.948900330604189e-06 3.287439077962827e-05 4.801729374211035e-06
4.631253718853871e-05 5.945819293908908e-06 3.055818162450884e-05 3.381793033620719e-06
5.379593393231444e-05 9.956601510974917e-06 3.799953719935373e-05 7.142562799642943e-06
5.192667020610903e-05 7.949538881563600e-06 3.607083471946010e-05 4.798135528311599e-06
5.005647020394735e-05 5.938372993490421e-06 3.475474564890219e-05 4.274628376438964e-06
6.185221911292601e-05 9.757679272674052e-06 4.256132827781716e-05 6.631332882766895e-06
6.131541418171900e-05 9.979137750595487e-06 4.187009698876425e-05 6.793029997038300e-06
5.547230688369506e-05 7.956486141299445e-06 3.920067577898573e-05 4.815903531262733e-06
5.754768406677594e-05 9.966387859654126e-06 3.914048885518328e-05 5.681552816413742e-06
5.379217764796135e-05 5.949398628738201e-06 3.797120167268278e-05 2.477399289251959e-06
6.207467022676500e-05 9.222065566091357e-06 4.286216273629493e-05 6.114981976111942e-06
6.080276130769423e-05 7.956579958037954e-06 4.109917102309723e-05 4.632053335263245e-06
5.754823746141480e-05 5.949336886445480e-06 3.921532975971418e-05 3.800038861619850e-06
6.207560299915409e-05 6.690037441799325e-06 4.285389011525837e-05 3.148544790453765e-06
6.131653537605545e-05 5.933125952260970e-06 4.188360351341586e-05 2.502660888644646e-06
6.185323775346473e-05 6.154503741568040e-06 4.255868015068354e-05 2.653751196957201e-06
