-1.363973650785930e-04 1.832252024633377e-05 -1.446169467598169e-05 2.108637674257575e-06
-1.369436685823210e-04 1.700388572018066e-05 -1.466788515585491e-05 1.755114334554251e-06
-1.369436854652098e-04 1.078774973660025e-05 -1.488523500481135e-05 -1.928257654806075e-07
-1.363973906111201e-04 9.469153254087813e-06 -1.469929698935301e-05 -5.283841658333005e-07
-1.350785432424527e-04 1.886869631183969e-05 -1.399748019327823e-05 2.224269902162734e-06
-1.326041776767982e-04 1.389579724275783e-05 -1.346351644923096e-05 9.385919823722133e-07
-1.350785917116566e-04 8.922996453060307e-06 -1.426031091227521e-05 -6.278214655392052e-07
-1.257890520570919e-04 1.886768808310566e-05 -1.310458624671734e-05 1.532252855061862e-06
-1.257894466079353e-04 8.924383435478682e-06 -1.325707574378710e-05 7.364390732026532e-07
-1.206616190665246e-04 1.389633352747488e-05 -1.313236295380427e-05 9.446644501791816e-07
-1.165038464321353e-04 1.886109159011185e-05 -1.250189753605562e-05 1.342748759638323e-06
-1.165035841433716e-04 8.930484682157809e-06 -1.177427499310888e-05 -6.651511684226178e-07
-1.118646648682052e-04 1.389513005967681e-05 -1.058776931961435e-05 -9.268063328196706e-08
-1.072358717978450e-04 1.884262662429062e-05 -9.754194926631011e-06 4.509510789260423e-07
-1.072328326741117e-04 8.942290491166041e-06 -1.058536638915328e-05 1.858248591810666e-07
-1.026095362239996e-04 1.389013569091755e-05 -1.027978419515181e-05 9.750159304377011e-07
-9.800062662287139e-05 1.881408332266645e-05 -1.048891903124433e-05 2.156204981643500e-06
-9.799862546720603e-05 8.962742392642271e-06 -1.133750996515860e-05 7.459767286619265e-07
-9.339790250063584e-05 1.388734166526391e-05 -1.025350011358688e-05 1.517681410037992e-06
-8.882156758125085e-05 1.877487084460786e-05 -9.712342314356983e-06 2.769109878274592e-06
-8.882035503753227e-05 8.999366126756794e-06 -9.346094955513084e-06 -1.336253981981858e-06
-8.426176308192335e-05 1.388675839079882e-05 -8.471737340359571e-06 1.448260789426749e-08
-7.974367528660578e-05 1.871496109111486e-05 -8.774541258831819e-06 6.932034582916282e-07
-7.974246180761203e-05 9.058029654440116e-06 -9.202256789257092e-06 -9.395570746412697e-07
-7.524509979668275e-05 1.388556936347617e-05 -8.813148382358275e-06 1.232857006288789e-07
-7.079294970613229e-05 1.863759066555374e-05 -8.007914819971746e-06 6.606205808703692e-07
-7.079192658497806e-05 9.131356511608552e-06 -8.195281160215569e-06 1.982299899820362e-07
-6.636641908211277e-05 1.388277966723021e-05 -7.001659647865427e-06 6.333985918144017e-07
-6.200947324568595e-05 1.852597870917155e-05 -6.802937306393266e-06 -3.013345377037237e-07
-6.200785644528977e-05 9.235790983191886e-06 -6.725380223713470e-06 1.858260035011852e-06
-5.768686093507410e-05 1.387947263219445e-05 -6.818500164967807e-06 8.694223363212066e-07
-5.344045542245622e-05 1.840119441827739e-05 -6.120537028272956e-06 1.099829986359228e-06
-5.344163602519735e-05 9.358343073321302e-06 -6.531618216761003e-06 1.231665071255489e-06
-4.923316883991137e-05 1.388058235424051e-05 -5.808448744244491e-06 1.416671450956541e-06
-4.511321012959854e-05 1.825764164170282e-05 -5.615519648384157e-06 1.011577340203085e-06
-4.511250082346521e-05 9.504115136486138e-06 -5.107691322544745e-06 1.011345017888995e-06
-4.120336477661244e-05 1.387848957876130e-05 -4.593320033232852e-06 5.783077913707358e-07
-3.739924404116677e-05 1.808034223526621e-05 -3.293309917471593e-06 4.729347618448485e-07
-3.739536235819127e-05 9.681349614886989e-06 -3.287721081044111e-06 -1.785777917955844e-07
-3.457300965221422e-05 1.419251938501131e-05 -2.511856673387800e-06 1.472599814768927e-07
-3.179090108961738e-05 1.791501175250611e-05 -2.595962553657514e-06 1.830339600259812e-07
-3.178654923613275e-05 9.845013383239336e-06 -2.639856898866580e-06 5.342182550279221e-08
-2.786641691908883e-05 1.777357351352392e-05 -2.885948461697513e-06 1.666966163461992e-06
-2.858880175703877e-05 1.522001855891878e-05 -3.278856980397641e-06 9.442175960869275e-07
-2.786065581297860e-05 9.951117461482740e-06 -2.850561867933057e-06 3.586719966436097e-08
-2.509538059242485e-05 1.006138530499716e-05 -1.957661159717923e-06 8.165993369156787e-08
3.597329232178905e-06 5.462748996258894e-07 -1.207368334953070e-05 7.635837514789390e-06
3.630003158255891e-06 4.023422557484152e-07 -1.618378108974078e-05 8.695002219555243e-05
3.629944728070197e-06 -1.706579309198694e-07 1.102499082956184e-05 -4.725691703406427e-05
3.573521245190846e-06 -4.500806608234476e-07 3.042420035072738e-05 -2.379112057303215e-05
-2.508534271793158e-05 1.767727870173637e-05 -1.903181605575897e-06 2.513814237802216e-06
-2.264240972340838e-05 1.745140229247724e-05 7.319054786265554e-08 2.272224166475961e-06
-2.449919729816292e-05 1.292417355416612e-05 -1.649904943870507e-06 5.294177988179187e-07
-2.260898561992736e-05 9.961504109328554e-06 -9.268642993210451e-07 2.878922388816243e-07
3.493942595690655e-06 6.186574115081262e-07 4.385913968176031e-05 -5.495097882757040e-05
3.158717573473188e-06 3.369349614306103e-08 -3.212999814192766e-05 1.591176539709945e-08
3.393039914454885e-06 -5.840372805134339e-07 3.672170114021810e-05 1.226754030091674e-05
-2.184203833815097e-05 1.512207314361230e-05 5.774436041761760e-07 1.226171356155956e-06
-2.028126881325544e-05 1.693259360361831e-05 4.050534309962111e-07 1.101416130778461e-06
-1.805554059513136e-05 1.618660453216575e-05 -7.877091634339139e-07 1.248480636859581e-06
-2.110633056873879e-05 1.199414685667889e-05 -2.022133772207333e-07 7.694546095738380e-07
-2.028881370733686e-05 9.481621849125159e-06 -6.616029792021350e-07 8.307334015061017e-07
2.280877220303220e-06 6.463108967761766e-07 1.190324216097524e-05 1.006313137883606e-05
2.301885021885269e-06 -4.804771754447137e-07 8.415467449962568e-06 -6.172872510919797e-06
1.680885581725847e-06 2.335212546783807e-08 -1.777317423642253e-05 6.508957402107019e-06
-1.600424369941229e-05 1.518510416186408e-05 -7.038094340806912e-07 1.955895130826085e-06
-1.773742051189831e-05 1.384758204302228e-05 -1.074794113809076e-06 1.602173584041308e-06
-1.849533542030873e-05 1.098384547127401e-05 -1.111871120638468e-06 8.867527644998505e-07
-1.817745315318982e-05 8.662907501722169e-06 -1.125180064914508e-06 6.249267282083854e-07
1.045044793802500e-06 7.563790159358370e-07 6.051836731242185e-06 -1.885312409025647e-05
1.040261218125821e-06 -6.266733627978649e-07 6.590319631743797e-06 -8.646929795226953e-06
2.966065093316964e-07 6.024734787824870e-08 -4.633532283234555e-06 2.585613696581923e-05
-1.411771822184084e-05 1.400893489396804e-05 -1.341602238831881e-07 1.895524815881596e-06
-1.244708088824843e-05 1.267305372165357e-05 4.272409639290886e-08 3.770670011659777e-07
-1.588070513004059e-05 1.055350538323752e-05 -5.273321707819557e-07 6.534267609024918e-07
-1.632543513502099e-05 7.527423270304852e-06 -7.197970865768053e-07 6.413128562791718e-09
-5.489228447716485e-07 9.582975982445862e-07 -7.557311758816044e-07 -1.085859661738776e-05
-5.576987517759424e-07 -8.590517425251166e-07 -1.078211413826178e-06 -6.445783433622823e-07
-1.287253729120228e-05 1.067748650398415e-05 2.322364894696302e-07 -5.036147156570372e-07
-1.100276129414592e-05 1.117355743078480e-05 -1.037725698592575e-06 -9.441907744194129e-07
-1.356717131209122e-05 8.497536445965428e-06 5.944914998100697e-07 2.763896243701773e-08
-1.477078770131799e-05 6.176672311936197e-06 -7.606546445980088e-08 -8.380231200266329e-07
-1.485409139526760e-06 6.192443714411695e-08 1.091051221938028e-06 4.318484536569731e-06
-2.600966158624041e-06 1.302043445850841e-06 -2.778603985468280e-06 6.025371672904904e-06
-2.591602089143277e-06 -1.214072321439281e-06 4.680554344264889e-09 2.719118994438143e-06
-9.750704510656601e-06 9.571678548463820e-06 -2.134703694926990e-06 -2.753037206042024e-07
-8.764150096051650e-06 7.944816265201861e-06 -2.497374606038630e-06 1.265720732141312e-06
-8.010313016647912e-06 6.242725383900379e-06 -9.407440810481018e-07 1.537975519324371e-06
-1.216175903753199e-05 6.592129884957731e-06 -1.263160521229472e-07 3.351315681104458e-07
-1.353946358703403e-05 4.683094684236625e-06 -9.713159167310607e-08 -1.345188652163111e-06
-3.500532100326365e-06 4.681725506881581e-08 -3.588317850780099e-07 4.311474917947196e-06
-4.597389839650523e-06 1.631677407071304e-06 -1.462892464586649e-06 -6.939878927750258e-08
-4.603195716871906e-06 -1.547696563167007e-06 1.035140722112996e-06 -2.942579904036070e-07
-9.680559797131690e-06 6.228728367100325e-06 -2.242895535263446e-06 1.708213227192814e-06
-7.451812659047691e-06 4.524164233497023e-06 -3.446380591476953e-08 -1.200595018545987e-06
-6.376230063644418e-06 1.916951485917156e-06 2.421522253644592e-06 9.652417135377288e-07
-6.888398799206194e-06 2.204153496244728e-06 1.949998604741577e-06 1.009983065276006e-06
-7.147133010927812e-06 2.796600540514030e-06 7.035771414050407e-07 1.479039042303135e-07
-1.119624705422562e-05 4.471743001468954e-06 -1.962056511564087e-06 -1.310856540496041e-07
-1.262151570443685e-05 3.120439618838406e-06 -7.254021387750351e-07 1.372024957447342e-06
-5.575795636947692e-06 2.847698053257071e-07 -2.381406360192143e-07 1.969888845617510e-06
-6.420561894329866e-06 -1.795285906859372e-06 -2.580443794582081e-06 3.662085069476371e-07
-8.613861496414500e-06 3.315992950881401e-06 -4.812782123124196e-07 -1.210303082907947e-06
-6.941556659644591e-06 1.069023476942916e-06 2.907471134241739e-06 3.609591201422416e-07
-7.549092517862728e-06 2.001180045079934e-06 9.681447705472312e-07 3.763669516174836e-07
-1.052181722635249e-05 2.640770928721178e-06 -1.476092886416780e-06 -6.845214875152994e-07
-1.203706627752173e-05 1.556159464527380e-06 -2.589866839833684e-07 9.619978405111669e-07
-7.005716902857063e-06 -7.348564489989262e-07 1.825977911906918e-06 -1.988909542325012e-06
-6.952373910663897e-06 -2.063901898837559e-06 -4.977618632309173e-07 -1.015470999125566e-06
-8.971616476381568e-06 6.677098601360645e-07 -1.395259279917807e-06 -3.436548413638052e-06
-1.181663823091018e-05 1.527778574119617e-08 4.925899983721073e-07 1.381271846965011e-06
-1.190223367627624e-05 -1.466373255405117e-06 -1.975737684959777e-07 1.929716736864206e-06
-8.088094291965736e-06 -1.713189518150299e-06 5.973054734760057e-07 -3.421483462418254e-06
-7.267908668216521e-06 -2.630937263451210e-06 -1.021363857507292e-06 -2.593469310605262e-06
-7.666229007031570e-06 -4.178115988869353e-06 -8.640001429473612e-07 -1.524834999901446e-06
-1.042816127556678e-05 -1.670675071177769e-06 6.384521204896977e-07 7.538479860240132e-07
-8.242127841777180e-06 -5.647333993535405e-06 -9.099301341217463e-07 -6.306799307443411e-07
-1.230301479440228e-05 -2.956975199784198e-06 -1.162131638942568e-06 1.324087454120023e-06
-9.074264065111132e-06 -4.241135304709795e-06 5.748485777163963e-07 -1.407915209395186e-06
-1.111524386078100e-05 -4.356870674452364e-06 -7.292648318959486e-07 -3.702011136773820e-07
-8.974209386542155e-06 -7.035941739450617e-06 -2.694604856446857e-06 -5.134154925959312e-07
-1.297145209169197e-05 -4.358033083059963e-06 5.598468338700394e-08 2.053538392396703e-07
-1.237346131217852e-05 -5.716916898648657e-06 5.400538357867650e-07 -4.160508823426469e-07
-1.099575824039228e-05 -6.559574097619979e-06 -1.444600904234510e-06 -1.101529490442936e-06
-9.858884452449392e-06 -8.337305177474337e-06 -3.371420729227621e-06 -1.131676699235035e-07
-1.089608766932453e-05 -9.537072952010552e-06 -2.023786617475893e-06 4.498299663117025e-07
-1.389163916644078e-05 -5.636267885800369e-06 1.533460643361985e-06 4.345190150991391e-07
-1.320724822329008e-05 -7.221589972301108e-06 1.575511049285575e-06 -7.195090179588994e-07
-1.240546007734336e-05 -9.055898463043639e-06 9.620835469038206e-08 -3.765112801469139e-07
-1.206497276628917e-05 -1.061445935459456e-05 -5.829984261692820e-07 1.667010306770114e-07
-1.502586904083177e-05 -6.747829517769428e-06 -5.275126985019102e-07 -6.617558787042236e-07
-1.467468939128856e-05 -9.036965616266818e-06 -8.014945192630129e-07 -1.717942963285938e-06
-1.335290331361223e-05 -1.155210918799796e-05 -4.336558376470186e-07 -3.129784727813745e-07
-1.473498201571028e-05 -1.233740302126624e-05 -8.160662542450444e-07 -1.828887772966404e-08
-1.620779957927410e-05 -1.297511522997532e-05 -1.591718704955650e-06 -1.159981847170020e-07
-1.633661423870022e-05 -9.517246669692160e-06 -1.719741829995438e-06 -4.726096623989357e-07
-1.633247894710986e-05 -7.649814551158466e-06 -2.467200866070898e-06 -1.423079819284839e-06
-1.600292167187099e-05 -1.137015123001360e-05 -1.296607985553374e-06 3.733877475761871e-07
-1.775723069134027e-05 -1.343959441938292e-05 -2.093981575786128e-06 -3.994765075312210e-07
-1.935131632130410e-05 -1.372193038704142e-05 -2.325911888959248e-06 -1.474111398502197e-06
-1.766260814536193e-05 -9.933293028388214e-06 -6.079509113951715e-07 1.041028470976340e-06
-1.778472104368899e-05 -8.308802289280389e-06 -1.205489845274232e-06 1.886765590244718e-07
-2.096899968172850e-05 -1.381870097845902e-05 -2.704696416243560e-06 -2.302785900084802e-06
-1.917039387585068e-05 -1.144466497412598e-05 -1.393364382617173e-06 -8.436556593918350e-08
-1.935035663929790e-05 -8.714995100714216e-06 -5.251046850194061e-07 2.475101858478181e-06
-2.132844451637762e-05 -1.168510483508777e-05 -2.289268529697200e-06 -1.364016311128855e-06
-2.275458875893271e-05 -1.382048545730025e-05 -2.656761974025707e-07 -1.846512531914543e-06
-2.097131195846503e-05 -8.853903399743913e-06 -1.723393693828041e-06 2.081806714579872e-06
-2.522702620960770e-05 -1.382004193181905e-05 1.047713635455275e-06 -8.573659555372331e-07
-2.327593427601205e-05 -1.046888633833855e-05 -3.475133938573486e-07 -9.631109692496659e-07
-2.275878934669949e-05 -8.846327220169885e-06 -2.148138251285153e-07 1.774535686153574e-07
-2.861871302517547e-05 -1.381755038855479e-05 -2.648604452944191e-06 5.494776035065785e-07
-2.694308151904992e-05 -1.113303013284549e-05 -1.106500739396319e-06 1.796831222054243e-07
-2.522701309430908e-05 -8.835894908612066e-06 -7.788433069399880e-07 -7.322129935402347e-07
-3.307712129576266e-05 -1.381164277678199e-05 -3.465461729468518e-07 -6.646905590974991e-07
-3.084982501487286e-05 -1.132393049949673e-05 -1.750101867269315e-06 -8.904223014000677e-07
-2.862035918890593e-05 -8.832863399083841e-06 -1.640497833699670e-06 -9.372749251187844e-07
-3.772626448047498e-05 -1.380509747468040e-05 3.642739327203908e-07 -1.553666296979247e-06
-3.540193770114044e-05 -1.132041273849636e-05 8.535409243303249e-07 -1.292499157940328e-06
-3.307872679725752e-05 -8.831908664332167e-06 -1.196792686086640e-07 -1.889223042086239e-06
-4.235585794035049e-05 -1.378846158959654e-05 -7.823831541890697e-07 1.552699771243171e-06
-4.004722512598422e-05 -1.132053950261639e-05 -1.545326525226416e-06 6.710374856757428e-07
-3.772572087839507e-05 -8.835486253779067e-06 -9.054182609281799e-07 1.043882176558965e-06
-4.694573980815798e-05 -1.376742044815167e-05 1.040577396942674e-06 -1.869129297783699e-06
-4.465717360320691e-05 -1.131866943141586e-05 1.300012441177375e-06 -4.352420647173344e-07
-4.235611378520985e-05 -8.851516976186531e-06 -5.485475022030771e-08 -9.038456850721796e-07
-5.150647945371241e-05 -1.374626859452851e-05 1.400991893510713e-06 -9.976299171121501e-07
-4.923225889007076e-05 -1.131361584985003e-05 7.282002371450711e-07 -1.429506597797994e-06
-4.694869744436407e-05 -8.864327376664016e-06 1.582540658506143e-06 -3.703893492522627e-07
-5.602825200764931e-05 -1.372892318422879e-05 2.930494337741670e-06 7.009428303457241e-07
-5.377302733986947e-05 -1.131567376192287e-05 1.901847199882208e-06 1.755154618501047e-07
-5.150444896723540e-05 -8.882534576010586e-06 4.712659524463734e-07 -3.917503821223955e-07
-6.051768246619308e-05 -1.371406557832453e-05 2.823300107864655e-06 3.928676396929530e-07
-5.827817322809799e-05 -1.131475502966426e-05 3.181357587219631e-06 4.389972571109821e-07
-5.602911865783992e-05 -8.902048261490379e-06 2.917723483152856e-06 2.481439854015256e-07
-6.498893719098024e-05 -1.370898577373955e-05 3.148167836297323e-06 1.029272518702975e-08
-6.275453281961428e-05 -1.131393254514173e-05 3.033450877252772e-06 -6.467064925011783e-07
-6.051815563509407e-05 -8.914207185402464e-06 3.317950862040011e-06 -5.610708171069077e-07
-6.944572553596084e-05 -1.369919983169173e-05 3.062470628750709e-06 4.592021829945636e-07
-6.722049744383586e-05 -1.131465481850585e-05 3.112667180507796e-06 -8.044604633668117e-07
-6.498782614944594e-05 -8.920062364846068e-06 3.294127514670630e-06 -1.761805670892290e-06
-7.896219447075777e-05 -1.343341493769283e-05 2.813061795808450e-06 -7.341560931696127e-07
-7.833135306129079e-05 -1.369469609390377e-05 2.755599389796907e-06 -6.190793009070897e-07
-7.143862155375411e-05 -1.131121664508853e-05 2.712681598841225e-06 3.552880951093104e-07
-7.389032138637130e-05 -1.369267083179560e-05 3.232198701162848e-06 1.248892610137699e-06
-6.944806671055265e-05 -8.926618673072850e-06 2.327907607343495e-06 -8.335191563736410e-07
-7.922348499570535e-05 -1.280257021512619e-05 2.828243728114255e-06 -9.224201938324599e-07
-7.773035011296954e-05 -1.131491336331948e-05 3.196654787553181e-06 -9.209601730753909e-07
-7.388866682742084e-05 -8.931048818291899e-06 3.791948467063032e-06 -1.048487654975979e-06
-7.922280531510760e-05 -9.828174718747636e-06 3.034969943392940e-06 -1.205360582891030e-06
-7.833015575032910e-05 -8.935385183482811e-06 3.135074900743429e-06 -1.283688097171047e-06
-7.896134834596113e-05 -9.196909594712606e-06 3.074551233001910e-06 -1.250528028475058e-06
