-1.953330194677002e-05 4.628234905777116e-06 -3.374564032532862e-05 8.352070760762581e-06
-1.957410007716898e-05 4.529966840613939e-06 -3.409752843463830e-05 7.693803584235650e-06
-1.957616799008712e-05 4.065807240907994e-06 -3.454149955611881e-05 2.490900186392302e-06
-1.953564875782306e-05 3.968108271244427e-06 -3.415415733418210e-05 1.428246693420305e-06
-1.943487873615776e-05 4.668848503627299e-06 -3.294742313887134e-05 8.549448406631025e-06
-1.925408345672444e-05 4.299234284090660e-06 -3.193470507747479e-05 4.874289412511713e-06
-1.943771748208697e-05 3.927842983553191e-06 -3.314278679260931e-05 1.020062019719454e-06
-1.875815288150512e-05 4.670256023238936e-06 -3.235595185157938e-05 4.843873810511522e-06
-1.876219666731222e-05 3.937500226940372e-06 -3.165312449994184e-05 2.385960363532278e-06
-1.837859534345575e-05 4.306780387111162e-06 -3.017082617522711e-05 3.611302078077936e-06
-1.806549104049247e-05 4.675986064798325e-06 -3.072773030412729e-05 2.773418082965479e-06
-1.806254929214339e-05 3.936685200118454e-06 -3.125317223632520e-05 4.807180328847865e-06
-1.771353297574873e-05 4.305317232573582e-06 -3.125540168637645e-05 3.624777534713239e-06
-1.736977180446038e-05 4.671926524233482e-06 -2.756294974945603e-05 5.470454250477091e-06
-1.737070273635606e-05 3.941221243940755e-06 -2.849467394644102e-05 1.703276137843895e-06
-1.702919358706165e-05 4.307568136024991e-06 -2.502419769027131e-05 4.481846767016239e-06
-1.667724762178239e-05 4.689554544008788e-06 -2.419617063409113e-05 5.946894517446693e-06
-1.667610038410455e-05 3.923910587409669e-06 -2.457673605059365e-05 2.497678870431526e-06
-1.632092158428589e-05 4.306954860708703e-06 -2.470845280498888e-05 3.876758354137048e-06
-1.596411501402618e-05 4.697308853753035e-06 -2.607516328790750e-05 4.363952954526566e-06
-1.596419033148727e-05 3.918398587148285e-06 -2.563536323869161e-05 1.986065545299015e-06
-1.560937620464766e-05 4.309940002827583e-06 -2.339731338094823e-05 3.437414106965988e-06
-1.524212922297706e-05 4.714904620706567e-06 -1.933974678661398e-05 5.416505186916909e-06
-1.524279094507275e-05 3.908582100315010e-06 -2.032737171708303e-05 2.574992213539642e-06
-1.486352833238531e-05 4.312943565188686e-06 -1.961070121205661e-05 5.174807540608894e-06
-1.446920074520503e-05 4.739910214255514e-06 -1.878656563546567e-05 8.850225102984799e-06
-1.446338985777055e-05 3.880731269430682e-06 -1.963537012350652e-05 5.271726965333207e-07
-1.405949472957038e-05 4.304965673626622e-06 -1.652522289817300e-05 3.966638239168947e-06
-1.362986902310920e-05 4.764422811516800e-06 -1.651291093528767e-05 4.567058978189711e-06
-1.363443013914170e-05 3.841614771709426e-06 -1.612747933432208e-05 2.482660481052677e-06
-1.319451069113310e-05 4.305195608335221e-06 -1.649440221296604e-05 4.150608340194493e-06
-1.272754575765364e-05 4.813155917716410e-06 -1.454419159986148e-05 5.262132748189008e-06
-1.272796992556615e-05 3.800761750154064e-06 -1.321521818118685e-05 3.297365538732577e-06
-1.224731514250655e-05 4.308218885561703e-06 -1.291857084390723e-05 2.779619062894897e-06
-1.173745735459763e-05 4.872987087703903e-06 -1.196232234039081e-05 3.800223638842124e-06
-1.173502254187215e-05 3.740697122802909e-06 -1.286139494047536e-05 2.899950295036099e-06
-1.122753561161275e-05 4.307309352441358e-06 -9.654705645140875e-06 6.177592733653979e-06
-1.067654444129922e-05 4.934278259163364e-06 -8.801279125483895e-06 5.508161278766457e-06
-1.068087109531753e-05 3.679448019924240e-06 -1.089552445093672e-05 3.600788193525654e-06
-1.025976886129361e-05 4.359272219296534e-06 -9.492871945183555e-06 1.996071625290168e-06
-9.800253866182698e-06 4.975622847017451e-06 -9.673488487433245e-06 5.449575823694712e-06
-9.791886523856324e-06 3.621235483579727e-06 -6.103284535074539e-06 6.523887319276731e-06
-9.104656135382800e-06 5.018229081982452e-06 -6.071558279043948e-06 3.425382655369693e-06
-9.253255910648056e-06 4.541161501475779e-06 -5.384070561813186e-06 3.827617943852060e-06
-9.112421193199440e-06 3.596514684173438e-06 -1.104907361115999e-05 -1.238102108387684e-08
-8.587788283063628e-06 3.565884510640132e-06 -5.671323339650204e-06 -1.563068603985283e-06
1.636530984881988e-06 -1.410318188492374e-07 3.122266617533246e-05 7.602310233280970e-06
1.651784048625169e-06 -1.585770432867557e-07 2.264254327659888e-05 -4.023920448492730e-05
1.693208612090108e-06 -5.084941525300558e-07 2.047714035948194e-05 7.297884518311924e-05
1.672462663627603e-06 -5.605149129315834e-07 3.834822335002448e-05 4.342972722548463e-05
-8.585404391654565e-06 5.042517469371985e-06 -9.437580731670940e-06 4.136593091671094e-06
-8.094394427322877e-06 5.042186371808866e-06 -7.889187019810527e-06 4.701688263689883e-06
-8.490756769081672e-06 4.112016026343448e-06 -4.422478902464656e-06 5.516509242615583e-06
-8.100937237384529e-06 3.488705160497151e-06 -6.359013835875050e-06 1.348796617349363e-06
1.592144225311003e-06 -1.321060608525452e-07 1.887377068231951e-05 3.675708819365636e-05
1.370648988046349e-06 -3.235126793980927e-07 -3.196505856006253e-05 -3.888138590245879e-05
1.619286132756219e-06 -5.848160755543174e-07 3.503169768028147e-05 3.169372310413353e-05
-7.945795854277102e-06 4.578522210290670e-06 -6.443650768678874e-06 4.927916106596379e-06
-7.590298197825612e-06 4.992548113910113e-06 -3.132048513104816e-06 3.936623569714073e-06
-7.066139866778973e-06 4.863825448795366e-06 -6.346854425649036e-06 2.832110564950299e-06
-7.788562612004841e-06 3.905829960873363e-06 -6.187249682528894e-06 5.208811815527387e-06
-7.599517695630382e-06 3.299650449512947e-06 2.702525016997117e-06 2.073453822076247e-06
1.027858796465226e-06 -8.124998111837060e-08 1.455782108870747e-05 1.454117824102176e-05
1.036841859775724e-06 -6.136402919131050e-07 -1.846370652019113e-06 1.118782003305429e-05
7.347868468057557e-07 -3.136898701843131e-07 -7.882841278140014e-07 -1.840772677394804e-05
-6.538640989255763e-06 4.676474338181542e-06 -5.669793622044472e-06 4.037268978973561e-06
-7.001135665947435e-06 4.339034273167617e-06 -7.242120570776160e-06 4.297742907325742e-06
-7.183193102012222e-06 3.648830681104458e-06 -5.074039853344363e-06 -4.696614947345504e-07
-7.114954519571384e-06 3.021508242525089e-06 -7.748156745141441e-06 1.204776899620995e-05
4.695394531531031e-07 -4.047451289849690e-08 -1.677486110688806e-06 6.063945512325013e-06
4.546721760983743e-07 -6.590151531070125e-07 4.045951519736883e-06 1.213978655292381e-05
1.130154561039364e-07 -3.036067134294388e-07 -9.064365537515118e-06 -1.586648434495594e-05
-6.027793339862139e-06 4.426225541439257e-06 -1.717272158127851e-06 3.420506182955836e-06
-5.521697171786739e-06 4.108121377811748e-06 2.752981520395633e-07 5.179532503533186e-06
-6.521048531141723e-06 3.533492926847146e-06 -4.277781624445061e-06 2.404564823141604e-06
-6.649405691584441e-06 2.660681922669914e-06 3.214456823606664e-07 2.940113492682741e-06
-2.801700979783048e-07 6.846737638249222e-08 7.592658970366526e-06 5.764845661537097e-06
-2.769012913042988e-07 -7.798210116369346e-07 9.285431504080078e-07 4.891043442266566e-06
-5.654193161524875e-06 3.575965361361339e-06 -9.397775115172264e-07 4.313267207031410e-06
-5.057553731803870e-06 3.729009553103598e-06 -2.960786417516776e-06 6.374826607062796e-06
-5.882109420960009e-06 2.934842036751516e-06 1.489739413595954e-07 6.001598818407752e-07
-6.249013357620344e-06 2.214513534163446e-06 -8.910456583419128e-06 3.572781246077729e-06
-7.133442937988545e-07 -3.288890850912276e-07 1.528995711872204e-06 1.816525421414514e-06
-1.222361556124462e-06 2.300219857140893e-07 -5.500061382989401e-06 -5.814509924682886e-06
-1.216230591485935e-06 -9.371097246588311e-07 -8.407038955383201e-06 -5.064157116789928e-06
-4.639843019088248e-06 3.276316293841238e-06 -4.819221426501891e-06 2.276645536087210e-06
-4.253245382413593e-06 2.757622430078504e-06 -4.220692864236110e-06 2.267282126402754e-06
-3.913812110305843e-06 2.188579769000069e-06 -1.858070391496031e-06 1.902227656034022e-06
-5.430859575932687e-06 2.325681912220210e-06 1.679312222780831e-06 3.819024976215556e-06
-5.898552759585334e-06 1.652874917127474e-06 -7.451827342204731e-06 -2.843209013613884e-06
-1.637921639669519e-06 -3.523355323518813e-07 5.460934825009317e-06 3.493874629967324e-06
-2.158726980411707e-06 4.062872493867823e-07 -8.451951551535464e-06 -1.090401594531894e-06
-2.149280018201989e-06 -1.083713722335624e-06 -1.305999005745792e-06 -1.295724591071922e-06
-4.559413476899419e-06 2.198898730977378e-06 -1.357441572701072e-06 3.141215909097572e-06
-3.643289391020156e-06 1.566741075483603e-06 -2.072554478169754e-06 -9.145155010674495e-07
-2.996423607813695e-06 5.236002074143912e-07 -9.178436918172043e-06 1.037479694134538e-05
-3.273220753687723e-06 6.492157429899901e-07 -3.601217061208157e-06 1.291650881632782e-05
-3.432590298274519e-06 8.991775060593552e-07 -4.734974846180893e-06 7.941043076486599e-06
-5.112748436476836e-06 1.581048340965561e-06 -4.291098024469830e-06 9.554861426426713e-07
-5.669184773531702e-06 1.052776359807701e-06 -4.367545946085935e-06 1.603006881493342e-05
-2.610067364722840e-06 -2.360407689530435e-07 -1.135422666590351e-06 -7.218715395722764e-06
-2.978047899243490e-06 -1.199357304215388e-06 -9.611461535797092e-06 6.297148612401470e-06
-4.084555712256738e-06 1.127939288301244e-06 -2.966946780157347e-06 -6.768826310933153e-07
-3.277492327970251e-06 1.302248108644464e-07 5.109545037657430e-06 7.734988762470746e-06
-3.590186883755943e-06 5.607135796734130e-07 -2.437773118404656e-06 1.231619961669971e-05
-4.862896359252127e-06 8.660074432416311e-07 3.353002247040760e-07 2.414577808712182e-06
-5.533352974844960e-06 3.801502968670087e-07 3.703920382611961e-06 7.743316517739222e-06
-3.264430594484317e-06 -6.957690128764639e-07 7.067650684962346e-06 -7.331471707371906e-06
-3.200780632811760e-06 -1.333164077651179e-06 -1.206346629175659e-05 1.114517296503307e-05
-4.204825028023196e-06 1.354441941579317e-08 -6.732310368823608e-06 -8.861827865621086e-07
-5.495683906235950e-06 -3.094499370616361e-07 -3.632249547059214e-06 5.515337241284918e-06
-5.639486019004752e-06 -1.018426852867223e-06 -8.583495659651212e-06 1.375486506090990e-06
-3.739865067659145e-06 -1.148744326241485e-06 -1.308091859643264e-06 2.070685918671997e-06
-3.319622787886004e-06 -1.629089748852472e-06 -2.048736203136238e-05 1.411579371637332e-05
-3.450997947788605e-06 -2.454523217329566e-06 -1.322887607774610e-05 2.196498696092471e-06
-4.899326988532403e-06 -1.084991125162222e-06 -1.526659692321617e-06 1.035429028471882e-06
-3.677240742665538e-06 -3.315236798309965e-06 1.115856765867067e-06 -1.070724506797571e-05
-5.958810367227029e-06 -1.761710791900917e-06 -6.030498987088503e-06 2.011622461319345e-06
-4.174101559461186e-06 -2.464202941743684e-06 5.262247250538794e-07 5.422795338312962e-07
-5.325265705133773e-06 -2.525501572355038e-06 4.124460809931141e-06 2.042073976954628e-06
-4.033131525869273e-06 -4.164244737354519e-06 2.162596693729320e-06 -1.515201727404378e-05
-6.456632614931119e-06 -2.540419142721802e-06 -5.844134293724004e-06 -1.510709501946542e-07
-6.113433863156142e-06 -3.332532182392742e-06 -5.770989622310611e-06 5.578476889819599e-07
-5.233811556520335e-06 -3.858461792458310e-06 -6.062204943187554e-06 2.342048133887097e-06
-4.517310822185218e-06 -5.043942586319907e-06 -9.148464403623253e-06 -1.103457742765122e-06
-5.156454975255409e-06 -5.893541636550612e-06 -4.588390920379923e-06 -4.280815362440250e-06
-7.134594043157003e-06 -3.260816279403618e-06 -3.072831394281067e-06 -4.158476273509448e-06
-6.673558388389918e-06 -4.297675544503875e-06 -5.352926650790405e-06 6.965968617921643e-07
-6.133744983245732e-06 -5.563484246281341e-06 -6.608166158175370e-08 -3.936266094269801e-06
-5.904916102950821e-06 -6.719331415902915e-06 3.120041440478468e-06 -3.546084075156358e-06
-7.999306749368586e-06 -3.948128490033920e-06 -3.656164335275930e-06 -3.021602635835182e-06
-7.726285852931725e-06 -5.561344299561477e-06 -5.724547243590186e-06 -4.318112993206171e-06
-6.780092007528527e-06 -7.463908191195013e-06 -3.760566808660847e-06 -1.520327641067479e-06
-7.806199641424551e-06 -8.129157792513015e-06 -4.796396361653525e-06 -5.974712705166110e-07
-8.938677833885761e-06 -8.714744980233030e-06 -6.745751679145986e-06 -4.569837382169499e-06
-9.010183140010795e-06 -5.931215744151272e-06 -3.561165747778403e-06 5.635165700079101e-07
-8.996549102097491e-06 -4.532397692523858e-06 -6.106056773662657e-06 4.147015872490016e-06
-8.750536614089036e-06 -7.389014492381290e-06 -4.886004953149079e-06 -3.574625756325777e-06
-1.018868389685171e-05 -9.159869236272458e-06 -6.273680262740845e-06 -6.921970472822287e-06
-1.153120548830287e-05 -9.476715578682281e-06 1.435188833075792e-06 -4.698765360250011e-06
-1.008827683460234e-05 -6.248325915860616e-06 -6.692136033786262e-06 -3.618702646618395e-06
-1.020015365221575e-05 -4.963578152069954e-06 -5.664175752824350e-06 9.191240334737333e-06
-1.294391449827232e-05 -9.631546188375791e-06 -5.960243261526456e-06 -3.087826470023080e-06
-1.134003419905505e-05 -7.501213531358970e-06 -2.575514409977408e-06 -3.584408211420129e-06
-1.151492408382233e-05 -5.186204728253238e-06 -6.614108119870405e-06 -3.363932548937767e-06
-1.325268836444431e-05 -7.730261367198242e-06 -1.138744237726299e-05 -1.968870182524744e-06
-1.457353830962237e-05 -9.717607010807382e-06 -1.055495219238326e-06 -3.391760657987297e-06
-1.291990064622382e-05 -5.229636989171501e-06 -3.161084083779546e-06 -1.667014321243100e-06
-1.687993681813263e-05 -9.813232740530220e-06 -6.651629324699960e-06 -5.098478470833342e-06
-1.502701708585271e-05 -6.620536474511189e-06 -8.483615481834325e-06 -1.754972662214829e-06
-1.457155197058347e-05 -5.139380685441622e-06 -6.357526354703448e-06 -1.531552829163022e-06
-2.022382783550368e-05 -9.946482576768015e-06 -8.658248272165827e-06 -3.102857508478958e-06
-1.852669139231606e-05 -7.232456431572487e-06 -1.031637663273577e-05 -1.103160184432324e-06
-1.688051373893489e-05 -5.029672571326541e-06 -4.089905338608720e-06 -2.049723309549791e-06
-2.490532212676613e-05 -1.008496455704870e-05 -8.797381873848378e-06 -3.468956424204991e-06
-2.252648434538798e-05 -7.422281885664305e-06 -1.017887901892363e-05 -4.226546006534304e-06
-2.022844829587779e-05 -4.891784457233952e-06 -9.440972082778726e-06 -1.453261447806851e-06
-3.001604196262608e-05 -1.020857860253905e-05 -1.384813509048604e-05 -2.213965164563600e-06
-2.742447671648753e-05 -7.417738883984468e-06 -1.078015329811285e-05 -2.005254260322541e-06
-2.490874847328505e-05 -4.751872638010042e-06 -9.631767591631507e-06 -1.509994481111599e-06
-3.531531310752948e-05 -1.030149850678510e-05 -1.445837072863946e-05 -3.319772446594149e-06
-3.263498670038812e-05 -7.423389353817875e-06 -1.390093479845157e-05 -2.880458021623527e-06
-3.001146351128217e-05 -4.631781303789848e-06 -1.316315198839919e-05 -3.926611264445201e-06
-4.078681088881499e-05 -1.037128968039347e-05 -1.746531355180826e-05 -4.648371662781269e-06
-3.802729110894588e-05 -7.419128245511363e-06 -1.611836519399101e-05 -2.663581521814758e-06
-3.531905492036539e-05 -4.542555715427840e-06 -1.567530258868300e-05 -1.632421009055785e-06
-4.638157946211699e-05 -1.043923748487999e-05 -1.729223246030180e-05 -2.531377279372510e-06
-4.356560476266266e-05 -7.414690624419016e-06 -1.778455425372607e-05 -4.134998982980690e-06
-4.078594481186941e-05 -4.460974744707903e-06 -1.525009850740061e-05 -2.079041060209678e-06
-5.209131170315641e-05 -1.049383634484906e-05 -1.946416835525740e-05 -3.797943503812729e-06
-4.921940549609956e-05 -7.411238818894360e-06 -1.736655715813889e-05 -2.206126867961943e-06
-4.638643354442748e-05 -4.385339015105761e-06 -1.899058732117536e-05 -2.967334158569739e-06
-5.786920063799856e-05 -1.051830108963682e-05 -2.185345668826739e-05 -1.462825922753403e-06
-5.497128500033395e-05 -7.416677964014281e-06 -2.201139786548955e-05 -2.533220089214075e-06
-5.208692990937611e-05 -4.335791297635042e-06 -1.919195120962049e-05 -7.245327674630410e-07
-6.369920620932207e-05 -1.054298538592843e-05 -2.368469851524824e-05 -4.589322714884481e-06
-6.077719931889910e-05 -7.412413358412161e-06 -2.178005378563593e-05 -2.453930384561236e-06
-5.787079137694527e-05 -4.309561577418915e-06 -2.178954824708862e-05 -3.382936759000655e-06
-6.956611303106186e-05 -1.056006752665977e-05 -2.214006845369952e-05 -1.773733127796524e-06
-6.662772833894589e-05 -7.409102538973346e-06 -2.371726895626006e-05 -2.781379251990658e-06
-6.370106430763332e-05 -4.277908173669700e-06 -2.348499821218933e-05 -6.399185253465990e-07
-8.221182046799942e-05 -1.023090016685039e-05 -2.375559966618068e-05 -2.354403684277352e-06
-8.137174708558444e-05 -1.057853376012002e-05 -2.402269235635463e-05 -2.520966136893648e-06
-7.220182718588299e-05 -7.411475575896950e-06 -2.240028239814031e-05 -3.621177952462683e-06
-7.545631959798916e-05 -1.057156969943085e-05 -2.639252279686504e-05 -5.741456243306868e-06
-6.956537878495712e-05 -4.260144776808056e-06 -2.162437087388426e-05 -4.475296929350023e-06
-8.255974929792006e-05 -9.391260109846426e-06 -2.358831924882106e-05 -2.187572271700712e-06
-8.056941416619858e-05 -7.411465773936332e-06 -2.492043869667173e-05 -2.591046885424797e-06
-7.545627866550647e-05 -4.254218342794083e-06 -2.687661713915555e-05 -1.557091333761065e-06
-8.255699266379392e-05 -5.432582925639185e-06 -2.310448044178910e-05 -3.026630740132313e-06
-8.136958607364330e-05 -4.246597749754396e-06 -2.382871589772991e-05 -3.178804626119732e-06
-8.220910866747271e-05 -4.593844618364312e-06 -2.332996601335139e-05 -3.190352796504042e-06
