7.993700903122397e-05 -1.314402559511725e-05 -1.464538712443578e-05 2.817169934443655e-06
8.021198976322611e-05 -1.248082643037936e-05 -1.491427363522613e-05 2.643720704605964e-06
8.021190451954914e-05 -9.353911085016159e-06 -1.474085717763911e-05 1.191682186445907e-06
7.993705804055751e-05 -8.691531845130411e-06 -1.440633254910106e-05 8.208885494169496e-07
7.927322420436513e-05 -1.341853285131148e-05 -1.409468583162029e-05 2.798944564881629e-06
7.803029230696865e-05 -1.091824143322508e-05 -1.298074398477882e-05 1.872004299952019e-06
7.927375251850267e-05 -8.417477610091785e-06 -1.369875583978040e-05 7.462173026628088e-07
7.461603502166800e-05 -1.341472186398983e-05 -1.320483863352278e-05 8.133646694867135e-07
7.461842261079230e-05 -8.428940922519339e-06 -1.214881962418242e-05 1.715863920067644e-06
7.204497979529443e-05 -1.092214928597075e-05 -1.325681517541401e-05 6.527602260669685e-07
6.995491243093537e-05 -1.341265944503701e-05 -1.194980730636934e-05 3.015181696439712e-06
6.995164422138888e-05 -8.426441526528673e-06 -1.247746639004003e-05 -2.387218306422136e-06
6.761814853271921e-05 -1.091888336358028e-05 -1.060535016098136e-05 7.626684433609304e-07
6.529613227995083e-05 -1.340009218389684e-05 -1.015903323419720e-05 7.916103584284239e-07
6.529568155470512e-05 -8.438802233446582e-06 -1.124812198384332e-05 2.333714879448593e-06
6.297968197077886e-05 -1.091887970373933e-05 -1.162593777803685e-05 2.866426635778023e-06
6.066045681532338e-05 -1.340480847291597e-05 -1.148670202685950e-05 3.148892357750329e-06
6.065878596109289e-05 -8.433566667565640e-06 -1.044416064365294e-05 1.736917338827616e-06
5.833601998117556e-05 -1.091857584055244e-05 -9.199525788877780e-06 1.049243237262528e-06
5.601745022754859e-05 -1.340681530724192e-05 -8.707807379807287e-06 2.717888975082080e-06
5.601713961310099e-05 -8.432747824700473e-06 -8.675863719954097e-06 -1.447160382639293e-06
5.370489282935929e-05 -1.092013250451593e-05 -8.877187249340484e-06 3.623418764668898e-07
5.139735293425598e-05 -1.340324866913060e-05 -7.734335725683111e-06 2.346007887174236e-06
5.139834630696387e-05 -8.441034278655726e-06 -8.654699693090527e-06 -1.171129970529569e-06
4.908846895564651e-05 -1.092293147364070e-05 -8.263441690083577e-06 1.237799312163846e-06
4.678294086050519e-05 -1.339274655024843e-05 -8.228305578143960e-06 7.263590969458688e-07
4.677785924945932e-05 -8.450020001066796e-06 -9.033364884624121e-06 1.509677300689028e-06
4.447167715856321e-05 -1.091934616783764e-05 -5.843360154665768e-06 1.572881604975436e-06
4.215751240262272e-05 -1.339983335583846e-05 -5.098898534049314e-06 1.436228464945212e-06
4.216162781782322e-05 -8.446063906062733e-06 -2.582581891505078e-06 2.150613796123336e-06
3.984604122781289e-05 -1.092393121780826e-05 -4.470445464362986e-06 7.156196773508388e-07
3.753741843258576e-05 -1.339610085965814e-05 -2.273792766161503e-06 2.574781147281660e-06
3.753961292485903e-05 -8.451376797713977e-06 -4.331732744308403e-06 6.228656405787230e-07
3.523404760116977e-05 -1.092568294463778e-05 -3.414496563108558e-06 1.449049903334009e-06
3.292287783067387e-05 -1.340180851064576e-05 -5.313714400341837e-06 1.034354171923249e-06
3.292077465156954e-05 -8.448828811188913e-06 -4.116752988348537e-06 5.639674531657157e-07
3.070012922784307e-05 -1.092465132722017e-05 -3.171538525524022e-06 2.022676287433147e-06
2.848252973769418e-05 -1.340111108350923e-05 -2.296598422120308e-06 3.776890285224236e-06
2.848142681735726e-05 -8.446524703756764e-06 -2.870758616505519e-06 -5.994853819610253e-07
2.681838662373423e-05 -1.111706514772274e-05 -3.195252344360312e-06 -1.063363042506773e-06
2.512949051314470e-05 -1.339598126353104e-05 -1.927923747163754e-06 3.575481484643637e-06
2.512774028806673e-05 -8.459392904572717e-06 -1.254502619204597e-06 4.808571518687255e-06
2.269242378385608e-05 -1.338992012375811e-05 1.493341330341319e-07 1.978679064362434e-06
2.316911377668422e-05 -1.176410345716526e-05 1.615746689515390e-06 4.688838957016092e-06
2.268980233218989e-05 -8.455069497627482e-06 -3.885964521418157e-06 1.091081829558889e-06
2.090967700522216e-05 -8.459877290307060e-06 -1.367815814426984e-06 1.127319319327725e-06
-3.532941923925634e-06 -3.567127246250102e-08 4.200757408785457e-05 -4.089454579475769e-07
-3.587746278134896e-06 1.745362799345991e-07 2.942610516791028e-05 5.765840026308353e-06
-3.618640929717270e-06 7.087498760640756e-07 1.979485415683943e-05 8.928000809637808e-06
-3.565511114010257e-06 9.099527019230864e-07 1.972709351673550e-05 5.650709404638507e-05
2.091177736803136e-05 -1.338960091933331e-05 -5.585719772983475e-06 -4.619226414614523e-07
1.929869089660191e-05 -1.329388643677589e-05 -2.160178561292943e-06 1.248204035475754e-06
2.055027997850747e-05 -1.031900026349190e-05 1.002135006458469e-06 4.601149263501801e-07
1.930382516916340e-05 -8.328674236275537e-06 -3.907069873800227e-06 4.104535692306065e-06
-3.373364332742573e-06 -1.389182902171866e-07 4.341442048287536e-05 6.502344623609092e-06
-3.113605559308415e-06 4.617536327860989e-07 -5.788358681113663e-05 -3.051049576818718e-05
-3.418719044877555e-06 1.008465355461648e-06 5.547766301865401e-05 5.685248276547535e-05
1.878713344589157e-05 -1.177706051562243e-05 -2.289590261171723e-07 5.734132040300811e-08
1.770835506856943e-05 -1.301262215726206e-05 4.721812404900777e-06 1.354202485125497e-06
1.617147501696358e-05 -1.255882885918710e-05 2.038660655115612e-06 -5.709333136261058e-07
1.830695878985520e-05 -9.680115396839703e-06 -2.532389232372227e-06 4.585041377423438e-06
1.774258275361861e-05 -7.931662661807106e-06 4.142856298727181e-06 -2.611142217667076e-06
-2.254094868174356e-06 -1.182974150628462e-07 2.559942014242846e-05 2.129142518539741e-05
-2.241346821836096e-06 9.937032534832522e-07 1.730627040662482e-06 -4.472702685608292e-06
-1.666205234685931e-06 4.828488614374365e-07 -1.043153181509484e-05 -2.180279704980174e-06
1.470772938459616e-05 -1.193404560916011e-05 -3.859935752919776e-07 -2.071206968479872e-06
1.597200942728545e-05 -1.096972462318273e-05 2.012127761746494e-06 3.244783968487822e-06
1.650478545280341e-05 -8.961169977139819e-06 -6.275269137144284e-07 -1.984468480490801e-06
1.629222487128815e-05 -7.280195885979508e-06 -5.036246762813233e-06 4.408469021082995e-06
-1.022439709150873e-06 -2.400938986339586e-07 -2.943648814573809e-06 -1.091164437646299e-05
-1.035598206725292e-06 1.092838702906796e-06 1.070362208380647e-05 4.308761632237664e-06
-2.975748971434102e-07 4.754865178365197e-07 -1.180814670807914e-05 1.118236124580919e-05
1.332704288303398e-05 -1.114452245532716e-05 -1.485133168358169e-06 -9.211825851458270e-07
1.206628803747351e-05 -1.021444312912713e-05 3.136613630455427e-06 1.212678035017155e-06
1.464108537381772e-05 -8.642537851550787e-06 -3.235539366390821e-07 3.580878098359327e-06
1.499508437551312e-05 -6.375017184894514e-06 7.825572995267030e-06 -1.386459682272728e-06
5.416539200798189e-07 -4.866453889574218e-07 8.637945801944259e-06 -1.135991329807463e-06
5.499214923639931e-07 1.341589792824223e-06 6.522167848820152e-07 -5.915184422691724e-06
1.238491204844966e-05 -8.760348166432802e-06 -7.754319332060942e-07 1.154351500967884e-06
1.090265211448479e-05 -9.147940522302220e-06 -9.717889039844306e-07 2.861684954370255e-06
1.292178850525661e-05 -7.094868423058011e-06 -2.326292980001534e-06 1.751324117256122e-07
1.388134289742021e-05 -5.258106148743665e-06 -4.852564349428124e-06 6.331702394977663e-06
1.471970326799819e-06 4.614202049666382e-07 -3.646399737834434e-06 1.590263017253292e-05
2.586821657055895e-06 -8.071769144783956e-07 -4.090788869626564e-06 -5.740055098767772e-06
2.585533362073671e-06 1.701337896024223e-06 -1.865942359093091e-07 -3.357556507506188e-06
9.863687754943398e-06 -7.958658265567329e-06 -4.379207315528081e-06 5.479688925520584e-08
8.975477109031078e-06 -6.662422963446301e-06 -1.591209261911947e-06 2.596834018254800e-06
8.240125603301786e-06 -5.274571008326744e-06 5.830672933882835e-07 3.368839309762298e-06
1.181018944503333e-05 -5.586212948938320e-06 2.356446335954122e-06 4.660012299127418e-06
1.298383813600345e-05 -3.990138323020139e-06 -3.170358091713949e-07 -9.142241890381948e-06
3.466134556360440e-06 4.373445317773044e-07 6.633870958915659e-06 1.856230195375436e-06
4.566895166981944e-06 -1.123826724533997e-06 -5.772302332308085e-06 8.164459628434092e-06
4.571480404321528e-06 2.063698791198574e-06 -2.896735752569565e-06 4.604160172014438e-06
9.722223578496904e-06 -5.280280446988355e-06 2.055639831725443e-06 5.811600009971697e-06
7.666289124705391e-06 -3.810684386132704e-06 -5.605056913044374e-07 -3.793389754610093e-06
6.421191737429536e-06 -1.427015833985476e-06 1.250906756715809e-06 9.639587878770431e-06
6.952657191597210e-06 -1.705287237978444e-06 -8.261659061864102e-07 8.901700396170543e-06
7.257109393927669e-06 -2.261223565006938e-06 -3.221355265004465e-06 3.439915813561626e-06
1.102726384604564e-05 -3.792652250968311e-06 -9.442457308346242e-07 4.324555892755970e-07
1.230221118871229e-05 -2.589190522777036e-06 -3.740695241437430e-06 6.327885548461444e-06
5.560104472401281e-06 2.211750414973790e-07 9.325104034482601e-07 -6.145668842102066e-06
6.366854941148793e-06 2.304195670572318e-06 -2.887012264754581e-06 1.074104245767148e-05
8.691819563045208e-06 -2.754562748701565e-06 4.679712758881381e-07 -2.277100394016761e-06
6.960896934956090e-06 -5.945218692597224e-07 2.329188340621441e-06 8.817686848183450e-07
7.609840993718815e-06 -1.510676628143714e-06 -3.073155973771063e-06 6.232621176831547e-06
1.044189947658959e-05 -2.135496685825546e-06 3.219798956934934e-06 7.812753131855108e-08
1.189726034111364e-05 -1.114374017271233e-06 2.782811727110479e-06 -3.408547061776601e-06
6.958427286479079e-06 1.229101981622707e-06 7.614528017135202e-06 -4.143704801874352e-06
6.860275448574807e-06 2.570452115996033e-06 -3.033864829338465e-06 1.105189473398209e-05
8.980654410683358e-06 -2.297793992394964e-07 -2.988163478393537e-06 1.629446887730735e-06
1.179569056731858e-05 4.002372341626758e-07 -1.644435491803923e-06 -1.649149656131194e-06
1.205663507772347e-05 1.939808729687380e-06 -4.478644572809011e-06 -1.841951179209705e-06
8.015573532535688e-06 2.192375505995226e-06 7.420771066191049e-06 7.782716182629741e-07
7.141905403049808e-06 3.172975879035531e-06 -7.332119966219250e-06 1.034411347681779e-05
7.459120674910743e-06 4.904401184738314e-06 -6.064812060245740e-06 1.598270929703966e-06
1.046939933781586e-05 2.111227609813340e-06 -2.741535569723061e-06 -6.952220931177944e-07
7.979150734967342e-06 6.646596506821768e-06 -2.689494583509268e-07 -7.076040071770739e-06
1.263572513217234e-05 3.509713714158213e-06 -3.924885741399590e-06 5.273984368707716e-07
8.978544109880610e-06 4.943661276201524e-06 2.456572145844272e-06 -1.113632470718653e-06
1.129375435533826e-05 5.077572014193405e-06 3.288568836727039e-07 1.218026525316948e-06
8.753906903446240e-06 8.331518712229265e-06 8.032580548613819e-07 -7.294696067522093e-06
1.354522492815403e-05 5.071485390888832e-06 -3.139231837339849e-06 -8.431399165807905e-06
1.286020704314301e-05 6.689472498743454e-06 -8.244671112023290e-07 2.909211688824848e-06
1.116112597264679e-05 7.718635317888440e-06 -1.806831827302991e-06 8.518644014571501e-06
9.741578783228666e-06 9.992345787531941e-06 -7.210350478202821e-06 2.191069329471844e-06
1.099173444396533e-05 1.161993333688978e-05 -5.134784423165258e-06 9.684411177060429e-07
1.481650148424541e-05 6.574976337693538e-06 3.415252872169975e-06 1.156257930736897e-06
1.395235553282118e-05 8.572575779958990e-06 4.175210199431737e-06 6.077445300855120e-06
1.289896691292048e-05 1.099471946484677e-05 1.191492314385719e-06 2.240225047710614e-06
1.244058821332075e-05 1.314004391618921e-05 -9.494705140329654e-07 -8.138439384554551e-08
1.638015739803269e-05 7.914168531525126e-06 -1.078675751464792e-05 -3.276145299154854e-06
1.593828791663772e-05 1.100042571591025e-05 1.198435523485620e-06 -1.827357243935179e-06
1.413534338685583e-05 1.449232293041848e-05 -3.787672128722396e-06 -6.881977750611013e-07
1.605597564821525e-05 1.569815216387435e-05 -3.300678283414877e-06 4.081184994593841e-06
1.814315476976062e-05 1.672069432471955e-05 -4.846103208595767e-06 1.612237867703456e-06
1.830186512607730e-05 1.167607868924007e-05 3.467446266667411e-06 1.341032387135404e-06
1.827514354258930e-05 9.060067331968409e-06 -1.859603231868145e-06 -1.417499994104413e-06
1.782101509326266e-05 1.434154783678417e-05 -8.171687890092529e-07 1.899417733747199e-06
2.040809708978972e-05 1.747713847629752e-05 -3.769782846236649e-06 -2.135027577656207e-06
2.280487965192988e-05 1.799235201711405e-05 5.995103658039340e-06 -1.979375995312939e-07
2.023605189516721e-05 1.226757801321064e-05 -2.772383069416125e-06 1.117559631489189e-06
2.042037489816092e-05 9.896720860921456e-06 -3.910084539984590e-06 3.019594897610747e-06
2.526708533515676e-05 1.822936273396009e-05 -1.771214872702954e-06 2.315099039493584e-06
2.247772532108640e-05 1.450830328635084e-05 -2.103088984470182e-07 4.893463538085092e-07
2.277521385348538e-05 1.039896478939126e-05 -9.488530944260571e-07 6.317317562153696e-07
2.580320649226386e-05 1.489505560076918e-05 -5.757925827269061e-06 -5.629210871348863e-07
2.808611154519659e-05 1.834347032561244e-05 4.331072087347605e-06 3.862479628361499e-06
2.523461950144879e-05 1.052173747602660e-05 4.050202331465617e-06 1.185854570883722e-06
3.206238906279322e-05 1.844161145621096e-05 -2.750684857355383e-06 -2.127969197183805e-06
2.888144247731473e-05 1.297439163465559e-05 -2.715218718175022e-06 2.381973827640001e-06
2.808351496528157e-05 1.041006471867971e-05 -2.377330795621331e-07 2.758305472236114e-06
3.773734879167243e-05 1.860135646562162e-05 7.073190253307406e-07 1.741683885390755e-06
3.488588644783414e-05 1.404243217555790e-05 -1.844844459691931e-06 2.217580463258218e-06
3.206670353218503e-05 1.026732048553450e-05 2.821635836008835e-06 -1.179523215953015e-06
4.551334482861642e-05 1.876280667180366e-05 2.326949665790142e-08 -1.275412095391210e-06
4.158102878243886e-05 1.436531935177163e-05 1.883597130926659e-07 -6.011286711104901e-07
3.773603626503505e-05 1.011876754468634e-05 -8.458240504390658e-07 1.327731341332445e-07
5.386996786403642e-05 1.890326373834562e-05 8.303962773154537e-07 2.416886091189278e-07
4.964813544216817e-05 1.436768342569042e-05 6.097033121366594e-07 -1.864148211952394e-07
4.551236340001396e-05 9.969874702913298e-06 2.571266589807933e-06 2.888371428663990e-06
6.244560064905110e-05 1.900092064495631e-05 -1.070180829023719e-06 1.968396900854287e-06
5.812684056530960e-05 1.436933700950528e-05 3.088293533501055e-07 9.410127669876680e-07
5.386915788759053e-05 9.834532578628809e-06 -5.976218774622215e-07 -1.546902206122648e-06
7.120303227999980e-05 1.908958215567719e-05 4.072077880963915e-06 1.355055467846470e-06
6.679705172665161e-05 1.436750289295481e-05 6.522840956873537e-07 -4.846235983714646e-07
6.244658599934735e-05 9.735729091776560e-06 1.845886892239115e-07 -7.881750689268392e-07
8.008995161625651e-05 1.915555948001147e-05 -5.419202024032808e-07 1.352094529270956e-06
7.562774600530132e-05 1.437169686213106e-05 2.389268580143377e-06 1.333494026096714e-06
7.120135156902331e-05 9.650208968658283e-06 1.928443721561957e-06 -8.174570033794226e-07
8.906861796171662e-05 1.919570082251878e-05 2.134369574098139e-06 1.698641571907521e-06
8.456735582680065e-05 1.436832117902628e-05 6.461023382615600e-07 -1.660133624738626e-07
8.009339370757943e-05 9.586217798339647e-06 1.719723032972610e-06 -2.809342191585214e-07
9.811500458621127e-05 1.923176710798013e-05 2.102972955782557e-06 -2.492898946196970e-06
9.357954645367936e-05 1.437293325244236e-05 2.820257155928566e-06 3.642134396028694e-07
8.906465212634807e-05 9.544516724699032e-06 1.398127807098855e-06 -8.370249611752004e-07
1.072027197498246e-04 1.923923706234506e-05 2.982496022414268e-06 2.004807320063723e-06
1.026569676816058e-04 1.437492788323158e-05 1.196842979869743e-06 3.871891249955800e-07
9.811450558471056e-05 9.518722416992405e-06 1.814911106952135e-06 2.518673474566980e-06
1.163091825540479e-04 1.925451818014734e-05 7.636457424985027e-07 -7.643135712323722e-07
1.117524969286107e-04 1.437106840350555e-05 3.695655100229593e-06 1.492708501422229e-07
1.072056205877647e-04 9.505792038500318e-06 3.100585242759401e-06 -1.354888819658020e-06
1.358424182620064e-04 1.872269213088951e-05 2.253649286908190e-06 9.129886107927210e-07
1.345475450004434e-04 1.925898147311512e-05 2.487008102713283e-06 1.013426496792324e-06
1.203923106728204e-04 1.437193687084970e-05 6.123459835214573e-07 -3.790434962530409e-07
1.254260188072731e-04 1.925793099336417e-05 4.678843850362515e-06 1.296796030225289e-06
1.163087104047447e-04 9.488081265438675e-06 1.585202997704531e-06 1.537625019232917e-07
1.363788307967841e-04 1.742798932696709e-05 2.075518619639789e-06 7.679525166560353e-07
1.333146408416201e-04 1.437599835989093e-05 2.425768346484437e-06 2.685310237470613e-07
1.254245226840096e-04 9.488233252860386e-06 4.172428876515214e-06 -1.062319046259479e-06
1.363799651125669e-04 1.132379868319840e-05 5.967320894994143e-07 4.919783513575534e-07
1.345479462979604e-04 9.491601358720517e-06 1.096828780386200e-06 6.132921683025425e-07
1.358434000241104e-04 1.002827416586957e-05 7.368454616173790e-07 6.160694018046767e-07
