8.539642323401765e-05 -1.358301136080135e-05 -1.558384889146709e-05 -1.256938824873140e-06
8.569531234844621e-05 -1.286136353577825e-05 -1.550194611315476e-05 -7.707704439320638e-07
8.569507111224871e-05 -9.459016490307912e-06 -1.577579140022993e-05 2.111115974550479e-06
8.539615320187728e-05 -8.737386350281728e-06 -1.585619866511453e-05 2.446381850536465e-06
8.467480025961809e-05 -1.388189417791508e-05 -1.588574409409244e-05 -1.441855827843140e-06
8.332212825480322e-05 -1.116008314882383e-05 -1.535761062772279e-05 6.256987563065117e-07
8.467449830034559e-05 -8.438517884875552e-06 -1.609167053278103e-05 2.553109305650847e-06
7.959947430875019e-05 -1.388138870903336e-05 -1.105733366586417e-05 -3.214209632133636e-07
7.959988622748909e-05 -8.440289685022420e-06 -1.090146879621667e-05 6.600595128730724e-07
7.679671037925488e-05 -1.116190906015729e-05 -1.262461764865382e-05 9.258525628041412e-08
7.452244111689685e-05 -1.388245221976266e-05 -1.159546327400678e-05 2.045979140027403e-06
7.452216472113186e-05 -8.440540146381887e-06 -1.128446891337801e-05 -1.959062762373123e-06
7.198369348133090e-05 -1.116037013530195e-05 -8.995196877208951e-06 -2.688114786424052e-07
6.944685239142212e-05 -1.387465966827029e-05 -7.712123807025404e-06 1.684484950806379e-06
6.944575009195724e-05 -8.442168807432660e-06 -8.986569847560962e-06 -8.614844181504271e-07
6.691031932758306e-05 -1.115797004048573e-05 -8.283108383735929e-06 5.607756558744986e-07
6.437909434658465e-05 -1.386952297293833e-05 -8.245669978331309e-06 2.750521002029015e-07
6.437928593423908e-05 -8.448986231332767e-06 -9.431292212737097e-06 1.443031092843964e-06
6.185194603006845e-05 -1.115995338827062e-05 -8.136835799014882e-06 7.004110102454723e-07
5.932686844437489e-05 -1.386632308060549e-05 -7.944787893952123e-06 -5.849224390113685e-07
5.932553367061714e-05 -8.452977997122046e-06 -6.703692666433007e-06 1.294816083698258e-06
5.680268644905219e-05 -1.115835626793262e-05 -6.547998999905439e-06 -1.033658209303830e-06
5.428241417160326e-05 -1.385449464348405e-05 -4.777238560910149e-06 3.845122439004650e-07
5.428570245476142e-05 -8.464220683452155e-06 -6.200797584553349e-06 -2.072037555403146e-06
5.176751924965579e-05 -1.116264614987620e-05 -3.507418189543460e-06 7.705510142161113e-08
4.925779758144924e-05 -1.384959555881332e-05 -2.652089928828105e-06 1.343961466724120e-06
4.925568618298472e-05 -8.472939942027167e-06 -3.449383017710805e-06 2.404503480485287e-07
4.675081348501283e-05 -1.115991887306109e-05 -4.472151679687932e-06 9.928113873862878e-07
4.425374328727811e-05 -1.383593069722618e-05 -3.970625180361036e-06 2.298015849578670e-06
4.425389615202178e-05 -8.484877041560936e-06 -3.746059319022033e-06 -1.449966111219697e-06
4.175987065886416e-05 -1.116233224930137e-05 -1.861878617769133e-06 5.984111404556142e-07
3.926765657129061e-05 -1.382837750681683e-05 -4.285287337173188e-06 -1.393437630120640e-06
3.926572806887554e-05 -8.494653916659384e-06 -2.240049687081087e-06 1.182462672968808e-06
3.677104087066900e-05 -1.116138178725566e-05 -3.777378459499108e-06 -4.404522514439622e-07
3.428290680273186e-05 -1.381096459342860e-05 3.121409039699061e-09 3.458553516317695e-06
3.428882175129690e-05 -8.514174336578282e-06 -2.119968700328484e-06 -7.972593201824952e-08
3.190631979157795e-05 -1.116533395339571e-05 -4.080652131067887e-07 1.116415209823932e-06
2.954026514623384e-05 -1.379491116608665e-05 -2.359463110942190e-06 -3.132157168575054e-06
2.953631766651279e-05 -8.537172664907948e-06 -6.962434697540226e-07 1.357327347970839e-06
2.777294447813911e-05 -1.137149052622313e-05 -1.009357150916297e-06 7.230034510545350e-07
2.598238635369920e-05 -1.377792161935061e-05 2.492516998634191e-06 1.887802297429583e-06
2.598039269952440e-05 -8.551636197378338e-06 -3.133026262607951e-06 -2.279791250952567e-06
2.341529928339015e-05 -1.375827256410506e-05 7.460805003754317e-08 1.146471682788621e-06
2.391068622571822e-05 -1.205600259605105e-05 -3.780480780133060e-07 -4.438727593709929e-07
2.341317810853316e-05 -8.570407407079865e-06 3.301211281253093e-06 3.577673950986155e-06
2.156160305561235e-05 -8.585904432658286e-06 8.306849058310696e-08 2.259296958295993e-07
-3.647107092998362e-06 1.670577713152356e-08 2.787770193172318e-05 -5.079588725450120e-05
-3.732988314878271e-06 2.854709106500741e-07 3.833427713141264e-06 -3.378884811759909e-05
-3.745927301876708e-06 7.575701508895624e-07 2.986309529658581e-05 7.431975239481426e-05
-3.668695212152689e-06 1.008476156436503e-06 3.061559145061250e-05 -8.530492429538424e-06
2.156095166998837e-05 -1.374040609334940e-05 1.962153015886752e-06 3.346646324104121e-06
1.988189896384557e-05 -1.363345129707211e-05 -3.958129131645577e-07 7.590502186364605e-07
2.118204000841447e-05 -1.051742264913191e-05 -3.939787521576766e-06 2.799105291445657e-06
1.988023296739519e-05 -8.456027077652286e-06 -1.460694255863770e-06 -6.081037219046886e-06
-3.426496754913805e-06 -1.058298277301701e-07 1.225273302062230e-05 -2.437999279646007e-05
-3.193344298364499e-06 4.989372338807647e-07 -1.166518897709009e-05 9.406837777919871e-06
-3.459378596917207e-06 1.117689242952176e-06 -1.335867166480694e-05 -4.868508951019963e-05
1.934708100724097e-05 -1.204257671921066e-05 -1.709396834712660e-06 1.204596650009345e-06
1.823351405563319e-05 -1.333483411706588e-05 -6.158824281272988e-07 -2.275380898892001e-07
1.663482403057589e-05 -1.285537158062564e-05 9.460874951842405e-08 1.161293295243406e-06
1.884200609346557e-05 -9.861450029520388e-06 -1.858420117627407e-06 -4.835422647265407e-06
1.827148817543957e-05 -8.041224805449383e-06 -4.051260110279434e-06 3.373172939954177e-06
-2.283536983622170e-06 -6.436700226294488e-08 -1.178317740734004e-05 5.414461819591309e-06
-2.286113410820481e-06 1.108813024584778e-06 2.057574116056864e-05 3.283486442822379e-07
-1.689402317243202e-06 4.987349100031521e-07 1.588144331807062e-06 -2.052432845934990e-05
1.510877762015645e-05 -1.219637627328641e-05 -8.788518465628666e-07 3.296895189137106e-06
1.642128505203724e-05 -1.120002273983236e-05 -5.948306624476105e-07 6.172078120042748e-07
1.697450348490970e-05 -9.121927941093918e-06 -1.620858745650281e-07 2.008747765583164e-06
1.674794360969052e-05 -7.341412980303453e-06 2.169214094410874e-06 1.857019703925784e-06
-1.007948446065264e-06 -1.813051510411272e-07 4.598799592397194e-06 1.933624761959883e-05
-9.941315203436190e-07 1.205166617308925e-06 -1.013732759881061e-05 2.135741459170225e-05
-2.681333068382860e-07 5.135328070016413e-07 3.085071402360207e-06 -3.945497754518871e-05
1.367341475419804e-05 -1.138070531308153e-05 -4.739766203370745e-07 1.311375968743608e-06
1.234181371458860e-05 -1.040787272172625e-05 -3.111713172058553e-06 5.616726546883391e-07
1.503112476045477e-05 -8.785511042862128e-06 1.187791190940426e-06 -3.474155995470605e-06
1.539360611797055e-05 -6.418342710896467e-06 -7.369780713942839e-06 -6.274569491973539e-07
6.144687093394616e-07 -4.087581489032861e-07 -4.681055783716153e-06 1.741174229240680e-05
6.205765320399927e-07 1.459966736672567e-06 6.255213174853974e-06 1.979468771047433e-05
1.267668920436975e-05 -8.893049090528913e-06 -2.402680767221420e-07 -1.987578066273670e-07
1.114017371868996e-05 -9.290982922982309e-06 -2.222330596284806e-06 8.418090356083471e-07
1.324364855158129e-05 -7.172479136127876e-06 2.681598906007240e-06 -1.182759972436848e-08
1.421573529417298e-05 -5.284227087204946e-06 -5.142038179006350e-06 -1.179503201878710e-06
1.564445203227410e-06 5.255764922210517e-07 2.083438558796944e-06 -2.741498835539163e-05
2.696684660699061e-06 -7.352376945833509e-07 2.105030173066948e-06 7.635733162880913e-06
2.695311833548255e-06 1.809589461460191e-06 -1.233031808853650e-05 9.121047337208116e-06
1.007827764064318e-05 -8.054052065851713e-06 -1.248951669199009e-06 3.174984521348938e-06
9.180405733822257e-06 -6.727492787553142e-06 -2.835776722857546e-06 1.586166681642128e-08
8.431929553072828e-06 -5.303165707321799e-06 -2.774128683558445e-07 1.161000547648322e-07
1.209428976223104e-05 -5.612051704172910e-06 1.234256207868856e-06 9.317647231237825e-07
1.326727267475823e-05 -3.972075907341340e-06 -5.110945857768667e-06 9.897654546678855e-06
3.614969609199095e-06 5.360377268837146e-07 2.075516448404221e-06 7.257965645019035e-06
4.733044928434715e-06 -1.085604953019229e-06 -5.313251166493301e-06 -1.076693000890158e-05
4.731594646181412e-06 2.164321617064799e-06 -2.075980970091769e-07 -3.816504628940667e-06
9.951547260751310e-06 -5.306284888277866e-06 -3.866391518013336e-06 -2.270213307555898e-06
7.853054365991631e-06 -3.795117699366069e-06 4.372098531187899e-06 1.033571688533086e-05
6.583968539266726e-06 -1.355848047639502e-06 -1.224115436334204e-05 -4.148101754418200e-06
7.151792765584502e-06 -1.647094883382245e-06 -2.737602655243805e-08 -2.899706143622995e-06
7.465910836910624e-06 -2.222347702171476e-06 5.507567585548188e-06 -5.872560240834463e-07
1.128576034758927e-05 -3.778476303070166e-06 8.324108862979072e-07 -5.508515480080321e-07
1.258291301515450e-05 -2.539796532946200e-06 2.046052385085241e-06 -2.191860464434604e-06
5.746604333061637e-06 2.936718119765976e-07 1.468168988898961e-06 2.121466414755395e-06
6.568638893278140e-06 2.416043316800853e-06 4.835570004954191e-06 -1.332694539413651e-05
8.899100605942691e-06 -2.727297904476392e-06 -4.628276744942746e-06 -2.635444003058974e-07
7.167570309896506e-06 -5.039113478750320e-07 1.649322592284116e-06 8.580439520263747e-06
7.830527849441866e-06 -1.453865108358739e-06 5.114861581462352e-06 3.229182257681366e-07
1.069098805670499e-05 -2.103647343279505e-06 -1.318617192950929e-06 -5.020018911162900e-06
1.218380229972739e-05 -1.037128934657320e-06 -2.793283723001712e-07 2.799660018419157e-07
7.170939810091555e-06 1.318883787054524e-06 -1.631272267603470e-06 3.737000356003791e-07
7.061131625619162e-06 2.693920450360793e-06 -2.898675891380490e-07 -5.725742101299542e-06
9.201897447753907e-06 -1.806752619594056e-07 -2.230811701842509e-07 4.171281708321208e-08
1.205531423321628e-05 5.094976052721464e-07 -4.273429804366742e-06 -2.745428502008419e-06
1.227657642745034e-05 2.044878688116896e-06 6.076607785809557e-07 -2.860877311007060e-06
8.232619740237105e-06 2.305275521605023e-06 -3.382205657625332e-06 5.705078222904879e-06
7.340312638419461e-06 3.305730672040659e-06 -1.581835043761952e-06 1.176901392352355e-06
7.681775225146234e-06 5.015830161042446e-06 -2.407892288914413e-06 3.967054670864627e-07
1.070651001789801e-05 2.217115059297693e-06 7.167043545889554e-07 -1.046310789693982e-06
8.223065191679843e-06 6.730918056436450e-06 -1.510837951750258e-07 4.123498100783352e-06
1.284775148061949e-05 3.629320447699112e-06 5.578694733458246e-06 -7.187025266270075e-06
9.216340640133521e-06 5.055710200418420e-06 1.731066136901721e-06 1.839399709387527e-07
1.153773031000802e-05 5.194827919685204e-06 -2.969438437434824e-06 2.639004808409056e-06
8.991388238901437e-06 8.401346756346349e-06 1.626369707667492e-06 5.881893148563547e-06
1.375174750228207e-05 5.191671648171662e-06 6.196012989387173e-06 1.057664520264145e-05
1.306683816263597e-05 6.794844740625658e-06 -3.857835082967251e-06 3.235635585140401e-06
1.138251471668699e-05 7.828619449171257e-06 -1.420005932308353e-06 -5.684381451498886e-06
9.984130457022178e-06 1.008005707828309e-05 -1.060469894102362e-06 8.789637296206238e-06
1.122811725309325e-05 1.164972080494545e-05 2.612341184999131e-06 -2.364093101020181e-06
1.499902362424017e-05 6.667566495752424e-06 3.760997339524891e-06 -1.036610068688691e-06
1.412981985725342e-05 8.664336319008069e-06 -5.759616393008638e-06 -4.146528116915354e-06
1.310363517226322e-05 1.103810051948218e-05 7.550344788406929e-07 -4.967647607878998e-06
1.266689727011433e-05 1.313911525284526e-05 5.650019743263309e-06 -2.800690113880434e-07
1.653996649687631e-05 8.016090086870327e-06 1.880234601141427e-05 4.325886569818732e-06
1.608193887219912e-05 1.103796077295038e-05 -6.670783290296657e-06 -2.881342805334632e-07
1.432305011034811e-05 1.446658988619906e-05 -5.104267440957190e-06 6.189235655120724e-06
1.619474069249203e-05 1.561731760220004e-05 -8.163548384368269e-07 6.669224578705822e-07
1.823305927088704e-05 1.660467001306665e-05 4.623610673740887e-06 -2.432203126621136e-06
1.839102488694565e-05 1.169640647665028e-05 -6.943956388485482e-06 -1.417670609906952e-06
1.836868317164179e-05 9.155196673207672e-06 -3.361645187449137e-06 4.417546403752822e-06
1.791972174566592e-05 1.428400481682215e-05 1.114556367397128e-06 -2.782966125950676e-06
2.043628131704617e-05 1.734642334005012e-05 9.989353588030424e-08 1.485908193290768e-06
2.277010289375645e-05 1.784481922148510e-05 -6.028545437691017e-06 1.146022209158662e-06
2.027125262773479e-05 1.226384245306863e-05 3.207234036731975e-06 -2.522533397251593e-06
2.045837780395141e-05 9.981205811360225e-06 3.550045992555217e-06 1.087543033519073e-06
2.517622461622717e-05 1.806079344815293e-05 1.484734780644257e-06 -4.013321971729588e-06
2.245673691609909e-05 1.445664623500249e-05 9.913793110013141e-07 8.994383428928150e-07
2.273986784915920e-05 1.044569916367582e-05 2.819805386797429e-06 -7.639112002787179e-07
2.569699758983039e-05 1.483030870487306e-05 -2.257524574912730e-07 2.943822678790390e-06
2.790993436141102e-05 1.815724133330422e-05 -4.407516178994230e-06 -5.363208145790102e-06
2.515292923496490e-05 1.057249283865410e-05 -4.215081765368880e-06 1.277298896052667e-06
3.176848129819539e-05 1.825525465925833e-05 1.860437498370722e-06 5.101583387578681e-06
2.868043078078134e-05 1.296302641462601e-05 1.530307177847029e-06 -1.951995420501259e-06
2.790746259775890e-05 1.047490926014430e-05 8.855023557724280e-07 -1.764015016280328e-06
3.726288668251413e-05 1.840878884269429e-05 -1.637174841978114e-06 2.163655863543799e-07
3.449787794929485e-05 1.399507788985331e-05 -1.093039762181060e-06 -8.038903616919096e-07
3.176476432217804e-05 1.034478859538249e-05 -1.992106927610909e-06 2.951845519015660e-06
4.477759393656924e-05 1.857534453631015e-05 1.163873074904653e-06 -5.015858799003791e-07
4.097327484723114e-05 1.431406175710129e-05 1.529423255032869e-06 3.991410378991963e-07
3.726170874583305e-05 1.020220816058212e-05 1.027799860247196e-06 -1.105628434423660e-06
5.289459731802426e-05 1.871662005345161e-05 2.557440820597684e-06 2.260252173304913e-06
4.879098213268734e-05 1.430777683746089e-05 7.194617504670045e-07 1.697558199458916e-07
4.477892749187536e-05 1.004204574057625e-05 -2.293739521034313e-07 -4.317593386725427e-07
6.124442298967666e-05 1.883184142356616e-05 5.248005854461401e-06 -1.183823305602522e-06
5.703502374380292e-05 1.430962168986548e-05 4.470803414739737e-06 -1.259439579867274e-07
5.289163889582554e-05 9.898520205885212e-06 3.132732940750456e-06 -9.533949333508104e-07
6.978895276478990e-05 1.893106011271277e-05 3.522205863613470e-06 1.845697181306770e-06
6.548524043074399e-05 1.431165512483049e-05 3.971703124268251e-06 -2.317457217089351e-07
6.124671646699737e-05 9.787957313068786e-06 4.725784898434787e-06 -5.541050688425603e-07
7.848300581406810e-05 1.899966053946968e-05 8.597054321227378e-06 8.175046248046783e-07
7.411511038309096e-05 1.431744015155702e-05 6.568045763389543e-06 -4.707669118356644e-07
6.978432708349859e-05 9.699145447088401e-06 4.695896529364620e-06 -2.026599667049767e-06
8.729734009655334e-05 1.905671190255393e-05 9.754943976188493e-06 8.109116776900073e-07
8.287190233340035e-05 1.431364607837468e-05 8.511101920074053e-06 2.686337181633292e-07
7.848574788050581e-05 9.631021924109580e-06 7.924454198867801e-06 -1.183122292949773e-06
9.618768960422886e-05 1.908910432829456e-05 1.092154183785336e-05 -4.955497835994703e-07
9.173315057574486e-05 1.431401126873252e-05 1.144533220893494e-05 3.872507729291983e-07
8.729585048493272e-05 9.570245292401266e-06 9.683023976922038e-06 -5.643701745096229e-07
1.051407949318045e-04 1.911682092381026e-05 9.726429035702852e-06 1.354516109803730e-06
1.006541906153491e-04 1.431670395813517e-05 9.186201966543834e-06 1.009070803647307e-06
9.618820625344533e-05 9.540823875845666e-06 1.033125553751178e-05 1.874825017406334e-06
1.141281520227500e-04 1.912687944808335e-05 1.274197242863304e-05 -2.039287020136015e-06
1.096327126289079e-04 1.431909530192298e-05 1.237040250400653e-05 -2.874758357619975e-07
1.051394490499450e-04 9.520838744662960e-06 1.095600959201418e-05 -4.865563943275736e-07
1.333938199400685e-04 1.860522939245201e-05 1.070792773670404e-05 1.518763693805449e-06
1.321182249470239e-04 1.913435157851262e-05 1.042586361728923e-05 1.632873064891059e-06
1.181524666352185e-04 1.431758759832419e-05 1.173083046447737e-05 5.331066544976658e-07
1.231181059189036e-04 1.914012694922326e-05 1.267089090285375e-05 1.044892152312081e-06
1.141281247814932e-04 9.507501107582040e-06 1.172968552303063e-05 2.518971588624458e-06
1.339221015232650e-04 1.732866283817683e-05 1.084433367696652e-05 1.210207617725018e-06
1.309036951567114e-04 1.432209159054351e-05 1.082027071067188e-05 5.208285940289549e-08
1.231169491122615e-04 9.498161856066699e-06 1.302789047771912e-05 -4.197065067132028e-07
1.339208648198904e-04 1.131662983516726e-05 1.210681417690466e-05 -1.810763703856212e-06
1.321167587330108e-04 9.510707724050568e-06 1.161213806311305e-05 -2.534246663882689e-06
1.333924738546317e-04 1.003994666139637e-05 1.200180722817137e-05 -2.343656163696531e-06
