-1.036009040816090e-04 1.486796144645323e-05 -3.847688374719012e-05 6.622994576999710e-06
-1.039956292735053e-04 1.391467986308055e-05 -3.888375268413458e-05 5.859900000511026e-06
-1.039956371318370e-04 9.420327760096551e-06 -3.890970147856097e-05 1.012751386561169e-06
-1.036008647930233e-04 8.466779346231565e-06 -3.849619842091475e-05 2.139880811431518e-07
-1.026478857649940e-04 1.526287409655748e-05 -3.752796856125003e-05 6.862295601360374e-06
-1.008601927279834e-04 1.166737534334824e-05 -3.604900244943497e-05 3.438044857955399e-06
-1.026476912626648e-04 8.071723482223139e-06 -3.752323105521224e-05 -4.194412191597624e-08
-9.593743303514720e-05 1.526052946404223e-05 -3.533483669383369e-05 4.191404830219417e-06
-9.593602014562667e-05 8.070839481218542e-06 -3.517000120651192e-05 2.612862046565437e-06
-9.223589101716161e-05 1.166388696347178e-05 -3.256404467524015e-05 3.484822102445026e-06
-8.923993606028838e-05 1.524590119075167e-05 -3.005427909823949e-05 4.512103466744871e-06
-8.923921753555518e-05 8.079754103002413e-06 -3.026186469051288e-05 2.785405844006312e-06
-8.589527765293061e-05 1.166136588246496e-05 -2.807268852225035e-05 3.751087462297046e-06
-8.254915280450581e-05 1.524287946679499e-05 -2.693227932837802e-05 4.477910689168616e-06
-8.255073195404708e-05 8.079921325118077e-06 -2.657193706820802e-05 2.591995226129186e-06
-7.920697270045162e-05 1.166146861095664e-05 -2.649574940546985e-05 3.434073993314643e-06
-7.587205439864444e-05 1.523170552369812e-05 -2.535754873635771e-05 4.276713602173940e-06
-7.587320215381095e-05 8.091091512090312e-06 -2.496197945304050e-05 2.141252813183864e-06
-7.254183922836423e-05 1.166062118232897e-05 -2.342561310195845e-05 2.989982772435256e-06
-6.921672171908186e-05 1.521474009267647e-05 -2.011302024039685e-05 5.578781678174380e-06
-6.921666796049145e-05 8.102154614600607e-06 -2.032741807368475e-05 7.572285213079052e-07
-6.589569106233711e-05 1.165571056881689e-05 -1.911702667469637e-05 3.849662704161335e-06
-6.259110412654732e-05 1.518525027600740e-05 -1.838782869968996e-05 6.818526925116774e-06
-6.258911914289457e-05 8.119023695378987e-06 -1.824937235303123e-05 1.189673214754331e-06
-5.929346974246943e-05 1.165069220473636e-05 -1.778456767430477e-05 3.985280080003523e-06
-5.601367222464090e-05 1.515342677937433e-05 -1.666986336193469e-05 6.360000968237629e-06
-5.601669362891806e-05 8.150085113999756e-06 -1.674544746280248e-05 1.310641399408433e-06
-5.275007386049490e-05 1.165319329446569e-05 -1.541608313341708e-05 3.428500042775452e-06
-4.952293258445999e-05 1.509858713215122e-05 -1.429124971993087e-05 4.536450702290047e-06
-4.951907504100708e-05 8.201311719723125e-06 -1.447930270861697e-05 2.182934715540719e-06
-4.630898040207821e-05 1.164656216261431e-05 -1.291125114045488e-05 3.020180562286852e-06
-4.312752534748474e-05 1.503857650087618e-05 -1.162041543354658e-05 4.605923666226327e-06
-4.312973173148215e-05 8.254276248588074e-06 -1.098452517760400e-05 2.055247198061195e-06
-3.996559299257091e-05 1.164644062657082e-05 -1.012894982518817e-05 3.695108913297762e-06
-3.685727263693031e-05 1.495215786077114e-05 -9.246880655551158e-06 5.646549736464376e-06
-3.685022932276997e-05 8.333938158078346e-06 -9.963886241656977e-06 3.360035521201835e-06
-3.389276298796738e-05 1.163997885543694e-05 -9.318907002078486e-06 3.909640981086741e-06
-3.097977134073167e-05 1.486507493406046e-05 -8.434664324903143e-06 4.659656872579872e-06
-3.098640492602478e-05 8.426788740128276e-06 -7.558547883084211e-06 1.908808067362931e-06
-2.881438653274409e-05 1.189030900028111e-05 -5.896094939903733e-06 2.554214187682657e-06
-2.665941790508326e-05 1.477416012398875e-05 -4.934590882725274e-06 3.012388585500278e-06
-2.665120084427655e-05 8.515927820941229e-06 -5.937048643246135e-06 3.208720216319579e-06
-2.359551949353064e-05 1.469683011580360e-05 -6.408222219944642e-06 3.461689257913082e-06
-2.417035085760566e-05 1.268979467113687e-05 -6.289650618090665e-06 4.091049271570908e-06
-2.359608804023785e-05 8.569549421467564e-06 -4.575439132358084e-06 3.511437039617462e-06
-2.141876657320937e-05 8.628702451381233e-06 -4.788211342921588e-06 4.657303191313570e-06
3.203656556179242e-06 3.374769614890314e-07 4.002483685479747e-05 -2.313116151005058e-05
3.259152127175219e-06 2.173697038746686e-07 1.470416975972956e-05 4.074052710043949e-05
3.234992669685273e-06 -4.387574743584668e-07 1.805249899165950e-05 4.543625536108618e-05
3.169271436942373e-06 -5.803123111976771e-07 1.620157841934228e-05 2.964691504372270e-05
-2.141070884001140e-05 1.464607878647977e-05 -4.954013543978780e-06 3.161013864928521e-06
-1.947240476219398e-05 1.448688436446655e-05 -2.244280029026223e-06 5.276074035944662e-06
-2.095794046672630e-05 1.088859454123584e-05 -4.256977725073735e-06 2.801554880991607e-06
-1.945568323602498e-05 8.523733099684658e-06 -4.158112333830638e-06 4.702036160742740e-06
3.067051079480430e-06 3.898768740031782e-07 9.409291004982786e-05 -4.596513294364916e-05
2.810208786472197e-06 -8.689324976903081e-08 -6.024400999513591e-05 -9.931986849018612e-06
3.022932962044217e-06 -6.373194551332998e-07 2.920503915146667e-05 -1.799269458520366e-06
-1.884442467308717e-05 1.264199442368395e-05 -2.808267330072010e-06 3.042791902050870e-06
-1.759368842579024e-05 1.409637530742007e-05 -2.299256345711844e-06 6.133691777850363e-06
-1.580779237596431e-05 1.351448814782871e-05 -3.294785716252675e-06 4.894202668868219e-06
-1.826203028084448e-05 1.013977823825063e-05 -3.261139034613872e-06 3.384560821330314e-06
-1.760671641051547e-05 8.111655212309826e-06 -3.327374262024316e-06 3.168949323006640e-06
2.000156471179061e-06 4.088917678315497e-07 6.552208759014609e-06 2.601989878099203e-05
2.021626565568973e-06 -6.201490752087210e-07 2.223425444270951e-05 5.392722026760612e-07
1.475743720690264e-06 -1.288362025037009e-07 -1.284363700085063e-05 -1.994484805916272e-05
-1.413739405750262e-05 1.272978179355151e-05 -2.302916330411631e-06 4.113197431955587e-06
-1.555900950495158e-05 1.163611882592203e-05 -2.242746840072224e-06 4.000487115010150e-06
-1.616967479096654e-05 9.317124312187364e-06 -1.453582940928176e-06 5.005469638117644e-06
-1.591663943019664e-05 7.419037268455841e-06 -1.837954152036017e-06 1.893025256544339e-06
8.911808506354799e-07 5.142391471520286e-07 4.645255139641432e-06 4.869078339515813e-06
8.831196641703756e-07 -7.338399924127690e-07 5.492586244490935e-06 1.453280794820432e-05
2.200841256552420e-07 -1.557631400141429e-07 -4.823949649677329e-06 -2.179015507302275e-05
-1.258702193661547e-05 1.178834250066892e-05 -1.933071273043397e-06 5.479573141911418e-06
-1.120401960058167e-05 1.070850487919523e-05 -3.085364697724864e-06 2.748617796783624e-06
-1.404282055794918e-05 8.964252892436324e-06 -1.254208631262751e-07 6.565219470673911e-06
-1.441941150069830e-05 6.469496843968180e-06 -2.273403782277499e-06 1.329027558392463e-06
-5.517987998584132e-07 7.114922976330697e-07 -3.639898515431326e-07 8.513648836309372e-06
-5.373873777071369e-07 -9.334766418731307e-07 7.332440939641878e-06 1.737151894217909e-05
-1.155485463469343e-05 9.076981255760536e-06 -2.742731251750648e-06 2.466599385143632e-06
-9.990368276902325e-06 9.490502289564792e-06 -2.484109035477870e-06 7.852520882686410e-07
-1.213669462398210e-05 7.272346736133582e-06 -4.601124958849147e-06 2.214305877966516e-06
-1.314688716991735e-05 5.319868898045687e-06 -1.337661086434638e-06 8.602189970960229e-07
-1.401259194253710e-06 -1.329838667406948e-07 -7.610405670241581e-06 -1.744171042887453e-05
-2.398502122046220e-06 1.041090636385715e-06 6.882322969807962e-06 1.166861799802163e-05
-2.403457531365525e-06 -1.238560307669406e-06 -2.722585839685472e-06 1.114053049975299e-05
-8.929200266648829e-06 8.180736004548536e-06 -2.095181317988169e-06 4.121634565361662e-06
-8.059150109973881e-06 6.806640917640607e-06 -1.835128322265367e-06 2.288422860865559e-06
-7.381536228287235e-06 5.358154585330183e-06 -4.228883939640776e-06 3.918441264195545e-07
-1.096263626401564e-05 5.669568693627464e-06 -5.953320114819575e-06 1.695583431575600e-06
-1.213737786277085e-05 4.038532159431943e-06 -1.592123490612432e-06 2.147485078992304e-06
-3.217869470978276e-06 -8.418781308187742e-08 3.164211251344627e-06 3.278360637642766e-06
-4.221333562496605e-06 1.328210702680816e-06 -6.353791729196333e-06 -7.767321565122422e-06
-4.214160196048730e-06 -1.555820347415684e-06 -1.155277576106006e-05 -8.126584102643934e-08
-8.835750893166718e-06 5.354406210242578e-06 1.210678002622128e-07 1.989059914457424e-06
-6.872251719912152e-06 3.876331237479998e-06 -3.656585968630272e-06 3.855796900261788e-07
-5.841654727120760e-06 1.604047406902125e-06 -1.799733664550434e-06 -7.170950188408984e-06
-6.322669254217119e-06 1.868627619295189e-06 -1.713118324184813e-06 -4.256785261775239e-06
-6.576134875068390e-06 2.393310611986998e-06 -1.740631680546382e-06 -9.882774629851987e-07
-1.014592437265997e-05 3.851308340582610e-06 -2.187871888302897e-06 3.285377410149387e-08
-1.138132621841151e-05 2.676920366873985e-06 -1.332893903257068e-06 -5.722403659085290e-06
-5.100623439597484e-06 1.336901847020671e-07 1.321570844105418e-07 8.190039978268708e-06
-5.862792774001256e-06 -1.763509082452885e-06 1.000130751079969e-05 -1.584154521211718e-05
-7.870490378938676e-06 2.842958299908452e-06 3.161722918682874e-06 2.782046570124376e-06
-6.351442711714012e-06 8.456718275734911e-07 -1.489444236402102e-06 4.275520952632211e-06
-6.920162831715455e-06 1.689119338960190e-06 6.115904205421633e-07 6.686831492164161e-07
-9.557168636020136e-06 2.241773767917325e-06 -3.713495636037152e-06 -1.235853225095647e-06
-1.090467124629155e-05 1.286831449564311e-06 -3.766492019483869e-06 -5.253838040456970e-07
-6.394747282331315e-06 -7.923491257581019e-07 -4.603563278002596e-06 3.084466098995822e-06
-6.343376738778240e-06 -2.002564599155882e-06 8.013156768128236e-06 -1.194494020920014e-05
-8.186966455424823e-06 4.819155350319532e-07 -2.116168550245979e-06 4.902743161209368e-06
-1.074812285961358e-05 -9.747100782702294e-08 -2.877626086308575e-06 -5.235167252121294e-06
-1.087230290920286e-05 -1.460944700662006e-06 -5.561378703519098e-06 -5.123287414124853e-06
-7.365558552636050e-06 -1.681914320643663e-06 -2.786524927732634e-06 3.584800106589941e-06
-6.625437991708821e-06 -2.522368192170634e-06 1.106069197355368e-05 -4.899516491836892e-06
-6.964651072632480e-06 -3.976534720417612e-06 3.399266067050325e-06 1.249805878832978e-06
-9.511910416638119e-06 -1.641318458680131e-06 1.181835536906043e-06 -1.677023895114525e-06
-7.456430583531552e-06 -5.384348353563888e-06 -2.723517608549662e-06 9.244909044128891e-08
-1.127499360353831e-05 -2.823099957995775e-06 -1.029042286664706e-05 -8.138946008057457e-07
-8.249048713460737e-06 -4.032923831446695e-06 -5.957467938042895e-06 1.978546303607401e-06
-1.016389559308454e-05 -4.138291990783359e-06 2.644146963863543e-06 -2.735307657842985e-06
-8.111915809704290e-06 -6.721722748760933e-06 2.095278712354983e-06 2.423765999023637e-08
-1.194572376760977e-05 -4.134773963961700e-06 -5.125776637365969e-06 6.042593575519588e-06
-1.138481611328073e-05 -5.441882680937989e-06 2.117769228936134e-06 -4.008264634773252e-07
-1.005556732314283e-05 -6.257481551582487e-06 -1.662413399479544e-06 2.204772469636678e-06
-8.952345938794595e-06 -8.004313118956575e-06 8.654146467359275e-07 -6.825700706734791e-06
-9.944729571124168e-06 -9.198620572929547e-06 -1.361453143476175e-06 -8.353690719687538e-07
-1.287893428996757e-05 -5.358841839052342e-06 -3.857564337355967e-06 1.798107667139335e-06
-1.220862383525349e-05 -6.905275461865625e-06 -9.081686657913360e-07 7.487656234387076e-07
-1.141412399676912e-05 -8.723997378555763e-06 -3.889974902670459e-06 1.481350750858159e-06
-1.107404224639589e-05 -1.029727260945501e-05 -2.530178872359774e-06 4.950091192072735e-07
-1.402715554286445e-05 -6.424061542211685e-06 -1.250008037718411e-06 9.401128621291421e-07
-1.367969089069012e-05 -8.715102435482250e-06 -1.599116543254328e-06 3.861702292743704e-07
-1.235347076768369e-05 -1.126349349597019e-05 -1.938111028756540e-07 -7.980179027012855e-07
-1.375543276280707e-05 -1.208794448381949e-05 -2.054251944551989e-06 -1.145898000571049e-06
-1.525670359826070e-05 -1.276846108128891e-05 -3.519545683925788e-06 -3.836628946559441e-08
-1.538059483497253e-05 -9.204870466301194e-06 -2.886288493113844e-06 2.365045230704931e-07
-1.537042711532065e-05 -7.305648755147090e-06 -2.405466192447463e-06 6.066852447815767e-07
-1.503966179531447e-05 -1.110558127481611e-05 -3.523238747321796e-06 -9.061547865337995e-07
-1.684501701537893e-05 -1.327135486484149e-05 -1.094561390588988e-06 -6.323745464229828e-07
-1.851187561889988e-05 -1.359736400165577e-05 -1.679933536587625e-06 -2.001595597221586e-06
-1.674699538985402e-05 -9.626359353720624e-06 -3.643043990372841e-06 -6.422950290001159e-07
-1.687902089917839e-05 -7.951737777558153e-06 -2.960117398417482e-06 1.652125830412086e-06
-2.022170116867076e-05 -1.372663386444568e-05 -3.453740189482103e-06 -1.458089736969605e-06
-1.830550102671050e-05 -1.119026487005038e-05 -2.176002774810153e-06 -2.986771327097805e-07
-1.850760211346512e-05 -8.334722893241270e-06 -5.171528913309571e-06 -8.257946027330635e-07
-2.059545066407333e-05 -1.144981374058351e-05 -3.093362151873649e-06 2.338992890723581e-07
-2.213512615136770e-05 -1.376540083430978e-05 -3.146281855341972e-06 -7.044560297938187e-07
-2.020793570544775e-05 -8.446148665975567e-06 -3.587536546800696e-06 -8.057244435573619e-07
-2.480220777111845e-05 -1.380659286973967e-05 -2.127931674890727e-06 -1.559459979901847e-06
-2.267785023099360e-05 -1.014840633726694e-05 -2.647738956962298e-06 4.139444397818296e-07
-2.212975435316341e-05 -8.406944126958153e-06 -3.101085275109577e-06 -3.878674153207146e-07
-2.855137620648774e-05 -1.386041915589637e-05 -3.434575620531831e-06 -4.764833807052857e-07
-2.667983933472519e-05 -1.086882241242121e-05 -2.786798493066785e-06 -1.663565236479861e-07
-2.480181127250694e-05 -8.354868283717685e-06 -2.607916357133079e-06 4.521100748582503e-07
-3.360927829106492e-05 -1.391600682904963e-05 -3.241214250036985e-06 8.592269502894825e-08
-3.106445020213385e-05 -1.107633005634631e-05 -3.011063434719471e-06 8.793620249537445e-08
-2.855541925707181e-05 -8.294854558875908e-06 -2.662018171235595e-06 1.350454478540142e-07
-3.897595326378278e-05 -1.396652632412100e-05 -2.235541086320157e-06 7.312002599437952e-07
-3.627754465687126e-05 -1.107346416593039e-05 -2.907190561078998e-06 -9.048117798399081e-07
-3.360901571944212e-05 -8.232642643611137e-06 -2.113494682874400e-06 -5.915630970850407e-07
-4.442267834776766e-05 -1.399931544321171e-05 -1.768389176063093e-06 3.014211253868554e-07
-4.168956910242670e-05 -1.106778711832365e-05 -2.405579787061826e-06 2.521053236179244e-07
-3.898065755624828e-05 -8.176160615514831e-06 -3.784819196031944e-06 -1.585204166355229e-06
-4.991530399731138e-05 -1.402840249231696e-05 7.970254186964837e-07 -7.486424444623128e-07
-4.715945814021352e-05 -1.107252708082668e-05 3.390971103316164e-07 -4.474979127797293e-07
-4.441693102725778e-05 -8.139597900176361e-06 -4.112300686472883e-07 -1.420017326072344e-06
-5.544502217550198e-05 -1.403390134740347e-05 -1.588442752671418e-07 8.802184260776332e-07
-5.268011026160200e-05 -1.106801874784091e-05 -1.036986593992925e-07 6.346783723850675e-09
-4.992035066552067e-05 -8.112654596885385e-06 8.904795957634004e-08 8.040904746414481e-07
-6.099306983249113e-05 -1.404587678402528e-05 1.529021975410626e-06 4.347716553144509e-07
-5.821211276745536e-05 -1.106713132960840e-05 5.411293395609478e-07 -1.124801080263968e-06
-5.544350417812122e-05 -8.101145465060510e-06 4.214323515769171e-07 -2.230711407977117e-06
-6.655961078556260e-05 -1.403530457697114e-05 1.911044197105739e-06 -1.277192436566351e-06
-6.377998528179337e-05 -1.106396453368105e-05 2.354423884487188e-06 -4.761556879658446e-07
-6.099441390319749e-05 -8.085064404362690e-06 1.173350381301821e-06 -2.217595614046508e-06
-7.212770828160304e-05 -1.404954119919757e-05 2.369635174409827e-06 6.330475083934125e-07
-6.933964670743582e-05 -1.106195721857856e-05 1.440513463027189e-06 -3.535508430438711e-07
-6.656099180196961e-05 -8.090030367281451e-06 1.946093153287725e-06 6.818646414799311e-07
-7.769927013657347e-05 -1.404992996244097e-05 2.507731584254571e-06 -6.725898514983468e-08
-7.491378308721400e-05 -1.106469182925915e-05 3.039470209791151e-06 -3.466180863242520e-07
-7.212560906836958e-05 -8.076950145689966e-06 2.354496617221623e-06 -1.491080587655138e-06
-8.962961279307903e-05 -1.372162845428481e-05 1.996666751647375e-06 -3.143103391996274e-06
-8.883757118350615e-05 -1.404922350881043e-05 2.655643788662116e-06 -3.226385650370239e-06
-8.019746845451254e-05 -1.106357251040087e-05 1.931753547452252e-06 -7.130807720243962e-08
-8.327420905054398e-05 -1.404302581533228e-05 2.141999372594382e-06 -3.084940853001439e-07
-7.770031273019766e-05 -8.078844893737761e-06 2.351897248669816e-06 -2.308327311377150e-07
-8.995770598883584e-05 -1.293012549487382e-05 1.711011293347420e-06 -2.713183522200816e-06
-8.808311344713941e-05 -1.106224974539480e-05 3.486149874588215e-06 -8.922555184943431e-07
-8.327442377773758e-05 -8.082375985777380e-06 2.455984378104970e-06 -3.960614260372849e-07
-8.995756309596224e-05 -9.194507346386059e-06 1.791780096595470e-06 8.244146446166545e-07
-8.883746948553216e-05 -8.075503808870615e-06 2.824670941204551e-06 1.455946270392714e-06
-8.962947542863490e-05 -8.403068961476058e-06 2.104594710873826e-06 1.330504213949797e-06
