-1.290957702664970e-04 1.739302329822644e-05 1.821726385212895e-05 -1.301838062464649e-06
-1.296194593706422e-04 1.612800790073723e-05 1.798131667307176e-05 -1.461929698287550e-06
-1.296205932795587e-04 1.016450880005475e-05 1.802955471207200e-05 -2.255767784321639e-06
-1.290970052737248e-04 8.899690300798081e-06 1.827360536309467e-05 -2.413763725127859e-06
-1.278313567247379e-04 1.791718659155006e-05 1.869380550388089e-05 -1.294956882321241e-06
-1.254595352095211e-04 1.314730052000750e-05 1.985069190450966e-05 -1.821620284373142e-06
-1.278327408984242e-04 8.375689187993952e-06 1.876065598376200e-05 -2.414653067917092e-06
-1.189197038236435e-04 1.792401880813591e-05 2.156220987013270e-05 -2.383850220529986e-06
-1.189210049300845e-04 8.376053927729377e-06 2.155743215523919e-05 -9.877177538618090e-07
-1.139908342346817e-04 1.315074374079029e-05 1.893875999561037e-05 -1.714705555703442e-06
-1.099968626458379e-04 1.791698622785179e-05 1.794126767750096e-05 -2.380716788517369e-07
-1.099945509129212e-04 8.380191024394915e-06 1.776858366669690e-05 -3.878937289431035e-06
-1.055428205395447e-04 1.314703990626478e-05 1.673606894761957e-05 -1.633267281267790e-06
-1.010998899261901e-04 1.790027772597985e-05 1.562268823653944e-05 -5.639094575457416e-07
-1.011009116839428e-04 8.394886593875990e-06 1.617552371678046e-05 -3.111291392455037e-06
-9.666476778337936e-05 1.315042061516763e-05 1.629029248371113e-05 -1.662143332563677e-06
-9.225419421681131e-05 1.786995245001087e-05 1.595461042334004e-05 -2.167419318046055e-06
-9.225284557244729e-05 8.435356798173768e-06 1.595909354339733e-05 -9.508859240309110e-07
-8.785342647522349e-05 1.315348562683580e-05 1.500358598619350e-05 -1.541918386683803e-06
-8.347589769580739e-05 1.783079795077717e-05 1.383546146503045e-05 -4.044283537520141e-06
-8.347596783161735e-05 8.477964580202438e-06 1.357203542380977e-05 5.351948276079821e-07
-7.911346076895264e-05 1.315263178968335e-05 1.308142809858476e-05 -1.221780779051439e-06
-7.480771694867063e-05 1.774344930404637e-05 1.270207634371420e-05 -1.270640944902778e-06
-7.480284962808293e-05 8.553216802128854e-06 1.412402951380638e-05 -2.188681777303522e-06
-7.052401217424932e-05 1.314695686392602e-05 1.245501370180173e-05 -1.669255482866440e-06
-6.629306547140836e-05 1.765747401306635e-05 1.069878263431228e-05 -9.497158953311085e-07
-6.629594397169320e-05 8.640681399282551e-06 9.781990527032172e-06 -2.049662644221064e-06
-6.209154227361246e-05 1.315107617991694e-05 9.150204803565724e-06 -1.642601950015591e-06
-5.795489860605285e-05 1.755355709553848e-05 8.948266817580052e-06 -2.718260713539508e-06
-5.795139873162966e-05 8.746114205818255e-06 9.737517921504139e-06 -2.090592472971983e-07
-5.385110242030148e-05 1.315004564524971e-05 9.273763319501444e-06 -1.963761286166339e-06
-4.983094172917646e-05 1.742752956492867e-05 8.877569334175694e-06 -3.774770749287831e-06
-4.983717071296336e-05 8.877895051515751e-06 7.134153602643674e-06 -7.277859248080400e-07
-4.586285890710417e-05 1.315382417111769e-05 7.729559724610714e-06 -1.140652739150560e-06
-4.198783193516664e-05 1.726711918377237e-05 6.313292185826094e-06 -2.475402710502523e-06
-4.198292134425406e-05 9.032291011733734e-06 7.158877371058930e-06 1.127343523777832e-07
-3.830854200002371e-05 1.314686183232519e-05 4.266802726546143e-06 -2.591608469967138e-06
-3.473852529530213e-05 1.708443301845381e-05 2.728540881686351e-06 -3.581887969207622e-06
-3.473455217564287e-05 9.212628734979816e-06 4.240659262288130e-06 1.462530379257953e-06
-3.208786481057051e-05 1.344595612869958e-05 3.251280101839046e-06 -2.828650409457285e-07
-2.948750081772421e-05 1.692917736694097e-05 4.857998662302306e-06 -2.655021795158722e-06
-2.948104818885725e-05 9.377953365231735e-06 2.023891027868033e-06 -1.936306600627624e-06
-2.582051900513675e-05 1.679064476981308e-05 4.909480367263174e-06 -3.104994663837050e-06
-2.649424859158756e-05 1.440281919048121e-05 4.117056301159765e-06 -2.833575069567100e-06
-2.580785126696315e-05 9.482919896151736e-06 7.379813873447205e-06 2.814990336545038e-06
-2.322341917585721e-05 9.595009506769192e-06 6.841414065001270e-06 -1.238105991387065e-06
3.345492157903764e-06 8.176606098868964e-07 -8.628496085974491e-06 1.828398625418154e-06
3.427221304910423e-06 7.736191915934893e-07 1.226178347423668e-05 -1.617711620472276e-05
3.483107249516230e-06 6.143384092900553e-08 1.092272310459899e-05 3.419123833223202e-05
3.395007837173810e-06 -7.786346706090976e-08 -1.214779301346223e-05 7.942676624336027e-06
-2.321179677909820e-05 1.669465428460389e-05 7.238358200845325e-06 -1.624072261415259e-06
-2.094376309691993e-05 1.647367046684130e-05 2.996108729244311e-06 -8.945939400035012e-07
-2.266493659068762e-05 1.226537967550189e-05 3.090931117425695e-06 1.269731195973655e-07
-2.091384401797711e-05 9.510389441257461e-06 5.707746197943873e-06 -5.370624003648822e-06
3.196357422981396e-06 8.119042226813416e-07 6.590517206098260e-06 -1.126202967586077e-05
2.854344102072901e-06 4.196495231898814e-07 -3.377925577630263e-06 -1.431372634881909e-06
3.194365164652180e-06 -1.174444729039787e-07 -2.164730302835359e-05 -2.130650490705390e-05
-2.019804984959133e-05 1.430891515161139e-05 6.515691954998868e-07 -6.597242788965122e-08
-1.875161335234110e-05 1.598378964855140e-05 1.668700823965594e-07 1.324620072729080e-06
-1.669204215180383e-05 1.529453421779078e-05 1.609248971263732e-06 -2.578578304935615e-08
-1.951956763345662e-05 1.140171526110388e-05 2.881961293839866e-06 -5.075763117647997e-06
-1.875594617044870e-05 9.074272075110998e-06 -3.015946005707399e-06 3.413834819202158e-06
2.105274401179356e-06 9.640345217037816e-07 1.185323837653080e-06 8.899996478500684e-06
2.127377928131756e-06 -1.589996667958770e-07 1.970289319870713e-06 9.793097238556312e-06
1.528958387049833e-06 3.925821998757794e-07 1.784606295722419e-06 -2.391490753415616e-05
-1.479244537730590e-05 1.436848736487835e-05 1.080231842829890e-06 -1.435139243289410e-06
-1.639836606794520e-05 1.312853664146183e-05 2.050260040784839e-06 -2.904149923524460e-06
-1.709647158968025e-05 1.046474619056739e-05 2.003608926350099e-06 2.574096062149337e-06
-1.679824042626472e-05 8.324638704773524e-06 4.840107119036594e-06 -2.821905036209110e-06
9.402150072432285e-07 1.056718148050180e-06 -8.051372379908162e-06 1.326522833705435e-05
9.250972506059537e-07 -2.126283218181953e-07 2.620763901834527e-06 1.504288608693731e-05
2.322480479329784e-07 4.034743008111067e-07 3.868526692151318e-06 -3.423869995725448e-05
-1.303926346054961e-05 1.326438289106121e-05 -4.256367340927693e-07 -6.339050280442057e-07
-1.150342853584084e-05 1.202709478109953e-05 -9.891607956583148e-07 1.656431528436861e-07
-1.467024724858279e-05 1.006173384929965e-05 2.426073525865873e-06 -3.720883276715096e-06
-1.508333368647784e-05 7.270645158343683e-06 -5.455645745788100e-06 -3.410774995349235e-07
-5.447578377636431e-07 1.295381980230238e-06 2.467374223233449e-07 1.731261095640103e-05
-5.415693741141253e-07 -4.392138416019987e-07 -5.616969261633904e-06 2.506321787461340e-05
-1.189697273712183e-05 1.018174242193902e-05 7.178007633705136e-07 -5.041775458214215e-07
-1.017400465702108e-05 1.064405348219284e-05 7.946488314061318e-07 7.677063656186763e-08
-1.253824183287644e-05 8.168508058483983e-06 2.512492793233578e-06 1.121962877367796e-06
-1.365944678463729e-05 6.028971754373894e-06 8.920793770158628e-07 2.251040825594465e-06
-1.422415007447619e-06 3.991859289230508e-07 3.276534549429145e-06 -2.256159890057456e-05
-2.443577299396644e-06 1.588399607762346e-06 2.608181691250041e-06 3.399147455730376e-06
-2.446892399050287e-06 -7.381623963889346e-07 -7.465582379048213e-06 4.394398582545682e-06
-9.019643874412119e-06 9.171388736917699e-06 1.775834651571002e-06 -3.763242895098617e-07
-8.104755182938470e-06 7.660505832114221e-06 -2.820011604476158e-07 -1.555224638336048e-06
-7.415014593439634e-06 6.087854593425257e-06 2.556268153252769e-06 -7.854005575266410e-07
-1.123863058281181e-05 6.414081014287073e-06 4.031463216606804e-06 -6.590410937756507e-07
-1.251992734819209e-05 4.658167057361996e-06 7.228275973545439e-06 7.802816240498659e-06
-3.263354480194864e-06 4.307110917131757e-07 1.053690059182657e-06 6.954486204664127e-06
-4.276021601601984e-06 1.863531911594878e-06 -6.220827104909375e-06 -7.426236084286915e-06
-4.283955694645794e-06 -1.064506356564161e-06 -1.919814429141848e-06 2.654642146624873e-08
-8.951749152676400e-06 6.072785301416163e-06 -1.361657392895749e-06 -3.262111957360415e-06
-6.902382701716260e-06 4.520680276178578e-06 5.122086505026937e-06 6.114583241536303e-06
-5.938652824882038e-06 2.124874706806492e-06 -9.409844594821808e-07 -8.903136414101372e-06
-6.383545100579789e-06 2.376871424251458e-06 -1.891751266122299e-06 -2.463246458649908e-06
-6.608535834464206e-06 2.915187397534606e-06 -2.082018260910482e-06 3.029526918594936e-06
-1.034779657888564e-05 4.459302867295390e-06 3.666784678349800e-06 -1.392695764558820e-06
-1.166149932315431e-05 3.215652730556501e-06 9.243415403660488e-06 1.817463890104341e-06
-5.181288300464728e-06 6.225224660001937e-07 2.951465918638099e-06 2.295354486532693e-06
-5.961670375619446e-06 -1.303416644685010e-06 6.067401255069996e-07 -1.328599517255631e-05
-7.984409874537709e-06 3.396681666948312e-06 -1.506898243896807e-06 1.041992669943361e-06
-6.440652082476154e-06 1.355596262747962e-06 1.834336155777344e-06 -1.028058448886807e-06
-6.981818724873330e-06 2.188180167022641e-06 -2.389938051041640e-06 1.562017941094696e-06
-9.733141746592525e-06 2.769120874790305e-06 1.604259581838989e-06 1.013016289618944e-06
-1.111427815565198e-05 1.781278870149585e-06 2.305446976072422e-07 1.897041146327103e-06
-6.509873011086671e-06 -3.187801746811999e-07 -2.120732509221541e-06 -2.469069773895108e-06
-6.466579693359407e-06 -1.544451147603614e-06 -8.195801228775920e-07 -5.952440085881192e-06
-8.313982235526396e-06 9.608477750353509e-07 7.796994833196577e-07 3.401042701388925e-06
-1.091475039915263e-05 3.760838727432671e-07 -1.752591712957079e-06 -6.400041145491472e-06
-1.099520824230374e-05 -9.941329600998760e-07 8.814739785996086e-06 2.543874525897922e-06
-7.507434781653159e-06 -1.218558915727593e-06 -1.041129119035580e-06 6.644589381611154e-06
-6.762283256802098e-06 -2.057260439385809e-06 -1.506218749056191e-06 -8.991125748694795e-07
-7.130839034945959e-06 -3.473879685578084e-06 -5.212191591492761e-06 -1.352375969051457e-06
-9.642536192151387e-06 -1.183410063464154e-06 3.047111470347102e-06 5.111682460247346e-06
-7.663983574615247e-06 -4.811580129838979e-06 -1.744267758280591e-06 6.684924112084643e-06
-1.135324160148349e-05 -2.362635670605025e-06 1.172533796580619e-05 -2.634124785744696e-06
-8.406989066945557e-06 -3.536179472239375e-06 2.039388547406801e-06 -1.951284570690815e-06
-1.027113195254898e-05 -3.636978295703780e-06 -2.362154835182845e-06 2.124299894586701e-06
-8.348241093560352e-06 -6.070061904043082e-06 7.293581792370263e-06 1.163083528681155e-05
-1.195013549093893e-05 -3.647602388561191e-06 5.520005449451935e-06 1.170595816022730e-05
-1.141194293691583e-05 -4.882044615450847e-06 -4.530461169375292e-06 4.629288962005615e-06
-1.016965160953751e-05 -5.638469030172657e-06 1.065606744305177e-06 -7.171271381361864e-06
-9.151528403479188e-06 -7.216015987646298e-06 -1.362384863704411e-06 9.725151238478161e-06
-1.008271770248668e-05 -8.304425780439503e-06 7.912223940125618e-07 5.076640368384547e-06
-1.275633118632279e-05 -4.823413930858518e-06 6.329909399558577e-08 3.507221282956973e-06
-1.215341617359336e-05 -6.238238213163910e-06 -5.767529395166807e-06 -3.471268707926766e-06
-1.143390360865984e-05 -7.876212350739464e-06 3.756824206171028e-07 6.005465383797087e-07
-1.112694641341427e-05 -9.243585319613239e-06 3.842145801182484e-06 2.232200587015251e-06
-1.375198114219709e-05 -5.822379759025786e-06 1.837771015392380e-05 6.005100414345049e-06
-1.345002892257299e-05 -7.853325362892736e-06 -1.446428605222550e-06 4.491423266859473e-06
-1.227778615944223e-05 -1.005069714844429e-05 -8.941766793366414e-07 3.080119179521065e-06
-1.350324410981886e-05 -1.074644079579272e-05 4.155590860067450e-06 2.155444584925680e-06
-1.479690542189893e-05 -1.129237073568267e-05 7.324557047562794e-06 -5.759642684949265e-07
-1.491602526059436e-05 -8.280091453844286e-06 -2.448554887007215e-06 2.166678036052427e-06
-1.491376083852857e-05 -6.629771556182087e-06 2.901054644718105e-06 6.744384932439362e-06
-1.462225607620708e-05 -9.900635078108000e-06 4.771491137013330e-06 8.265445681730491e-07
-1.615551365694702e-05 -1.167701011234512e-05 3.546475402487328e-08 1.814890460942201e-06
-1.753323077437736e-05 -1.190733383674631e-05 -4.698543030106104e-06 5.406661085942056e-06
-1.607128687263550e-05 -8.647590745213874e-06 3.547679830385007e-06 6.524358274250526e-07
-1.617548963775807e-05 -7.225029636393826e-06 3.596614557832570e-06 1.333143594829542e-06
-1.891553371078887e-05 -1.198803896286565e-05 4.813197600923887e-06 4.202466769992187e-06
-1.738089915937797e-05 -9.950036616012680e-06 -2.352903893115199e-07 1.596423082027909e-06
-1.753103225569547e-05 -7.600013865472921e-06 3.529324264433005e-06 7.957094044764202e-07
-1.923262887231503e-05 -1.015580705556079e-05 5.825273109262712e-06 4.174252185066692e-06
-2.044793193737844e-05 -1.197433140327735e-05 1.230890429860416e-06 -2.026992873175817e-06
-1.892722413476307e-05 -7.731740982257436e-06 3.286518004875294e-07 2.613906370032649e-06
-2.253056847981041e-05 -1.195311578389604e-05 3.317096113707030e-06 4.686114724701157e-06
-2.089130192211055e-05 -9.125104757327052e-06 2.203605783907557e-06 -2.572787788104763e-07
-2.044628956041313e-05 -7.744308872768751e-06 1.522442638956470e-06 2.753260844116363e-07
-2.535499678587566e-05 -1.194443456065474e-05 5.178768532730548e-06 2.099211192793166e-06
-2.396143174571681e-05 -9.701319609170786e-06 3.777747107865166e-06 2.016278114745049e-06
-2.252308792328089e-05 -7.760827016727331e-06 7.851409286229017e-07 2.522796605884246e-06
-2.906338922118837e-05 -1.191038823169953e-05 3.724842604056601e-06 2.259469316310332e-06
-2.721944575429935e-05 -9.855722309198640e-06 5.702485429082878e-06 2.574012186710648e-06
-2.536106076232839e-05 -7.776547904412061e-06 4.524328148185273e-06 1.248888759255884e-06
-3.285623286353012e-05 -1.188068434822730e-05 5.467967036155273e-06 1.535132602701572e-06
-3.096671980589466e-05 -9.862492192887885e-06 3.348481421851514e-06 9.872893733745971e-07
-2.905682906189703e-05 -7.807917287244080e-06 3.540934876984399e-06 1.308547638324973e-06
-3.661801257097824e-05 -1.186915877508639e-05 5.273582393414241e-06 1.628611290718871e-06
-3.474282633070291e-05 -9.858952739171494e-06 5.686577947981416e-06 1.961394987730414e-06
-3.285891127373033e-05 -7.838591818401745e-06 4.885474259841155e-06 3.536577733317005e-07
-4.035002252982429e-05 -1.186656433093207e-05 7.833779822926539e-06 2.235224003557397e-06
-3.848537780852256e-05 -9.864232881727227e-06 6.683102784024808e-06 1.394938087043332e-06
-3.661509735195593e-05 -7.852694955217102e-06 6.382423689552592e-06 2.456134617580176e-06
-4.408418185112873e-05 -1.186061193025125e-05 6.361232697044166e-06 1.485410376336496e-06
-4.221771452219473e-05 -9.863459614813875e-06 6.902903985066307e-06 2.624167673516563e-06
-4.035247467348857e-05 -7.861493572761807e-06 6.201097799994671e-06 1.825818352225684e-06
-4.781089675030856e-05 -1.186479531353187e-05 8.360634598683457e-06 3.342985826172550e-06
-4.594740134647200e-05 -9.865845120106647e-06 7.185939200378912e-06 1.156723186502993e-06
-4.408153423140671e-05 -7.868478264426526e-06 7.290489488178497e-06 2.770424438225077e-06
-5.155448666234055e-05 -1.188350855998605e-05 6.015082525837651e-06 2.849136471570521e-06
-4.967661943386941e-05 -9.865703908805425e-06 7.725009138336173e-06 1.466501012417322e-06
-4.781140919686046e-05 -7.867163594946903e-06 8.310456357456410e-06 -1.182749543810881e-06
-5.532290003488000e-05 -1.189436328499455e-05 8.721355005275975e-06 1.585847654494634e-06
-5.343585039882099e-05 -9.869445634719615e-06 6.483687644437171e-06 2.212726044440247e-06
-5.155303465289634e-05 -7.850296178782327e-06 5.867416559412724e-06 9.373622325995199e-07
-5.910273436011954e-05 -1.188650893463689e-05 9.998110413715156e-06 1.222026992740119e-06
-5.721336267954046e-05 -9.866618475590828e-06 1.042989322192699e-05 1.279547026065718e-06
-5.532473017394986e-05 -7.844198021342355e-06 8.794181397664030e-06 2.280005074912562e-06
-6.725127773470776e-05 -1.167784890695988e-05 1.015926128528249e-05 2.473661255755682e-06
-6.671128003446490e-05 -1.190153477155712e-05 1.024853262844729e-05 2.763367703270836e-06
-6.080019728246894e-05 -9.862008963265897e-06 8.318776251121972e-06 1.640606891385395e-06
-6.290269675646814e-05 -1.189781939151859e-05 8.541396560166646e-06 5.771389763935618e-06
-5.910333134419079e-05 -7.839734243193290e-06 9.917438338806968e-06 1.402813134238647e-06
-6.747494871317232e-05 -1.113783885954414e-05 1.006194928185697e-05 2.086713068035515e-06
-6.619619040268695e-05 -9.864533678198961e-06 1.063746012536366e-05 2.148830299306084e-06
-6.290190943300229e-05 -7.827623943781776e-06 8.449830886979157e-06 -1.250653515308860e-06
-6.747474967657757e-05 -8.591559634523025e-06 9.272650966022886e-06 2.510192536317549e-06
-6.671090272974891e-05 -7.827565704227306e-06 9.599172696776371e-06 2.147675074375772e-06
-6.725102482530117e-05 -8.051365419448533e-06 9.374923380752010e-06 2.346557724253220e-06
