7.590463320415691e-05 -1.310454391723604e-05 -7.279346378579952e-06 2.821252544497441e-07
7.616936854776424e-05 -1.246653319111045e-05 -7.393782578535752e-06 1.864687331117520e-07
7.616870895272577e-05 -9.457578599911655e-06 -7.431398671463858e-06 -3.307528209413565e-07
7.590387070625184e-05 -8.819158795786661e-06 -7.325422932220190e-06 -3.827671581805193e-07
7.526576251331821e-05 -1.336864061615169e-05 -7.043208651059872e-06 2.949321671130622e-07
7.406502036263294e-05 -1.096115926910201e-05 -6.507990882932595e-06 -2.432676959413727e-09
7.526475483792210e-05 -8.554799627243844e-06 -7.113136685041905e-06 -3.688351495435865e-07
7.076423269535040e-05 -1.335756250538200e-05 -5.510263564030812e-06 1.516835293756155e-07
7.076227578688264e-05 -8.557268853011129e-06 -5.719501745829806e-06 4.864859907738169e-07
6.829647974085839e-05 -1.095503096091495e-05 -5.772741820090531e-06 4.884352083413183e-07
6.630433439105646e-05 -1.333726124438252e-05 -5.388946091219362e-06 2.047556225998442e-06
6.630444660360732e-05 -8.571707213447741e-06 -5.076462342885604e-06 -1.492351560851224e-06
6.408426828857013e-05 -1.095481295160785e-05 -5.128789554441910e-06 6.684817464938837e-08
6.187231489964681e-05 -1.332078714618859e-05 -5.548942350793549e-06 1.872299748919570e-06
6.187134466103760e-05 -8.588991961660490e-06 -5.138047416469096e-06 -2.258338133766196e-06
5.966244374859289e-05 -1.095522055106401e-05 -4.700858390678109e-06 -6.645577064680326e-08
5.746404701732188e-05 -1.330293666771513e-05 -4.614158595742458e-06 6.399456451852397e-07
5.746297060237524e-05 -8.606622820104518e-06 -4.413185545254949e-06 -4.852969936762043e-07
5.527256490661771e-05 -1.095374490165086e-05 -3.725813292539791e-06 1.304864983084696e-07
5.309851325067007e-05 -1.327980408475930e-05 -5.584244598953048e-06 -1.554795551001784e-06
5.309508044883128e-05 -8.623659453585206e-06 -4.831561528013612e-06 1.441040633541455e-06
5.093058275959466e-05 -1.095074647254033e-05 -5.630337874405475e-06 8.576646989317175e-08
4.877712804031056e-05 -1.325905986312137e-05 -3.902729081636756e-06 2.477255392906634e-06
4.877853539915456e-05 -8.645756822133015e-06 -4.408322318582596e-06 -1.043670353333466e-06
4.662939766565689e-05 -1.095405377441328e-05 -2.454315854519716e-06 1.011314514356075e-06
4.448948936794636e-05 -1.324906881281215e-05 -3.638650372524908e-06 -7.346300421263557e-07
4.449011914488776e-05 -8.661924212249955e-06 -2.565768006128383e-06 1.408686270901799e-06
4.235655861941729e-05 -1.095618665693638e-05 -3.755405401677317e-06 -3.272725594480475e-07
4.023197611567280e-05 -1.323948153837867e-05 -2.613935495877800e-06 -2.671422617749721e-07
4.023112174843900e-05 -8.672772542050792e-06 -3.984289750558304e-06 2.419423966892025e-08
3.810958451578519e-05 -1.095442979084120e-05 -2.838848539964523e-06 5.358741764780061e-08
3.599371381032446e-05 -1.322691362328755e-05 -4.149021326183575e-06 -1.175966310266717e-06
3.599259242183104e-05 -8.681365568395300e-06 -2.224986206207405e-06 7.273403571668896e-07
3.387510707872469e-05 -1.095364844602078e-05 -3.253304364770943e-06 -5.719622802996765e-07
3.174977213942259e-05 -1.322974486978822e-05 -7.000754580893144e-07 1.850297881658556e-06
3.175415605407065e-05 -8.681719115005304e-06 -3.320335888620907e-06 4.230962606824870e-07
2.970952191309667e-05 -1.095819276091646e-05 -1.153603832097299e-06 1.780276125184512e-06
2.766077080765518e-05 -1.324302933537952e-05 -3.141359629689889e-06 2.595780199430655e-07
2.765880888851156e-05 -8.671938853404249e-06 -4.915122476108542e-07 -5.016434089850240e-07
2.612072142351583e-05 -1.113804063874057e-05 -3.050885534224259e-06 -1.296597845806540e-06
2.453757459826855e-05 -1.326442901942815e-05 -2.039418404678532e-06 6.618515327800273e-07
2.453891579560327e-05 -8.658206501499303e-06 -3.743938248700679e-06 -3.042082062937189e-07
2.225270332283938e-05 -1.327774520799673e-05 -9.167073546864474e-07 1.149335436926393e-06
2.270282075418272e-05 -1.175247617342992e-05 -7.634717652602801e-07 8.284223429368780e-07
2.225086109352357e-05 -8.648653798252391e-06 -3.210810412794274e-08 -1.316198768401878e-06
2.058558193156764e-05 -8.640638617245671e-06 1.526763692866215e-07 -1.512164616584645e-06
-3.591835082598451e-06 -2.564446914233281e-07 -1.717216524127903e-05 1.635506863836480e-05
-3.686044635105769e-06 -1.144686748061206e-07 -2.835205978384169e-06 -5.948544203050222e-05
-3.665420074957516e-06 5.330264986295566e-07 -6.028868224442433e-05 -1.519706899448501e-05
-3.565056160567834e-06 7.301475403075961e-07 -6.631436952538881e-05 -5.948646594805423e-06
2.058825536240421e-05 -1.328362305355665e-05 -2.997501877773419e-06 1.429299519445045e-06
1.907013047688510e-05 -1.320228863046490e-05 -3.023142772179524e-06 -2.949453173587597e-07
2.025233972571170e-05 -1.038070096000381e-05 -3.125604793983701e-07 -9.920418857914801e-07
1.907715662468272e-05 -8.500969992309751e-06 -1.782428026633508e-06 -6.358755990092538e-08
-3.402379004540238e-06 -3.019000817241933e-07 -3.009554338938325e-05 4.718766299383763e-05
-3.135487760824761e-06 1.756382113279403e-07 5.504492214468108e-05 7.270358440861309e-06
-3.335691924319095e-06 7.972313855448105e-07 -4.615254126346729e-05 -1.150931436386526e-05
1.859164779393520e-05 -1.176604855003424e-05 -1.758280119466476e-06 -8.469294981187633e-07
1.756700177372203e-05 -1.295034623698337e-05 1.659577058582525e-07 -8.383601053814319e-07
1.610059232315166e-05 -1.252524665911948e-05 7.460827132414659e-07 1.697858888978473e-06
1.813708809261530e-05 -9.773544929812209e-06 -2.751034108462154e-06 7.230809049182842e-07
1.760469723438238e-05 -8.098553140434938e-06 -2.688645281205777e-06 1.525304216018617e-06
-2.250343251469979e-06 -3.761191189205940e-07 -1.297674243883853e-05 -1.956339854873248e-05
-2.258835084889429e-06 7.841444084436581e-07 -1.495442549417022e-05 2.010204613065394e-06
-1.661113133649172e-06 2.251877003410917e-07 7.127954662634696e-06 2.342562207936103e-05
1.469145253900562e-05 -1.193668665598919e-05 -1.177301832635527e-06 3.425985256602244e-06
1.591121114524361e-05 -1.100984076889962e-05 -8.302181515460066e-07 3.080992754759944e-06
1.642205759936752e-05 -9.085370574028056e-06 -2.795693611901821e-06 6.759762019762137e-07
1.622130964755000e-05 -7.447651026970504e-06 -2.390720990290463e-06 1.584271024697002e-06
-9.820073809937001e-07 -4.891566052296608e-07 -5.495107439703163e-06 -4.127792969789480e-06
-9.903519275291697e-07 8.907531546611051e-07 -7.036276993396086e-07 -1.519462433291520e-05
-2.514742657606546e-07 2.251208340784109e-07 7.604212443402722e-06 2.093564034966230e-05
1.335850976621819e-05 -1.119356122109022e-05 -2.197838705224814e-06 2.455153128533922e-06
1.211175628953130e-05 -1.029587353187882e-05 -1.387966476985188e-06 2.325328055724359e-06
1.462965043215759e-05 -8.780114634883646e-06 -2.312739019463315e-06 -4.167335413257141e-07
1.497045919672413e-05 -6.561921791538460e-06 -3.240324219068483e-07 -8.838720115878319e-07
6.039226589011752e-07 -7.408170145865764e-07 -3.142409416576209e-06 -1.327959237902825e-05
6.067298563358770e-07 1.114034723038103e-06 -3.321738589119696e-06 -1.566939704525791e-05
1.242484946610268e-05 -8.884039336348654e-06 -1.047811086471854e-06 7.420046247619630e-07
1.096530226330286e-05 -9.259242727411616e-06 -1.538745380019096e-06 1.302827503578821e-06
1.295428116288492e-05 -7.262600038178179e-06 1.693725242743915e-06 -1.400332996158376e-06
1.388150393669045e-05 -5.466774301231759e-06 -1.832019199565206e-06 -2.855396508586167e-06
1.553898660457454e-06 2.302759749663824e-07 6.443630741531405e-06 1.536100622260583e-05
2.655910970124996e-06 -1.074763629155206e-06 -7.576136319869346e-06 -7.200536843633426e-06
2.658646629129615e-06 1.451030828127770e-06 -1.204021186796318e-06 -9.100632859041513e-06
9.942601588340115e-06 -8.094703169953960e-06 -1.471365740468824e-06 -3.271342026978234e-06
9.068137137076472e-06 -6.831567489533627e-06 -6.285012247854328e-07 -6.549405330175219e-07
8.340238045046570e-06 -5.472204933793214e-06 1.705196480597876e-06 1.651024896923771e-06
1.185676558042970e-05 -5.778818712563675e-06 4.684189331447669e-07 -7.245463001918778e-07
1.299289184510984e-05 -4.203172689961214e-06 -5.174004594298279e-06 -3.022635491878523e-06
3.560619279829689e-06 1.837966759596345e-07 -3.933697261927052e-06 -1.284728808312749e-06
4.666617448185356e-06 -1.367243577645995e-06 6.938578266641200e-06 6.140063888003511e-06
4.667701005586488e-06 1.817610457647359e-06 5.044217226406194e-06 -5.853193740595451e-06
9.800237427413301e-06 -5.481478613041718e-06 -1.701462261723023e-06 3.007614912162997e-07
7.772361821617422e-06 -4.021038854364614e-06 7.431315114701845e-07 -4.511723525128987e-07
6.496266307755068e-06 -1.657646953050758e-06 -1.218941912723710e-06 1.192080568360408e-05
7.051073569146938e-06 -1.942317341253142e-06 -3.976222381461856e-06 1.178100714642887e-05
7.366993833123352e-06 -2.499736055821097e-06 -5.575365122520503e-06 7.916797769256986e-06
1.108808117534464e-05 -4.014536637173985e-06 -1.894853886727229e-06 -8.213543607401726e-07
1.234117869227206e-05 -2.818647500493383e-06 -3.431031610278933e-06 2.477745234317307e-06
5.648962444575194e-06 -3.306819169574865e-08 -1.792745185243696e-06 -6.276214442608059e-06
6.449756083285034e-06 2.056993411778670e-06 -9.217788405033013e-06 1.726490663608968e-05
8.774991220562015e-06 -2.989237356807519e-06 -1.852444850096953e-06 -9.050227863475939e-07
7.056083681014923e-06 -8.292792619816425e-07 -5.854813341957973e-07 9.524159010014783e-07
7.713831895969719e-06 -1.752113784346342e-06 -5.943989483358887e-06 7.484929914451805e-06
1.051207572154296e-05 -2.374360810413496e-06 1.714116915780457e-06 -2.048024677970993e-06
1.195748290852435e-05 -1.352685993152877e-06 1.420878265321794e-06 3.861144031703672e-08
7.050375067338561e-06 9.739166545527980e-07 6.275723517262099e-06 3.572321845465298e-07
6.946126600973762e-06 2.326171932781145e-06 -6.108367663627806e-06 1.446180739159104e-05
9.064584753732811e-06 -4.853263457977947e-07 -5.758749763426266e-08 -2.038760046190826e-06
1.185933110218362e-05 1.548787187590193e-07 -2.401014615311643e-06 8.226120816823819e-06
1.211814456987385e-05 1.693778668195988e-06 -1.336221919417835e-06 4.326751200064540e-06
8.095579039391039e-06 1.946095166574967e-06 4.275191361247227e-06 -1.589850178012961e-06
7.226380654418207e-06 2.932465958574057e-06 -9.820005093733953e-06 7.555006283356923e-06
7.552290906487899e-06 4.663531849779304e-06 -4.593997311439046e-06 -1.274233608054984e-06
1.054359797108271e-05 1.864684131561888e-06 -4.558837441670339e-06 -1.038887740148856e-08
8.071735532826941e-06 6.401180435946149e-06 1.081454974640258e-06 -1.945416278785586e-06
1.270008831808155e-05 3.264706217986760e-06 4.846111951557204e-06 -3.598317287235280e-07
9.061804174854656e-06 4.707843806533251e-06 3.092298354050538e-06 -3.073235732436158e-06
1.137378511076790e-05 4.840463260246168e-06 -4.308618997615604e-06 5.618324560959094e-07
8.828992570427639e-06 8.081771271114454e-06 -8.699556454029960e-07 -1.853875331866390e-06
1.361154429572970e-05 4.837206107889471e-06 3.154826424197540e-06 -5.185178610307007e-06
1.292603134066159e-05 6.451121078700742e-06 -3.361960393769339e-06 -6.175212261760876e-07
1.123357640238797e-05 7.481813201578102e-06 -2.407145936037024e-06 -2.640208369014764e-06
9.822347385829312e-06 9.757822176620403e-06 -3.297566207748652e-06 6.406128017982774e-07
1.107024982014803e-05 1.136467096599638e-05 -1.767850363917439e-06 -2.290840208384240e-06
1.488063021516560e-05 6.328944858203509e-06 8.239170271203100e-07 -2.317304990484223e-06
1.400968549484473e-05 8.327772754649910e-06 -1.992387613555677e-06 -7.952177642556639e-07
1.296727525682491e-05 1.073908388000758e-05 1.855888844341910e-07 -3.268560456675416e-06
1.251729598332544e-05 1.288307553446470e-05 -2.568996898909235e-07 -1.757019355790255e-06
1.645807914099229e-05 7.670669015848355e-06 -4.893540181720737e-07 6.205386730605306e-07
1.599562910332247e-05 1.073995609671506e-05 5.471502862576325e-07 -3.854246569029074e-07
1.420479167383661e-05 1.423718220127692e-05 -3.235540550286639e-07 2.621847115885423e-07
1.611631021931262e-05 1.542946412443476e-05 -1.236412265560991e-06 -4.451181667972641e-07
1.819812921684665e-05 1.645056720198929e-05 -1.140234843305827e-06 -1.044532710191364e-06
1.835206571855815e-05 1.141253479334485e-05 -8.093925573000741e-07 -1.580330354821610e-06
1.832935774290813e-05 8.811158867799411e-06 -4.808703776951933e-08 1.666558884294484e-06
1.787387632510208e-05 1.407149894935195e-05 -1.245971113575031e-06 -9.212273677349822e-07
2.045693194761639e-05 1.721359250707392e-05 -8.567685084897030e-07 -1.254679854729640e-06
2.285206422940838e-05 1.773209784085546e-05 -4.690308034725814e-07 -1.031492776936891e-06
2.028518006562872e-05 1.199808026981614e-05 -2.196973734370349e-06 -2.288975170337512e-06
2.047322274248220e-05 9.643989134734249e-06 -2.932069133968234e-06 -1.793377760285786e-06
2.532091473807579e-05 1.796667072271611e-05 -2.568103411753752e-07 -1.316591530525952e-06
2.252733173610478e-05 1.424500931794298e-05 -1.037154459981607e-06 -1.056040604825604e-06
2.282116922561664e-05 1.012945625714561e-05 -1.582875057641675e-06 -2.341340236803140e-06
2.585561763557311e-05 1.463672853225766e-05 -1.137544060805618e-06 -1.170879845190799e-06
2.813328525633029e-05 1.807856172549695e-05 -1.235294038522698e-06 -1.832637790387559e-06
2.528767754772366e-05 1.025654387464444e-05 -1.436578183633920e-06 -1.527518410032332e-06
3.210917091191967e-05 1.819049772694808e-05 -1.663952947095956e-06 -2.052579186497657e-06
2.892621701196418e-05 1.271488551959765e-05 -1.727807835286016e-06 -1.481905157897199e-06
2.813007586871898e-05 1.014767431586974e-05 -1.664236720363579e-06 -1.383481927069348e-06
3.780449178218998e-05 1.836065282165171e-05 -1.881602845311491e-06 -1.810059689598189e-06
3.493909257664732e-05 1.378144882368871e-05 -2.081711601218817e-06 -9.524795463892741e-07
3.211661698102567e-05 1.000334140923409e-05 -2.552934861367339e-06 -1.472906565484424e-06
4.563102406307609e-05 1.854986753948036e-05 -2.136575491411612e-06 -2.506873588401998e-06
4.166432117765332e-05 1.410942197462163e-05 -7.998801880981426e-07 -1.491774285604482e-06
3.780381920920984e-05 9.843399739148985e-06 -4.341344084577812e-07 -9.907593016255046e-07
5.409573965995173e-05 1.870565547006097e-05 -2.837230496873273e-06 -4.358293037517623e-07
4.981473158701464e-05 1.410979157417893e-05 -3.860049414145852e-06 1.132518878137359e-07
4.563036331327911e-05 9.668743057204259e-06 -2.998109788392903e-06 1.657785433896994e-06
6.280617126687496e-05 1.882407038856946e-05 -2.965075672719343e-06 -3.650680811425836e-06
5.841592863717395e-05 1.410973956511142e-05 -1.344424793877412e-06 -2.206992762685321e-06
5.409533350660071e-05 9.513035702389121e-06 -1.739776248884736e-06 -2.547978324992511e-06
7.172262891789988e-05 1.892956792853248e-05 -5.239655713691882e-06 -1.080871645318331e-06
6.723177716961975e-05 1.410716965746054e-05 -5.291393975660181e-06 -5.471202800075536e-07
6.280947967657560e-05 9.393781091108913e-06 -4.012319948731331e-06 4.637435560358220e-07
8.080005556270468e-05 1.901093371911184e-05 -3.860094442016153e-06 -1.467417693924837e-06
7.623596278944621e-05 1.411345462764616e-05 -3.912611932685696e-06 -1.604172603858514e-06
7.171799585466309e-05 9.290649714130723e-06 -4.125135992711042e-06 -4.395492132802613e-07
9.000996908647122e-05 1.906796345751712e-05 -6.212621401150048e-06 -1.846548284719313e-06
8.538708283244240e-05 1.411569160616175e-05 -5.410207060659998e-06 -8.576558205624168e-07
8.080076700768297e-05 9.218462853481583e-06 -4.836611021167270e-06 -1.382173713076167e-06
9.930097652762500e-05 1.910670066846039e-05 -6.317124675788520e-06 -3.313807212795994e-06
9.464445946404073e-05 1.411792173159681e-05 -5.681085570895108e-06 -1.109595883575877e-06
9.000849167772456e-05 9.166395272629296e-06 -5.717468634738665e-06 1.177235725812589e-07
1.086564189514823e-04 1.913680783664129e-05 -6.820337406941575e-06 4.239513317318533e-08
1.039680233854859e-04 1.411673467751076e-05 -7.458778123557812e-06 -1.242609503240047e-06
9.930224807554702e-05 9.127802533132349e-06 -6.308484809830035e-06 8.349228133457663e-07
1.180710049420090e-04 1.916110378914966e-05 -7.978609418842886e-06 -2.111178635869423e-06
1.133562710698973e-04 1.411776661165908e-05 -6.666473505405637e-06 -7.321493797923663e-07
1.086549696645232e-04 9.098183691241729e-06 -7.252319401278816e-06 -1.882171989563669e-06
1.382362805667976e-04 1.859068951492457e-05 -9.676810111960535e-06 -1.072252154639106e-06
1.369013731992911e-04 1.914449392762936e-05 -9.627859430292679e-06 -1.096363652748629e-06
1.222939003754966e-04 1.411278362385469e-05 -8.285085443995998e-06 -1.734865175316613e-06
1.274918596707201e-04 1.915809558011633e-05 -7.957561238284413e-06 -1.995625545779448e-06
1.180735736572056e-04 9.069876629143617e-06 -7.299254527662544e-06 -2.777127465361131e-07
1.387891291202026e-04 1.725464447584932e-05 -9.705444593204267e-06 -1.048192413168830e-06
1.356323789408106e-04 1.410903061825920e-05 -9.647399390123522e-06 -1.340864379554568e-06
1.274927524582462e-04 9.062669006832966e-06 -8.221926503048945e-06 -1.598481785208152e-06
1.387886210211056e-04 1.096385846058864e-05 -9.827295284881456e-06 -1.462928826886532e-06
1.369011187860995e-04 9.074438218176473e-06 -9.836883624498858e-06 -1.523229100533756e-06
1.382358229371961e-04 9.628111754517060e-06 -9.826948437538869e-06 -1.507491926284945e-06
