7.337557770664392e-05 -1.276739055546236e-05 -8.468121349210449e-06 2.868392700070968e-06
7.361677447273392e-05 -1.218439943985213e-05 -8.571130619046468e-06 2.541252202507771e-06
7.361723598600200e-05 -9.436053199127863e-06 -8.464205697624362e-06 1.007616522495857e-06
7.337609600774587e-05 -8.853263740059870e-06 -8.342587930694007e-06 5.973811066006081e-07
7.279311253325784e-05 -1.300896135581450e-05 -8.202943033251845e-06 3.015628602106675e-06
7.170215330858225e-05 -1.081081324181998e-05 -7.584412338274189e-06 1.612057722031094e-06
7.279375277618151e-05 -8.611831501780964e-06 -8.029928303712353e-06 3.976798864175602e-07
6.869559423216606e-05 -1.301359824922975e-05 -5.873940518249043e-06 2.286447284406591e-06
6.869653643459991e-05 -8.612243888460454e-06 -5.476488553961598e-06 -4.559843783471870e-07
6.642248863103262e-05 -1.081407226719487e-05 -5.134778972558621e-06 5.094269675530983e-07
6.457586936186334e-05 -1.301862272813054e-05 -5.618896667522044e-06 -6.154285907661704e-07
6.457570084944574e-05 -8.609787132166038e-06 -5.932521738329767e-06 1.931306182424854e-06
6.251505096668941e-05 -1.081351247849999e-05 -5.893303430189673e-06 9.058478038980759e-07
6.045258789216602e-05 -1.302404115141487e-05 -5.272560475181256e-06 -5.040488301899907e-07
6.045344529145230e-05 -8.602076801591089e-06 -5.557118028421100e-06 2.849088748277345e-06
5.839013352044217e-05 -1.081204912113507e-05 -5.487928361003212e-06 1.101121790339890e-06
5.631872926852569e-05 -1.303626094147408e-05 -4.897246086030471e-06 8.395861282097497e-07
5.631916293922476e-05 -8.586598256124531e-06 -4.989364945002328e-06 1.042911661297199e-06
5.424065627051444e-05 -1.081131330000522e-05 -5.177556098406985e-06 8.057620292786272e-07
5.214871943204749e-05 -1.305232261950438e-05 -3.083519305783084e-06 2.947352503755201e-06
5.215170800514673e-05 -8.572207562647420e-06 -3.432177184637973e-06 -1.370209508196803e-06
5.005415851789779e-05 -1.081221812887675e-05 -2.527621592097068e-06 5.648212785659527e-07
4.795361497620941e-05 -1.306100589483911e-05 -3.511990394683604e-06 -6.565500873331354e-07
4.795180248897682e-05 -8.558921607555960e-06 -3.188471415878060e-06 9.549969807565550e-07
4.584906804225892e-05 -1.080839080267767e-05 -4.113702424333973e-06 2.897524489392474e-08
4.373605132156568e-05 -1.307090240515388e-05 -1.950298962414274e-06 3.042029055850266e-06
4.373721171389868e-05 -8.546229135242146e-06 -2.978155198790502e-06 -1.522852592088614e-06
4.161811862782507e-05 -1.080971157033775e-05 -1.125400260326589e-06 1.375649856533327e-06
3.949426378738587e-05 -1.307901061628165e-05 -1.847748111395565e-06 2.393439963547820e-06
3.949493475057218e-05 -8.542351852668084e-06 -3.705739926005836e-07 -2.213204664973856e-07
3.737028352724745e-05 -1.081297605322220e-05 -1.185134071109175e-06 6.494807130889014e-07
3.524221413215904e-05 -1.308947674488867e-05 -4.297411453523317e-08 1.990711129171858e-06
3.524449055827403e-05 -8.538263521279996e-06 -1.752082169915643e-06 -3.119149642386597e-07
3.311885788340972e-05 -1.081482359298813e-05 -7.481513111542339e-07 1.085820355300671e-06
3.100033302260829e-05 -1.308966375040034e-05 -2.787547690689045e-06 -1.430559671447476e-06
3.099481009281933e-05 -8.534997069740961e-06 -7.594772785732941e-07 7.257882399565996e-07
2.896340624848707e-05 -1.081051906720964e-05 -2.276796529413922e-06 -7.505687941379072e-07
2.692424842782257e-05 -1.309273271660640e-05 -4.417555678368245e-07 -1.472127509013238e-07
2.692945686399631e-05 -8.534578569218520e-06 -2.652726714563235e-06 2.025601947721979e-06
2.539894254785673e-05 -1.099300341502491e-05 -3.796109590031925e-07 2.031994123189986e-06
2.384374489956927e-05 -1.308526392948654e-05 -1.042842981428332e-06 3.263122929132653e-07
2.384231175249041e-05 -8.538771024272982e-06 5.214421998474840e-07 1.620167421973700e-06
2.160215009603919e-05 -1.308272685096818e-05 -1.881048379038791e-06 1.577423187351284e-07
2.204166040198759e-05 -1.158553550725924e-05 -2.020095335727137e-06 5.512165406340497e-07
2.160527810219401e-05 -8.541286117126941e-06 -2.460842885385243e-06 2.391632224349660e-06
1.997239757282390e-05 -8.540556851849101e-06 -2.806348338829387e-06 2.575977028841293e-06
-3.491002491477107e-06 -4.698481063601391e-07 1.877518734176734e-05 -2.145504314547958e-05
-3.537644308783927e-06 -2.847083723512118e-07 7.168618169452633e-06 5.727862436456034e-05
-3.572850112507040e-06 3.247575503823932e-07 6.126554220788776e-05 1.185177057198823e-05
-3.531964303028272e-06 4.687199194223227e-07 6.384374735724844e-05 -2.839071234702463e-07
1.996990014594038e-05 -1.308372834941158e-05 1.052453738318071e-07 -1.957078187549264e-07
1.848547625893951e-05 -1.300004926504031e-05 -2.008366655391200e-08 1.502297110736560e-06
1.964330654570113e-05 -1.024689216265053e-05 -2.371919983041025e-06 1.917285793971415e-06
1.848733078612799e-05 -8.409315352060129e-06 -1.507775779154073e-06 1.157531411686521e-06
-3.346299953318689e-06 -5.580771923134392e-07 2.931070637281602e-05 -5.497800946190188e-05
-3.011225937013806e-06 5.724307376241985e-08 -5.119389358645892e-05 -5.772643299264758e-06
-3.420766658450769e-06 5.422571823011150e-07 3.688809396829991e-05 5.792376498393941e-06
1.801537481370606e-05 -1.160083612338107e-05 -1.392909067456316e-06 1.731295210627783e-06
1.702294938705126e-05 -1.274728655050580e-05 -3.014682061642327e-06 2.182869108229641e-06
1.559511164500694e-05 -1.233023973951056e-05 -3.662538599684662e-06 -3.258781660459678e-07
1.756739052532463e-05 -9.655849887714590e-06 -7.231251503981058e-07 1.659752721231073e-07
1.705182848654157e-05 -8.023885743136113e-06 -6.766955878248223e-07 -5.812971167677795e-07
-2.223173387699166e-06 -5.310982209420951e-07 1.251046326189341e-05 1.788401153071624e-05
-2.210557139493436e-06 6.025587776577474e-07 1.577399661629231e-05 -3.231791628928265e-06
-1.620832579229171e-06 2.194360708330117e-08 -5.742461986715516e-06 -2.693581808207424e-05
1.422067912506121e-05 -1.175412935142997e-05 -1.990781174386495e-06 -2.000928057989040e-06
1.540826259625182e-05 -1.085605108639742e-05 -2.222360170444052e-06 -1.887545381024882e-06
1.590314983927690e-05 -8.985497274903363e-06 -4.396807561463485e-07 2.836644712115628e-07
1.570553084916313e-05 -7.393071949681359e-06 -1.046219154344633e-06 -6.615777453401260e-07
-1.008979093129900e-06 -6.293966388883764e-07 3.955299982184926e-06 3.262336967265638e-06
-1.001308640260604e-06 7.112867142306337e-07 1.645004589918877e-07 1.436404569437939e-05
-2.692832135750827e-07 1.696804506475553e-08 -7.275233971577937e-06 -2.462077190945247e-05
1.291915791993627e-05 -1.102353624622735e-05 -1.363985638064919e-06 -6.049575393220007e-07
1.171232495401133e-05 -1.015710198280438e-05 -1.898072480520088e-06 -9.012985040016217e-07
1.415800571087167e-05 -8.684668771634918e-06 -1.106530000757940e-06 1.664635981850806e-06
1.448847994594307e-05 -6.540788445610410e-06 -3.231185021173085e-06 1.279694092382568e-06
5.577403937943300e-07 -8.424374608723097e-07 3.212891639417065e-06 1.451425135730747e-05
5.548048988102464e-07 9.394602669747640e-07 3.083458595338137e-06 1.561124728791657e-05
1.201965644370065e-05 -8.792997255665120e-06 -2.088915028293085e-06 1.072481654525263e-07
1.061518096350912e-05 -9.161538503274300e-06 -6.745613800376560e-07 -6.597447416284438e-07
1.254165260276496e-05 -7.224337383993569e-06 -4.451334830515007e-06 1.707063506499184e-06
1.344336263677830e-05 -5.486727723801880e-06 -9.909661936220201e-07 2.554212218995384e-06
1.457994075735241e-06 9.542022900793247e-09 -7.762069337691562e-06 -1.967720651992992e-05
2.549441101673891e-06 -1.165336579928337e-06 7.424525337962587e-06 8.762534816267578e-06
2.547149901796129e-06 1.271163605882475e-06 7.870131516954544e-07 9.300720535029034e-06
9.638410759960366e-06 -8.049481576014025e-06 3.409890437321759e-07 2.679700611879026e-06
8.776707717465918e-06 -6.811368890390478e-06 -1.137785606241213e-06 6.162003866071953e-07
8.053967566521579e-06 -5.480956514909996e-06 -4.257890902152320e-06 -1.259232551884130e-06
1.148733458623053e-05 -5.788320463822111e-06 -2.488305159693040e-06 5.704947466134363e-07
1.259603430393959e-05 -4.253167478373067e-06 3.259174212393436e-06 2.892609588760178e-06
3.411623230621870e-06 5.269194225879476e-08 2.698810825449508e-06 2.449146987897478e-06
4.472666235096111e-06 -1.519145237016887e-06 -9.184857926045046e-06 -8.583359805845892e-06
4.472546519604012e-06 1.592841065417109e-06 -7.337149350256241e-06 3.831637212059549e-06
9.490588652835681e-06 -5.489429930632820e-06 -1.033519792512242e-08 1.391591525348995e-07
7.487949204388160e-06 -4.075748716167421e-06 -4.020614543946037e-06 3.124493430494649e-07
6.257412478935452e-06 -1.783631026007390e-06 -1.005574428433386e-06 -1.302912969007342e-05
6.785567824508393e-06 -2.043165864124695e-06 9.154554072703004e-07 -1.171040749509889e-05
7.082670098472609e-06 -2.578275534335126e-06 1.789192164769376e-06 -7.252956915805987e-06
1.073379398499920e-05 -4.067138664519409e-06 -5.427481798590345e-07 8.410690754058961e-07
1.197280953291119e-05 -2.887324634720318e-06 2.015015547783914e-06 -1.636912487748833e-06
5.439378484564427e-06 -1.810168584780571e-07 1.462099926334840e-07 6.146806153552363e-06
6.222132030481264e-06 1.849825593379069e-06 7.717709033107208e-06 -1.795665324869444e-05
8.481815383153514e-06 -3.065098733721406e-06 -4.328926154095378e-07 1.055378405071150e-06
6.807833833070652e-06 -9.621564941412324e-07 -1.375128540615043e-06 -1.243573217287908e-06
7.431534387061771e-06 -1.851139156763153e-06 2.805682021646553e-06 -6.993209771980123e-06
1.017625211411869e-05 -2.471952532827156e-06 -3.991294173426745e-06 1.808975948088059e-06
1.160324915895002e-05 -1.447999253758736e-06 -2.791976862947107e-06 1.313849962466352e-06
6.807526846820581e-06 8.010673480959365e-07 -7.836189684294504e-06 -5.156043793506066e-07
6.696384578894142e-06 2.125174641305646e-06 4.051544600662952e-06 -1.445288797253602e-05
8.762922823557882e-06 -6.398589378274789e-07 -2.300526898153166e-06 1.035707307272400e-06
1.149331237401966e-05 2.308742213936221e-08 -9.620368616052834e-09 -6.979142322976045e-06
1.173290240743587e-05 1.504009679330434e-06 -2.166326743355950e-06 -4.558159556524167e-06
7.832046977132803e-06 1.753293542571015e-06 -5.599987603030651e-06 1.575823411417809e-06
6.960268310978248e-06 2.721433015739306e-06 7.214898341627436e-06 -7.429566937519978e-06
7.264979380654415e-06 4.381773559668712e-06 1.234315078715699e-06 -8.436203891582730e-07
1.021195328793320e-05 1.662144550759115e-06 2.301921022344119e-06 -6.935468659275683e-07
7.778243930936838e-06 6.072218565826767e-06 -4.083628367374313e-06 -1.043511199431818e-06
1.230435454239708e-05 3.028722977412107e-06 -8.481943209567955e-06 -6.936831673513589e-07
8.758139800788555e-06 4.411010284539813e-06 -5.564545159036897e-06 1.163175704351617e-07
1.102168647597664e-05 4.544985366295311e-06 1.679042026997954e-06 -3.330948226870960e-06
8.543333024178693e-06 7.724667695477835e-06 -7.369605142275611e-07 -9.603758641084340e-07
1.320677578260881e-05 4.555131404605717e-06 -6.426396279035782e-06 3.190503598042582e-06
1.253819133825727e-05 6.123326316998965e-06 2.847744274912188e-07 -2.297230056939820e-06
1.087527837856378e-05 7.136798711484890e-06 -8.199304645069226e-07 -1.277492995848165e-07
9.498530778177181e-06 9.360842616484364e-06 5.460191851945970e-07 -4.011581410130540e-06
1.072827056978905e-05 1.093901389125834e-05 -6.837320671456526e-07 -1.056955754907407e-06
1.445097760902224e-05 6.003087607104644e-06 -4.266951973749485e-06 -6.330848875079007e-07
1.359920664385033e-05 7.968312784245555e-06 -1.287231781462901e-06 -1.946808709944262e-06
1.258807923583133e-05 1.032886997651286e-05 -2.763092752379642e-06 1.472969951659526e-07
1.215455455146028e-05 1.242511985144196e-05 -1.834513109677843e-06 -1.862921382856082e-06
1.599762925654540e-05 7.327403637886748e-06 -3.103788031158432e-06 -3.135882558660122e-06
1.554867022213561e-05 1.033379664102234e-05 -3.866134936263790e-06 -2.516627938314900e-06
1.380480221651668e-05 1.375049310055486e-05 -2.160466533043090e-06 -4.115550605724024e-06
1.567734264262962e-05 1.492462798882849e-05 -1.487424450417218e-06 -3.159733275736475e-06
1.771081235323342e-05 1.591844343176706e-05 -2.178836440717893e-06 -3.021461819231943e-06
1.786027099636430e-05 1.100108745380595e-05 -2.600583473327720e-06 -9.042531354058184e-07
1.783313091856703e-05 8.455027168956878e-06 -3.641291669328207e-06 -3.714675534125670e-06
1.739566952460434e-05 1.359820067094772e-05 -1.894071408894816e-06 -2.303577662909197e-06
1.991579328548630e-05 1.665864469144939e-05 -3.172996399022015e-06 -3.286872910670515e-06
2.225639006918356e-05 1.716675226383565e-05 -4.103481360811954e-06 -3.479731467363819e-06
1.975008808365557e-05 1.157568339441212e-05 -1.662544366678437e-06 -2.134918198626965e-07
1.993451324564826e-05 9.279597864737351e-06 -9.168198841824213e-07 1.345042241807396e-07
2.467583133586559e-05 1.739906556668900e-05 -4.433875402660559e-06 -2.997543898989573e-06
2.193730496274351e-05 1.376449360345659e-05 -3.600802721578857e-06 -2.390940762676259e-06
2.222854021068996e-05 9.748869735142361e-06 -2.847588088093598e-06 1.801405692495072e-07
2.520284665249600e-05 1.414504706505389e-05 -3.400883666571656e-06 -2.485932832973273e-06
2.744074519181670e-05 1.750930345360899e-05 -2.976847858535553e-06 -2.368306474885613e-06
2.464653655524110e-05 9.866714429446038e-06 -3.068004964675491e-06 -1.111224432028702e-06
3.132658619950183e-05 1.762159005944903e-05 -3.199993555275114e-06 -1.903706870826482e-06
2.821025917052602e-05 1.226891775861748e-05 -2.982001157313026e-06 -1.704217833210172e-06
2.743021274211631e-05 9.759370841495242e-06 -3.001065764825673e-06 -1.370344164215777e-06
3.688351461527925e-05 1.779406525143047e-05 -4.307658788564481e-06 -1.640714682690491e-06
3.408341189644133e-05 1.331637711877116e-05 -3.748215781560212e-06 -2.103629218263263e-06
3.132368393709550e-05 9.621001787116787e-06 -2.932612418681800e-06 -1.201910969110090e-06
4.453304290554574e-05 1.796984017852611e-05 -4.777069278579819e-06 -1.318552252543370e-06
4.065955178253032e-05 1.363322287316274e-05 -5.586944150615484e-06 -1.825044082227848e-06
3.688554484760261e-05 9.461096337227541e-06 -5.594083595197383e-06 -2.016423072057935e-06
5.277965188565085e-05 1.811472162568298e-05 -6.119399492796106e-06 -3.589148020423084e-06
4.861274717684938e-05 1.363598248602724e-05 -3.907011493129205e-06 -3.268753829537819e-06
4.453226466973873e-05 9.296851075542207e-06 -3.928449832971038e-06 -4.424925913286409e-06
6.126836334727128e-05 1.823246461834093e-05 -7.390825397459499e-06 8.880929074840932e-08
5.698681348304191e-05 1.363657995169872e-05 -8.601556555778716e-06 -8.878398009233363e-07
5.278061894382589e-05 9.158196934852175e-06 -7.141575896926606e-06 3.948991613346319e-07
6.994060004660012e-05 1.832279564461523e-05 -6.927990914938465e-06 -2.898306642340967e-06
6.557619752167307e-05 1.364334403111693e-05 -5.867404402168927e-06 -1.973332237693779e-06
6.126319786344004e-05 9.046027681481200e-06 -6.859494163529471e-06 -2.657032138958127e-06
7.876768927199470e-05 1.839128082678359e-05 -9.561511405528735e-06 -2.827765709057781e-06
7.433364114661255e-05 1.364032554334609e-05 -8.735898645876254e-06 -1.488315997202716e-06
6.994462498250266e-05 8.961595651650358e-06 -7.515717177988395e-06 -1.123091612190352e-06
8.769067683165846e-05 1.844355338537995e-05 -9.784727060007318e-06 -2.310757598160866e-06
8.321383474082261e-05 1.364198945796644e-05 -9.284053041539166e-06 -2.291129547928196e-06
7.876521208748956e-05 8.890750685410671e-06 -8.769630153851035e-06 -5.955134498061484e-07
9.670065196096382e-05 1.848336206039707e-05 -1.110463975632426e-05 -4.347061636615865e-07
9.218263473751314e-05 1.364136430564382e-05 -1.126487334402922e-05 -2.231749909561210e-06
8.769183060830694e-05 8.839540853060647e-06 -1.011430285645642e-05 -2.511945421898353e-06
1.057722446672653e-04 1.851003621935530e-05 -1.165584752099336e-05 -3.789887107243416e-06
1.012288645398806e-04 1.364207368845499e-05 -1.036579002004018e-05 -1.997378702649929e-06
9.669959438526608e-05 8.800469470727171e-06 -1.124958767781062e-05 -3.636189611984534e-06
1.148635705892602e-04 1.851017798040667e-05 -1.365588384696018e-05 -2.958415402795396e-06
1.103177665290550e-04 1.363896265279957e-05 -1.298430671319454e-05 -2.760850188012180e-06
1.057740506582202e-04 8.771012128768646e-06 -1.102602498936910e-05 -1.134190617404311e-06
1.343901098515155e-04 1.799109072705770e-05 -1.479982180833705e-05 -1.705240191531955e-06
1.330937242409371e-04 1.852731491569180e-05 -1.490220080870755e-05 -1.758778824391102e-06
1.189420992202252e-04 1.363884431780159e-05 -1.467829985932744e-05 -1.455680412281908e-06
1.239762533684589e-04 1.851549709129886e-05 -1.570933374130620e-05 -2.442486709304171e-06
1.148632926958471e-04 8.767142792123018e-06 -1.451090802593979e-05 -1.392459043726511e-06
1.349271573926165e-04 1.669566826177503e-05 -1.473945027847482e-05 -1.653309728362815e-06
1.318578918209163e-04 1.363912499200425e-05 -1.515598061535935e-05 -1.591841868672767e-06
1.239760731217791e-04 8.762901529989733e-06 -1.551379479271698e-05 1.723105292445207e-09
1.349275407497840e-04 1.058222612049941e-05 -1.456405467939915e-05 -1.748445751514105e-06
1.330940551780192e-04 8.750465531224586e-06 -1.465929931016115e-05 -1.569008808325905e-06
1.343904932119316e-04 9.286716507208024e-06 -1.459951946755698e-05 -1.652287672853257e-06
