-1.303819697219593e-04 1.792501246645246e-05 1.667024182703158e-05 -1.208868678242833e-06
-1.308965329981686e-04 1.668200739103920e-05 1.636966442220991e-05 -1.471784778192420e-06
-1.308967638976890e-04 1.082386675984402e-05 1.553214236504569e-05 -3.703992097139988e-06
-1.303822291428314e-04 9.580801118619808e-06 1.577702898052033e-05 -4.061100370771541e-06
-1.291395837368283e-04 1.844006706532676e-05 1.726873580703424e-05 -1.185932855819339e-06
-1.268087846375413e-04 1.375284257463888e-05 1.758765474405017e-05 -2.232126000490330e-06
-1.291398606516759e-04 9.065700763550520e-06 1.636518050067541e-05 -4.119270782809588e-06
-1.203814695357174e-04 1.844375223499357e-05 1.611025028166691e-05 -3.707811972376198e-06
-1.203815804734227e-04 9.059800066804963e-06 1.616634541939473e-05 -8.886463508955989e-07
-1.155416919362093e-04 1.375051003316643e-05 1.481850564261442e-05 -2.612320347395255e-06
-1.116206134702415e-04 1.843484276790110e-05 1.343100865961449e-05 -5.250967309373845e-06
-1.116186334821075e-04 9.062870463677613e-06 1.427932414486149e-05 -3.641847545291131e-07
-1.072409079829510e-04 1.374908019786673e-05 1.374342321553971e-05 -3.295172300875585e-06
-1.028556646021228e-04 1.844631290889666e-05 1.465592536248147e-05 -5.224474512619493e-06
-1.028576710787261e-04 9.056874804213242e-06 1.213991097278685e-05 7.106735233857455e-07
-9.847681413485633e-05 1.375256967385121e-05 1.287703428232930e-05 -1.659046633378320e-06
-9.410048141218739e-05 1.844148592874329e-05 1.311838176047841e-05 -2.350514941655671e-06
-9.410205684445448e-05 9.065729608135639e-06 1.380589607934140e-05 -1.604886105826543e-06
-8.972079096674097e-05 1.375287719613415e-05 1.431798590748841e-05 -2.135217412315981e-06
-8.534255685059832e-05 1.842920442454631e-05 1.281986952845429e-05 -2.734709869224980e-06
-8.533729475436253e-05 9.070358566666054e-06 1.192998899415793e-05 -1.884753137104543e-06
-8.096898457919555e-05 1.374526029311925e-05 1.030092903129309e-05 -2.442194248919212e-06
-7.662619811862052e-05 1.838379710168026e-05 8.592186630282485e-06 -2.304054415908127e-06
-7.662558375476029e-05 9.105978623218332e-06 8.800786105239060e-06 -3.005224087424715e-06
-7.229706921256849e-05 1.374639020570491e-05 7.952414968229706e-06 -2.436578420897708e-06
-6.799447599189389e-05 1.834257853425011e-05 9.122849096100146e-06 -1.754364841083965e-06
-6.799744858594326e-05 9.157406550171927e-06 7.519674494408200e-06 -1.879922067297431e-06
-6.371325675226472e-05 1.375140540771021e-05 8.710282268234348e-06 -1.328768312590019e-06
-5.948465824145523e-05 1.825965690436703e-05 6.452304451841247e-06 -5.709953033403205e-06
-5.948552897234732e-05 9.245297411882069e-06 7.271985206615427e-06 4.690743393080127e-07
-5.528817476066350e-05 1.375166561816412e-05 6.730933278783200e-06 -2.331556240526028e-06
-5.116086508686022e-05 1.813832483303449e-05 7.286344486525355e-06 -3.349846148010237e-06
-5.116125698720042e-05 9.361337060733120e-06 8.469011819057065e-06 -1.042689756476922e-06
-4.707403796833483e-05 1.374960398565698e-05 5.544717045432621e-06 -2.002186904105918e-06
-4.308523571087414e-05 1.798722543053763e-05 4.892304594444040e-06 -8.756966031458074e-07
-4.307773953669633e-05 9.504845752297197e-06 4.397622570292455e-06 -3.462987133551210e-06
-3.929391509596415e-05 1.374128651387592e-05 5.200972743580380e-06 -2.193732967968021e-06
-3.560324962902041e-05 1.781772889953653e-05 3.858362410863634e-06 -2.276927717715996e-06
-3.561107691678416e-05 9.680333179933723e-06 2.180849011134379e-06 -3.089402671218806e-06
-3.287424343141815e-05 1.405297408115887e-05 4.245157472276469e-06 -3.129265441418440e-06
-3.018593249107876e-05 1.765372134042011e-05 4.246950390731038e-06 -1.358131248173122e-06
-3.017375645872082e-05 9.848876286146411e-06 4.904556271643057e-06 3.127792310192426e-06
-2.638579855058983e-05 1.751575002673801e-05 3.677300197425884e-06 -4.494322083771605e-06
-2.708268731224298e-05 1.505051496352644e-05 4.728110039793084e-06 -3.022078278961755e-06
-2.638393179656442e-05 9.953222276595321e-06 1.008404083841366e-06 -4.562177816302560e-06
-2.370660513004822e-05 1.006716439006760e-05 2.560097854926131e-06 -5.345005694874707e-06
3.324346814875383e-06 1.114499655908891e-06 -2.279950376378239e-05 3.233879072353189e-05
3.412747542949333e-06 9.809605902912504e-07 -3.157366628014673e-05 4.517586676111135e-05
3.428508540181697e-06 2.946182858771565e-07 -7.969949134867315e-06 -2.601115973558342e-05
3.352652363546296e-06 2.166214593628325e-07 2.944257438517965e-05 6.640613473196529e-06
-2.369885908522663e-05 1.741316752444421e-05 5.288739315629741e-07 -3.474394546035358e-06
-2.134992898325631e-05 1.718654962904176e-05 2.825917003267465e-06 -3.897331752606884e-06
-2.312462815126943e-05 1.282589998935102e-05 3.463566430324526e-06 -2.542875457507781e-07
-2.130472341383858e-05 9.984779768893566e-06 -5.599294943299243e-07 -4.429224007352580e-06
3.126041582257644e-06 1.158467201118431e-06 3.303313974569823e-05 1.374631647716920e-06
2.848773002046153e-06 6.474364414844817e-07 -2.939017080176523e-05 -2.327674211497612e-05
3.191473887421045e-06 2.040977891940878e-07 7.469498044150932e-05 3.590054134529740e-05
-2.057565266069620e-05 1.494077261032430e-05 4.063960559266584e-06 -2.223452892759143e-06
-1.908755510060947e-05 1.667549942824969e-05 7.198965769777558e-06 -5.646193264155903e-06
-1.695802091828604e-05 1.594627432040248e-05 2.976586174354313e-06 -3.838094305149744e-06
-1.986220196255506e-05 1.193744698149972e-05 4.599025667072461e-07 -1.898268250522188e-06
-1.907880044232310e-05 9.527763867385852e-06 8.919119268177298e-06 -4.631122956269471e-06
2.098352277190888e-06 1.187548607664102e-06 3.953712057385372e-06 2.826060307252204e-06
2.080375260487695e-06 8.861674234765364e-08 4.443467326196002e-06 4.338185802160910e-06
1.530746056737759e-06 6.700780438331342e-07 -1.430426513610809e-05 -1.289206613564356e-05
-1.499665695649313e-05 1.497234298902362e-05 1.148996366208547e-06 5.196994783245957e-07
-1.664758207123319e-05 1.370126541292202e-05 4.407439483298185e-07 -2.281485677875477e-07
-1.736895235780505e-05 1.096812997624443e-05 5.644055298569936e-07 -7.901187613755011e-06
-1.706674504424562e-05 8.758020175485050e-06 -3.048251981256027e-06 9.032848958487307e-06
9.254721904383265e-07 1.269244311396745e-06 1.439848320841145e-05 9.076569672569716e-06
9.301753503710830e-07 3.070314650755022e-09 2.257814388776941e-06 1.022979380958891e-05
2.307804482866448e-07 6.940235167680389e-07 -1.361799846894649e-05 -1.339283224105978e-05
-1.319922294227956e-05 1.384588355104441e-05 2.365180461817921e-06 2.548556678546395e-07
-1.160991913945286e-05 1.257705149287094e-05 1.112481806840879e-06 -4.003761670521430e-07
-1.487677488489932e-05 1.056547471808331e-05 -1.132385961414130e-06 -3.298009181062463e-06
-1.529206742951960e-05 7.691760423405946e-06 5.180395076781408e-06 -9.077735541113644e-08
-5.472806730727768e-07 1.495799106783223e-06 1.492559565488626e-06 -2.623261720448602e-06
-5.403931148603184e-07 -1.969292712183124e-07 3.530187664957907e-06 3.189609413674780e-06
-1.201972911366784e-05 1.068218763625510e-05 5.337987170243389e-07 -2.310648592999156e-06
-1.024671578210956e-05 1.115290774735159e-05 -1.774796497499564e-06 -6.047914731249329e-07
-1.268715931746447e-05 8.616275709536407e-06 3.923379918836125e-06 -4.436948493129100e-06
-1.381943419939206e-05 6.422369362806573e-06 -3.510162331923701e-06 -3.487396492984905e-06
-1.409396123469845e-06 7.030722774613882e-07 -4.184684256439364e-07 7.717377270468872e-07
-2.435635271919380e-06 1.822956886886675e-06 -3.061415585921276e-06 -2.778715123220514e-06
-2.420825262644640e-06 -4.943995628628472e-07 -3.521775169482837e-06 -4.290621529880182e-06
-9.067727452852249e-06 9.630280145596324e-06 -2.313557326940275e-06 -2.694562381656931e-06
-8.132954642800958e-06 8.085863681768066e-06 -2.310878827528690e-07 -3.312902384964598e-06
-7.424109319449422e-06 6.468263161086361e-06 -1.242254476797765e-06 -2.399461192581548e-06
-1.135323903082723e-05 6.806500378509284e-06 4.670154822650371e-06 2.102188411558550e-07
-1.264246621189127e-05 4.992139892686981e-06 -7.952196151176345e-06 -5.387460742696144e-06
-3.262478172497868e-06 6.737837788714114e-07 5.879726836810222e-06 2.808410280738130e-06
-4.281137323060301e-06 2.156110304188547e-06 -6.725897118319712e-06 -4.001424218424319e-06
-4.278582478032641e-06 -8.031558844875272e-07 -2.097095964416448e-06 -3.189888728803920e-06
-9.001808009937971e-06 6.457955504748428e-06 3.260896555398768e-06 -7.731904064419518e-07
-6.904547729750284e-06 4.831265606666480e-06 -1.641599044820542e-06 -8.666153579284166e-07
-5.911843247265292e-06 2.402997140738909e-06 -9.903137955428641e-06 1.365609788026720e-05
-6.395658612822552e-06 2.669147383937314e-06 9.742045100061039e-07 9.460579109067208e-06
-6.635348663284494e-06 3.220095656984137e-06 3.809190443340699e-06 2.212640783153729e-06
-1.043771145816025e-05 4.799254870150411e-06 3.247929953535574e-07 -1.889240507094052e-06
-1.177775554851174e-05 3.529351646479320e-06 -2.433331302878858e-06 4.657207853422127e-06
-5.190015879985264e-06 8.948704039077511e-07 1.934588316816124e-06 -2.188355486163828e-06
-5.993351170454779e-06 -1.040925658011301e-06 5.613595999522064e-07 5.625310490104089e-06
-7.996434389764171e-06 3.704188819674076e-06 -1.567930361260184e-07 -3.292712232901197e-06
-6.453148412191560e-06 1.606472221016016e-06 3.506096633077811e-06 1.218528717526478e-05
-7.015818840825550e-06 2.478169368942974e-06 5.611464735066348e-06 6.051830657618333e-06
-9.797382319412021e-06 3.076897964842637e-06 3.543061731227169e-06 -6.619769665680457e-06
-1.121462751107965e-05 2.052111244850020e-06 9.418053127329769e-06 3.263166608230214e-06
-6.529034404923582e-06 -6.433108593976805e-08 5.566348923747845e-06 -2.045208066804264e-06
-6.494518653846883e-06 -1.300814848746055e-06 -5.100350900771254e-06 8.914129128926152e-06
-8.352358463889457e-06 1.234852473536150e-06 -1.630779292258685e-06 -8.549564967837650e-06
-1.099403755911390e-05 6.153365454979340e-07 -2.350256876239456e-07 7.919676974283899e-06
-1.105367799774073e-05 -7.534196143094248e-07 -1.103747749303433e-05 -1.813524472733866e-06
-7.545051199091660e-06 -9.886043711122488e-07 1.979470563404763e-06 1.090269846724042e-06
-6.796517040417911e-06 -1.832737941779106e-06 -1.048277484768339e-05 1.189475901029418e-05
-7.177034606502766e-06 -3.248622927275903e-06 -3.962198747484636e-06 1.362079101154014e-06
-9.704134055314738e-06 -9.474358529032877e-07 -1.012351902096108e-06 -3.748777753191770e-06
-7.715442232569447e-06 -4.585572043971107e-06 4.342831687412403e-06 -1.125017266672309e-05
-1.141096155071512e-05 -2.123093484317754e-06 -6.585325142071910e-06 1.567498314853035e-06
-8.467124383529230e-06 -3.310515263217546e-06 4.943530488623122e-06 -6.591768785957155e-07
-1.032621887747338e-05 -3.413764606179804e-06 7.220223697558154e-06 1.885439206041673e-06
-8.385926710165594e-06 -5.842922349222870e-06 3.940747634087189e-07 -1.459115373040761e-05
-1.201574530211493e-05 -3.427547005000591e-06 7.044551674303342e-07 -2.939176550579573e-06
-1.146383132328567e-05 -4.653666934154925e-06 1.049912006284182e-06 -8.854643430296579e-07
-1.021848747499361e-05 -5.408641245014803e-06 -2.822938846306523e-06 6.006114787101876e-06
-9.199308405435046e-06 -7.011592905933803e-06 -3.664753005523497e-06 4.149027064989157e-06
-1.014314562709947e-05 -8.065556625066909e-06 -5.514997116145941e-07 -3.831138483144949e-06
-1.282535860131434e-05 -4.581134983081217e-06 7.167022359424673e-06 -7.509796188126616e-06
-1.220240376586572e-05 -6.002900803857115e-06 7.753959821411064e-07 4.005771612845661e-06
-1.149509541240582e-05 -7.634611750083609e-06 1.208796437696643e-06 -1.324576194202535e-06
-1.119878285571451e-05 -9.015912616431886e-06 4.688573363235938e-06 3.790386097653421e-07
-1.383192305022015e-05 -5.592942266637855e-06 4.166729576689117e-06 -1.557407950939854e-06
-1.349267467729290e-05 -7.619253571506396e-06 1.490077917010936e-06 -2.420716352087870e-06
-1.233387040521462e-05 -9.843234633090215e-06 2.554560678596857e-07 6.353191223543429e-06
-1.356112935094167e-05 -1.051971968292037e-05 -1.531391121970989e-07 4.028845486429058e-06
-1.485618617909033e-05 -1.105334200289949e-05 6.998495962917641e-07 1.996940454412480e-06
-1.495900424291231e-05 -8.050117938977177e-06 4.861942216436231e-06 1.357605438470981e-06
-1.495469956740304e-05 -6.404801134586713e-06 1.603180302048551e-06 3.647725495444619e-06
-1.467945956244462e-05 -9.669413540633996e-06 2.484102831073878e-06 -7.501879470566334e-07
-1.619256282458085e-05 -1.144406242186480e-05 2.555542970831783e-06 2.520385110389921e-06
-1.755987829207870e-05 -1.167196047974443e-05 6.610871817982967e-06 2.350151781606035e-06
-1.612729984400293e-05 -8.416751813254642e-06 2.193600476954552e-06 -5.772005766277805e-07
-1.623424871037908e-05 -7.006608063248601e-06 3.781661570251763e-06 9.629030164017086e-06
-1.895964471215237e-05 -1.173869396289576e-05 1.005036507339695e-06 8.382681535612617e-07
-1.741986173827786e-05 -9.718149720232871e-06 4.557567905442308e-06 3.349086130112788e-06
-1.757683784933465e-05 -7.373194074067180e-06 1.101390573112918e-06 -9.368567061340582e-07
-1.926727628678861e-05 -9.924727591276118e-06 -3.125431925894036e-06 2.515840556726452e-06
-2.047424133642063e-05 -1.173280679160881e-05 4.720362875943175e-06 2.656677889746606e-06
-1.895640955859481e-05 -7.501063404475743e-06 4.169803948085853e-06 -1.757076349554454e-06
-2.256205133462474e-05 -1.174173407282271e-05 5.846091400040462e-06 1.107403385092021e-06
-2.092190367922375e-05 -8.887541744848700e-06 3.789514050460066e-06 4.445141784708163e-07
-2.047948334310602e-05 -7.503821950124655e-06 5.038949441718581e-06 -1.542918338297202e-06
-2.542037592626613e-05 -1.172846632384689e-05 6.319475848704069e-06 2.125203225989337e-06
-2.400753540723909e-05 -9.454772885846821e-06 3.124062443288732e-06 6.663952036389969e-08
-2.256175757586248e-05 -7.513504011765211e-06 6.059569046417840e-06 -6.653497864344348e-07
-2.917226135552257e-05 -1.171291981740600e-05 5.092351156951346e-06 5.995519722122583e-07
-2.730278349387709e-05 -9.629772113386538e-06 4.993259030592005e-06 2.096094948080010e-06
-2.542104794650985e-05 -7.521960045916387e-06 4.161598102555009e-06 2.393384368226431e-06
-3.305776673641490e-05 -1.170221387073313e-05 6.638804285038259e-06 2.557698583982280e-06
-3.111951910464685e-05 -9.626529664720214e-06 6.261196929175426e-06 -2.548034850899542e-07
-2.917302884623078e-05 -7.542508856151056e-06 7.266279211695098e-06 1.041458548544285e-06
-3.691342871031466e-05 -1.168224071606402e-05 6.711057224148199e-06 6.677959671821705e-08
-3.499067529959331e-05 -9.624943749989341e-06 7.225271621654255e-06 7.448740439600197e-07
-3.306008053787459e-05 -7.551499124830836e-06 5.047151260170126e-06 -1.312550835655620e-06
-4.075323484858187e-05 -1.167529533912184e-05 6.912290356340921e-06 1.850171445894429e-06
-3.883374639013337e-05 -9.626434733501679e-06 5.604773272736067e-06 1.346208374326752e-06
-3.691101581325563e-05 -7.570493406933685e-06 6.945391401783739e-06 1.879005842449212e-06
-4.457686771716135e-05 -1.166658058040112e-05 8.485498612013405e-06 1.410121321767822e-06
-4.267056053757853e-05 -9.624355086100634e-06 8.738361519262499e-06 1.928823399198979e-06
-4.075502880215834e-05 -7.574208823592930e-06 7.195401204233676e-06 1.424079800315340e-06
-4.838116379050292e-05 -1.166473973511328e-05 9.195762104055065e-06 2.682992188504597e-07
-4.647956434688217e-05 -9.628351232085430e-06 8.908392220372358e-06 6.652199283734627e-07
-4.457593684923996e-05 -7.586549239932123e-06 9.042515020567015e-06 2.104192141716943e-06
-5.216823405937334e-05 -1.166184885395436e-05 6.678598773358610e-06 7.849128762209723e-07
-5.027707435363224e-05 -9.630180864773703e-06 7.590638898382046e-06 1.749513417698598e-06
-4.838036234502576e-05 -7.595388147310505e-06 8.181155983791046e-06 1.486718593410212e-06
-5.596144252628621e-05 -1.166482779303834e-05 1.074688870473868e-05 2.543491027011164e-06
-5.406210457740831e-05 -9.628348385784107e-06 8.056776927452761e-06 8.886590278682099e-07
-5.216804785600448e-05 -7.598386549931807e-06 7.491663937858929e-06 2.317789163102359e-06
-5.974715064601866e-05 -1.164801136967177e-05 1.053883684711431e-05 5.953999529545658e-07
-5.785970349730811e-05 -9.624029253494514e-06 1.209972759526382e-05 1.058140719589573e-06
-5.596361706291547e-05 -7.586278588794053e-06 1.038811025927717e-05 -9.006671643278881e-07
-6.784814452605015e-05 -1.142589396194021e-05 1.062066159148880e-05 -4.543445180369484e-07
-6.731128501571130e-05 -1.164817930088388e-05 1.143421809438973e-05 -5.050698503183357e-07
-6.144391109375773e-05 -9.620570974832742e-06 9.170029348582455e-06 3.492023438479013e-07
-6.353774018966917e-05 -1.164464299902567e-05 1.018368304102910e-05 2.323391604734554e-06
-5.974979088449916e-05 -7.595847504028873e-06 1.102319929059832e-05 1.943768954846707e-06
-6.807047052560550e-05 -1.088900845874582e-05 1.028788643288196e-05 1.048502621672631e-08
-6.679959721627435e-05 -9.621860676095233e-06 1.273743255552374e-05 1.777258923356414e-06
-6.353628936993244e-05 -7.596674123852578e-06 9.711500228722689e-06 -1.726485267024819e-06
-6.806943071880687e-05 -8.355385326450771e-06 1.117849892654687e-05 3.428894616270069e-06
-6.730992346202368e-05 -7.595978611470430e-06 1.196782136673896e-05 3.275109027829437e-06
-6.784697191011409e-05 -7.818355133610311e-06 1.145301747297884e-05 3.438223803534096e-06
