4.487533124568988e-05 -6.166310594875007e-06 -1.248022779054731e-05 1.064981568232403e-06
4.505155558550225e-05 -5.741985421171084e-06 -1.246500960632998e-05 1.354805193744771e-06
4.505120990184050e-05 -3.743646963236392e-06 -1.295295881754067e-05 3.305419542996480e-06
4.487497284735622e-05 -3.319470993792943e-06 -1.298407363019356e-05 3.474180424209730e-06
4.445018894620420e-05 -6.342010944147244e-06 -1.261486208661870e-05 9.503403625084278e-07
4.364994432793585e-05 -4.742793373896499e-06 -1.270571878397607e-05 2.440096900414140e-06
4.444987364287488e-05 -3.143851826774362e-06 -1.307312026489054e-05 3.536726852922565e-06
4.144223799580130e-05 -6.342479173636088e-06 -1.071924006762580e-05 2.362964124339744e-06
4.144271727598917e-05 -3.145032426722527e-06 -1.093546140188984e-05 2.973123103773159e-06
3.979191751906673e-05 -4.744524001456228e-06 -1.211162825766561e-05 3.306737265485458e-06
3.845678397472144e-05 -6.341335954634571e-06 -1.173452755207046e-05 5.171402434398769e-06
3.845614655477844e-05 -3.146449299754220e-06 -1.178974086082906e-05 1.944722459313101e-06
3.696846375120202e-05 -4.742033787239097e-06 -1.092104996070685e-05 3.491791634431871e-06
3.548378340586343e-05 -6.328123345457367e-06 -1.079317387299178e-05 3.916952424834711e-06
3.548227515208007e-05 -3.150722215028180e-06 -1.148144976292701e-05 2.849926069957180e-06
3.399883336560724e-05 -4.738718194069717e-06 -1.189187836229686e-05 2.499836425390308e-06
3.252079079842628e-05 -6.316426655777365e-06 -1.081193478584812e-05 2.885062491590256e-06
3.252133422190406e-05 -3.163366214364685e-06 -1.111835231028361e-05 1.582900245950464e-06
3.104727438760507e-05 -4.740770512064098e-06 -9.584696210294876e-06 2.140540559890161e-06
2.958290168683171e-05 -6.299923647037477e-06 -8.549526669855719e-06 2.456649714119779e-06
2.958078241691185e-05 -3.177578100822708e-06 -9.645990574435009e-06 4.565735039695776e-06
2.812197221949738e-05 -4.737009857793606e-06 -1.081697113980975e-05 3.628344050932920e-06
2.667791622378426e-05 -6.271595969067576e-06 -1.017658361029699e-05 3.767857266078529e-06
2.668190444474065e-05 -3.205224756316860e-06 -1.000497002385815e-05 2.466484894314781e-06
2.525121433068139e-05 -4.741329950451718e-06 -8.377176299013480e-06 3.318313551185317e-06
2.384190344504781e-05 -6.248553554123377e-06 -8.576883793010356e-06 2.833930646992843e-06
2.383943351542182e-05 -3.230171104148810e-06 -9.376305089134284e-06 3.379521974681797e-06
2.243692003327194e-05 -4.737553819458446e-06 -1.027557867395512e-05 2.616071087111675e-06
2.105207937301600e-05 -6.217574062408082e-06 -8.932335571912494e-06 3.622856304591450e-06
2.105021334846795e-05 -3.254354512185538e-06 -8.746154742764352e-06 1.141689051376642e-06
1.967805802266406e-05 -4.736291080513018e-06 -7.419429668189358e-06 2.991441830642116e-06
1.832831793423913e-05 -6.178467864777769e-06 -8.894846333304730e-06 2.272381067552733e-06
1.832840558576094e-05 -3.296398970828799e-06 -7.189651307054271e-06 2.674386502699424e-06
1.698806769832221e-05 -4.738621627347541e-06 -8.380130347692879e-06 2.951264693529815e-06
1.566793094978472e-05 -6.136881310796212e-06 -7.108641002308927e-06 7.663713870497174e-06
1.567324415165939e-05 -3.340449535517104e-06 -8.815743944347541e-06 5.044698560199734e-07
1.441550978476294e-05 -4.739802065818119e-06 -7.364071801858845e-06 3.259582997755892e-06
1.319580047535373e-05 -6.090653188435604e-06 -6.840177705588718e-06 2.217015725685637e-06
1.318562459983091e-05 -3.377530956846804e-06 -6.536810548875317e-06 4.271674223720540e-06
1.228522970135138e-05 -4.831460606002387e-06 -8.130087955555272e-06 2.878233263014258e-06
1.137366811812604e-05 -6.059557291368119e-06 -6.276958573865219e-06 1.340934915834352e-06
1.137170453101645e-05 -3.401959235092561e-06 -8.170058431314728e-06 8.630400429901371e-07
1.007349734532697e-05 -6.032175957600282e-06 -3.683177478227623e-06 4.191395971373716e-06
1.031709828265909e-05 -5.181531289625080e-06 -4.917898277616873e-06 4.405761697839219e-06
1.007766860036724e-05 -3.418977392709676e-06 -5.519842806572163e-06 6.684954114965378e-06
9.152329474458009e-06 -3.449408577060467e-06 -6.666215421514139e-06 4.351279231516042e-06
-1.382513399284588e-06 3.825881809463053e-08 -2.070365114127946e-05 7.357642173324692e-06
-1.419881167132230e-06 9.976985684318220e-08 1.538095786601558e-05 -9.615139452451074e-05
-1.416488782200273e-06 4.773046766712630e-07 2.007708602380510e-05 7.680158080664690e-05
-1.390599471242958e-06 4.487292462712224e-07 4.330737870614464e-06 -3.012820538497438e-06
9.151224335131917e-06 -6.008365209144333e-06 -3.373950560639790e-06 2.923494809114080e-06
8.323113529189122e-06 -5.942404078765375e-06 -3.601532757873451e-06 4.128480670410631e-06
8.951780863702405e-06 -4.408301685125393e-06 -7.240957491438090e-06 5.419939216230764e-07
8.317669480152839e-06 -3.411788526417760e-06 -3.017744792825817e-06 2.546786337540102e-06
-1.304971754498774e-06 1.995244873302668e-08 -4.986558525665378e-05 3.113134344700742e-05
-1.215843420853917e-06 2.804485318704020e-07 2.429199189241355e-05 1.611998763245915e-05
-1.365646644391046e-06 4.313555405717539e-07 -3.724799765024375e-05 -3.975498797224990e-05
8.053610390051872e-06 -5.155653319478478e-06 -4.716183816224540e-06 2.209229831990880e-06
7.518213163707068e-06 -5.776724717341485e-06 -7.546684940475555e-06 5.329321129642757e-06
6.755909061948968e-06 -5.526986209586680e-06 -6.427199540660737e-06 3.635842071575808e-06
7.806732908739438e-06 -4.099799725907048e-06 -2.768949354464931e-06 1.951661988793752e-06
7.525614399282169e-06 -3.226311406456053e-06 -1.236810926891195e-05 3.922606253113473e-06
-8.812746220850230e-07 3.605593978878917e-08 -1.185028179676903e-05 -1.417835379638042e-05
-8.600637244572457e-07 5.133558517743600e-07 1.166047273343244e-06 -8.389044316422164e-06
-6.258966431146607e-07 2.391879504076627e-07 1.756521022394370e-05 1.518191130379830e-05
6.046947319660578e-06 -5.189302888609930e-06 -5.303609479498020e-06 1.158862523963652e-06
6.648488819238280e-06 -4.730432055849405e-06 -4.726269373163270e-06 1.538833440646148e-06
6.912643923928676e-06 -3.743621283180531e-06 -5.559976926625166e-06 7.870834059263005e-06
6.808521794821234e-06 -2.934145635490342e-06 -3.102199031215234e-06 -7.954107095717948e-06
-3.781847401012751e-07 1.421666022695295e-08 -2.722322416987054e-06 1.815450516261536e-06
-3.700724497616940e-07 5.485737592310558e-07 -1.432140932727957e-05 -3.572458621746053e-06
-8.103523028446175e-08 2.312786620950245e-07 1.192039627817038e-05 5.530437658355438e-06
5.393031124135073e-06 -4.793423342273021e-06 -6.785463191170450e-06 5.000774621379962e-06
4.805524781560957e-06 -4.337975116423178e-06 -2.159529665745443e-06 3.559572454951768e-06
6.011850979299570e-06 -3.600076114682867e-06 -4.306520884720375e-06 4.622049233970043e-06
6.165198085533958e-06 -2.534601437472304e-06 -9.337673957327387e-06 1.450833552543300e-06
2.465071944433750e-07 -7.761900694333368e-08 -8.724572234758018e-06 1.605439513497322e-06
2.479207672906355e-07 6.443468648818264e-07 -3.213413917897026e-07 -1.497172259796372e-06
4.960181419101982e-06 -3.646136096159497e-06 -1.959045025668374e-06 2.551853468569128e-06
4.290867659869470e-06 -3.822379768080804e-06 -3.152545288830901e-07 5.253535354076798e-07
5.214115341334766e-06 -2.877494597733759e-06 -5.520690458805612e-06 5.008686006866010e-06
5.636565660723999e-06 -2.050704294241580e-06 6.459497747917870e-07 6.079331980414551e-06
6.226081110014937e-07 2.241057505987842e-07 6.695611420991695e-07 6.227055429343276e-06
1.057725848340152e-06 -2.219410777126131e-07 2.656985650305473e-06 -1.285040155711511e-06
1.039284099593924e-06 7.408573921395552e-07 -1.533773534734715e-06 -8.559363854579345e-08
3.840730550943192e-06 -3.263355060820537e-06 -1.727314281612034e-06 5.601012243059891e-07
3.467702320737433e-06 -2.681943013522670e-06 -5.037437568017713e-06 3.979219201298041e-06
3.179747408841476e-06 -2.065086632252985e-06 -1.074510556414668e-06 4.072449463219749e-06
4.711512118913423e-06 -2.195044703473833e-06 -7.611384088101208e-06 2.332204804622280e-06
5.205542312899495e-06 -1.483445056640419e-06 5.006763488223733e-06 3.503935123982624e-06
1.400806903677781e-06 2.517623568042430e-07 -5.719540951643534e-06 -6.522030349287056e-06
1.822124838409720e-06 -3.761373895618399e-07 1.064452392867919e-06 6.035628234550692e-06
1.826442137328294e-06 8.602910899980461e-07 5.399574942964147e-06 -3.046387912444552e-06
3.797989050103348e-06 -2.064701808513587e-06 -6.696135546138680e-06 3.244194175961452e-06
2.967188923875089e-06 -1.420863228229349e-06 8.893751684456136e-07 -2.192519214656186e-06
2.513632713584702e-06 -4.730828366053432e-07 9.203323615554599e-06 -8.405768602881613e-06
2.731293384038515e-06 -5.785563386060725e-07 -5.253246952199852e-06 -2.651582075044961e-06
2.843543830679861e-06 -7.952265007783910e-07 -1.027279053567147e-05 2.050005715175067e-06
4.360482459880747e-06 -1.414630807386060e-06 -3.281193711178104e-06 -5.485748168484610e-07
4.890409083577299e-06 -9.126567200618298e-07 6.388917724154249e-07 -7.158805450476121e-06
2.211032727272136e-06 1.601418914116118e-07 -2.763533332877821e-06 3.791923501258789e-06
2.541371699920967e-06 9.530521650734366e-07 -4.766460217051604e-06 -8.991656725318796e-06
3.388627674430747e-06 -9.865641655252340e-07 8.546695461678153e-07 1.234036756284609e-06
2.747962797434503e-06 -1.329819379938177e-07 -4.088077176879465e-06 -9.271241448732827e-06
2.991902606648480e-06 -4.968050640341514e-07 -1.106312092446372e-05 4.319617088960861e-07
4.108155094852699e-06 -7.372144649125095e-07 -4.023874660953200e-06 2.278624175235187e-06
4.685432127418336e-06 -3.193136551751244e-07 -9.662417221189184e-06 -7.726532600383303e-06
2.761101346211418e-06 5.565843615645505e-07 -5.366441585528965e-06 -1.308425577482985e-06
2.738564975461111e-06 1.066411463756578e-06 2.175921063685079e-06 -1.121193631202430e-05
3.525319676568808e-06 8.663993718648964e-09 -3.506331761913975e-06 9.330641535394443e-06
4.610885543287024e-06 2.684788813949973e-07 -2.772692378373878e-06 -1.211975562433767e-05
4.663501163307311e-06 8.450552040958387e-07 8.480282441730909e-06 -6.274216118108991e-07
3.172500252660014e-06 9.428075786559678e-07 -3.715877107792167e-06 -4.045809777642766e-06
2.855868328647866e-06 1.295523493366819e-06 6.666606756890837e-06 -1.293927313658955e-05
3.001759829389613e-06 1.904903360726220e-06 1.698154818690647e-06 -2.269098745411155e-06
4.089367582845676e-06 9.206778781530554e-07 -2.642025893143489e-06 1.772634212663591e-06
3.218178717884419e-06 2.499681799892251e-06 -2.919469570270156e-06 7.989693965842566e-06
4.839430687066576e-06 1.419099939148170e-06 4.964494225105602e-06 -3.165353417597449e-06
3.556262745518199e-06 1.927311953280316e-06 -5.905437382228401e-06 1.589701390598917e-07
4.364790095347734e-06 1.977122820118590e-06 -8.643520227355448e-06 -3.767790577757971e-06
3.500534425100605e-06 3.064215980585854e-06 1.096920613783405e-06 8.877244713771243e-06
5.123665393597768e-06 1.985936336075033e-06 -2.679687487353247e-06 1.316507363712898e-06
4.876294598159492e-06 2.521708204628312e-06 -3.521703366561110e-06 -1.953246587084833e-06
4.315579356132720e-06 2.856988523910033e-06 -2.819435308749458e-06 -9.857597938292591e-06
3.849800039638868e-06 3.613567888462405e-06 -2.590784812735714e-06 -1.087110436218352e-05
4.275821116967320e-06 4.111906257552590e-06 -5.134535405548672e-06 3.186424601665657e-06
5.517316636327110e-06 2.479875351860389e-06 -7.630246582116614e-06 5.661458426184073e-06
5.223737377415662e-06 3.135925903274959e-06 -1.531452181160725e-06 -5.235753696855894e-06
4.897054175021102e-06 3.908885462012168e-06 -4.902800446356282e-06 4.126878519604601e-07
4.761135324822283e-06 4.580866081911635e-06 -9.253646388372707e-06 -2.045909478359449e-06
6.033167868842342e-06 2.943315894526853e-06 -2.487920677902504e-06 1.205467959527181e-06
5.862696148029377e-06 3.913645581399872e-06 -2.932726405428968e-06 -5.899304007235404e-07
5.301126465707338e-06 4.997228892679541e-06 -6.363439044336444e-06 -1.026963051509937e-05
5.903274781591115e-06 5.339174995539178e-06 -6.478290608889043e-06 -6.125389586193869e-06
6.549816560006589e-06 5.627574005235370e-06 -6.924841753446659e-06 -3.918552783243673e-06
6.587982598507585e-06 4.118798934033663e-06 -9.216094935463624e-06 -3.505127075117233e-06
6.588431369797160e-06 3.323847774366226e-06 -4.187032563350316e-06 -4.004630207816229e-06
6.452595040209490e-06 4.917704594848054e-06 -8.348072148061231e-06 -2.467481186403870e-06
7.219169819403029e-06 5.850262023926118e-06 -3.894005808144496e-06 -6.618923081927091e-06
7.913895367609391e-06 5.992356903949681e-06 -7.998200003358109e-06 -7.513413187185629e-06
7.172926912983311e-06 4.295381121711636e-06 -7.264450133259427e-06 -1.566225372484803e-06
7.230322533149663e-06 3.593576175679925e-06 -9.325513629088956e-06 -9.695934953698401e-06
8.645398471082095e-06 6.043983458226687e-06 -1.093771569941207e-05 -3.887789498610678e-06
7.832574970757800e-06 4.971075115336066e-06 -6.715633957542547e-06 -5.666349460533513e-06
7.916072639114333e-06 3.750787038493920e-06 -5.600549778574406e-06 -3.507499283372992e-07
8.803593778297063e-06 5.084695405686610e-06 -7.028782944734146e-06 -5.061587041138148e-06
9.447439315723634e-06 6.054962799477295e-06 -1.157535373389006e-05 -5.206246379683272e-06
8.636154806990335e-06 3.803690700369966e-06 -1.175941315365867e-05 -2.307532326137755e-07
1.059381147549692e-05 6.076832544977296e-06 -1.197408417510172e-05 -7.555096712659484e-06
9.687863438732138e-06 4.522006459207548e-06 -8.602219109304808e-06 -5.019718408436665e-06
9.454789401304828e-06 3.783573018992166e-06 -9.704363150029102e-06 -2.838288987813963e-06
1.218745454435348e-05 6.091520470760115e-06 -1.459643681462915e-05 -5.548592431675781e-06
1.139117703118433e-05 4.823666611057231e-06 -1.264996565927476e-05 -3.365516223553043e-06
1.058869246994811e-05 3.763662358920216e-06 -1.174869396537168e-05 -2.160913330260287e-06
1.431686486135980e-05 6.113617669601109e-06 -1.528006582510687e-05 -6.228763153586659e-06
1.324809741157997e-05 4.919037362435882e-06 -1.341980217714797e-05 -5.419516434978817e-06
1.218663292546881e-05 3.737511474406806e-06 -1.575894240104965e-05 -4.005000513324149e-06
1.656968781748199e-05 6.127402890167254e-06 -1.832532307742874e-05 -4.571149100057737e-06
1.543788872158071e-05 4.913851531032530e-06 -1.826186554393272e-05 -4.464285665720711e-06
1.431762538416045e-05 3.715633547292551e-06 -1.467905790752629e-05 -2.337842947012173e-06
1.884458294434595e-05 6.142357053365247e-06 -2.193759745172420e-05 -6.751920564991154e-06
1.770154135500877e-05 4.918064960923629e-06 -1.940761202404396e-05 -4.093637621028365e-06
1.656511265103424e-05 3.703658096131311e-06 -1.884409798960941e-05 -3.986306277915661e-06
2.115358720412233e-05 6.151565718097061e-06 -2.440614503733978e-05 -4.043116213190995e-06
1.999636472817915e-05 4.911684046336291e-06 -2.366089693724296e-05 -4.296842913250423e-06
1.885020466510064e-05 3.686431083483453e-06 -2.212449931435774e-05 -2.471491803221358e-06
2.348730082059444e-05 6.163659449103031e-06 -2.758292297706629e-05 -7.279906016528790e-06
2.231643203051581e-05 4.911408862960189e-06 -2.463418907670138e-05 -3.929226724007048e-06
2.115232976947164e-05 3.671394244730111e-06 -2.363355175675907e-05 -3.648108774265378e-06
2.583504802585551e-05 6.182347428982256e-06 -3.313231581562655e-05 -5.550602565132114e-06
2.465673576214317e-05 4.915143502308935e-06 -3.172825579908250e-05 -4.601134847797769e-06
2.348579826057391e-05 3.661038073685059e-06 -2.764053124029208e-05 -9.385590798004203e-07
2.819249685173733e-05 6.189094181681803e-06 -3.481355298860657e-05 -7.970235074719717e-06
2.701219242493416e-05 4.918227894764803e-06 -3.269509515285326e-05 -4.911097845590246e-06
2.583212673569601e-05 3.652044981567678e-06 -3.302790759499130e-05 -4.644505462542164e-06
3.057998681700625e-05 6.196317052338181e-06 -4.109998467835681e-05 -6.950191590296845e-06
2.938263018849849e-05 4.912409432024622e-06 -3.879902437868836e-05 -4.436414977371194e-06
2.819779252779995e-05 3.640779215150643e-06 -3.521506521583927e-05 -1.603857610436794e-06
3.297797403324318e-05 6.200856247168037e-06 -4.602298765250981e-05 -1.004608030255036e-05
3.177797031566156e-05 4.914058504680154e-06 -4.230997167732761e-05 -5.032382778002821e-06
3.057749124035427e-05 3.631110048450856e-06 -4.066252681154346e-05 -2.288281245707932e-06
3.812200514572234e-05 6.047443397063809e-06 -5.827070076021478e-05 -7.085282973965094e-06
3.778303438995924e-05 6.188828465268388e-06 -5.696598004642956e-05 -7.453879420526087e-06
3.405098117813362e-05 4.911448617545193e-06 -4.923490210748199e-05 -5.018976958529113e-06
3.537454677132745e-05 6.201904827315269e-06 -4.971023362679956e-05 -6.814646330218059e-06
3.297829310651745e-05 3.623488969731466e-06 -4.616389597028800e-05 8.262959803255236e-07
3.826231947475821e-05 5.707247921654947e-06 -5.880845034144267e-05 -6.030888811933453e-06
3.746129506845287e-05 4.909367070273837e-06 -5.523779062187657e-05 -3.681318092231261e-06
3.537563007513752e-05 3.618278028487728e-06 -5.006289153580161e-05 -2.836879163532358e-06
3.826160322773882e-05 4.112086701292946e-06 -5.775011026607122e-05 -1.671426540841510e-06
3.778265870685553e-05 3.631029749040087e-06 -5.621894445758490e-05 -8.705320368190066e-07
3.812135641341218e-05 3.772264152830998e-06 -5.725211724773179e-05 -1.046825184156494e-06
