3.241477823470782e-05 -4.204382495786898e-06 -2.316712762358000e-05 5.497817259410277e-06
3.256002642644230e-05 -3.854391614274396e-06 -2.359510729021915e-05 4.975493434487298e-06
3.255990711652045e-05 -2.202983816518001e-06 -2.351180723027925e-05 1.574804401673416e-06
3.241467289535742e-05 -1.853152193542974e-06 -2.308383687638054e-05 1.111866847337853e-06
3.206422606812983e-05 -4.349182923817881e-06 -2.223213340800348e-05 5.604706069737752e-06
3.140717208167939e-05 -3.028801729413497e-06 -2.038870412636338e-05 3.310600353979014e-06
3.206419884682684e-05 -1.708441457713955e-06 -2.217077333690017e-05 1.039236142585728e-06
2.960488007433030e-05 -4.344501566456245e-06 -1.903294749050017e-05 2.902839373974076e-06
2.960561943777347e-05 -1.714560685554360e-06 -1.923313777574437e-05 4.539998160453267e-06
2.825032356764135e-05 -3.029259072369028e-06 -2.006784957249870e-05 4.040834969225354e-06
2.714650129533263e-05 -4.344711820481262e-06 -1.878790138350013e-05 6.427768083326996e-06
2.714466408915430e-05 -1.709092442250521e-06 -1.921710423025827e-05 1.773611858823993e-06
2.591079574250620e-05 -3.025209658720063e-06 -1.785472348583970e-05 4.196535976665491e-06
2.468265102134532e-05 -4.336097342718600e-06 -1.799269546705025e-05 4.040521057323681e-06
2.468217268943854e-05 -1.712078915367018e-06 -1.673250868524001e-05 2.717463330198468e-06
2.345653187344037e-05 -3.023928576233124e-06 -1.597926236665096e-05 3.079635589063063e-06
2.222864904039531e-05 -4.338872878374910e-06 -1.459638708905417e-05 1.617835862390359e-06
2.223309853190847e-05 -1.711611489314181e-06 -1.401837508065228e-05 4.616415312946904e-06
2.100666058629141e-05 -3.025670341437346e-06 -1.383767731221787e-05 2.993110121398138e-06
1.979373384093999e-05 -4.319599289941578e-06 -1.439366674661409e-05 1.742949399329305e-06
1.978991290814253e-05 -1.724704213889309e-06 -1.493501159504768e-05 5.722012873366668e-06
1.858095399720297e-05 -3.020484119120124e-06 -1.491649400896896e-05 4.162845641819114e-06
1.738911631324155e-05 -4.289489552942113e-06 -1.301319626638777e-05 5.910223291220693e-06
1.739136644156823e-05 -1.752518271953371e-06 -1.196865682137945e-05 1.469267659988248e-06
1.621120559628666e-05 -3.022159482424314e-06 -1.116942636221713e-05 3.651485766015304e-06
1.505365371513059e-05 -4.253682566178007e-06 -1.146012106379390e-05 5.156023044621583e-06
1.505184065130362e-05 -1.786223441715532e-06 -1.070549200350826e-05 2.176195891304306e-06
1.390198535674590e-05 -3.017879548350237e-06 -1.164851186606240e-05 3.701114149961099e-06
1.277342994221567e-05 -4.209132924230731e-06 -1.273843166153400e-05 1.959316895850284e-06
1.277635204494993e-05 -1.828343691253853e-06 -1.344788798883428e-05 4.447452072139649e-06
1.166366481684413e-05 -3.019029300629246e-06 -1.231823525362880e-05 3.582214426152299e-06
1.059677717812874e-05 -4.143936593641003e-06 -9.429290037787128e-06 4.598031319091826e-06
1.059072249810917e-05 -1.883364344916731e-06 -9.836248812096786e-06 2.827780173464968e-06
9.544596297345542e-06 -3.008549055810583e-06 -9.529295434252511e-06 2.702052175419473e-06
8.533227114861736e-06 -4.077463910588185e-06 -9.937829413029275e-06 3.002453166170435e-06
8.534023355744085e-06 -1.942296249475678e-06 -9.367289638672323e-06 3.212083237586601e-07
7.584403731670882e-06 -3.008340003967401e-06 -8.414262686850353e-06 4.430096733610277e-06
6.681004645492909e-06 -4.001643309725036e-06 -8.890258684862337e-06 4.929592545914490e-06
6.678788624339298e-06 -2.016431432535856e-06 -9.380904364138686e-06 2.902965670606033e-06
6.012381125271920e-06 -3.078906250977074e-06 -9.855993542145741e-06 2.852791432070360e-06
5.374055662613038e-06 -3.928823639707515e-06 -1.063830786907320e-05 4.893831993611559e-06
5.380083113523434e-06 -2.087599880438790e-06 -7.475329111101107e-06 5.164170148545267e-06
4.497056144158289e-06 -3.864376311034387e-06 -6.819428502006572e-06 5.645511961817472e-06
4.650710551978849e-06 -3.302014372612370e-06 -6.687893557661228e-06 4.387216357043105e-06
4.492177574973476e-06 -2.131178866450154e-06 -9.208912486199394e-06 2.726553828383187e-07
3.879483888767501e-06 -2.175226456117847e-06 -7.990646924594047e-06 3.796926556786836e-06
-4.290242510556101e-07 -8.076364337417412e-07 -2.007639550275618e-05 1.539323772581101e-06
-4.423576322025014e-07 -8.835024636558388e-07 -9.151646695912728e-06 -7.871229114462782e-05
-4.222721474612777e-07 -7.475836419983589e-07 1.940657162641599e-06 4.790477050125136e-05
-3.922125813781191e-07 -7.428055921643475e-07 -3.700556241395008e-06 1.292470713646706e-05
3.878257394631644e-06 -3.822153698502773e-06 -7.570713805685653e-06 3.410443422812328e-06
3.356560014044703e-06 -3.751075493916470e-06 -8.321239216711607e-06 3.506824890239696e-06
3.741891253107096e-06 -2.797676782432350e-06 -4.794550136957380e-06 1.630305207163356e-06
3.337542210795135e-06 -2.174831124498231e-06 -7.592310440947037e-06 7.130954345695313e-06
-4.133608433132030e-07 -7.640097472783273e-07 -2.271236113333742e-05 3.616399909617830e-05
-2.839570762039821e-07 -8.075453848176809e-07 9.451043058446353e-06 1.126334084865693e-05
-3.302479848588149e-07 -7.561533122473982e-07 1.114155937870324e-05 -2.775547005332060e-05
3.178237381611041e-06 -3.253172911578090e-06 -7.848997035821075e-06 3.125796232815164e-06
2.862009035749712e-06 -3.614839271569462e-06 -8.371694582090054e-06 4.680631761168416e-06
2.414896781873756e-06 -3.448296345918989e-06 -6.930617950351801e-06 5.515947472921430e-06
3.021397500645749e-06 -2.601628126257242e-06 -8.209645695140714e-06 4.966388940569624e-06
2.851109920746769e-06 -2.107730247320228e-06 -3.627262970179290e-06 -3.926373126220056e-06
-2.491484709745951e-07 -8.775016711110389e-07 1.769838405782636e-06 -1.313096060995089e-05
-2.621372608819850e-07 -7.176216467151391e-07 -7.892898630282427e-06 -3.213356838345162e-06
-1.770285931901104e-07 -7.886094088409918e-07 1.043226353455628e-05 2.471182675730355e-05
2.018311696713047e-06 -3.230385021494143e-06 -4.085993450915378e-06 4.841402247135191e-06
2.346761662837571e-06 -2.973201301400217e-06 -6.765411566326639e-06 4.316805127819522e-06
2.496699018696352e-06 -2.406720405429157e-06 -7.235988794444056e-06 -2.481870701699497e-06
2.432721099081137e-06 -1.981095454214118e-06 -9.565739009502951e-06 2.856549802857600e-07
-1.223135351623776e-07 -8.556965056566308e-07 2.045374790507513e-06 -1.979455182593209e-05
-1.267047124578444e-07 -7.106709827935146e-07 -6.614785755342287e-06 -1.895506946981697e-05
-2.811968507397364e-08 -7.917550741996539e-07 -1.058324415588382e-06 4.145609724197588e-05
1.660312771761974e-06 -2.981493567859005e-06 -1.722403391351498e-06 2.724551762603208e-06
1.358636652350647e-06 -2.715923869833918e-06 -2.853570828901819e-06 1.217788404131493e-06
1.988112842514546e-06 -2.326554708720215e-06 -6.222081172458002e-06 4.282279491081161e-06
2.059791847755823e-06 -1.772870641768858e-06 -2.711514748623537e-07 2.717868442216757e-06
4.905041489994009e-08 -8.959472418740449e-07 1.250713959851915e-06 -2.415858462929184e-05
4.207239960345197e-08 -6.976609539150788e-07 1.977954140204270e-07 -2.106557309069014e-05
1.434860521013852e-06 -2.340232588494245e-06 -4.002785626578380e-06 1.884898432461314e-06
1.124226180807300e-06 -2.427946052888187e-06 -2.796016108570745e-06 3.597210106782895e-07
1.553600021053153e-06 -1.946800424265361e-06 -5.259862274552465e-06 1.696214680100066e-06
1.768147041329331e-06 -1.554141325829248e-06 6.001246586844197e-08 -4.267902208611547e-07
1.438073834047974e-07 -7.835293886770407e-07 1.574822101560450e-06 2.078141344466699e-05
2.442196345187468e-07 -9.309652915922851e-07 -5.271309019515086e-06 -6.350471916496110e-06
2.567608982501158e-07 -6.629404276475580e-07 7.633467855778109e-06 -4.865292740728681e-06
9.292002984710697e-07 -2.133853095544721e-06 -2.050180798393503e-06 -2.632398719603237e-07
7.935658466595112e-07 -1.853643175429056e-06 -1.884923772469674e-06 9.979253385482815e-07
7.080597872455058e-07 -1.574341858326108e-06 -6.641062952683114e-06 7.855815221791106e-07
1.318440169314925e-06 -1.628546926972067e-06 -4.485809229844069e-06 6.324343428677438e-07
1.541927574645797e-06 -1.337288975427095e-06 -2.973987165755335e-06 -3.410624659337314e-06
3.415804117109150e-07 -7.982291544982693e-07 -6.266847247346322e-06 -9.711591103319828e-06
4.561530857816829e-07 -9.518912384336691e-07 4.971631404329470e-06 6.329491075612427e-06
4.513444306165614e-07 -6.298081039350444e-07 -1.195446588640115e-07 3.007487542321722e-06
9.441208350998408e-07 -1.566938564534447e-06 -2.241444095295215e-07 3.024663252401971e-06
6.500827698045189e-07 -1.325000512627337e-06 -9.973326515504349e-06 -3.083965563843919e-06
6.264175875632928e-07 -9.887294699518823e-07 3.222943170103036e-06 4.585662651052037e-06
6.375329677400473e-07 -1.007439870553176e-06 1.778514593578541e-06 1.085072675493680e-06
6.328645700392346e-07 -1.071637091324995e-06 -5.876042582823172e-07 -2.210253617977883e-07
1.166140680849946e-06 -1.307584635962246e-06 -2.351844482393747e-06 4.394513879633952e-06
1.366412619540838e-06 -1.121944304223182e-06 -5.761383836276969e-06 4.810948134832119e-07
5.470843555264322e-07 -8.193098104731447e-07 -7.125138692574038e-06 1.305920565964602e-06
6.411146145705221e-07 -6.061741189619890e-07 -5.337596962650702e-06 1.450782786503412e-05
8.260744025822728e-07 -1.140057175755801e-06 -9.813681226995406e-07 4.804822415271666e-06
6.665102771305580e-07 -9.095184342056654e-07 -9.795782207157474e-07 -1.483702761078621e-06
6.928482671995940e-07 -9.814753098594424e-07 4.023156439734419e-07 -1.034828425426183e-06
1.069424799196386e-06 -1.051908374024095e-06 -3.915562524588924e-06 4.218956450462100e-06
1.238526618703268e-06 -9.270529913257232e-07 -2.145249079000348e-06 1.431072940168079e-07
7.037297613536154e-07 -7.144920320695428e-07 7.056295029165464e-07 3.566051524508334e-06
7.176866636036722e-07 -5.849033086108853e-07 1.584174925852326e-06 4.256906249735535e-06
8.797940655888934e-07 -8.254299937663043e-07 -4.576239430163413e-06 -3.306005762666473e-06
1.180502020045716e-06 -7.658416051702523e-07 2.283550280528239e-06 5.520338298643029e-06
1.135208360828916e-06 -6.274535402564613e-07 -8.062142238351575e-06 5.147557543006212e-07
8.209111746702779e-07 -6.119207967038724e-07 -3.153237518626708e-06 -7.686642508043797e-06
7.621287603680315e-07 -5.473531355256398e-07 4.040240520979138e-06 -4.507158676408163e-06
8.219856881529341e-07 -4.442317034752985e-07 8.541791115362708e-06 -2.617494817119207e-06
1.018189349010905e-06 -5.947179834247028e-07 -4.374240492059039e-06 -1.876330187817234e-06
8.965839878374859e-07 -3.760207802978727e-07 2.044807847027263e-06 -6.875361995554057e-06
1.110917181468074e-06 -5.096687522853981e-07 -1.393601806990864e-05 6.937047204919038e-06
9.209496721612621e-07 -4.287129772762209e-07 -4.703675918838155e-06 6.143591820682885e-07
1.038323924438612e-06 -4.320840809899900e-07 2.613467266305701e-06 -2.959917045162052e-06
9.678835071719067e-07 -3.309645950283677e-07 -8.744640935724524e-06 -1.092715037927237e-05
1.096766953341827e-06 -4.218662039808442e-07 -1.106887622858640e-05 -8.448808784835396e-06
1.070569054208457e-06 -3.737812167700591e-07 1.586637423673106e-06 -6.244622554360616e-06
1.033083646976639e-06 -3.525378950443795e-07 -2.966466230634996e-06 5.365786173541401e-06
1.009107707518016e-06 -3.472137462339548e-07 2.590501090114994e-07 -1.460650418723714e-05
1.040458577014866e-06 -3.407262130143433e-07 -5.867606408295929e-06 -6.645356339252375e-06
1.068039741325654e-06 -3.616939389385181e-07 -9.916928695105743e-06 -3.996769762388747e-06
1.069518588565575e-06 -3.495620036747692e-07 -1.164090534840582e-06 2.010503854687983e-07
1.066565478676518e-06 -3.458460412456724e-07 -8.647494137048525e-06 -2.185108724334064e-06
1.065680499511616e-06 -3.772686181477879e-07 -1.228702510467420e-05 -5.343599744188495e-06
1.042410155054233e-06 -3.379217252717971e-07 -2.167454017623292e-05 -6.935754326515555e-06
1.049854972274004e-06 -3.577253494523974e-07 -2.946596329430873e-07 -5.543319281829932e-06
1.072824368904825e-06 -4.230937005153471e-07 -1.940323619167139e-06 -9.115031536430082e-06
1.045196247320726e-06 -4.578902981653709e-07 -5.234495563778535e-06 -7.268052562588064e-06
9.957842220421295e-07 -5.141664472657253e-07 -8.861559346295346e-06 -4.293619940175847e-06
1.000852393527858e-06 -3.657611655134100e-07 1.304427732540682e-06 -2.742492183874816e-06
1.005540298264478e-06 -3.276144469474020e-07 -2.565825330627108e-06 -6.674258561416620e-06
1.013422482475974e-06 -4.275088005296791e-07 -5.901725442888832e-06 -4.523543158214705e-06
9.319299792182630e-07 -5.704546400003508e-07 -5.365038912850753e-06 -6.324515774156380e-06
8.431029623819484e-07 -6.143136477871777e-07 -2.669181366373000e-06 -7.791219736089207e-06
9.442175335534681e-07 -3.761446600738855e-07 -7.901126022155542e-06 -1.501518412873438e-06
9.348716675695801e-07 -3.142853563051031e-07 -6.737404870222388e-06 -9.411573393209609e-07
7.344378234631891e-07 -6.364743616970902e-07 -8.762447675278023e-06 -5.228764833309740e-06
8.652545953440464e-07 -4.643388228163230e-07 -7.817081534666815e-06 -5.284513206903243e-06
8.461599676194481e-07 -2.964670163057370e-07 -1.028992528457099e-05 -2.107164873690026e-06
7.185294777457298e-07 -4.825941650252330e-07 -7.990150057262981e-06 -8.065985902302875e-06
5.968083717128849e-07 -6.665918598404103e-07 -6.170409707648064e-06 -1.679348226156010e-06
7.436146763908503e-07 -2.816260044202233e-07 -5.232010727312086e-06 -6.087814862873830e-06
3.654453514764893e-07 -7.051848254767831e-07 -1.169925410398851e-05 -7.492971225875181e-06
5.612333949206640e-07 -3.831190897609400e-07 -1.142359920491024e-05 -3.580098358382647e-06
5.960926955848130e-07 -2.546335232733748e-07 -1.080143581338246e-05 -3.262652566084536e-06
5.134035319775765e-09 -7.622605043255805e-07 -1.078603548504925e-05 -6.086642658058655e-06
2.026614259011442e-07 -4.482032599607285e-07 -1.071294471303293e-05 -4.688561539491267e-06
3.788677655388931e-07 -2.203500999428175e-07 -1.095228593586794e-05 -5.724242829419211e-06
-5.964682700267975e-07 -8.237279909008251e-07 -1.602615111517332e-05 -6.415527910480598e-06
-2.777208774092599e-07 -4.660024211767752e-07 -1.517685612994929e-05 -4.561308882383012e-06
-2.735545669220403e-09 -1.693680193735156e-07 -1.268523647263789e-05 -1.550017049881411e-06
-1.313076184227472e-06 -8.767441629439044e-07 -1.874136322939607e-05 -5.096950214298294e-06
-9.386591541242240e-07 -4.687167593312701e-07 -1.714376156333640e-05 -4.557717425445840e-06
-5.888540784427966e-07 -1.085652345781648e-07 -1.611180608376806e-05 -2.699266409813906e-06
-2.144930802542373e-06 -9.480318750586549e-07 -2.160895486395093e-05 -6.555805621551613e-06
-1.707687424016293e-06 -4.699265978581927e-07 -1.937905686290780e-05 -4.547660345701671e-06
-1.316111988578773e-06 -5.892001387414046e-08 -1.829221557742934e-05 -3.790624065562735e-06
-3.055812800800675e-06 -9.943737409860702e-07 -2.471812208935360e-05 -6.970820637623531e-06
-2.588421880225405e-06 -4.821522793748740e-07 -2.378922276051577e-05 -5.052379484063697e-06
-2.137433307398043e-06 -5.254664533784784e-09 -2.141804367871562e-05 -2.361738787310538e-06
-4.038268934154338e-06 -1.019073196185469e-06 -2.843484249404563e-05 -7.283897161876593e-06
-3.537741242888681e-06 -4.757926865993858e-07 -2.641816987062419e-05 -4.721393408088684e-06
-3.061661298301581e-06 3.458946802635222e-08 -2.529678912009167e-05 -2.649398783944675e-06
-5.110892750224977e-06 -1.071910061381959e-06 -3.077350583998983e-05 -6.020951193281883e-06
-4.555257715873070e-06 -4.783604829293601e-07 -2.972889445549881e-05 -4.577332587756349e-06
-4.035341829082139e-06 6.573173311184937e-08 -2.852809490794131e-05 -1.999283953119841e-06
-6.261896068069723e-06 -1.112907226359336e-06 -3.641468236182880e-05 -6.475823482490038e-06
-5.677003168246100e-06 -4.822204739452211e-07 -3.299808618684605e-05 -5.291848113133947e-06
-5.109422604934272e-06 1.117575919147394e-07 -3.001122958218696e-05 -4.415394695764751e-06
-7.454251932589443e-06 -1.133546915480296e-06 -3.785314127666430e-05 -7.678455230637628e-06
-6.852098762040218e-06 -4.836182911728001e-07 -3.810776694701226e-05 -5.265316156179601e-06
-6.262615114124339e-06 1.471077698859570e-07 -3.668903946982612e-05 -3.126665787245877e-06
-8.685640548773617e-06 -1.147122900916076e-06 -4.254384468615298e-05 -7.761046459539801e-06
-8.064046969985934e-06 -4.821588967665365e-07 -3.895685560713459e-05 -4.656773591791342e-06
-7.453965329984855e-06 1.659017118792686e-07 -3.846258187406487e-05 -2.769517714318828e-06
-1.137271028695432e-05 -1.088463500012299e-06 -5.216330411938606e-05 -9.471007636933976e-06
-1.119328548475078e-05 -1.162466437317687e-06 -5.080254910541915e-05 -9.708847257475154e-06
-9.245105873818597e-06 -4.812442006523280e-07 -4.562927073354354e-05 -4.426883166348324e-06
-9.936433526958682e-06 -1.154761161202618e-06 -4.715949882648121e-05 -5.660154720983311e-06
-8.686040003325787e-06 1.847910812915688e-07 -4.194873536354963e-05 -8.453185770453074e-07
-1.144701627291358e-05 -9.093910983687027e-07 -5.276399272310201e-05 -8.542603708557392e-06
-1.102112652366334e-05 -4.856184385135640e-07 -4.920969144922198e-05 -5.283525902682667e-06
-9.935081891407147e-06 1.880981511883297e-07 -4.708469607046888e-05 -3.872478636118601e-06
-1.144564063432409e-05 -6.272737364044274e-08 -5.297559428182781e-05 -1.975822814736257e-06
-1.119173925317618e-05 1.904298084129288e-07 -5.097326019851950e-05 -6.859791353171271e-07
-1.137123245301782e-05 1.163670151326925e-07 -5.237372605997876e-05 -9.657159093198108e-07
