-1.339586354426249e-04 1.813676962022180e-05 -1.858534620978706e-05 1.870678459403273e-06
-1.344968966566250e-04 1.683858465332792e-05 -1.875925741945077e-05 1.495017970535779e-06
-1.344955242228130e-04 1.071474065920189e-05 -1.864315516123744e-05 -1.659221675080094e-07
-1.339570491787886e-04 9.415872117080852e-06 -1.846679934362813e-05 -5.003717705986343e-07
-1.326593722620073e-04 1.867415890579655e-05 -1.816703202666083e-05 2.010543625224719e-06
-1.302210619654568e-04 1.377524372706431e-05 -1.756099678173264e-05 6.106159862752556e-07
-1.326573230864662e-04 8.878058566809148e-06 -1.806394979753569e-05 -6.214521643921804e-07
-1.235207188689873e-04 1.865874494996672e-05 -1.675558717014154e-05 1.743730833945368e-06
-1.235170167323623e-04 8.880788761189751e-06 -1.689520534410295e-05 -2.572724388467555e-07
-1.184819421011484e-04 1.376689747612535e-05 -1.692970072135573e-05 9.496873393452010e-07
-1.143945800786295e-04 1.865297291021564e-05 -1.603184689061554e-05 2.959771922322501e-06
-1.143968556904403e-04 8.883934127332718e-06 -1.603457913574229e-05 -9.888422297649319e-07
-1.098364359288234e-04 1.377075658318264e-05 -1.435425039674265e-05 1.030210034091632e-06
-1.052861596044512e-04 1.864079677046077e-05 -1.355066235913172e-05 2.034295471638797e-06
-1.052892928777976e-04 8.907505235349981e-06 -1.280415494160827e-05 -7.916937130020000e-07
-1.007446690304939e-04 1.377676427471530e-05 -1.270712632751825e-05 4.116417628864873e-07
-9.622003597478021e-05 1.861018561997859e-05 -1.200577704107045e-05 2.263242659299793e-06
-9.622165569692297e-05 8.945832529731528e-06 -1.187609366362094e-05 -9.869698804386577e-07
-9.170689108305482e-05 1.377804342424261e-05 -1.158211003764699e-05 1.019954737081180e-06
-8.722548503146178e-05 1.855838098921673e-05 -1.123227500298173e-05 2.494930591149316e-06
-8.722369935011188e-05 8.994251257536584e-06 -1.054614505690106e-05 -3.466552898017886e-07
-8.275724460078885e-05 1.377489444821319e-05 -1.025460227298394e-05 7.046473429402139e-07
-7.832255251271444e-05 1.850559501200263e-05 -8.970451985637459e-06 1.861219860515365e-06
-7.832673771906949e-05 9.048140104952436e-06 -8.573178659826512e-06 -3.303227754728427e-07
-7.391471278950611e-05 1.377985478754386e-05 -7.197143994263696e-06 8.559072853521691e-07
-6.955888852391853e-05 1.842837274451749e-05 -6.651141920835511e-06 -5.166362422132733e-07
-6.955851929169938e-05 9.132926727953508e-06 -6.794262192079467e-06 2.902025405003759e-06
-6.523338448262710e-05 1.378091170737439e-05 -6.276593401894818e-06 9.500424047889345e-07
-6.097658184936743e-05 1.831788559343730e-05 -6.167906015438268e-06 -6.525135585292000e-07
-6.097653786822508e-05 9.242608672305533e-06 -6.195126502633207e-06 1.737457242945291e-06
-5.675461772848777e-05 1.377911477076805e-05 -6.731305720958958e-06 7.330269961263758e-07
-5.261169397421225e-05 1.818802683605804e-05 -6.267489557899911e-06 2.016206865609108e-06
-5.260954753131012e-05 9.366081221630904e-06 -5.411046479091718e-06 -1.736477291710207e-06
-4.850577182985343e-05 1.377597686720065e-05 -3.978457855908745e-06 3.491339772185046e-07
-4.449053617819759e-05 1.803951984228434e-05 -1.506776693031509e-06 2.562747682148567e-06
-4.449034512148474e-05 9.512477131149396e-06 -3.687011590071830e-06 1.029135594008050e-06
-4.068412406285560e-05 1.377543030827087e-05 -2.433072710375194e-06 2.713955866396831e-06
-3.698505563116798e-05 1.786491524446764e-05 -4.866470603267898e-06 8.058234698003282e-07
-3.698202688812261e-05 9.691777614232997e-06 -2.186987778181971e-06 1.440209156900518e-06
-3.423654521256882e-05 1.408313531481186e-05 -3.966789901127975e-06 -5.300993805557164e-07
-3.152150882073819e-05 1.771719814765155e-05 -1.412747922826402e-06 1.746078948857938e-06
-3.151900031410022e-05 9.844864777477061e-06 -4.005665021837946e-06 -8.692445740021899e-07
-2.769331336495383e-05 1.758315896927330e-05 -2.354040052839307e-06 2.668213145527815e-07
-2.839803271401234e-05 1.509170923773773e-05 -1.221395558649833e-06 2.235363655508257e-06
-2.769208865024083e-05 9.949669490698720e-06 9.907928210889374e-07 -6.165984220887459e-07
-2.499788047500071e-05 1.005571669468069e-05 -6.912569475790531e-07 3.993209186178752e-07
3.686375959477169e-06 5.915018059115689e-07 2.144810574248931e-05 -4.002405385255663e-05
3.760956271116705e-06 3.520782882732634e-07 3.236511190562167e-05 -4.309012163047868e-05
3.760152193790988e-06 -1.523068147748722e-07 2.058865336174473e-05 2.601871960915448e-05
3.691348592425205e-06 -3.859404206016636e-07 -2.213459341239641e-05 -1.481442066902763e-05
-2.498718327702943e-05 1.749246866073434e-05 -4.195868248462351e-06 -2.904552071314008e-07
-2.260553147122784e-05 1.727303382199294e-05 -1.295010155038598e-06 1.471351707569466e-06
-2.441731582718653e-05 1.285185657019833e-05 -1.157110800280642e-06 2.684448013625303e-07
-2.257314509638969e-05 9.956195192180930e-06 -2.461211450857603e-06 4.774876327915501e-07
3.493806490512316e-06 7.010984178634765e-07 -4.534366690506245e-05 -1.233048394747761e-05
3.202722770604811e-06 1.596083514970906e-07 3.277250859919876e-05 2.962474139038579e-05
3.501906123693331e-06 -4.870488339270680e-07 -8.252299977218121e-05 -4.479872246510667e-05
-2.182541832920225e-05 1.500009441180024e-05 -1.273292467595930e-06 -1.009738268931457e-07
-2.030166440453175e-05 1.676969334725945e-05 -2.887929216320235e-07 1.872727629099531e-06
-1.812898670232324e-05 1.604546988830010e-05 -1.858541721863118e-06 1.345559943706455e-06
-2.110843500964578e-05 1.194190299472549e-05 -2.351851048771907e-06 1.341795399317066e-07
-2.031223006758718e-05 9.488300398389585e-06 -2.404426225036665e-06 7.439556814157337e-07
2.278230338055236e-06 7.031655315075382e-07 -2.062305779694717e-05 -9.367154110935481e-06
2.311181732544362e-06 -5.049787820183626e-07 8.180643051914445e-06 -8.975920952511525e-06
1.681346312908189e-06 1.426424887342084e-07 1.717432032203896e-05 3.939689696852758e-06
-1.612217116278544e-05 1.507201982296069e-05 -2.438336479666609e-06 1.666361818988957e-06
-1.782108025203861e-05 1.375961507457182e-05 -2.181328028424735e-06 8.830462082633656e-07
-1.856469697300334e-05 1.095614381677728e-05 -2.359881568183910e-06 1.168967089597462e-06
-1.825834975579202e-05 8.689078111924443e-06 -3.469617170648056e-06 1.064974058697959e-06
1.018255033209107e-06 8.105891413974884e-07 -2.445543948030965e-06 8.247971176628699e-06
9.819946324359711e-07 -6.005586962055167e-07 -1.062074716887569e-05 9.579844884520037e-06
2.462285242973064e-07 1.335461590358766e-07 7.730315117968488e-06 -1.857575918698446e-05
-1.427464309335572e-05 1.392455615363690e-05 -3.212127706201799e-06 4.028005912762937e-06
-1.264090787642146e-05 1.262202382648173e-05 -9.552245622119424e-07 1.200813841071307e-06
-1.601032110316059e-05 1.053959344151733e-05 -2.299270142299574e-06 2.805617378423184e-06
-1.645207228785874e-05 7.575943981342472e-06 -3.349011717076322e-06 -1.427261386536949e-06
-6.402252243827441e-07 1.032022655129535e-06 -8.018052367223551e-06 1.133127103045163e-05
-6.269414971355756e-07 -8.474134188780734e-07 4.939767799103265e-06 1.466171152404419e-05
-1.305933337135317e-05 1.066996870247630e-05 1.789286040494009e-07 -4.678934846824383e-07
-1.122261743128331e-05 1.115878562894490e-05 -1.252170707879012e-08 -1.944627356725428e-06
-1.374433836585510e-05 8.529407416534024e-06 8.164249736612802e-07 -6.300010635197146e-07
-1.493191605037786e-05 6.240185112435441e-06 -1.267979622951327e-06 -1.992590037750087e-06
-1.588861548689101e-06 1.283547066065891e-07 -3.426012682254882e-06 -2.460665903048687e-05
-2.737067718412528e-06 1.383205307462062e-06 1.288303947869506e-05 1.121075584633686e-05
-2.735860987058723e-06 -1.161602395673644e-06 -4.396047010248554e-06 1.221855759973399e-05
-9.989390883367197e-06 9.592529068200726e-06 5.575427112325040e-07 -1.753163268948632e-06
-8.999836751182731e-06 7.987519042413997e-06 -8.890997861407987e-07 5.440220878655230e-07
-8.237769832230013e-06 6.304723360169835e-06 -2.267638038430481e-06 1.331230672737472e-06
-1.236422605759235e-05 6.652039834703818e-06 -5.094201808617614e-07 6.138756228253233e-07
-1.372923052542319e-05 4.763811078057971e-06 8.132482804971159e-07 -1.483215864858908e-06
-3.644020846877948e-06 1.190729164023341e-07 -1.464029401555908e-06 9.561633747765323e-06
-4.756838595132487e-06 1.729395487150599e-06 -5.797163422913371e-06 -1.692799712016660e-05
-4.741449402789845e-06 -1.506171415886785e-06 -3.014304112720657e-06 -1.000273287371922e-05
-9.906538236138616e-06 6.291978376017099e-06 7.806631532878955e-08 2.457881308443283e-06
-7.672436719091917e-06 4.599982299148674e-06 -3.480851016995705e-06 -2.422221367312180e-06
-6.570308892924345e-06 2.021625230663351e-06 -3.456017751847953e-06 -6.134832320134385e-06
-7.091456122731606e-06 2.308266137000928e-06 -3.714162352416644e-06 1.093078312050072e-07
-7.359394042824037e-06 2.895248150971082e-06 -5.146955922169155e-06 2.456075367351194e-06
-1.141209069187156e-05 4.554740508620350e-06 -3.439912992716480e-06 -7.912992591478695e-07
-1.282998570037409e-05 3.214691693764530e-06 1.628669498799661e-06 1.897979579591923e-06
-5.754423469442273e-06 3.658952436539014e-07 6.879752533824338e-07 3.381084619315853e-06
-6.613795140905896e-06 -1.732004824564826e-06 1.514225472894321e-06 -3.442888807274112e-06
-8.829935410591670e-06 3.405183047104737e-06 1.399607550659495e-06 7.186263383126645e-08
-7.137125997735516e-06 1.162024063736597e-06 1.193020879972683e-06 4.197479595687633e-06
-7.759055686211874e-06 2.101053041473701e-06 -1.528681879264852e-06 3.876578000656544e-06
-1.074012889272868e-05 2.728835977654521e-06 -3.488280994103034e-06 -3.298741112761803e-06
-1.225943842084716e-05 1.646910266897602e-06 1.750366966954358e-07 3.438555373448026e-06
-7.194568021548127e-06 -6.652538363315336e-07 -8.694628633334923e-07 3.728765688809386e-06
-7.151293527086498e-06 -2.009454421141866e-06 -1.892026219298242e-06 3.447766749357977e-06
-9.193189848302325e-06 7.500679721224485e-07 -3.162487108603577e-06 -4.341722440138714e-06
-1.205580254073435e-05 1.025146773242515e-07 -3.376854782106675e-06 2.587883459730951e-06
-1.215962698152800e-05 -1.408973156189900e-06 -4.327549738047381e-06 1.765877645356533e-06
-8.295778728216635e-06 -1.667606842110766e-06 2.660263537803299e-06 6.539676305760352e-06
-7.475021850705837e-06 -2.595193645175750e-06 -3.099996868887160e-06 8.393045007146668e-06
-7.867143461145515e-06 -4.177924100448490e-06 -7.086675744834476e-06 -3.204653688263932e-07
-1.066618382094022e-05 -1.617969614695909e-06 -1.270930533119129e-06 1.246075294258025e-07
-8.439130511261136e-06 -5.680782480436023e-06 -5.560232333153050e-06 -2.896624024687398e-06
-1.257324979041538e-05 -2.926220198026754e-06 -2.778414743936819e-06 2.776433914463268e-06
-9.287196006036118e-06 -4.241483751057773e-06 -1.887520854998347e-06 -4.661880893031524e-06
-1.137122607947902e-05 -4.356895420909168e-06 7.937231818960280e-07 -3.060644908510053e-06
-9.186619248397213e-06 -7.105123924244354e-06 2.879839893523801e-06 5.262262771477440e-07
-1.326409051650689e-05 -4.363137201630235e-06 8.699033316370189e-07 1.185810982831248e-06
-1.265887869875569e-05 -5.755396963377046e-06 1.119246465051991e-06 -9.811420437106665e-07
-1.125511961374008e-05 -6.619062258326220e-06 -2.029100189663903e-06 1.288589854422550e-06
-1.009596890998587e-05 -8.438964457470174e-06 -7.605462296859401e-07 -1.318405544188903e-06
-1.115346466471366e-05 -9.668268832755581e-06 -3.988017276949532e-07 -1.406659619299371e-06
-1.420796109602498e-05 -5.674833237356206e-06 6.815778049544611e-07 -1.495725219491228e-06
-1.350949352485345e-05 -7.299534156868343e-06 -2.723814337277297e-07 1.050433075106108e-07
-1.269265502054626e-05 -9.178870423728102e-06 -8.259835186854438e-07 -8.760334051509178e-07
-1.234648158517873e-05 -1.077366309407261e-05 2.372328704551979e-07 -7.226720890025615e-07
-1.537137975915459e-05 -6.816219055420527e-06 -1.168152057804793e-06 -3.009049180146669e-07
-1.501472179539296e-05 -9.168016894279020e-06 -1.605634760974584e-06 -2.412835101911728e-06
-1.366916766756163e-05 -1.173591474807948e-05 -1.725590249384251e-06 2.256340609202145e-08
-1.508531212661941e-05 -1.253746393527294e-05 -2.007450193927655e-07 2.326668084426014e-06
-1.658623518408234e-05 -1.317850853590735e-05 4.460881317940098e-07 1.613600619238498e-06
-1.671935806505321e-05 -9.663358444929253e-06 1.583734291763266e-07 -4.325725395988515e-07
-1.671324823722205e-05 -7.748265695334513e-06 -1.688881677418467e-06 -9.747143243929357e-08
-1.638021906598413e-05 -1.155281560158794e-05 9.838962527339955e-07 1.006991724129410e-06
-1.815711124509341e-05 -1.364403768939879e-05 6.819244697125710e-07 3.084890545916790e-07
-1.977938677917067e-05 -1.392896197410340e-05 -8.238277235301133e-07 -7.620552745115418e-07
-1.807104527286778e-05 -1.008746463437260e-05 6.134470668571731e-07 2.614228109300837e-07
-1.819694699082087e-05 -8.432596543777185e-06 3.099691703120638e-07 1.689761486869842e-06
-2.142517992753604e-05 -1.402655168841722e-05 -2.715659625698350e-06 -7.049472291532633e-07
-1.959645624645814e-05 -1.161624888630228e-05 -4.469971887812269e-07 -6.160611458932899e-08
-1.978144182043476e-05 -8.850337727290573e-06 -9.165234458483051e-07 3.067197869485178e-07
-2.178828641950692e-05 -1.186275903929380e-05 -2.646248020950331e-06 -7.787181893154690e-07
-2.323482796980550e-05 -1.403014972923054e-05 -5.807964202160135e-07 6.491710074120105e-08
-2.142277187353734e-05 -8.991396571183126e-06 -2.893569718377392e-06 -1.496991697813152e-06
-2.572750930088130e-05 -1.403239947570260e-05 2.507053946649258e-06 3.197411972315389e-07
-2.375986561255857e-05 -1.063415214964025e-05 -9.203794536016628e-07 -1.204449519123431e-06
-2.323487636556687e-05 -8.988559944781724e-06 -1.612280188524175e-06 -2.132233179811712e-06
-2.915836429232841e-05 -1.403367846788216e-05 -1.221193493110497e-06 -8.993502658037153e-07
-2.745931025776603e-05 -1.131117339688664e-05 1.640180254073545e-06 7.762364237816869e-07
-2.572717266802246e-05 -8.984968980915212e-06 4.381905888367493e-07 -1.016062701224676e-06
-3.368035018918855e-05 -1.403465666618242e-05 1.649989372692651e-06 -1.187082568026709e-06
-3.142014256240619e-05 -1.151299512385389e-05 3.589174693786486e-08 -1.028020512916895e-06
-2.915510658739017e-05 -8.984345069069277e-06 1.963723244676709e-06 4.472254395401907e-07
-3.839293423017146e-05 -1.404030488278542e-05 2.389119674226138e-06 8.025019089318707e-07
-3.603641469018697e-05 -1.151532132511402e-05 1.624810212995049e-06 1.699115873311136e-07
-3.368189144302204e-05 -8.993708270963490e-06 -1.480616247205325e-07 3.903890911425551e-07
-4.310805555844935e-05 -1.405365993630924e-05 2.242707719432866e-06 -1.024240389030304e-06
-4.074615676075696e-05 -1.151874175088448e-05 2.851378670906696e-06 2.516389085191470e-07
-3.838958528106534e-05 -8.993914646059991e-06 2.553338454744876e-06 -1.196525124256962e-07
-4.783796707569779e-05 -1.405669407496845e-05 2.373481852120878e-06 -6.428844526648054e-07
-4.547318016543089e-05 -1.151920410026392e-05 2.552534812351438e-06 -6.360002521975434e-07
-4.310892449698188e-05 -8.983053218580530e-06 3.093183768975107e-06 7.296717687735260e-07
-5.256425292660428e-05 -1.406489707898370e-05 2.294945670594071e-06 1.465213095941969e-06
-5.019941100504451e-05 -1.152391309605635e-05 1.517010830363194e-06 -2.536429663417127e-07
-4.783562283508016e-05 -8.986803065666729e-06 2.091340617923158e-06 -2.028829135972340e-07
-5.730944534883832e-05 -1.407382553657569e-05 2.427212621823738e-06 -1.977917778912612e-06
-5.493228033329018e-05 -1.152393761045697e-05 3.161921635893834e-06 3.032521169156275e-07
-5.256477316947392e-05 -8.983244836693522e-06 1.735069354605452e-06 -1.267486241708490e-06
-6.208419071992849e-05 -1.407751723578781e-05 3.736239578777238e-06 -4.196973999253728e-07
-5.969402968503037e-05 -1.152301543450181e-05 2.775359629314224e-06 -9.652338055588766e-07
-5.730880968724503e-05 -8.973762215424819e-06 3.592139156182356e-06 1.319724031089473e-06
-6.687353183430306e-05 -1.408738196046604e-05 3.149584859572685e-06 1.233574969799267e-06
-6.447793999345623e-05 -1.151727295236381e-05 3.122584624617026e-06 3.230067152598725e-07
-6.208780665312204e-05 -8.962402848090466e-06 2.494422348744174e-06 -2.679809869616828e-07
-7.167957691422804e-05 -1.410684674424279e-05 4.900493916068298e-06 -1.484914559740159e-06
-6.926927528955758e-05 -1.152059031694133e-05 4.443196909283894e-06 -8.147798942754936e-07
-6.687116372220013e-05 -8.949454620882559e-06 4.186767276097326e-06 -1.559042400867300e-06
-8.203095985009865e-05 -1.382467566850354e-05 7.167836176491116e-06 2.313282792954039e-06
-8.134347748986209e-05 -1.410898696896636e-05 6.272425384423986e-06 2.520369493510206e-06
-7.384474086677913e-05 -1.152256535933115e-05 5.496687552901922e-06 -4.272285700799626e-07
-7.651381365421360e-05 -1.410557343366451e-05 7.225232507778270e-06 1.730642741323496e-07
-7.167870938780737e-05 -8.937315667393074e-06 4.427832595818398e-06 1.776337503100826e-09
-8.231575667740841e-05 -1.313776233363905e-05 7.548228831377331e-06 1.589794605061444e-06
-8.068888071180849e-05 -1.151751765045478e-05 5.581473162685581e-06 -8.779549402257285e-07
-7.651575254450999e-05 -8.935861354076532e-06 7.407371092258397e-06 -8.978356602304060e-07
-8.231585773705331e-05 -9.896921713640424e-06 7.824444558547992e-06 -3.651954741285938e-06
-8.134415463272004e-05 -8.926522489173171e-06 6.612304085341982e-06 -4.522951375292924e-06
-8.203122146134124e-05 -9.210551459691732e-06 7.471758398359169e-06 -4.343951733675672e-06
