-9.658043672360379e-05 1.347669142214932e-05 3.707348340100267e-05 -6.458239731829341e-06
-9.696069646055273e-05 1.255700698558538e-05 3.726935839277750e-05 -5.588831172525477e-06
-9.695910346688872e-05 8.227043279630779e-06 3.682888415275078e-05 -4.626301911158625e-07
-9.657876709325087e-05 7.307659422653615e-06 3.663390727776314e-05 1.482161629672105e-07
-9.566202896024675e-05 1.385802546308820e-05 3.645341484684697e-05 -6.814111162004402e-06
-9.393800131793123e-05 1.039164297547310e-05 3.582940198008104e-05 -3.213646845502683e-06
-9.566043460132819e-05 6.926454473615917e-06 3.612532093603495e-05 3.635725530369931e-07
-8.917549769189990e-05 1.387182982656512e-05 3.780323094263715e-05 -5.415202664982505e-06
-8.917480934849783e-05 6.910875554181464e-06 3.788220097718313e-05 -2.692458246925312e-06
-8.558513114078636e-05 1.039035507789206e-05 3.530898036371837e-05 -3.710323542459508e-06
-8.267018636154704e-05 1.387849424958891e-05 3.394985460338990e-05 -2.044940615268942e-06
-8.267124278207057e-05 6.903811386629248e-06 3.373870383968377e-05 -4.582056725514271e-06
-7.941692276277888e-05 1.039232651281209e-05 3.332340934587132e-05 -2.823749706801235e-06
-7.616190322167595e-05 1.388079304513371e-05 3.102317005053992e-05 -4.866962423899255e-06
-7.615967935513993e-05 6.905332935749163e-06 3.231126229264658e-05 -1.391810923024378e-06
-7.290516359634099e-05 1.039207014447902e-05 2.953644579578856e-05 -3.522283234667778e-06
-6.965577955575924e-05 1.386482970401967e-05 2.846594831335815e-05 -5.410046825791255e-06
-6.965644557530507e-05 6.920930286923283e-06 2.894031980938142e-05 -2.942925672947000e-06
-6.640783045636416e-05 1.039438247612559e-05 2.980784701636775e-05 -4.142802829538710e-06
-6.316904339961268e-05 1.385520154960561e-05 2.805044167043868e-05 -5.092535862811418e-06
-6.317013610899387e-05 6.937535280685294e-06 2.758074487710493e-05 -1.951333539308205e-06
-5.994355776914379e-05 1.039522428895325e-05 2.619834021806931e-05 -3.007356388415455e-06
-5.673398231134627e-05 1.382565728277394e-05 2.399410223055637e-05 -5.941066080583527e-06
-5.673158647699072e-05 6.958105370019952e-06 2.629085951400771e-05 -2.398883748266193e-06
-5.352925470874883e-05 1.038895161622046e-05 2.299116805840023e-05 -3.657332120003209e-06
-5.035476155041132e-05 1.377827005050133e-05 2.142935182157304e-05 -3.840304542327363e-06
-5.035340598701489e-05 7.001271608388892e-06 2.012909629458182e-05 -8.554031915688658e-07
-4.719706870782674e-05 1.039137256684638e-05 1.998589479720567e-05 -2.706333827488628e-06
-4.408289511573144e-05 1.371685348534801e-05 1.849181723429747e-05 -3.836618987466424e-06
-4.408219231901364e-05 7.064787509122607e-06 1.901345638254196e-05 -4.131656629709261e-06
-4.099252257375582e-05 1.038917787315988e-05 1.789427535820634e-05 -4.259364417250261e-06
-3.794618815682677e-05 1.363219321571347e-05 1.724898863045500e-05 -5.574413103607950e-06
-3.794911713556126e-05 7.147950465887009e-06 1.560084563028900e-05 -1.128801624240042e-06
-3.492455753876070e-05 1.039056643840823e-05 1.147713092312780e-05 -3.119905609300622e-06
-3.196790817843092e-05 1.352363127448308e-05 8.066846648467457e-06 -4.798935149231646e-06
-3.196393874356193e-05 7.251577499794362e-06 1.042182645718971e-05 -2.798988974978848e-06
-2.915648680688370e-05 1.038378231197168e-05 1.114897303131847e-05 -1.565162735753855e-06
-2.642844743472152e-05 1.338685941500385e-05 1.132203360522312e-05 -4.286386526119260e-06
-2.642309932424122e-05 7.378436216818571e-06 8.090283292385482e-06 -2.346772771151197e-06
-2.440846358945134e-05 1.060380859254379e-05 9.560473977054928e-06 -4.720472582476695e-06
-2.241901575245913e-05 1.326793716749709e-05 4.501692724730408e-06 -3.768382301056971e-06
-2.241667119224557e-05 7.496726830308902e-06 1.028466774658854e-05 3.359896606099310e-06
-1.961080592024124e-05 1.317383559558479e-05 6.077749373286016e-06 -6.585546388561352e-06
-2.012841483814850e-05 1.134702755240041e-05 6.517149916876083e-06 -6.620783899013444e-06
-1.960863680892791e-05 7.574501799659094e-06 2.911553010593905e-06 -5.497532687870034e-06
-1.762761241323397e-05 7.657006423389098e-06 7.165195057442063e-06 -9.061668355844114e-06
2.476254990473521e-06 9.644708575423521e-07 -2.331709926160637e-05 3.025655085934795e-05
2.499822954496202e-06 8.775191699084144e-07 9.715943687016750e-06 -3.967560053914805e-05
2.564490390286291e-06 4.360566474359301e-07 3.439634659892234e-05 5.496867260412584e-05
2.547017070868129e-06 2.990298451013949e-07 1.740165604637897e-05 2.285514722276876e-05
-1.761937989214661e-05 1.310069972001436e-05 5.429314125210893e-06 -4.761574212971246e-06
-1.587292066827539e-05 1.293721406223898e-05 5.401067804673919e-06 -4.642703115009785e-06
-1.719680025570149e-05 9.694511935000782e-06 6.839329653680549e-06 -2.279508638476312e-07
-1.585393454599563e-05 7.592247596692645e-06 2.706624981803659e-06 -7.153601687646662e-06
2.414957273664544e-06 9.992602889749568e-07 -6.822548733330256e-05 4.449842771532401e-05
2.133030278138849e-06 6.365691696748662e-07 1.490626560409293e-05 -2.967284303534286e-05
2.459018447179891e-06 2.397268329628476e-07 -1.673052907796187e-05 1.000544695918015e-05
-1.529943870425169e-05 1.126838865160819e-05 5.118752364603317e-06 -3.280940310817074e-06
-1.418238033620989e-05 1.256351884088832e-05 1.009308025497430e-05 -4.703362841650944e-06
-1.260144919603160e-05 1.202482305691618e-05 6.462595757079595e-06 -3.878205289372948e-06
-1.477946319030000e-05 9.039881295497846e-06 1.896595023766985e-06 -2.651220480654900e-06
-1.419302222114295e-05 7.245070552164360e-06 8.387329314907613e-06 -1.191553649477515e-06
1.593552934392372e-06 1.032064102032878e-06 4.317324244123361e-06 1.261657163328726e-05
1.594723082889624e-06 2.289112174077781e-07 -1.067179219278598e-05 6.508036428631581e-06
1.151273067538139e-06 6.325093883928076e-07 1.223952235578445e-05 -3.020396990107884e-05
-1.114976069101650e-05 1.130279251531284e-05 3.604694763723096e-06 -7.645040790583293e-07
-1.237272892732432e-05 1.036250489805834e-05 3.285001039398714e-06 -3.277498235972637e-06
-1.291797802611702e-05 8.317932077363778e-06 4.460379209591892e-06 -5.678094121559396e-06
-1.269675824970217e-05 6.670449332603315e-06 3.342805925296322e-06 7.967589503167059e-06
7.386941695338650e-07 1.093974241080478e-06 -4.943020001082569e-06 1.325474124273004e-05
7.313345502144164e-07 1.615962674838714e-07 -1.084223644112316e-06 1.965817257531872e-05
2.193802369037320e-07 6.536412333979853e-07 -8.590044039797076e-07 -3.103401028511459e-05
-9.816961494420142e-06 1.046561499696273e-05 3.934884574989181e-06 -1.981543260419999e-06
-8.627864983636459e-06 9.518993791687783e-06 -2.726190634912415e-06 -6.819941064873252e-07
-1.106138033067277e-05 8.019433197278453e-06 3.179702675794562e-06 -5.722369418611115e-06
-1.136925324249031e-05 5.867015139941159e-06 8.347282510182164e-07 1.175210546208007e-06
-3.721021433518352e-07 1.270514005487580e-06 3.707906227266007e-06 1.714814920738370e-05
-3.606449456234636e-07 1.554878292186200e-09 -3.316169315066850e-06 9.974261281841320e-06
-8.936125398379466e-06 8.103281636673791e-06 9.108156407927777e-07 -6.556186720756226e-07
-7.612347347713280e-06 8.456448205905246e-06 -2.105530289313589e-06 -3.022792750316747e-07
-9.432379983574639e-06 6.560207969440844e-06 8.555117415542013e-06 -4.179591769404240e-06
-1.027919706869301e-05 4.929219240974828e-06 -3.101849331515655e-06 -4.336141896686719e-06
-1.016070598815241e-06 6.594271952990522e-07 2.459288899560635e-06 -8.235469068662850e-06
-1.785605462543866e-06 1.510971435379924e-06 -6.015402125072423e-06 -2.031847286786409e-06
-1.779463656688376e-06 -2.216315906437842e-07 -6.422624168277116e-06 -1.665084540695272e-06
-6.733687099411762e-06 7.316053295745464e-06 1.200590511718475e-06 -5.674793433437309e-06
-6.035543735082958e-06 6.164360351328398e-06 -1.270095855465132e-06 -2.841813425569084e-06
-5.507780726859766e-06 4.961768262903227e-06 6.557739000046234e-07 -5.998418083673795e-07
-8.425072054447947e-06 5.211155121000067e-06 8.070002246939748e-06 -1.179093840277793e-06
-9.387058275325514e-06 3.852877081840911e-06 -4.744221576030350e-06 -1.263966808412667e-06
-2.393798715909668e-06 6.551184678600537e-07 6.223918555961734e-06 9.570293982397801e-06
-3.165172467930179e-06 1.756261058600555e-06 -4.633850702840527e-07 -5.245780759830686e-06
-3.160105593907037e-06 -4.512531592933275e-07 6.525374703974164e-06 -8.477802668583108e-07
-6.678638542539234e-06 4.952603829379500e-06 1.272713854317818e-06 -1.023869831649256e-06
-5.122905079018127e-06 3.748853609793184e-06 3.808933829942314e-07 -3.314926659443895e-06
-4.390575404903944e-06 1.936558385693881e-06 -1.012097687656755e-05 4.715951675857528e-06
-4.748442694830240e-06 2.134377972557187e-06 -3.688873850207114e-07 8.712553252133809e-06
-4.926147410979232e-06 2.542927022703120e-06 -1.632367611345702e-06 4.492789960763268e-06
-7.742652374951797e-06 3.712940005813176e-06 1.611203294381050e-06 -3.939128625642195e-06
-8.743210925779891e-06 2.767949961017209e-06 4.446018600412691e-06 1.270525032028547e-05
-3.837579529026209e-06 8.069515964290270e-07 -1.235354596531066e-07 -6.185620234689315e-06
-4.432186664590495e-06 -6.308037741309464e-07 -6.832753376813256e-06 6.834000658200155e-06
-5.940586705048386e-06 2.901423151812990e-06 -5.842447087702453e-07 -5.497849481951214e-06
-4.786430988709517e-06 1.345074719235737e-06 1.246759308295591e-05 6.841328798140175e-06
-5.208962557504755e-06 1.993202082980653e-06 2.940884991910772e-06 9.584613228586329e-06
-7.268268466332534e-06 2.432021717442699e-06 5.136057369522023e-06 -3.780031831266342e-06
-8.323180232047304e-06 1.662305747784971e-06 1.034009404660482e-05 5.729471646284487e-06
-4.833066532825726e-06 9.763853397906952e-08 1.383798227519055e-05 -7.367884365857004e-06
-4.807657499302147e-06 -8.196094679873709e-07 -5.994328351664271e-06 1.352599658209173e-05
-6.197037009168313e-06 1.073098547855344e-06 -2.451145513309287e-06 -9.238032637225539e-06
-8.160260186689347e-06 5.991544807240589e-07 7.100015710779478e-07 3.435335706832697e-06
-8.205090244104626e-06 -4.148672975992385e-07 -8.090470597196425e-06 3.061755159757538e-06
-5.586477658022857e-06 -5.824329931405411e-07 1.781277852921322e-06 5.387022921720080e-06
-5.033573210447375e-06 -1.214541265760533e-06 -1.484251488853773e-05 1.596297918939461e-05
-5.313462220074068e-06 -2.278825319618034e-06 -6.555904075067381e-06 -6.205165768445140e-07
-7.199342752239637e-06 -5.532812226338053e-07 2.534345489893796e-06 2.671904761154640e-06
-5.708092188187719e-06 -3.276758582050152e-06 7.079395438094282e-06 -7.148018250213993e-06
-8.475202100667826e-06 -1.441723176021351e-06 -7.338757078849957e-06 1.322311596468594e-06
-6.268252224165860e-06 -2.324450158275155e-06 4.915390791028931e-06 -2.353365043984829e-06
-7.670211509958183e-06 -2.396101889604750e-06 9.789597164529166e-06 -2.668199201067180e-06
-6.204612903394350e-06 -4.213286556039312e-06 9.436537332675861e-06 -4.562045293220449e-06
-8.923529549259265e-06 -2.405642272266856e-06 -1.877696827524614e-06 6.360197153406465e-06
-8.512906799372945e-06 -3.315442508971381e-06 -1.235809015155548e-06 2.925516390472872e-06
-7.577255612522236e-06 -3.887335061933688e-06 -2.744534905105455e-06 7.068542126254881e-06
-6.820654074871562e-06 -5.090955501291639e-06 -8.884858993881958e-07 9.843007568925223e-06
-7.519048525819168e-06 -5.893949999760716e-06 3.597907585466398e-06 3.359480963481682e-06
-9.528693520024782e-06 -3.260815975428163e-06 1.258715517639156e-06 -3.257510579792325e-06
-9.061932104711337e-06 -4.333147264448105e-06 -4.248673956905615e-06 1.093234770321084e-06
-8.525554231909926e-06 -5.569254136332382e-06 4.526100280821657e-06 3.493294390802860e-07
-8.302053480437778e-06 -6.617985478884603e-06 1.152449177822732e-05 3.999758027500956e-06
-1.030345445200599e-05 -4.021793454911269e-06 1.632667863552346e-05 -8.392780808086358e-08
-1.005111008981974e-05 -5.551608990268879e-06 5.654819375376408e-07 -3.527839744159491e-06
-9.168709611080899e-06 -7.247511655134312e-06 6.662767592882584e-06 6.772721086845993e-06
-1.009993727313131e-05 -7.766862986660933e-06 6.223329185192666e-06 5.777051136743486e-06
-1.108965856815917e-05 -8.186299664284658e-06 4.337614915234575e-06 1.796676022064175e-06
-1.117117435459795e-05 -5.876420513292120e-06 3.510113942808258e-06 3.475486761153895e-06
-1.117009721038779e-05 -4.627105576827206e-06 5.226618708621415e-06 8.127246155170359e-06
-1.095198117532718e-05 -7.116972511739695e-06 4.267576217846579e-06 2.163881858436810e-06
-1.212328345907201e-05 -8.491609016408412e-06 1.979285129533231e-06 1.653028314249885e-06
-1.317011977477132e-05 -8.675503914799971e-06 3.722930051230045e-06 3.953772423893553e-06
-1.206270212879859e-05 -6.155331934794188e-06 1.755388599897314e-06 -1.176716492262946e-06
-1.214823281597640e-05 -5.076732947979430e-06 5.456531420703320e-06 1.529682235467779e-05
-1.424450961249913e-05 -8.741140443829387e-06 2.252452457428598e-06 4.462454944833357e-06
-1.305703207692309e-05 -7.159645875169849e-06 4.252011801101595e-06 2.784650318468119e-06
-1.317512154927154e-05 -5.344454024114351e-06 -1.053551529647411e-07 -2.120763880705226e-06
-1.448713970112154e-05 -7.324583168752351e-06 2.539448991610902e-06 5.272505311899768e-06
-1.542617676844205e-05 -8.745400110341328e-06 7.977171899370318e-06 -1.975125052993276e-06
-1.423668353529386e-05 -5.430555558443637e-06 8.496087209494756e-06 2.027715985279974e-06
-1.707623319899931e-05 -8.751237476734639e-06 4.703518801833223e-06 6.803111518897142e-07
-1.577897120622973e-05 -6.513269845115944e-06 2.303008007197271e-06 2.550712906291090e-06
-1.543090788282852e-05 -5.426199916160830e-06 3.934705678900970e-06 2.514395754732451e-06
-1.932953279000599e-05 -8.740876313423475e-06 6.894324027174610e-06 4.488735530702764e-06
-1.821605266888238e-05 -6.954381362744421e-06 2.670527783303188e-06 3.184649255511470e-06
-1.707085335577704e-05 -5.427252095459204e-06 6.951114002156295e-06 3.232641123058749e-06
-2.230852621670913e-05 -8.733273620106047e-06 4.654811761905761e-06 3.849846232083865e-06
-2.082102740038209e-05 -7.081669888048956e-06 4.679088001509215e-06 2.175327910552217e-06
-1.933319835337755e-05 -5.427502395197801e-06 5.621366868505661e-06 2.102459289021402e-06
-2.540128375167910e-05 -8.732859088220365e-06 5.224754392131494e-06 6.054609004684867e-07
-2.385552881087878e-05 -7.078477325652497e-06 6.125543459076675e-06 1.620232930084458e-06
-2.230673816718147e-05 -5.424846644486178e-06 5.905986140176761e-06 -2.851474503196973e-08
-2.850841733435566e-05 -8.738357189531220e-06 6.528935644578272e-06 2.387480280566800e-06
-2.695100936434311e-05 -7.075877080458734e-06 5.620693105858284e-06 2.753314369809665e-06
-2.540324191125986e-05 -5.420130225270423e-06 4.181086195816576e-06 3.559304849446258e-06
-3.159630569225333e-05 -8.727347091412255e-06 7.993692383057050e-06 5.472766811413994e-06
-3.005847967249637e-05 -7.079594210077736e-06 6.334537473845962e-06 1.770953747163502e-06
-2.850475313534959e-05 -5.417844227649579e-06 7.071135094061432e-06 2.408575991907908e-06
-3.467480270229575e-05 -8.719641078185728e-06 6.172245038016316e-06 2.368923759284790e-06
-3.313650575708416e-05 -7.071435564674125e-06 7.845600368510696e-06 3.567064333510841e-06
-3.160240191742962e-05 -5.424038614869898e-06 7.359923903854935e-06 6.232617999497351e-07
-3.775450486877218e-05 -8.712040028452247e-06 9.090185388550700e-06 2.670584161123417e-06
-3.621559682160434e-05 -7.071645362645472e-06 7.052711235943235e-06 2.549540475583151e-06
-3.467276590207434e-05 -5.424821843210944e-06 5.947938488725433e-06 4.380710024683153e-06
-4.081625234161883e-05 -8.713076394543922e-06 7.917389413780014e-06 3.997318917004546e-06
-3.928659492899545e-05 -7.072432529683639e-06 9.116674274694614e-06 2.496262336875070e-06
-3.775419291977011e-05 -5.431651239574154e-06 9.125167100100446e-06 1.562693236057422e-06
-4.387090930008632e-05 -8.705946359830584e-06 1.004250304588056e-05 3.422599016428740e-06
-4.234605722801611e-05 -7.072657658676799e-06 8.064648225154033e-06 1.827158163037983e-06
-4.081626446110386e-05 -5.431832977413384e-06 8.959340454738871e-06 1.613960097084560e-06
-4.692670184025106e-05 -8.711226108769024e-06 1.132002719320085e-05 9.326932984788028e-07
-4.539731822862809e-05 -7.071018530662920e-06 1.230614363132169e-05 2.277718166149218e-06
-4.387287495751742e-05 -5.437595065395211e-06 9.482531344171227e-06 9.842015490816285e-09
-5.348163261391938e-05 -8.542043209344740e-06 1.045376453908609e-05 2.098464549681138e-06
-5.304490896538227e-05 -8.722748694566758e-06 1.076859470925024e-05 2.224272546776436e-06
-4.829111845351191e-05 -7.076765812586383e-06 8.567908671911208e-06 3.827822146298394e-06
-4.997442471937258e-05 -8.720363843707700e-06 1.018085897968474e-05 5.101728409008002e-06
-4.692276286103967e-05 -5.437174265018772e-06 1.015504393105115e-05 5.518373278536420e-06
-5.366259906228427e-05 -8.105642117131106e-06 1.033486371898065e-05 2.072633725614710e-06
-5.262951600750431e-05 -7.076965847612044e-06 1.208184654413219e-05 2.478956094361956e-06
-4.997524545320987e-05 -5.435309666565757e-06 1.095093424017945e-05 9.390594813201355e-07
-5.366437991201313e-05 -6.046978656873139e-06 1.200399342872084e-05 2.047053905521894e-06
-5.304680890474104e-05 -5.429753198742822e-06 1.235342341408101e-05 1.526317774786201e-06
-5.348351825524010e-05 -5.610463956355245e-06 1.216946074918436e-05 1.744191448462663e-06
