8.812060194971324e-05 -1.378661714985175e-05 -1.328014751025161e-05 -1.306296839532756e-06
8.843530783828130e-05 -1.302651740913474e-05 -1.315810550500502e-05 -7.432297836042212e-07
8.843504242964819e-05 -9.442641839438891e-06 -1.341151876925846e-05 2.462398811560436e-06
8.812032268750908e-05 -8.682675249861625e-06 -1.353030345608642e-05 2.880303895594550e-06
8.736071345214218e-05 -1.410143617355433e-05 -1.367148025896368e-05 -1.524762438879422e-06
8.593711213982772e-05 -1.123458233434992e-05 -1.341659591462875e-05 8.106241448843554e-07
8.736046238984229e-05 -8.367936128840937e-06 -1.385489990566382e-05 3.024178408133229e-06
8.202028062315899e-05 -1.410127263857591e-05 -1.010554131632281e-05 -3.885738508615331e-07
8.202111932094073e-05 -8.370879922267441e-06 -9.998127622455972e-06 1.271311477206190e-06
7.906897312191288e-05 -1.123769164760893e-05 -1.216367348511607e-05 4.681460903096633e-07
7.667379540497340e-05 -1.410351770621471e-05 -1.141488359965310e-05 2.289787966972852e-06
7.667380731367227e-05 -8.371542753735178e-06 -1.108902734001234e-05 -1.508510883602183e-06
7.399958888967061e-05 -1.123665876709737e-05 -9.009519598247993e-06 -8.642850624854285e-09
7.132397859918118e-05 -1.409952333218790e-05 -7.725175755968174e-06 1.802246118016930e-06
7.132213146070517e-05 -8.369037949447400e-06 -8.875438489909468e-06 -8.235597024051418e-07
6.864565500115515e-05 -1.123355002704979e-05 -8.056210048277414e-06 5.823261219351730e-07
6.597187462122115e-05 -1.409529275537054e-05 -7.839282232918086e-06 5.452928340600512e-07
6.597173807210367e-05 -8.374323060435011e-06 -9.020737938487541e-06 1.399792573817039e-06
6.330359670817019e-05 -1.123583629683072e-05 -7.734314079688129e-06 8.728252550115712e-07
6.064337719708664e-05 -1.408482839566810e-05 -7.493912861224626e-06 -1.351373838847030e-07
6.064319424260945e-05 -8.388012969357154e-06 -6.184537894661950e-06 1.189804120377169e-06
5.798962489752992e-05 -1.123604914602339e-05 -6.077675841205472e-06 -9.398185315140052e-07
5.534850572151847e-05 -1.405981402391181e-05 -4.349201403797742e-06 3.118618484436764e-07
5.535043862614221e-05 -8.412660024440508e-06 -5.973620735868240e-06 -1.742164598905668e-06
5.271475250370517e-05 -1.123804352646037e-05 -3.289184435486956e-06 3.962186148028136e-07
5.009401122963983e-05 -1.403906902672586e-05 -2.607244260418918e-06 1.453327673438582e-06
5.009046049510047e-05 -8.430742913281265e-06 -3.167630760138454e-06 3.777482883076136e-07
4.747805703415316e-05 -1.123198685915615e-05 -4.472079779502960e-06 9.298981452630619e-07
4.488477683380038e-05 -1.400461221693019e-05 -4.379708927331876e-06 1.962355780168837e-06
4.488462673794212e-05 -8.458889070162651e-06 -4.145387310186345e-06 -1.251156045801422e-06
4.230182728690342e-05 -1.123289402025647e-05 -2.703089117028573e-06 6.377533837792877e-07
3.973568992006773e-05 -1.397359580933092e-05 -5.185262838018946e-06 -1.524140058081125e-06
3.973409658969105e-05 -8.489530102687777e-06 -2.989065946300190e-06 1.188913821932874e-06
3.717448349309866e-05 -1.123073425192806e-05 -4.162822578374601e-06 -5.549750882970608e-07
3.463803393358688e-05 -1.393149412243694e-05 4.631099806887864e-08 2.931226308020248e-06
3.464234848625287e-05 -8.529186590200299e-06 -2.482984089988511e-06 2.455483230293006e-07
3.221843147116684e-05 -1.123223530853388e-05 -3.705418532475322e-07 1.206449952474382e-06
2.981578942572734e-05 -1.390407174499042e-05 -2.128815161265406e-06 -3.242372280299627e-06
2.981215462184095e-05 -8.562440022712198e-06 -1.667511612324796e-07 1.645640474714003e-06
2.802230412771654e-05 -1.144122730592399e-05 -8.539295116601350e-07 9.165836170920791e-07
2.620900376658563e-05 -1.387964795375909e-05 2.501083462232400e-06 2.044573024622420e-06
2.620514709935268e-05 -8.582729240998071e-06 -2.933077616197300e-06 -2.626773297249842e-06
2.360843264990895e-05 -1.385582627257672e-05 -1.190158484759837e-07 1.192523046179889e-06
2.410918674442229e-05 -1.213286265370692e-05 -4.390546067600767e-07 -1.493683451049213e-07
2.360569712010528e-05 -8.602849336648687e-06 3.237453983261582e-06 3.522704024356309e-06
2.173039623900981e-05 -8.622020334472162e-06 -3.249014173416727e-07 2.391671948903513e-07
-3.703660092814783e-06 1.107211242667029e-08 2.652493486788846e-05 -5.067683901491452e-05
-3.790155030319532e-06 2.843848307889126e-07 3.525896091220788e-06 -4.123388939617937e-05
-3.798416909572738e-06 7.808183828996055e-07 3.040151581629140e-05 8.094566130561248e-05
-3.721356197773206e-06 1.027631099034814e-06 3.083186441168184e-05 -7.660530242234517e-06
2.172994904665774e-05 -1.383459964918649e-05 1.455308984756580e-06 2.952158877757084e-06
2.003204731896142e-05 -1.372436121918767e-05 -7.677707943321505e-07 3.748033330916853e-07
2.134453695392371e-05 -1.057538339517633e-05 -4.327996504179352e-06 2.422771765646551e-06
2.002953056740930e-05 -8.495450314074077e-06 -1.749833722478514e-06 -5.901535739296159e-06
-3.480672833681411e-06 -1.132769037158339e-07 7.171963442130669e-06 -2.022293298394516e-05
-3.240961370312489e-06 5.104525352342966e-07 -1.054660176475899e-05 1.084483186775197e-05
-3.514001285878702e-06 1.134818425584943e-06 -1.577022406376875e-05 -5.059969104321989e-05
1.949045667692651e-05 -1.211609907353973e-05 -2.052009488086858e-06 6.441634883055549e-07
1.836776888041388e-05 -1.341960666281590e-05 -1.093265081262926e-06 -6.110102770155610e-07
1.675696515035689e-05 -1.293431684629922e-05 -2.976757422637360e-07 7.326616033036038e-07
1.898077747046886e-05 -9.915343913413382e-06 -2.083883891824108e-06 -4.703903514741719e-06
1.840572536922163e-05 -8.079827601554848e-06 -5.008485520082345e-06 3.548370202586223e-06
-2.314477414143374e-06 -6.206555073193045e-08 -1.303071618685358e-05 4.173002547965561e-06
-2.308697005515035e-06 1.132442408689113e-06 1.923763847833856e-05 7.856162998026027e-07
-1.704478663915055e-06 5.139352371833265e-07 2.078320373427827e-06 -1.906638997561346e-05
1.522011486368807e-05 -1.226828283800605e-05 -1.084944303380402e-06 2.796060478059647e-06
1.654139387023781e-05 -1.126489026251986e-05 -8.358419218514013e-07 2.753462058604340e-07
1.709914527887313e-05 -9.170003466777262e-06 -3.837681026702037e-07 2.497996179840286e-06
1.687158485593965e-05 -7.376824874742048e-06 2.304360803978237e-06 6.615057037652686e-07
-1.008206159598274e-06 -1.771087436815173e-07 3.951085914596845e-06 1.876057095755538e-05
-9.994906983338822e-07 1.236829181148433e-06 -1.165804000172401e-05 2.262868844159566e-05
-2.547145523428596e-07 5.234984163792508e-07 3.998217897310986e-06 -3.886394661397970e-05
1.377557805289121e-05 -1.144613769114452e-05 -6.170274585822396e-07 1.221412770876698e-06
1.243486022656956e-05 -1.046554930360893e-05 -2.499482049468096e-06 3.746094397741605e-07
1.514259916962656e-05 -8.832018092276271e-06 1.324414223773546e-06 -3.530365313150886e-06
1.550658481028999e-05 -6.447085454104973e-06 -7.407813152171435e-06 -1.333643464014041e-06
6.421599081377376e-07 -4.090998990892021e-07 -4.831028330770680e-06 1.646787540748296e-05
6.495897270871930e-07 1.486021688007942e-06 5.596824244827284e-06 1.986336042910966e-05
1.277230719683696e-05 -8.939358502958125e-06 3.575295127028076e-07 -5.861741088020489e-07
1.122525856317495e-05 -9.339682339972969e-06 -1.150831787008587e-06 3.360487327115800e-07
1.334286307790213e-05 -7.205951582350747e-06 2.998194594908395e-06 -4.374689456761109e-07
1.432020459444111e-05 -5.304250606636758e-06 -4.185155543662011e-06 -1.427472271354279e-06
1.602874748709953e-06 5.325271296167006e-07 2.533440588092044e-06 -2.758254622959376e-05
2.744995337790814e-06 -7.376908329454300e-07 2.867769026640136e-06 5.813643028759096e-06
2.740659410173499e-06 1.829066377471095e-06 -1.143608161716419e-05 8.919450312505065e-06
1.015646690296700e-05 -8.092061891084212e-06 -5.517543649612341e-08 2.414879587801315e-06
9.254012151808295e-06 -6.756131497770491e-06 -2.327374035073677e-06 -3.239884616118506e-08
8.503889610361174e-06 -5.322464383137510e-06 2.758708717372681e-07 4.432745784997628e-07
1.218537250835097e-05 -5.633377421282122e-06 1.546398066992292e-06 4.055656519868138e-07
1.336455869452394e-05 -3.982880542912099e-06 -3.619014251361596e-06 9.638794212088704e-06
3.669242393636807e-06 5.430686311603733e-07 2.445046254050175e-06 6.068691293600034e-06
4.793603859747327e-06 -1.090177873703095e-06 -4.962482567548007e-06 -1.113323277023889e-05
4.793082662614927e-06 2.180083967170166e-06 2.306585406898913e-07 -4.378702972234418e-06
1.003001124928950e-05 -5.325492620931592e-06 -3.536012601400738e-06 -2.124329678637531e-06
7.924631894975813e-06 -3.805493726880704e-06 4.780977237609651e-06 1.026244254585355e-05
6.652984983687559e-06 -1.358293659643382e-06 -1.131523212197522e-05 -5.660419809735959e-06
7.223487744940275e-06 -1.649877943914808e-06 -3.613337125662222e-07 -3.536226655693970e-06
7.538325264584750e-06 -2.226856624605452e-06 4.711619628042535e-06 -4.184886952034650e-07
1.137232433447385e-05 -3.789209825248212e-06 1.090473846516372e-06 -7.033016257764077e-07
1.267595329640686e-05 -2.545240307778211e-06 2.764646701692791e-06 -2.214555492073645e-06
5.814164427321330e-06 2.986892889838721e-07 1.119230225004162e-06 1.581054398569353e-06
6.641572565583968e-06 2.429664345083490e-06 4.395701748404804e-06 -1.403816024291566e-05
8.974982531056084e-06 -2.733390407590835e-06 -4.151702022350569e-06 4.474079080616581e-08
7.240374912774611e-06 -5.009514971548149e-07 1.562586102313688e-06 6.966984872211719e-06
7.904851756986481e-06 -1.455085731988489e-06 4.287430510049228e-06 9.116194776386760e-08
1.077514443707129e-05 -2.107298198776777e-06 -1.204082738722041e-06 -4.161782005902977e-06
1.227393861161900e-05 -1.036096230410397e-06 -8.903522602941748e-07 3.349046045550087e-07
7.245403517226581e-06 1.328738293402841e-06 -1.567540939698862e-06 -2.287061814849332e-07
7.137258786278386e-06 2.708663268337196e-06 3.129668893790046e-07 -6.471566890887368e-06
9.281383473909578e-06 -1.756081570585720e-07 2.974557719273430e-07 7.358844822628796e-07
1.214435600932054e-05 5.170050294337430e-07 -4.385398022797167e-06 -3.787794082062329e-06
1.236457597941099e-05 2.058311696578456e-06 1.449215311408402e-06 -3.043777307823371e-06
8.312317231548355e-06 2.319942905988117e-06 -2.746613971529627e-06 5.364076968620684e-06
7.419154683200595e-06 3.322172513027409e-06 -4.808538900793477e-07 3.800580377559022e-07
7.766211771200410e-06 5.034069406724885e-06 -1.889698927412441e-06 3.263080699288086e-07
1.079165428249243e-05 2.232283809082614e-06 9.076117539481085e-07 -1.048422314191983e-06
8.313551211899272e-06 6.745344646500564e-06 1.711556570279954e-09 4.978128219324343e-06
1.293348732908339e-05 3.647337079443935e-06 6.139484740440986e-06 -7.678340720305189e-06
9.303330292192289e-06 5.075587100903231e-06 1.673427377414658e-06 2.032027913155498e-07
1.162255352559193e-05 5.215102199911494e-06 -3.376699785043717e-06 2.219128911159663e-06
9.084911232308501e-06 8.409698178121032e-06 2.516779213720355e-06 7.033361115629168e-06
1.383130486281412e-05 5.212653043438027e-06 6.421041023627666e-06 1.066771114788557e-05
1.314625570122953e-05 6.811014576519621e-06 -3.520626475875424e-06 3.286188834514076e-06
1.146947192521176e-05 7.839206563068976e-06 -9.461386193191041e-07 -6.203627678695202e-06
1.007807527713520e-05 1.007741873074413e-05 -4.758232035504797e-07 7.928775120530279e-06
1.131797190451246e-05 1.163287913272423e-05 3.209428282027512e-06 -2.133046782746489e-06
1.506731817878653e-05 6.684858996317622e-06 3.857269928386078e-06 -3.459551019282567e-07
1.420221232687190e-05 8.669698884109076e-06 -4.973712609488297e-06 -4.607742396775991e-06
1.318317071629623e-05 1.102538056050671e-05 1.631702388425687e-06 -5.114144699943455e-06
1.275010753534680e-05 1.310760710085901e-05 6.231514078299346e-06 -2.755834787344695e-07
1.659525058358101e-05 8.028979464685117e-06 1.935687798239789e-05 4.120555331326845e-06
1.613903569109010e-05 1.102572443374129e-05 -5.746407309382085e-06 -5.095602939739209e-07
1.439452523635944e-05 1.442121966382934e-05 -3.979780986542239e-06 5.825234807382049e-06
1.625177057027902e-05 1.555585463495962e-05 7.531819144742442e-07 1.462593681021942e-06
1.827041367859510e-05 1.652399419644296e-05 6.130389884944346e-06 -1.588467033477911e-06
1.842580875154011e-05 1.167922236488628e-05 -5.829630867026590e-06 -1.240745987710744e-06
1.840313767512190e-05 9.163038683245467e-06 -2.343933637537163e-06 3.700788271050540e-06
1.796211112759309e-05 1.423605556345239e-05 2.595552967295256e-06 -1.695403923939413e-06
2.044634218483337e-05 1.724998543649666e-05 1.707389783377904e-06 1.829130103043739e-06
2.274333081756360e-05 1.773258997763274e-05 -4.341801726658645e-06 1.557011258557183e-06
2.028509146020307e-05 1.224202413526292e-05 4.953060119727212e-06 -1.821336574195330e-06
2.046804673624838e-05 9.988053523839520e-06 5.025504226265282e-06 5.393826152395036e-07
2.510818116420918e-05 1.793759289626174e-05 3.288302333939175e-06 -2.993690470488660e-06
2.243991351112129e-05 1.440315430507203e-05 2.632026974236639e-06 1.075021448629096e-06
2.271586915962024e-05 1.045691453318033e-05 4.821882852116403e-06 -2.011679400112686e-07
2.561989364736778e-05 1.476973043268962e-05 1.869705463339823e-06 3.440214972535444e-06
2.778608815897557e-05 1.802536464574759e-05 -2.007210091473527e-06 -4.035120297144376e-06
2.508624451273451e-05 1.058975373601992e-05 -2.756261253407784e-06 1.700115608094495e-06
3.156156335280259e-05 1.811647398575315e-05 3.964726039366863e-06 6.518743270322129e-06
2.854316697640481e-05 1.294072347644796e-05 3.915305368134942e-06 -1.311786291952316e-06
2.778401904384223e-05 1.050248477657693e-05 3.040734274891800e-06 -1.519657694954610e-06
3.692146846146665e-05 1.825698404571035e-05 7.484662418572478e-07 1.461850528798838e-06
3.422636748653503e-05 1.395347041655202e-05 1.432040381467834e-06 5.238883439441695e-08
3.155609108603350e-05 1.038631854070514e-05 6.794407142086672e-07 3.261850115077989e-06
4.423575647578951e-05 1.840752215687084e-05 4.986443806404523e-06 3.393389941275902e-07
4.053641049455745e-05 1.426555865294309e-05 4.751487913441846e-06 7.941826630894213e-07
3.692075801132318e-05 1.025743591080149e-05 3.566606041401880e-06 -9.523828768518371e-07
5.211365197412591e-05 1.853356516507068e-05 5.957798875776369e-06 2.626602454071955e-06
4.813441435393185e-05 1.426035089425036e-05 4.636171220747199e-06 1.003683811599983e-06
4.423628450961368e-05 1.011396235540398e-05 3.528316785184575e-06 1.807788575035207e-07
6.019286473218523e-05 1.863314904426464e-05 7.946730300062030e-06 -8.540560864915710e-07
5.612426199372850e-05 1.426159478251128e-05 7.400925065039026e-06 6.249471158540788e-07
5.211111239423251e-05 9.986576458911737e-06 6.738375533439225e-06 4.219896173119924e-07
6.844700393583826e-05 1.872956886205794e-05 5.224778241744843e-06 1.522395495676076e-06
6.428917092692464e-05 1.426306812350755e-05 6.427260274543891e-06 4.064080641674388e-07
6.019521296363875e-05 9.889582650242176e-06 7.229947138174240e-06 6.435328764997939e-07
7.685639109630132e-05 1.880202359430014e-05 9.254643388789067e-06 8.102522741230081e-07
7.262935976212782e-05 1.426932294612123e-05 7.615982079774144e-06 -2.996475388655957e-07
6.844268445298116e-05 9.803768498210714e-06 6.752377005640730e-06 -9.749208140815058e-07
8.539148954780496e-05 1.886425711907725e-05 9.544955552088427e-06 8.605694049932513e-07
8.110437196530304e-05 1.426795618494210e-05 8.736311373464802e-06 6.548334331264350e-07
7.685805384313094e-05 9.734710591269788e-06 8.402743194033789e-06 -5.794691851655459e-07
9.400836373212107e-05 1.890352788443600e-05 1.150215261163502e-05 4.089477244190133e-07
8.968890000121598e-05 1.427046169518127e-05 1.127987633970353e-05 6.594068722218764e-07
8.538924210148418e-05 9.673507833412175e-06 9.622554923745575e-06 9.972168162939788e-08
1.027051631091339e-04 1.894225900588077e-05 1.129338483616290e-05 2.229927228521338e-06
9.834242505686537e-05 1.427389694649990e-05 1.041686779438504e-05 1.031210317206305e-06
9.400842969910343e-05 9.640378478920287e-06 1.089028507011014e-05 1.314810017548690e-06
1.114601252138856e-04 1.895820393292076e-05 1.547338605376484e-05 -5.824742941954849e-07
1.070787281912369e-04 1.427454050403761e-05 1.425733514713650e-05 -3.924114771639254e-07
1.027048925425411e-04 9.608178200069825e-06 1.258961649118123e-05 -1.599513080746962e-06
1.302491737585699e-04 1.845329063527547e-05 1.918419994972840e-05 2.992831979363178e-06
1.290047088554575e-04 1.896948055242006e-05 1.836893597992835e-05 3.264870421240970e-06
1.153834515175503e-04 1.427225435277552e-05 1.571545671061984e-05 5.757159127470261e-07
1.202268330254694e-04 1.897496805499694e-05 1.810677522239562e-05 2.069145490385035e-06
1.114600033940809e-04 9.586287970114698e-06 1.446846872806002e-05 1.183969472682362e-06
1.307645714525780e-04 1.720789207673706e-05 1.954857902124896e-05 2.233733371740621e-06
1.278201323647557e-04 1.427466159158844e-05 1.821346213785710e-05 -1.876359749950354e-07
1.202263722244377e-04 9.570940916951991e-06 1.853009317490655e-05 -1.544572031549738e-06
1.307638814017207e-04 1.134210603443141e-05 2.088843089735192e-05 -3.385558200591794e-06
1.290039436334932e-04 9.580431515659007e-06 1.964524445192916e-05 -4.704069896207805e-06
1.302484385011899e-04 1.009667599070669e-05 2.056177510683180e-05 -4.362638273263626e-06
