6.668210288268177e-05 -8.717416964311866e-06 -1.708947024258816e-05 3.699832488799715e-06
6.695902934062686e-05 -8.049331213270618e-06 -1.729448067640977e-05 3.302989632488687e-06
6.695894408370713e-05 -4.899027985619605e-06 -1.733823170482833e-05 1.345936478774047e-06
6.668200660495574e-05 -4.230910604903552e-06 -1.713942031286340e-05 9.749306302758766e-07
6.601364580636239e-05 -8.994057759316851e-06 -1.661605557466342e-05 3.845776027538312e-06
6.475931796810781e-05 -6.474116813841285e-06 -1.576983988527113e-05 2.360197149240883e-06
6.601352835821802e-05 -3.954249653022370e-06 -1.668093370489630e-05 8.447105587785171e-07
6.130844107952527e-05 -8.989434368281566e-06 -1.411190668887092e-05 3.326852736006146e-06
6.130820606396337e-05 -3.958093375326476e-06 -1.428234079805887e-05 1.895958571668290e-06
5.871703151301489e-05 -6.473303317303055e-06 -1.419636160271558e-05 2.837053750235019e-06
5.661902658699223e-05 -8.979536998192791e-06 -1.417997603524459e-05 3.412512724544061e-06
5.661875067230677e-05 -3.966636308879307e-06 -1.426088116770233e-05 2.538985756185446e-06
5.427925614168263e-05 -6.472365607182969e-06 -1.373576046309401e-05 2.918640812737837e-06
5.194688228275549e-05 -8.965155725000221e-06 -1.240008822190814e-05 3.976080942135808e-06
5.194735529081852e-05 -3.979967538972890e-06 -1.255618786856719e-05 1.943170306970584e-06
4.962071424483788e-05 -6.472443264139027e-06 -1.140233989272577e-05 2.608707717512572e-06
4.730789994790611e-05 -8.941988022610036e-06 -1.064394054654646e-05 2.749948593521386e-06
4.730953442029573e-05 -4.004786224056439e-06 -1.114511797690193e-05 2.336078422580600e-06
4.500600748739179e-05 -6.474087811978837e-06 -1.136534021987370e-05 2.368342332414561e-06
4.272246581995406e-05 -8.908998232206412e-06 -1.119970645506076e-05 2.432539240403888e-06
4.272375171201480e-05 -4.039823078360789e-06 -1.194910681292461e-05 2.354364106344413e-06
4.045317895997588e-05 -6.474602873618377e-06 -1.160063352056386e-05 2.655160048261534e-06
3.821386437821399e-05 -8.859242811889054e-06 -1.001272171727454e-05 3.700940125816658e-06
3.821321281499122e-05 -4.086863287863387e-06 -1.046144974665961e-05 1.638856794090146e-06
3.599215770291661e-05 -6.471650647987666e-06 -8.927258294085738e-06 2.970163596911999e-06
3.380942030468513e-05 -8.796321926017970e-06 -8.649597814981620e-06 2.836045386527860e-06
3.380804796105429e-05 -4.142512165278148e-06 -8.551160176013275e-06 2.779815637747373e-06
3.164392957200881e-05 -6.467954389559086e-06 -9.169854510500378e-06 2.671657346946123e-06
2.951867652942505e-05 -8.729589977867899e-06 -1.031481050596075e-05 2.149014925150272e-06
2.951861139269682e-05 -4.204903699609603e-06 -1.011489311261099e-05 2.872637729658307e-06
2.741458114383450e-05 -6.467074828776114e-06 -1.058022523015055e-05 2.379844715204092e-06
2.535954368458528e-05 -8.652504822847732e-06 -9.164174269658158e-06 3.825631583383056e-06
2.535953599610772e-05 -4.280872538523974e-06 -9.488401097608287e-06 1.494589059918103e-06
2.333021055291763e-05 -6.465623738043518e-06 -7.587063645160085e-06 3.041153572460102e-06
2.135313886782338e-05 -8.566311108818856e-06 -6.352647308769461e-06 3.929970281783048e-06
2.135037611842474e-05 -4.359408816932946e-06 -6.629499884787093e-06 2.862074663407360e-06
1.947483949851595e-05 -6.458737466367473e-06 -6.177115503556632e-06 3.566299522951037e-06
1.764828166506614e-05 -8.473568071941075e-06 -6.712674042487062e-06 3.102633304171704e-06
1.764549664769427e-05 -4.442728793447743e-06 -6.310385690396888e-06 3.377942588376826e-06
1.629097471352449e-05 -6.606617278310846e-06 -6.606187086394901e-06 2.876962989056626e-06
1.496235983437293e-05 -8.385814801378029e-06 -6.134129295097162e-06 2.974117471273783e-06
1.495979878253716e-05 -4.528347576943964e-06 -5.739832803328210e-06 2.205630882536552e-06
1.309335147627419e-05 -8.313577095211296e-06 -4.887604142811668e-06 2.779907187057234e-06
1.343594104988779e-05 -7.097015495984409e-06 -5.045879345916798e-06 2.318537258326695e-06
1.309159635000417e-05 -4.583953420102855e-06 -4.996823719132138e-06 2.090060707045991e-06
1.177810959423758e-05 -4.639763764800727e-06 -4.898697620740821e-06 2.144596019036004e-06
-1.727662607422935e-06 -1.874974473814756e-07 3.467183235174227e-05 -2.874774455993464e-05
-1.766498250442501e-06 -1.360213325947633e-07 -2.082084372634881e-05 -2.516037555649028e-05
-1.691012690717237e-06 2.223644869369124e-07 -4.532950709626612e-05 -6.864613854527807e-05
-1.643643749628382e-06 2.756522746534793e-07 1.761142837942119e-05 -1.333634185412056e-05
1.177217189357556e-05 -8.266294713393845e-06 -4.526260719872730e-06 2.878228708681663e-06
1.061248865190174e-05 -8.157263737850673e-06 -4.321059725729761e-06 3.346137441639102e-06
1.149380328388819e-05 -6.003141702722602e-06 -4.847464023646884e-06 2.394626153470089e-06
1.059594530807922e-05 -4.594297389721323e-06 -4.915040627097881e-06 2.057724984212283e-06
-1.647884996875695e-06 -2.016625275367155e-07 6.745563537503165e-05 7.189249086262009e-07
-1.439303204980809e-06 -4.328167949999367e-08 -4.047265906501851e-05 2.766498683844931e-05
-1.552003651754696e-06 2.858860912313162e-07 9.613142333185273e-05 2.302400185856039e-05
1.023205940215562e-05 -7.049276177126425e-06 -4.431283289995289e-06 3.201207444922556e-06
9.491798677030491e-06 -7.909154648882555e-06 -3.810472652952683e-06 3.947756971403951e-06
8.435618702046006e-06 -7.552160717825158e-06 -3.194501550154132e-06 4.174747642553688e-06
9.881909854660861e-06 -5.561049317249601e-06 -4.634170996921638e-06 2.512599129913988e-06
9.493095260286266e-06 -4.369264809302180e-06 -4.432971249779026e-06 1.555196536186652e-06
-1.047721670214650e-06 -2.486625589209704e-07 1.329275722534588e-05 -8.859259877410960e-06
-1.061626560465186e-06 2.653446278541936e-07 -3.336256219146771e-07 -1.085643844384941e-05
-7.706732094972451e-07 1.785783259523574e-08 -1.370522899587351e-05 1.933297946361095e-05
7.464991010874633e-06 -7.072928704842152e-06 -2.706299485179108e-06 4.196644275206906e-06
8.283646036558561e-06 -6.440346402846505e-06 -3.295011109803413e-06 3.637745536973876e-06
8.642111949431155e-06 -5.081844303943847e-06 -3.819601126143046e-06 2.063854692024288e-06
8.489978190894653e-06 -3.987150968217653e-06 -3.847385027336348e-06 1.014157720891357e-06
-4.524681762790448e-07 -3.010462133108348e-07 -9.193257838018347e-07 5.159788885524328e-06
-4.614594131138587e-07 3.305076898197918e-07 9.017043428130890e-06 -9.797303899109080e-06
-1.212074613161849e-07 1.228700788182404e-08 -1.482958184150974e-06 4.008184754454993e-06
6.573743055137926e-06 -6.510925918858614e-06 -2.229094130987895e-06 3.858899048795974e-06
5.792176412156182e-06 -5.878813319019254e-06 -2.510673926528897e-06 3.378007195298616e-06
7.404515409645356e-06 -4.878648721833822e-06 -3.238027767404170e-06 1.840986670134091e-06
7.614341276073204e-06 -3.460001616243386e-06 -3.869433325983610e-06 8.702980348246671e-07
2.818518908100444e-07 -4.357073552549159e-07 2.583223139863643e-06 4.718069920365906e-06
2.914786328335245e-07 4.371369629195638e-07 -2.359531117740821e-06 -1.206025167455048e-06
5.992392524139017e-06 -4.938694237499423e-06 -2.955810330704198e-06 2.571236490030991e-06
5.118093338572250e-06 -5.171903720300187e-06 -2.516942340384635e-06 3.030078631057318e-06
6.318868505460358e-06 -3.917971015045858e-06 -3.994766256657807e-06 1.575121464243027e-06
6.882168187958854e-06 -2.833452135497682e-06 -4.688916050955668e-06 1.690340981769571e-06
7.216854249427571e-07 5.635551027853725e-09 6.492607129576085e-07 -3.791669871500378e-06
1.239225260328013e-06 -5.788971202670778e-07 -2.750312748489536e-06 -6.693444346475370e-07
1.233459620218923e-06 5.984491594111427e-07 -8.904354436086135e-08 -7.973337559437742e-07
4.534513404044998e-06 -4.422529580296665e-06 -2.534458414374803e-06 3.402494579471538e-06
4.073430801181795e-06 -3.659042167612632e-06 -2.086624716331807e-06 3.525793407324463e-06
3.725626041816290e-06 -2.862147965138181e-06 -9.613541950392938e-07 3.009934613435976e-06
5.660763949563363e-06 -3.027744521878124e-06 -4.774703545849876e-06 2.465662959669473e-06
6.301093270315034e-06 -2.139152103750691e-06 -5.512382766784973e-06 2.591999340399636e-06
1.652025672570514e-06 6.363692347355625e-09 -1.563118726417608e-06 8.845925366133272e-07
2.155318958980558e-06 -7.261147671975333e-07 5.272414063603179e-07 1.583914425604925e-06
2.156753657720040e-06 7.492978916193823e-07 -2.115558041466482e-06 -8.356198121862801e-07
4.501626420551306e-06 -2.855301696287260e-06 -2.816175158145312e-06 3.086327106393665e-06
3.469632070079516e-06 -2.061926507674355e-06 -2.908197153134039e-07 1.069160389903046e-06
2.979306552948674e-06 -8.577066149718015e-07 -2.569322285912116e-06 8.489125664767553e-07
3.216085307438677e-06 -9.897996495754413e-07 -2.596434347645371e-06 3.822957910430934e-07
3.333917692409638e-06 -1.262606260160725e-06 -1.737216119131519e-06 1.645177778704199e-07
5.206087580601411e-06 -2.038266686319887e-06 -4.561370279129190e-06 2.561152383700211e-06
5.865019737208179e-06 -1.411196488053837e-06 -5.413113559003021e-06 2.867201448612982e-06
2.607630244118005e-06 -1.035721722927031e-07 -1.399187308998275e-06 -7.765294640453353e-07
3.005803231017698e-06 8.649195966759632e-07 -2.443675754974644e-06 -1.194397744890150e-06
4.009901896762076e-06 -1.501077664575699e-06 -1.255668009360148e-06 4.513467671021492e-07
3.242513843975927e-06 -4.659136233272740e-07 -3.239119151678087e-06 -4.322491217122811e-08
3.521151093028834e-06 -8.955704439068623e-07 -2.209997358128405e-06 3.410277939799076e-08
4.892544232261008e-06 -1.186897068350394e-06 -3.113472464428558e-06 1.898962905116414e-06
5.585568884733796e-06 -6.882014310754523e-07 -4.563262856998479e-06 2.326229142998906e-06
3.278020733332059e-06 3.714651198910205e-07 -3.002008962940248e-06 -6.026732470177561e-07
3.258474975300779e-06 9.867534767785878e-07 -2.048606611893695e-06 -1.441878143345840e-07
4.182330881266130e-06 -2.772166845229976e-07 -1.193496557262667e-06 9.128825354424336e-07
5.478978516109505e-06 1.873536789526182e-08 -4.281185197767047e-06 1.673803027407147e-06
5.511250109213746e-06 7.014468671268848e-07 -4.520096119753760e-06 1.337745907714511e-06
3.780928001048599e-06 8.238525298284227e-07 -1.316305433127799e-06 9.470960340606450e-07
3.408162350608624e-06 1.241892063449191e-06 -1.244402389938997e-06 6.391668607335478e-07
3.597174283950914e-06 1.933880891578049e-06 -1.571520102485682e-06 -3.987814369367850e-07
4.841473473135326e-06 7.986138674932782e-07 -3.109358758603660e-06 1.212465918999417e-06
3.865095857780190e-06 2.587382420596593e-06 -2.053695924305720e-06 -9.309700346655088e-07
5.685024948600191e-06 1.382574984753369e-06 -4.904811433306080e-06 2.048737224097847e-07
4.231989851372898e-06 1.964218370867584e-06 -2.465082700585010e-06 -4.995778144927618e-07
5.150794046071687e-06 2.016549461281938e-06 -3.845388597950086e-06 -5.100171598932824e-07
4.203569218861364e-06 3.204136609562609e-06 -1.931074792339230e-06 -1.127275925182750e-06
5.974261703152322e-06 2.019419415768937e-06 -4.171115392038164e-06 -7.237556201777047e-08
5.706268230024704e-06 2.627141861034263e-06 -3.487282256238908e-06 -2.178893725757694e-07
5.102982060250771e-06 2.998136690104791e-06 -2.716946621396900e-06 -7.078848416254643e-07
4.606699779450063e-06 3.768440678185015e-06 -1.711628889480866e-06 -1.989969917165647e-06
5.061613783814263e-06 4.276896127960994e-06 -2.068634535039262e-06 -3.300637629332907e-06
6.358773567285990e-06 2.595088976522268e-06 -4.054764329232905e-06 7.951488396748727e-08
6.061208456576151e-06 3.284266215732734e-06 -3.578823477392195e-06 -1.258264312332375e-06
5.715319819716259e-06 4.070626977814672e-06 -3.024825774021282e-06 -3.044536238075903e-06
5.569337125818970e-06 4.726842054722444e-06 -2.903438799766627e-06 -4.558399732266447e-06
6.828725421762110e-06 3.086325748170516e-06 -5.656972833315862e-06 -1.306875065723799e-06
6.678912767947488e-06 4.062039038452643e-06 -5.916986427880526e-06 -3.942307618104808e-06
6.120041713924519e-06 5.115468521930728e-06 -5.042327964943985e-06 -5.549199985071172e-06
6.704746364353027e-06 5.433381934379207e-06 -5.812868060401233e-06 -5.037037875399840e-06
7.314876078216948e-06 5.674431140926844e-06 -6.311468543347719e-06 -4.405721846181273e-06
7.372017830125768e-06 4.267779646114611e-06 -6.810027042019004e-06 -4.057179516616126e-06
7.369909963586628e-06 3.482854279214156e-06 -7.054312476501789e-06 -3.055007608825008e-06
7.237317326439647e-06 5.031756726006593e-06 -6.491278822507262e-06 -4.545513386587012e-06
7.937583490116387e-06 5.846692531482952e-06 -6.185608329936396e-06 -4.077191767681701e-06
8.572177929286869e-06 5.946291698527887e-06 -7.172968803677518e-06 -4.668978731935706e-06
7.910380145331504e-06 4.441645441633282e-06 -6.790057671169358e-06 -3.787604676407020e-06
7.959655636148013e-06 3.777103084540474e-06 -7.093350556388804e-06 -3.535391838862796e-06
9.214037161108329e-06 5.973953321822834e-06 -8.884354656289744e-06 -5.120269371344672e-06
8.507366274299863e-06 5.044709238263016e-06 -6.722494496532250e-06 -3.569196433146136e-06
8.579837309791911e-06 3.957646452372549e-06 -7.147697582102777e-06 -3.100172804163622e-06
9.358807681010615e-06 5.136313777953326e-06 -9.091194576420177e-06 -4.039967582102305e-06
9.916415445141175e-06 5.962517011753164e-06 -1.062150380801330e-05 -5.453561903415825e-06
9.218442917363910e-06 4.019777297492691e-06 -8.343655614576823e-06 -2.801553991422354e-06
1.086989191409837e-05 5.949134826448444e-06 -1.129762723693946e-05 -6.049639413027364e-06
1.012420867199360e-05 4.663543223992612e-06 -1.045276027732521e-05 -4.109398125868118e-06
9.918165955861284e-06 4.030247320319116e-06 -9.957534032711176e-06 -3.090384905820709e-06
1.213774621011821e-05 5.930820199483916e-06 -1.323728223106911e-05 -6.728762267865668e-06
1.151662807773664e-05 4.927794932247513e-06 -1.182050525554425e-05 -4.912917959341438e-06
1.086617831933412e-05 4.050750468675021e-06 -1.096123007012784e-05 -3.642799243835751e-06
1.377721746453958e-05 5.916421417974172e-06 -1.737118454384479e-05 -4.819721831818537e-06
1.296044419742113e-05 5.005921336541503e-06 -1.599170383840455e-05 -4.076628275882464e-06
1.213532227068333e-05 4.077755886995994e-06 -1.378076036610566e-05 -2.579244918198714e-06
1.546126223765355e-05 5.895709856287783e-06 -1.812086783419409e-05 -4.146976471028433e-06
1.462608160670707e-05 5.004693545355565e-06 -1.814386384010126e-05 -3.268538370706947e-06
1.377834643886544e-05 4.095182441352010e-06 -1.775345780534588e-05 -2.293274772036038e-06
1.710729959345030e-05 5.882663194620600e-06 -2.042686195806683e-05 -6.809807858123441e-06
1.628922425634671e-05 5.004089416621625e-06 -1.817954139523645e-05 -4.158440159972315e-06
1.546181433743003e-05 4.112297788145815e-06 -1.765908844965219e-05 -3.117108250018953e-06
1.873533560651757e-05 5.881871249418729e-06 -2.509953508800647e-05 -6.479849316216353e-06
1.792119027324629e-05 5.008882485815360e-06 -2.303823084769302e-05 -4.864488466041803e-06
1.710513689080095e-05 4.129875058773821e-06 -2.014116471354555e-05 -2.374609221266300e-06
2.035429632813565e-05 5.875061378888545e-06 -2.679731183831861e-05 -5.247637721794682e-06
1.954733632710570e-05 5.012111375874929e-06 -2.646897206836931e-05 -4.469087566246997e-06
1.873406015022607e-05 4.139869346147042e-06 -2.532856798416160e-05 -2.961129654480887e-06
2.195894798560583e-05 5.866833775360865e-06 -2.976286972958397e-05 -6.441882659620151e-06
2.115908876222810e-05 5.010384446269439e-06 -2.760970746945033e-05 -4.101503371340217e-06
2.035527770922875e-05 4.147933797386105e-06 -2.695103571920814e-05 -3.240635895980765e-06
2.355714235973588e-05 5.863529091087805e-06 -3.471606075192105e-05 -6.470839753833879e-06
2.275877403444323e-05 5.008680538632084e-06 -3.234211319759502e-05 -4.322567891932253e-06
2.195972233502666e-05 4.151828630469187e-06 -2.963679274887983e-05 -1.923566206795809e-06
2.514821797815973e-05 5.861485869622109e-06 -3.717921831034880e-05 -5.808759811573860e-06
2.435368728229743e-05 5.010153886218976e-06 -3.632510700673781e-05 -4.526789020360965e-06
2.355640374300405e-05 4.154948467097744e-06 -3.462877246726598e-05 -2.425481446877993e-06
2.673339681101758e-05 5.859036230708289e-06 -4.024649236941728e-05 -6.540797405648783e-06
2.594119610508347e-05 5.011632320544152e-06 -3.826001911555110e-05 -4.389950390680055e-06
2.514749780371077e-05 4.160651307858824e-06 -3.725535799741127e-05 -3.142297296631754e-06
3.010592601583758e-05 5.753436708849294e-06 -4.892406945712477e-05 -5.720933116784350e-06
2.988318278323855e-05 5.845900611953969e-06 -4.855608318122023e-05 -5.908244752857460e-06
2.744352057114598e-05 5.009989485486739e-06 -4.260324969068041e-05 -4.268035729571022e-06
2.831469827711943e-05 5.851254669683785e-06 -4.556825466278054e-05 -6.390386453386839e-06
2.673411399424126e-05 4.162959427982401e-06 -4.029922294787494e-05 -2.087167124689204e-06
3.019816623628092e-05 5.530414473266646e-06 -4.907173139367856e-05 -5.301655815933240e-06
2.967208707472287e-05 5.005768117211219e-06 -4.828075082639459e-05 -4.380950688063575e-06
2.831597249699137e-05 4.165012974593742e-06 -4.551931765011536e-05 -2.204903851225175e-06
3.019829541586200e-05 4.480857797189119e-06 -4.906165973004587e-05 -3.476984454147923e-06
2.988368779993568e-05 4.165907868610353e-06 -4.853143985730570e-05 -2.850349328790583e-06
3.010616253396081e-05 4.258185957565804e-06 -4.890966417301835e-05 -3.044740451132878e-06
