-1.356802100140527e-04 1.827039060019120e-05 -1.584614509367675e-05 8.017412407458671e-07
-1.362249446293801e-04 1.695421728208536e-05 -1.580170202776704e-05 8.176345978588200e-07
-1.362262931323427e-04 1.075329858813392e-05 -1.597222304163682e-05 9.370807483194529e-07
-1.356817752833373e-04 9.437839707673965e-06 -1.602772263143508e-05 9.397235548038923e-07
-1.343649412943347e-04 1.881586537427772e-05 -1.594434863157339e-05 8.235857438656380e-07
-1.318989975682912e-04 1.385518395555946e-05 -1.599771526962641e-05 9.881885838215700e-07
-1.343669846661189e-04 8.892805744687824e-06 -1.612928179545952e-05 9.163957238769149e-07
-1.250943091788413e-04 1.882872275580256e-05 -1.471621902737779e-05 1.655825283218291e-06
-1.250981550594180e-04 8.893027070444000e-06 -1.472756119921381e-05 5.020386232061167e-07
-1.199718148093869e-04 1.386400451493297e-05 -1.286775344220204e-05 9.924534371287403e-07
-1.158198548352182e-04 1.882215605097597e-05 -1.247364824058386e-05 4.238908925815514e-07
-1.158177526596703e-04 8.903202062648475e-06 -1.238336025008947e-05 1.374200936308828e-06
-1.111865184369475e-04 1.386063865095114e-05 -1.264739976486173e-05 7.674313211152278e-07
-1.065645143571018e-04 1.880174193219931e-05 -1.201643269616559e-05 1.184607762636787e-06
-1.065613968158060e-04 8.913147346767355e-06 -1.263792382007080e-05 9.045359414737684e-07
-1.019469851473456e-04 1.385511207653436e-05 -1.133919600789964e-05 1.155314273906138e-06
-9.734945387554000e-05 1.877278146843684e-05 -1.058258097163648e-05 9.886743104619378e-07
-9.734815276313922e-05 8.935918360764972e-06 -1.065384766041012e-05 7.886865004590281e-07
-9.276317925621634e-05 1.385483775011849e-05 -9.543653428578244e-06 5.159317800803349e-07
-8.820217728131104e-05 1.873257433029713e-05 -8.301569993433108e-06 9.889362302257189e-07
-8.820404868850279e-05 8.981349848108039e-06 -9.060841708226726e-06 8.862710152370602e-08
-8.366117287251045e-05 1.385869349676927e-05 -7.823963161664167e-06 9.713336283509937e-07
-7.916808050236854e-05 1.865446202266659e-05 -7.940107807696960e-06 1.116120352818029e-06
-7.916406593575939e-05 9.059695607664479e-06 -8.173385673849654e-06 5.614328296836641e-07
-7.469471215296945e-05 1.385442269033118e-05 -8.402843274209489e-06 6.354507701358934e-07
-7.027886925570041e-05 1.855757580506351e-05 -7.748472717618143e-06 3.100697452902570e-06
-7.027939025830779e-05 9.150220533871608e-06 -7.623157140789873e-06 -2.556149286300620e-06
-6.589282263852154e-05 1.385375668568379e-05 -6.912169714356606e-06 5.068571618308713e-07
-6.157301670959122e-05 1.845316795502788e-05 -5.760791189139798e-06 3.358160790250668e-06
-6.157302694987364e-05 9.255624212349715e-06 -5.734655131297328e-06 -1.477146442435104e-06
-5.728994544869947e-05 1.385556833049943e-05 -3.975248683612144e-06 7.960441984701338e-07
-5.308746740615344e-05 1.832752448970559e-05 -3.247979080058202e-06 7.737462076645253e-07
-5.308965887493255e-05 9.388120571804992e-06 -4.191180392339230e-06 2.177264295097359e-06
-4.893244959004148e-05 1.385905143187864e-05 -4.555097349377957e-06 1.312357316188247e-06
-4.487494553309935e-05 1.817272716053626e-05 -6.181410403986507e-06 1.013986830189511e-07
-4.487494490485110e-05 9.547735612746047e-06 -4.004984076122531e-06 -3.239659618858084e-07
-4.102650405619093e-05 1.385811555389552e-05 -4.414527156712232e-06 -1.060250953964958e-06
-3.727790280781152e-05 1.800169648693992e-05 -9.904729294884894e-07 1.929801379481286e-06
-3.727755241938282e-05 9.725620028360156e-06 -3.723522846842079e-06 -7.633608742256213e-07
-3.449797813606438e-05 1.417401355875099e-05 -1.261868568763226e-06 2.347664259213770e-06
-3.176801289272883e-05 1.783317608848770e-05 -3.517333517960247e-06 5.734798680546896e-07
-3.176190257995408e-05 9.897094627742430e-06 -8.523802953099360e-07 1.913841578923368e-06
-2.791099277399019e-05 1.769375969418707e-05 -1.999548130082725e-06 1.945193182482036e-06
-2.862210842932302e-05 1.518171876720314e-05 -3.260118746760418e-06 -4.351730656958913e-07
-2.789845050915110e-05 9.998616588323422e-06 -5.118029999740946e-06 1.595540374998095e-06
-2.517236084970162e-05 1.011154542154230e-05 -2.798350546923766e-06 7.172536187352716e-07
3.690690755679439e-06 6.500486536733315e-07 -2.136180981226520e-05 4.119499080520737e-05
3.764645233073621e-06 5.329997052849136e-07 -3.229133266688423e-05 4.670854997079228e-05
3.764860729692717e-06 -2.859397377870934e-07 -2.049448264345210e-05 -2.869137806939490e-05
3.684681283190923e-06 -4.108080539905669e-07 2.200124722641780e-05 1.431706800092099e-05
-2.516226060375761e-05 1.759355041760524e-05 6.943217142780392e-07 2.312090345242117e-06
-2.276245407110693e-05 1.736796091623156e-05 -1.843441840956924e-06 4.271901771644743e-07
-2.458308326126748e-05 1.292223665245811e-05 -2.158237881189366e-06 1.139156842971148e-06
-2.273318128794685e-05 1.002096615096409e-05 -7.395123807399649e-07 8.179315429435170e-07
3.527824992121082e-06 6.880496375494915e-07 4.602403693719723e-05 1.206950834124716e-05
3.189748427477066e-06 6.570173810738791e-08 -3.303199546177501e-05 -3.150287365821625e-05
3.517569493230463e-06 -4.579815062384580e-07 8.283626716295999e-05 4.538006901894213e-05
-2.197593836924976e-05 1.508033153387309e-05 -1.737108334778933e-06 1.705716268303161e-06
-2.044736746617216e-05 1.685564138834858e-05 -2.625268310812368e-06 -1.537668083972374e-07
-1.826884293107128e-05 1.612822007509551e-05 -9.385828542673107e-07 3.094437948213089e-07
-2.125974945878071e-05 1.201655833165207e-05 -6.744379329803407e-07 1.358927198888348e-06
-2.046165352689237e-05 9.549636057447237e-06 -5.840429611792892e-07 4.827574996834587e-07
2.325110339587516e-06 7.323162412565082e-07 2.156065782759594e-05 9.950168305919504e-06
2.295946492810608e-06 -4.812280583933276e-07 -8.485347846583764e-06 9.450935425014140e-06
1.672631315216629e-06 8.449640020324084e-08 -1.734862027588078e-05 -5.102611467489471e-06
-1.625099962665375e-05 1.515246537149571e-05 -1.382327971575879e-07 -5.745085035107004e-08
-1.795769132473316e-05 1.383846159875972e-05 -5.508934244213739e-07 6.938842759001344e-07
-1.870004153497528e-05 1.102631330051838e-05 -3.470096727417012e-07 2.344225848393782e-07
-1.838661723539965e-05 8.733650800372756e-06 9.042675801193820e-07 -1.735202899757645e-07
9.817483134475071e-07 8.426669441903244e-07 1.715409552819682e-06 -7.606415120754703e-06
1.016561634864086e-06 -5.979720786838429e-07 1.131208721743123e-05 -9.528112534081030e-06
2.190643067832520e-07 9.147874754873890e-08 -8.273599468239356e-06 1.773441095719486e-05
-1.438936450954492e-05 1.399918846235370e-05 9.176993825444987e-07 -2.535359738516882e-06
-1.273488294476280e-05 1.268597892783061e-05 -9.242768076767961e-07 7.828818549866198e-08
-1.612464515619739e-05 1.059884024297197e-05 1.278908087764983e-08 -1.620681349143140e-06
-1.656611879440262e-05 7.606533760642123e-06 1.068081586407322e-06 2.039056972916303e-06
-6.487365012857206e-07 1.085504835680195e-06 7.847826829145003e-06 -1.026162741939758e-05
-6.617613133819357e-07 -8.203532225894090e-07 -5.636164124053849e-06 -1.412050759826472e-05
-1.315566803865393e-05 1.071923255701501e-05 -2.105621949235025e-06 1.453170575072698e-06
-1.129582525650378e-05 1.121064491038104e-05 -1.451634795393481e-06 2.981812986622014e-06
-1.384652675631058e-05 8.564854469575041e-06 -2.860192783076258e-06 1.338942123826398e-06
-1.503831015483167e-05 6.263975979274974e-06 -8.599024662700045e-07 2.468407374652342e-06
-1.623238615075812e-06 9.386156607996683e-08 2.738471354579885e-06 2.391679621994269e-05
-2.751063037765079e-06 1.404019975842394e-06 -1.316294586578315e-05 -1.079446247875279e-05
-2.750910726250050e-06 -1.187059296964906e-06 4.095052226403962e-06 -1.272769562554226e-05
-1.004558787889178e-05 9.632474098675524e-06 -1.681482622130626e-06 2.552063879041112e-06
-9.051714840205252e-06 8.010378795764860e-06 -1.484619945884911e-07 -8.682702366519236e-08
-8.290453818703272e-06 6.311482441734720e-06 1.213958311011577e-06 -1.196049040624589e-06
-1.244869348711891e-05 6.670253675050205e-06 -1.179928409428139e-06 -2.495988159011653e-07
-1.382094334283234e-05 4.765702569298506e-06 -2.647504628419983e-06 1.521045689559939e-06
-3.672612375267491e-06 1.091632705359286e-07 8.921988337339147e-07 -9.759826665110003e-06
-4.791447311334833e-06 1.713035591444027e-06 5.104989098859978e-06 1.660079920602672e-05
-4.810004773230866e-06 -1.537356754919498e-06 1.643196703981172e-06 9.379026093103536e-06
-9.964565524895828e-06 6.301068296675143e-06 -1.238612090693797e-06 -2.276082894877799e-06
-7.721842943049185e-06 4.596366246932385e-06 2.492726537182952e-06 2.349900322943697e-06
-6.620652950605532e-06 1.974603692152116e-06 2.449136598255805e-06 5.194401550023797e-06
-7.138473774436512e-06 2.259467042207017e-06 2.773809317727822e-06 -1.085289727176447e-06
-7.400601922493440e-06 2.856188206911085e-06 4.322798328096877e-06 -3.237274248140747e-06
-1.148406105912963e-05 4.547987580146358e-06 2.000505647683362e-06 6.562406896704202e-07
-1.291643307645151e-05 3.183636729069843e-06 -3.357617020597504e-06 -2.519078873282732e-06
-5.797829672505457e-06 3.328065126400652e-07 -1.556099314599895e-06 -4.042859239558219e-06
-6.652318456709172e-06 -1.815691142538380e-06 -2.284691789493597e-06 1.769162447508240e-06
-8.886957909055739e-06 3.387205358219431e-06 -2.540057520116386e-06 -4.314164117274098e-07
-7.194983517877764e-06 1.123067704862462e-06 -2.350171283155330e-06 -4.976606773322599e-06
-7.804934203817537e-06 2.056854625795955e-06 6.111115283391979e-07 -4.760546313995321e-06
-1.081325069218236e-05 2.705904990891669e-06 2.025845005417093e-06 2.840121377303394e-06
-1.234407762192285e-05 1.605715671461661e-06 -1.867820719352790e-06 -4.262447282098765e-06
-7.263950106855199e-06 -7.148147707116856e-07 -5.181788421907286e-07 -4.719984376364451e-06
-7.195565639022042e-06 -2.084057143454350e-06 1.006583980231001e-06 -4.939821195336162e-06
-9.251181995351013e-06 7.211305531433356e-07 2.002644167541151e-06 3.762974060637112e-06
-1.212715382103956e-05 4.036337689249676e-08 1.949829177089428e-06 -3.830909468394354e-06
-1.222527855411534e-05 -1.466034511000286e-06 3.014518285597255e-06 -2.907104741299963e-06
-8.357113258826430e-06 -1.708488178099906e-06 -3.886954150363592e-06 -7.357303025477198e-06
-7.510436859236959e-06 -2.652691260662012e-06 2.391696699464706e-06 -9.542997316613160e-06
-7.919396226012614e-06 -4.222354783469495e-06 6.041620445025775e-06 -5.681482918046816e-07
-1.072612130280642e-05 -1.666178407847107e-06 7.218089579447018e-08 -1.088783392660151e-06
-8.510562116643449e-06 -5.720647743325145e-06 4.131600225983918e-06 2.099318766373838e-06
-1.264618910986343e-05 -2.980508037732998e-06 1.319628354358331e-06 -3.862190708360656e-06
-9.358448823614895e-06 -4.285469348793064e-06 4.624645037499540e-07 3.782168938440928e-06
-1.143283413457044e-05 -4.408214898215792e-06 -2.025884283970551e-06 2.034255362262107e-06
-9.256760331163499e-06 -7.138634764714568e-06 -4.282661548779064e-06 -1.196443086639028e-06
-1.333138198272509e-05 -4.408334762524262e-06 -2.215732654076179e-06 -2.089762200611810e-06
-1.271746757281345e-05 -5.797972311261366e-06 -2.291023947669016e-06 1.296350856974989e-07
-1.131365434182195e-05 -6.655040941317347e-06 8.584056285520262e-07 -2.008163514050344e-06
-1.015637534673289e-05 -8.466661782450039e-06 -4.475825062988411e-07 7.644590444044930e-07
-1.121227842295371e-05 -9.685329887653643e-06 -7.774734354667337e-07 1.065438521982992e-06
-1.426165774984714e-05 -5.716350529567011e-06 -1.755510881638349e-06 6.653793758340756e-07
-1.356285054150102e-05 -7.330592753698463e-06 -7.947588989261753e-07 -7.262152441939080e-07
-1.274706592862693e-05 -9.195907084828685e-06 -2.622346430113256e-07 5.353001829257449e-07
-1.240023818374836e-05 -1.077778421374365e-05 -1.312364842206983e-06 6.402496952875279e-07
-1.540511941038907e-05 -6.850384020094112e-06 4.933590336125064e-07 -3.823943756797514e-07
-1.504964371005171e-05 -9.177304834402251e-06 9.071964674671411e-07 2.227076299835811e-06
-1.370376644884265e-05 -1.172963748863540e-05 1.033614623595905e-06 1.029817828952797e-07
-1.512296304679681e-05 -1.253506475287054e-05 -5.522733845558806e-07 -2.278684437484815e-06
-1.662495566344406e-05 -1.317135519496795e-05 -1.220497720529701e-06 -1.470533800768625e-06
-1.674956352043560e-05 -9.676261881246786e-06 -7.624825367399674e-07 1.745038125992810e-07
-1.673734834004135e-05 -7.773694771618653e-06 1.206879620552904e-06 -4.111100930948510e-07
-1.641912992868420e-05 -1.155289924347337e-05 -1.762113506065783e-06 -1.008664561730238e-06
-1.819082357134708e-05 -1.363154491998666e-05 -1.356170994287271e-06 -5.863366655011784e-08
-1.979307230042538e-05 -1.390987309242585e-05 5.501172995772905e-07 1.143832908388777e-06
-1.809599289492859e-05 -1.010358893337999e-05 -1.112399508384588e-06 -5.839087915847627e-07
-1.821695330152240e-05 -8.458101198175351e-06 -7.100953834375376e-07 -2.199854574490029e-06
-2.141703816534262e-05 -1.400450378484170e-05 2.878494869954217e-06 1.145905300106306e-06
-1.961343191319178e-05 -1.162304015375747e-05 1.074838533090535e-07 -7.421923392006981e-08
-1.979433219647445e-05 -8.879901309215565e-06 6.587159260502119e-07 -8.979914256310103e-07
-2.177663718443022e-05 -1.186511703535233e-05 2.879232722367053e-06 7.315582675232218e-07
-2.320709155610410e-05 -1.400643507831885e-05 1.135524694290478e-06 4.093759178671297e-07
-2.141600603019956e-05 -9.022279711684347e-06 3.028886585082802e-06 8.793288879216925e-07
-2.566752611047225e-05 -1.401023015306412e-05 -1.307390138027750e-06 1.236452555072971e-07
-2.372475455089667e-05 -1.065125821476610e-05 1.622600686788405e-06 8.623282167344261e-07
-2.320503577939734e-05 -9.023421490902483e-06 2.209091911677266e-06 1.435002257332071e-06
-2.905082340388752e-05 -1.401793186254738e-05 3.372011261792584e-06 1.214282372367686e-06
-2.737599241608215e-05 -1.132474805958090e-05 2.617657921493651e-08 -1.047729677630243e-06
-2.566689205845474e-05 -9.025258113890991e-06 7.674216032069276e-07 2.102800414395730e-07
-3.352884218959893e-05 -1.402678278644646e-05 1.380170618223726e-06 1.344560162792584e-06
-3.128708075540552e-05 -1.151955163263849e-05 2.625344393826161e-06 8.968903371619516e-07
-2.905193579406203e-05 -9.023957889783548e-06 9.969262166021673e-08 -1.239481853593921e-06
-3.820612155458358e-05 -1.403285511554799e-05 1.347133837018381e-06 -6.535065644517312e-07
-3.586474845461716e-05 -1.152088879254091e-05 1.808514498671799e-06 -2.812609358611242e-07
-3.352641903215407e-05 -9.013535294518933e-06 3.257509841518195e-06 -7.869295622671259e-07
-4.290069581207900e-05 -1.403573351430457e-05 1.904487206665549e-06 1.382768829138031e-06
-4.055295410895565e-05 -1.152156230834441e-05 1.012674365869991e-06 -3.080500574811699e-07
-3.820813788352009e-05 -9.009341207001844e-06 1.075609496231549e-06 -1.888787065244702e-07
-4.760389998786118e-05 -1.404810092602524e-05 2.307859905323400e-06 8.147474318967438e-07
-4.524775816568239e-05 -1.152562334813276e-05 1.955905183676055e-06 5.076152946614822e-07
-4.289818531601877e-05 -9.012703684242802e-06 1.121599848862171e-06 -1.322681081856040e-06
-5.233050687783602e-05 -1.405322371201535e-05 2.379975306168917e-06 -1.231745756890584e-06
-4.996541979447833e-05 -1.152457037842033e-05 3.162813379343643e-06 2.404973190791942e-07
-4.760512716183688e-05 -9.001819579402324e-06 2.518572846940925e-06 -9.744736125409644e-08
-5.705773530977933e-05 -1.405871517701210e-05 2.606988158950856e-06 2.280124970065765e-06
-5.469455678748267e-05 -1.152777871941791e-05 1.592549280189900e-06 -3.800742958543187e-07
-5.232905955067832e-05 -8.998817749003111e-06 2.979203022293142e-06 9.560279955528578e-07
-6.177397066584927e-05 -1.406624778824547e-05 2.468161500745123e-06 6.450863506832147e-07
-5.941548124146915e-05 -1.153217841643138e-05 2.795609243296571e-06 7.819741666652484e-07
-5.705702618849975e-05 -9.000689354269170e-06 1.443530817785704e-06 -1.858266808081766e-06
-6.648971322088760e-05 -1.406492212686254e-05 4.526787408557599e-06 -7.843782977602152e-07
-6.413054497810408e-05 -1.154025580914435e-05 3.825315683719347e-06 -7.826638505632373e-07
-6.176986226466571e-05 -9.006614566510364e-06 3.864465419021008e-06 -6.162533812546515e-07
-7.119839680619275e-05 -1.405340082841738e-05 4.723108242075694e-06 2.553832876484081e-06
-6.884924413221986e-05 -1.153973384314216e-05 3.957426238836777e-06 4.319093699219744e-07
-6.649097147203874e-05 -9.016101055917017e-06 3.417077725432458e-06 2.261137001016238e-07
-8.125173669305263e-05 -1.378077787603673e-05 8.416626919692939e-06 -1.435326912763736e-06
-8.058630393999579e-05 -1.405686336873497e-05 8.871045617028943e-06 -1.477897489582534e-06
-7.329787810834447e-05 -1.153954279841964e-05 5.440567616455170e-06 8.767978833468280e-08
-7.588747768845411e-05 -1.405927800014941e-05 5.301486807025584e-06 7.528443961818609e-07
-7.119873897183914e-05 -9.025132458266590e-06 5.171575722842871e-06 -1.758112154984916e-06
-8.152733825787685e-05 -1.311479151094705e-05 8.220139559024901e-06 -1.130378153577769e-06
-7.995250271974719e-05 -1.154614889648471e-05 9.146086676499574e-06 3.053300195591834e-07
-7.588514672099322e-05 -9.024949264141637e-06 5.204745379113256e-06 -8.839225411513177e-07
-8.152713976091166e-05 -9.977991285971595e-06 7.949914971159969e-06 2.030563297890751e-06
-8.058540957141970e-05 -9.034930465004396e-06 8.562597142787915e-06 2.354791859483417e-06
-8.125134120827942e-05 -9.311356610396130e-06 8.125846576372890e-06 2.327848650406998e-06
