5.758027753981500e-05 -7.824488001771918e-06 -1.787721619130570e-05 3.799526790631323e-06
5.782215242884530e-05 -7.240495913067276e-06 -1.798172634182148e-05 3.544788110943098e-06
5.782172678763053e-05 -4.486736041722481e-06 -1.816873064995783e-05 2.430153029880497e-06
5.757974058589789e-05 -3.902236618749839e-06 -1.809196962746005e-05 2.242707201823913e-06
5.699634101708577e-05 -8.066409188336360e-06 -1.762834106934600e-05 3.906317503604927e-06
5.589938932337316e-05 -5.862869244680179e-06 -1.747163842784647e-05 3.145002455185940e-06
5.699549872434329e-05 -3.660016335198183e-06 -1.789705553396834e-05 2.176391737389719e-06
5.287714909183117e-05 -8.063543171429317e-06 -1.686669558048739e-05 4.291708908528130e-06
5.287490377452414e-05 -3.655145706466783e-06 -1.720351049960966e-05 2.852838041256885e-06
5.060149356210479e-05 -5.857348519104474e-06 -1.656198709917480e-05 3.590866877900618e-06
4.876271976872479e-05 -8.052924113224015e-06 -1.637160516508505e-05 3.902238646463304e-06
4.876364570866780e-05 -3.662338901790548e-06 -1.577928865184882e-05 2.331140912993962e-06
4.671691281778389e-05 -5.858606477197405e-06 -1.566365002858616e-05 2.701572673848657e-06
4.467295792740707e-05 -8.049350153491302e-06 -1.580807297835710e-05 2.954446823077126e-06
4.467425855214174e-05 -3.670321193789854e-06 -1.561758353802566e-05 2.339599363037480e-06
4.262823729959417e-05 -5.860666474129526e-06 -1.630095457820507e-05 2.835723534870230e-06
4.058278858554932e-05 -8.043883915006841e-06 -1.601847469492441e-05 3.914657524092250e-06
4.058373022895280e-05 -3.678090519084845e-06 -1.559222394955369e-05 2.028437452965491e-06
3.854380499198319e-05 -5.861086475716619e-06 -1.566080936410886e-05 3.019595344698298e-06
3.652327719037872e-05 -8.014909557075473e-06 -1.491856492851410e-05 4.120286035334729e-06
3.652537556370337e-05 -3.708196316025132e-06 -1.400450260828519e-05 1.502923426760379e-06
3.451571111903724e-05 -5.861823451908229e-06 -1.421722013752970e-05 2.546741430683565e-06
3.252776552102692e-05 -7.978097335828993e-06 -1.372833115517553e-05 3.438963336189427e-06
3.252638848617373e-05 -3.741729007641619e-06 -1.367153752951984e-05 2.132331625776048e-06
3.054921553287841e-05 -5.857717105129688e-06 -1.309780348463182e-05 2.950196643384986e-06
2.860159672131060e-05 -7.927504817078732e-06 -1.224780848726135e-05 2.886613120908033e-06
2.859977963566342e-05 -3.783704734240034e-06 -1.209722648951599e-05 3.140276517386755e-06
2.666918881066276e-05 -5.854714914907107e-06 -1.128612026387444e-05 2.985562070739874e-06
2.477148475118554e-05 -7.874318430391296e-06 -1.114450909966792e-05 1.551462388769462e-06
2.477433900123203e-05 -3.839469977052659e-06 -1.115970415824503e-05 4.280866781293895e-06
2.289641855486823e-05 -5.859423116299482e-06 -1.076602167213114e-05 2.999402731696391e-06
2.106549547841260e-05 -7.807115709672616e-06 -9.474546491231562e-06 3.238901341643895e-06
2.106502278474977e-05 -3.911640907873488e-06 -9.830820147334656e-06 3.200116418990950e-06
1.926085879847709e-05 -5.858074000094661e-06 -9.148765672564666e-06 3.446936653279263e-06
1.751428829037658e-05 -7.713487025066211e-06 -9.407185844225752e-06 3.890985881311562e-06
1.751085775339630e-05 -3.996065252413789e-06 -9.119069008344644e-06 2.919148000853695e-06
1.585945103988742e-05 -5.851011177110707e-06 -9.270754093597063e-06 3.287383299940993e-06
1.426080774885874e-05 -7.614761681567696e-06 -7.918296516091804e-06 5.208155892487472e-06
1.426076438463911e-05 -4.090856583270663e-06 -8.182099081915477e-06 2.034721128566581e-06
1.307764677390323e-05 -5.983284528621970e-06 -6.741205554642963e-06 3.781911636348785e-06
1.192484243896051e-05 -7.527882198594174e-06 -6.335620731712196e-06 4.423524453918034e-06
1.192339297637979e-05 -4.182083003884364e-06 -6.704555530614998e-06 3.237862871833984e-06
1.030835843492148e-05 -7.454758092942667e-06 -6.812905169923857e-06 4.124418751600323e-06
1.060101051474138e-05 -6.408490766505385e-06 -6.737343773021093e-06 4.004896131902138e-06
1.030466693949643e-05 -4.240594384427379e-06 -6.829455620559545e-06 3.091172694756211e-06
9.173840822251611e-06 -4.304359837402285e-06 -6.732409177185244e-06 2.661597044554372e-06
-1.180878805648124e-06 -9.395887440860354e-07 1.160093741052357e-05 2.759600289246897e-05
-1.189894560722233e-06 -8.629662000626389e-07 5.364651936771016e-05 -2.200540777532213e-05
-1.191415494156305e-06 -7.350043619360936e-07 -1.684526200782419e-05 -9.609527620640263e-05
-1.169004647186184e-06 -5.915504164870471e-07 -2.527018008697226e-05 -1.045634777370199e-05
9.167094038685697e-06 -7.402858764010583e-06 -7.160481808570626e-06 4.258031019065311e-06
8.180327969540741e-06 -7.297501789506319e-06 -6.606894015356604e-06 4.169419987307818e-06
8.923375391898738e-06 -5.468896403903389e-06 -6.878605795729188e-06 3.157584509976536e-06
8.163923929383757e-06 -4.284974828605077e-06 -6.232324117478250e-06 2.305423784891452e-06
-1.157792222465267e-06 -9.811647441239930e-07 -2.917342948128923e-05 1.717468676675574e-05
-1.113644974052674e-06 -7.868260782454236e-07 9.606789093666915e-06 1.343991875206150e-05
-1.104676978796597e-06 -5.125801693825014e-07 -2.004024162957835e-05 5.549508984005003e-05
7.853095509179861e-06 -6.353605844915323e-06 -6.344238069704323e-06 3.503579033606078e-06
7.237073728470088e-06 -7.070889844804104e-06 -5.981137738847891e-06 3.786188714870352e-06
6.362555327067804e-06 -6.762743640068991e-06 -5.691716220409592e-06 3.125436002525961e-06
7.559782651728611e-06 -5.103390255798241e-06 -6.032424336576579e-06 2.588876980239394e-06
7.237886275007381e-06 -4.116153312460560e-06 -6.378140682842017e-06 2.611793711870803e-06
-7.587893776276030e-07 -9.871205520278818e-07 6.383818550808316e-06 -4.953616368568636e-06
-7.574094393621713e-07 -6.189015562797112e-07 -8.652614452356594e-06 -1.830656722323592e-05
-5.620444535684117e-07 -7.420861103408505e-07 1.308551380812194e-05 1.894412077130328e-05
5.565614745868892e-06 -6.353667387337808e-06 -6.007675231777413e-06 2.517985472740911e-06
6.233782031684177e-06 -5.834688231070566e-06 -5.619845162141864e-06 2.713890187540601e-06
6.531007044048908e-06 -4.710275628458667e-06 -6.278230982851107e-06 2.939168608457634e-06
6.404061105296504e-06 -3.815108309264216e-06 -6.847720497356523e-06 2.617355452790594e-06
-3.371845790162523e-07 -1.026853436910852e-06 -1.101984354040684e-05 -7.364587623230656e-06
-3.489443448247931e-07 -5.502901771087378e-07 3.248166499342318e-06 7.643268554974191e-06
-1.033623897856656e-07 -7.770779013410796e-07 2.416086347374561e-06 -1.311443084810203e-05
4.839061152874305e-06 -5.881942775463501e-06 -6.658993020582519e-06 3.246202015064470e-06
4.212392241201016e-06 -5.357523101475496e-06 -4.410615008187142e-06 3.344057465390962e-06
5.512990614368578e-06 -4.544421124435174e-06 -6.431619037990137e-06 3.400698387752328e-06
5.681013102970464e-06 -3.393774136663014e-06 -5.699649541674705e-06 1.413992376727161e-06
1.847159489127324e-07 -1.106445417776176e-06 1.105972472601435e-06 5.439066992674850e-06
2.043262756025763e-07 -4.824794524162789e-07 -5.375141907738811e-06 8.168806017074174e-06
4.374023651106517e-06 -4.589237155210327e-06 -4.238792152145222e-06 3.024540983927594e-06
3.681914776561428e-06 -4.775027569653180e-06 -3.452119441151062e-06 3.252573882500903e-06
4.634657807552045e-06 -3.764856191418951e-06 -3.985151055708442e-06 1.684396240986952e-06
5.083073975759434e-06 -2.897705237871713e-06 -4.064383726081326e-06 1.342311241437183e-06
5.064104192468214e-07 -7.966112958156611e-07 1.572521393576121e-06 -9.092172173445440e-06
8.882038303218823e-07 -1.232500458603172e-06 -2.683533560232942e-06 -7.149793166164379e-07
8.642109084744905e-07 -3.663826067878888e-07 -1.456797659111763e-06 -1.680633933713684e-06
3.226631805079051e-06 -4.164950857028571e-06 -3.051570051127914e-06 2.347817271143929e-06
2.873067865596823e-06 -3.553914148164190e-06 -4.420595983462067e-06 2.139414082041325e-06
2.617872659423243e-06 -2.923406634848896e-06 -5.311387486932912e-06 2.309314197231607e-06
4.113520902511600e-06 -3.052361490992837e-06 -3.731733177686912e-06 1.706847299525337e-06
4.610624284742235e-06 -2.356733625174032e-06 -3.878690262848204e-06 1.723837274833207e-06
1.179949509103452e-06 -8.084543961929615e-07 -2.628506064752262e-06 1.560839347378423e-06
1.538956327411776e-06 -1.344750096884292e-06 2.782614839012221e-07 2.867440805173654e-06
1.544423835830527e-06 -2.685270447543628e-07 -3.540837396440987e-06 -3.240366767090072e-06
3.210284508239968e-06 -2.914692437812260e-06 -4.368266418889818e-06 2.131071516636909e-06
2.435164226686596e-06 -2.304782434194189e-06 -5.143359375183076e-06 3.948133773445779e-06
2.116639533551595e-06 -1.423898017489851e-06 -4.354019582304980e-06 -2.524124262248904e-07
2.281907453206350e-06 -1.512568532573180e-06 -3.408798845825515e-06 3.320621244509982e-07
2.357247254529526e-06 -1.706321451943607e-06 -3.322079417408173e-06 1.602139388074639e-06
3.753427090803349e-06 -2.279232609585115e-06 -3.433026624958380e-06 1.551436340743848e-06
4.251384001351214e-06 -1.807430597257034e-06 -3.565195348605958e-06 -1.206054351239598e-06
1.860110827887651e-06 -8.853483175749572e-07 -3.110883903615224e-06 -7.029351947627912e-07
2.154988963102117e-06 -1.762998202864804e-07 -6.126591533874835e-07 -1.092361409878487e-06
2.847521075227365e-06 -1.875943640627012e-06 -4.943234745990379e-06 2.842413205496942e-06
2.309648186125297e-06 -1.136171791928301e-06 -3.222567708242066e-06 8.608705201424681e-07
2.499981794824477e-06 -1.439868385915697e-06 -3.252812395660579e-06 1.277413888008657e-06
3.510922169523161e-06 -1.642329622464985e-06 -3.878115697231377e-06 3.671444144624444e-07
4.017770149611270e-06 -1.282995274386226e-06 -3.513009733883513e-06 -8.730623214779545e-07
2.348521621108471e-06 -5.305300046781407e-07 -2.454326517976201e-06 1.933720978632031e-06
2.341872625126327e-06 -8.931281221090867e-08 -1.165863999671645e-06 6.819193466920573e-07
2.985177981592389e-06 -9.862424321617453e-07 -3.851224937789715e-06 3.319523102397825e-06
3.924642852820012e-06 -7.762497360568415e-07 -4.085627089983964e-06 9.604656989137116e-07
3.921636636836988e-06 -2.943189144327852e-07 -4.434852734732483e-06 6.184105653143536e-07
2.712166088239828e-06 -2.037613318151409e-07 -2.821500557885970e-06 3.088654267662597e-06
2.453904993931389e-06 8.648577757365690e-08 -1.345699302434064e-06 1.343721238630222e-06
2.602754008414381e-06 5.544189782538444e-07 -3.419432162949568e-06 -1.601283094736963e-06
3.455746882030944e-06 -2.177938234826896e-07 -5.119139937145905e-06 1.307461698784430e-06
2.805725098576803e-06 9.766032242512104e-07 -5.518785155794409e-06 -3.224078761204815e-06
4.016035745932424e-06 1.822325193522001e-07 -4.157578438552725e-06 -1.019608470649318e-06
3.039856153246810e-06 5.799879757885820e-07 -5.824859888155632e-06 -2.301728014117063e-06
3.654094115739452e-06 6.113102326183724e-07 -4.253930983953495e-06 -2.654528945628235e-06
3.044925303846352e-06 1.367406850070247e-06 -5.493500480653035e-06 -3.826267943217006e-06
4.178665036508731e-06 6.097507065590296e-07 -3.739734374660851e-06 -2.718597390644728e-06
3.999905129485468e-06 1.003382917665546e-06 -3.622676349857817e-06 -3.710520841551250e-06
3.623800294793050e-06 1.240147266745998e-06 -3.976313399340130e-06 -3.798724810385571e-06
3.316705930225174e-06 1.708849748333711e-06 -4.005462128844194e-06 -3.983284357248587e-06
3.601684637873727e-06 2.005563016454125e-06 -3.536431930049370e-06 -4.746573961794004e-06
4.395615019512265e-06 9.830336379861980e-07 -4.377807834395473e-06 -3.716107577610705e-06
4.210608736246486e-06 1.410622049257039e-06 -4.063931918287291e-06 -4.239535243690172e-06
4.001646992559725e-06 1.881927188744667e-06 -3.829227653352485e-06 -4.557501982400123e-06
3.915771064172474e-06 2.263427379206283e-06 -3.991640063322603e-06 -5.577744163644282e-06
4.672591543815731e-06 1.295726151137373e-06 -7.085205387940951e-06 -4.400752125973278e-06
4.586092001769989e-06 1.877906814760162e-06 -7.916639463259342e-06 -4.740978607251907e-06
4.254710668739308e-06 2.482840784454458e-06 -7.541145169369445e-06 -6.003363421308613e-06
4.605547465527207e-06 2.653609685189065e-06 -6.499407029942838e-06 -4.199244395743942e-06
4.960362097526952e-06 2.768281836909230e-06 -6.334027103502249e-06 -5.083372153697963e-06
4.992648745347088e-06 1.997601491162703e-06 -7.104522128909028e-06 -3.108125947917260e-06
4.990113946427127e-06 1.544125021987053e-06 -7.991145199663089e-06 -4.287573919034092e-06
4.920941312127142e-06 2.422121972359231e-06 -6.224769023761575e-06 -3.678834454373904e-06
5.304357502956307e-06 2.846876055272967e-06 -7.030022252522287e-06 -6.350875147512882e-06
5.640209113315033e-06 2.885703798033229e-06 -7.873728873167184e-06 -6.870048642389883e-06
5.291605605727063e-06 2.096105566514372e-06 -6.613687850326008e-06 -2.773022467373942e-06
5.316581330280266e-06 1.729450054833249e-06 -6.601528484476923e-06 -2.657751986461970e-06
5.972745804394219e-06 2.888148170450404e-06 -8.853773657523851e-06 -6.793861802481794e-06
5.613080020268369e-06 2.419580332859422e-06 -7.908935602223936e-06 -5.221045101851134e-06
5.644463751256203e-06 1.847911851291463e-06 -7.344221945325179e-06 -2.880326406725362e-06
6.047340838392221e-06 2.469207982963711e-06 -9.335071875471811e-06 -5.813361234789551e-06
6.315367100860986e-06 2.865731610261125e-06 -9.715823970011229e-06 -5.956942785845500e-06
5.975146715948832e-06 1.898905873721737e-06 -9.427525151066042e-06 -4.532197782320231e-06
6.759437859955725e-06 2.841629355493010e-06 -1.105604513957521e-05 -5.470758626184530e-06
6.419944484378227e-06 2.242099013230830e-06 -1.022451802409084e-05 -5.591118211502455e-06
6.313959330402404e-06 1.929109620999460e-06 -9.966224698476372e-06 -5.245578792412180e-06
7.322400025551671e-06 2.805383660833428e-06 -1.183676040033806e-05 -6.398900583163155e-06
7.052854488301122e-06 2.369439972616672e-06 -1.117831368906202e-05 -5.589271148290612e-06
6.757883664489290e-06 1.968139010616832e-06 -1.057253411490009e-05 -5.340949100276497e-06
8.012468057197506e-06 2.762823646724330e-06 -1.388710499916526e-05 -6.411225250771202e-06
7.679530149553730e-06 2.397761779324043e-06 -1.297375385459553e-05 -5.131250843673612e-06
7.325286487928364e-06 1.998527464277516e-06 -1.236175784225209e-05 -4.079025061109434e-06
8.657158733767230e-06 2.727344147710036e-06 -1.664663475312903e-05 -6.914913014167653e-06
8.346411679066651e-06 2.396988372655703e-06 -1.483102160652524e-05 -5.668400735260906e-06
8.012716827735146e-06 2.030897150641920e-06 -1.334899153183369e-05 -4.252341991878511e-06
9.237063452141136e-06 2.698575714921332e-06 -1.986792361162345e-05 -6.416660925302323e-06
8.955908523140935e-06 2.401566495444544e-06 -1.876523059171678e-05 -5.348394245555768e-06
8.654637823078301e-06 2.071338826438665e-06 -1.709383656505118e-05 -4.097011442553986e-06
9.768490016493350e-06 2.674435349858484e-06 -2.238476029461889e-05 -8.471180984493198e-06
9.510585509113907e-06 2.400611513480062e-06 -2.036577713762389e-05 -5.934610957988597e-06
9.237995694807101e-06 2.104411126067063e-06 -1.935521288828760e-05 -4.856130269624318e-06
1.027312473819074e-05 2.665018072003935e-06 -2.616474222656811e-05 -7.283339432180482e-06
1.002296207946077e-05 2.398512856677329e-06 -2.488074225925097e-05 -5.424407607299227e-06
9.769328308545942e-06 2.124407602938862e-06 -2.276006200859508e-05 -3.004213868127928e-06
1.076069321052015e-05 2.656450059374970e-06 -2.966022280378424e-05 -8.333984669017501e-06
1.052070811753298e-05 2.399942846540952e-06 -2.733935200428197e-05 -5.448926412664063e-06
1.027289053609577e-05 2.132635918711402e-06 -2.621126813855475e-05 -3.373634330592162e-06
1.121559228090622e-05 2.647712349855715e-06 -3.326297073985677e-05 -7.424181227233420e-06
1.099181456224932e-05 2.404291484695318e-06 -3.182346069743048e-05 -6.346195411422646e-06
1.075811563037004e-05 2.148292849451677e-06 -2.906277430328135e-05 -3.572791950559830e-06
1.167038422184111e-05 2.647856140429326e-06 -3.696479041770361e-05 -7.236177416641301e-06
1.144123644282814e-05 2.401299660092701e-06 -3.493558849177553e-05 -5.569001667359035e-06
1.121747410567269e-05 2.158691592751821e-06 -3.380479520416269e-05 -4.627409114231509e-06
1.213734727200591e-05 2.648453707611621e-06 -4.261198583287852e-05 -7.606452913098303e-06
1.190373976044428e-05 2.399824178833808e-06 -3.970164387570545e-05 -5.502297217519020e-06
1.167138085252603e-05 2.152150262168635e-06 -3.696132423526691e-05 -3.615609598203509e-06
1.308102856343061e-05 2.605719582808962e-06 -4.915407330637496e-05 -7.466307354858089e-06
1.301747231173465e-05 2.632065573566397e-06 -4.849957738429291e-05 -7.654331352405468e-06
1.233977948404101e-05 2.403398553161632e-06 -4.392965965473988e-05 -6.191330384045086e-06
1.258093726911084e-05 2.639181157747583e-06 -4.443543963977962e-05 -7.079330909223713e-06
1.213450438180353e-05 2.155193501829563e-06 -4.220831684012262e-05 -4.145583652223905e-06
1.310736652183676e-05 2.542144344458690e-06 -4.943848477236674e-05 -6.941133902317728e-06
1.295916661543474e-05 2.393960134641601e-06 -4.776429255891121e-05 -5.654889762143635e-06
1.258461509597670e-05 2.162140226537464e-06 -4.469673655419105e-05 -5.117788278244963e-06
1.310840130580850e-05 2.244254221162235e-06 -4.951110926570255e-05 -4.257020025228509e-06
1.301963327203757e-05 2.155839880984724e-06 -4.865276211045438e-05 -3.651047378029360e-06
1.308240890760331e-05 2.181646857091829e-06 -4.925133518420444e-05 -3.800828424152625e-06
