8.933857124236929e-05 -1.438872113788708e-05 -1.061888949566111e-05 -4.283361370763394e-07
8.964925304005505e-05 -1.363844904046626e-05 -1.023675813229073e-05 -7.085273691842924e-08
8.964914910977677e-05 -1.010106202225002e-05 -1.038766448226905e-05 2.143457290571443e-06
8.933825553198732e-05 -9.349688592021725e-06 -1.078172003228311e-05 2.406147177168202e-06
8.858850900217381e-05 -1.469956807059145e-05 -1.143892784547551e-05 -4.537672575278046e-07
8.718060271462826e-05 -1.186884091278431e-05 -1.249302957671203e-05 7.988312658294966e-07
8.858751855068877e-05 -9.038247256268373e-06 -1.158283053122454e-05 2.364311370282377e-06
8.329964527386164e-05 -1.470148136752677e-05 -1.060274833372619e-05 1.855276758610403e-06
8.329534020508994e-05 -9.025823096575414e-06 -1.061736916135888e-05 -1.809387750700502e-06
8.037256497370422e-05 -1.186144418940425e-05 -9.066677492198877e-06 1.980465892279386e-07
7.799336394640067e-05 -1.471369454909853e-05 -9.897894870664044e-06 2.702405683781216e-07
7.799687322356085e-05 -9.013510501747622e-06 -1.037647318844363e-05 2.193302914846389e-06
7.534002648269808e-05 -1.186573704170665e-05 -1.221689670139506e-05 1.217335175852435e-06
7.267496772179345e-05 -1.472809366799771e-05 -1.114181129683376e-05 4.342497091071911e-06
7.267933875995699e-05 -9.009715336905649e-06 -1.077494070244843e-05 -2.703117547899376e-06
7.000848041311668e-05 -1.187313116906292e-05 -7.983062708579911e-06 2.035885339698868e-07
6.733272225100875e-05 -1.474057001755701e-05 -7.230227806302113e-06 5.211360494043839e-07
6.733146043778456e-05 -9.003199398379671e-06 -8.254478439809588e-06 1.193511156571322e-07
6.465302978944713e-05 -1.186961729904562e-05 -9.561224084484150e-06 1.361390204152575e-06
6.196734038345063e-05 -1.474124504804561e-05 -9.738271052433091e-06 -1.319628596053047e-06
6.196669847717432e-05 -8.992309100697154e-06 -9.622859080990475e-06 3.446811318867538e-06
5.927980283748377e-05 -1.186557063302323e-05 -8.391180665725456e-06 1.006167801159638e-06
5.659430080637213e-05 -1.473686054694512e-05 -8.183409102810726e-06 -1.578797809996109e-06
5.659610795691793e-05 -8.993978802295388e-06 -7.405445216074226e-06 2.536862373939733e-06
5.391440667541533e-05 -1.186694787130845e-05 -7.182190467795969e-06 5.951964436754232e-09
5.122918332003456e-05 -1.474272968185839e-05 -4.875366689410410e-06 3.383609484741888e-06
5.123465760257454e-05 -8.995804832673191e-06 -5.748343623405491e-06 -1.637571543984187e-06
4.854507749873504e-05 -1.187215773458991e-05 -5.748602262906551e-06 1.353064227598638e-06
4.586753137364093e-05 -1.472916199331875e-05 -5.407907323341024e-06 1.562881645041163e-06
4.586061094941682e-05 -9.007800451679866e-06 -6.487666556021176e-06 -8.911537351465483e-07
4.319188865674651e-05 -1.186562760356240e-05 -4.532753020177695e-06 1.129428423414696e-06
4.053120853802183e-05 -1.470828298854519e-05 -5.347571804841711e-06 1.068629638598501e-06
4.053114308876045e-05 -9.023205125850874e-06 -3.187818052616402e-06 1.740907439172270e-07
3.787836662514992e-05 -1.186281514563855e-05 -2.463989005285486e-06 4.450716270994435e-07
3.525239981313654e-05 -1.466841575714796e-05 -7.249407847009079e-07 1.352684530982170e-06
3.525096871791548e-05 -9.051957408399268e-06 -2.336281610959432e-06 1.066735090542416e-06
3.274131370044841e-05 -1.185828294472663e-05 -3.607045773790117e-06 3.000779899187599e-07
3.025078425349638e-05 -1.462745251707844e-05 -3.160523498046309e-06 -1.233112827245744e-07
3.025019157436237e-05 -9.090226751201014e-06 -3.022639144279120e-06 2.700719987558123e-06
2.839150919599335e-05 -1.207033433501408e-05 -1.593307590997274e-06 4.079915422336745e-06
2.650914707098744e-05 -1.459157423415439e-05 6.077844054917955e-07 1.320330569348701e-06
2.651163182534261e-05 -9.122527733941040e-06 -1.060422963671961e-06 -4.192239616474544e-06
2.382210014582932e-05 -1.456384498654670e-05 1.008648312543068e-06 3.219858336089925e-06
2.433782086736106e-05 -1.278780685329495e-05 -4.617185609022417e-07 3.748814671946049e-07
2.382291016270312e-05 -9.147845968937326e-06 4.299157432700914e-06 1.846017833055553e-06
2.189023799822403e-05 -9.166150380100804e-06 9.030794455052833e-07 2.019841249887421e-06
-3.661226269293755e-06 -4.402956003055412e-07 -3.270777365490714e-05 1.328950094308499e-06
-3.748643316237118e-06 -3.029955057083686e-07 -1.589975180773117e-05 6.284630658984540e-06
-3.703990480595555e-06 4.200205222617780e-07 -1.704996307791864e-05 -2.007049687057517e-05
-3.616000844598462e-06 5.459147539638722e-07 -2.154579491886033e-05 -5.620132161369763e-05
2.189123745031361e-05 -1.453963701698355e-05 5.275691620726105e-06 4.218769889847358e-06
2.014047633016670e-05 -1.442426234862383e-05 1.933658616851997e-06 2.406306528612990e-06
2.149185834495212e-05 -1.117417571635960e-05 -1.072050555711090e-06 3.404455962190196e-07
2.013404183218684e-05 -9.032403272153499e-06 4.596863137635129e-06 -1.173341505304496e-06
-3.475832591796134e-06 -4.800997087760387e-07 -3.688886786994209e-05 -1.487616217901423e-05
-3.106747484093726e-06 5.504255500161267e-08 5.055200761890567e-05 3.417523676162810e-05
-3.427611869858812e-06 5.826206311612808e-07 -6.232178228085103e-05 -4.750907582526819e-05
1.958020984145079e-05 -1.276381880836204e-05 2.828316257189562e-07 2.159096133520500e-06
1.842373835238121e-05 -1.410689610398905e-05 -5.525043640567992e-06 2.237579617143530e-06
1.676636527351664e-05 -1.359961507449143e-05 -2.721432458533702e-06 3.141940987506296e-06
1.905188489248398e-05 -1.049107413082910e-05 3.463639809377482e-06 -2.578565295574912e-06
1.845271997198223e-05 -8.600227783079712e-06 -4.646525686482986e-06 3.627604715052232e-06
-2.284168611937536e-06 -5.445973725087771e-07 -2.315411108885134e-05 -1.760773052540881e-05
-2.280168697381294e-06 6.716389595017604e-07 2.050470637292528e-06 -7.632100277827866e-07
-1.655997010694533e-06 2.649832883801611e-08 1.029734129293078e-05 1.316360013966807e-05
1.519390889226056e-05 -1.290374123918900e-05 9.387851793304971e-08 3.156316803639935e-06
1.654147207446608e-05 -1.188076618253596e-05 -1.764101752680324e-06 -8.198190642293246e-07
1.711665635581840e-05 -9.721767843547268e-06 4.030822873173022e-07 4.644001810118095e-06
1.688808542407892e-05 -7.898096873607241e-06 4.437840087739360e-06 -5.210341173227933e-06
-9.899310334831178e-07 -6.275676061678839e-07 2.749984088362406e-06 9.234722723334366e-06
-9.942662168600391e-07 7.783750890121111e-07 -1.201861437778391e-05 -9.963894015235141e-06
-2.343965618742494e-07 1.528459502023555e-08 1.099154651914845e-05 7.920216887598750e-07
1.372038700798363e-05 -1.205390991243987e-05 9.063778163689748e-07 3.087190736854408e-06
1.235318238658145e-05 -1.104890836555385e-05 2.864052184365586e-07 7.091784460045020e-07
1.511542182390326e-05 -9.386847999645552e-06 3.105931344745304e-07 1.496431784290303e-07
1.547880759790352e-05 -6.954427303088374e-06 -6.538312925344920e-06 2.501704560342928e-06
6.276178992222432e-07 -8.725818299777072e-07 -8.817859652394382e-06 -7.756300729145440e-07
6.248150698688296e-07 9.992689671479837e-07 8.982161936023148e-07 5.217054290611558e-06
1.270213728630797e-05 -9.491778612221749e-06 2.699385894051505e-06 5.019134530059542e-07
1.113772223708333e-05 -9.899762735838412e-06 3.163221198276079e-06 -1.365734360790258e-06
1.328688664053624e-05 -7.732153549388898e-06 1.668803178642936e-06 2.691385038988127e-06
1.428026149507422e-05 -5.804811658512876e-06 6.604259579282815e-06 -1.801823193015002e-06
1.585642228634550e-06 2.442769730521047e-08 3.440036586619140e-06 -6.747322103578101e-06
2.707594786521548e-06 -1.221998607425603e-06 6.542169811204001e-06 8.301600008791818e-06
2.708216560811704e-06 1.326818534925122e-06 2.314645623448541e-06 7.216622067453695e-06
1.006591491300150e-05 -8.632653457438391e-06 4.227973427194467e-06 1.877650032711061e-06
9.143845544020185e-06 -7.268499272313857e-06 2.071038514054254e-06 -4.128943571198306e-08
8.387514878836948e-06 -5.808119830371965e-06 1.193873735253602e-06 -1.154577810229329e-06
1.210833508317934e-05 -6.136441544297049e-06 -2.301623636421885e-06 -1.993004155743047e-06
1.330130383370072e-05 -4.449563585006384e-06 4.489028816725502e-06 8.967204203856921e-06
3.624325963282650e-06 5.498716134133260e-08 -6.873488486027157e-06 -4.469260477821270e-07
4.733179373853919e-06 -1.569954876340497e-06 6.609048117883234e-06 -7.862821637608489e-07
4.732516927937666e-06 1.666712888794749e-06 4.377961377109608e-06 1.606559746405960e-06
9.926999446074410e-06 -5.814717697866718e-06 -1.526534126395808e-06 -3.072058576655766e-06
7.806487672374281e-06 -4.267834879671907e-06 2.852769456398057e-06 3.871137162996626e-06
6.554362287285387e-06 -1.833225679782230e-06 5.826204322844614e-06 -7.618989859762496e-06
7.116999335798659e-06 -2.113313967636822e-06 2.993575802768997e-06 -7.132376063672313e-06
7.423397540125473e-06 -2.680338354495079e-06 4.007992549422917e-06 -1.783989863753951e-06
1.127748279460490e-05 -4.259456762315692e-06 1.992792138189115e-06 1.620847772957226e-06
1.259703520226632e-05 -2.993790579297851e-06 3.773308542166703e-06 -7.825306402043791e-06
5.727781603552903e-06 -1.824300054341945e-07 1.357699508734659e-06 9.809762172326009e-06
6.549127258229493e-06 1.925372848715083e-06 5.231818302970511e-06 -7.797109963915206e-06
8.865377884248041e-06 -3.185820029857256e-06 2.040315539809497e-06 4.284415551621621e-06
7.145047393861266e-06 -9.753063563296796e-07 -1.799841046416359e-06 -1.082148931230891e-06
7.795280858297516e-06 -1.913987103856301e-06 2.837078813644236e-06 -4.636965879055522e-06
1.067044142697951e-05 -2.552536912908705e-06 -2.391909043947990e-06 2.165838446261067e-06
1.216559819158617e-05 -1.472487963203110e-06 -4.780160287296395e-06 -2.025679709968964e-07
7.155921061629897e-06 8.399930234616333e-07 -7.049304688977581e-06 7.360702904054793e-06
7.055376370898511e-06 2.211206384016554e-06 5.328346608087909e-06 -1.109571174508779e-05
9.181672206139092e-06 -6.401481324627396e-07 3.581301375432520e-06 4.493978782075225e-06
1.202270653594180e-05 5.587572754363981e-08 2.020264171393297e-06 -1.226651605690304e-06
1.222361725621148e-05 1.580170415207607e-06 8.572667330216347e-06 1.523136735265285e-06
8.220862240392674e-06 1.836752896600929e-06 -6.155532440712204e-06 -1.172191273701854e-06
7.342206753209564e-06 2.822770958941311e-06 1.024119050326920e-05 -1.260440160081882e-05
7.691036475761545e-06 4.505332606630939e-06 6.962482964137263e-06 -6.852595561949897e-07
1.067698667621315e-05 1.755037924655875e-06 2.459783667818660e-06 1.264905662305137e-06
8.237420703050999e-06 6.187968860896993e-06 -7.394330553275091e-07 1.007085068502876e-05
1.277035987492221e-05 3.141475741903565e-06 7.495586460152946e-06 -3.837415119987849e-07
9.201896348294030e-06 4.548992175143023e-06 -2.538141566011159e-06 2.152474517081581e-06
1.148570368547180e-05 4.677938851370861e-06 -2.188420069611933e-06 4.372341991135364e-08
9.003983895881929e-06 7.818338377746310e-06 -1.200343049040928e-06 1.076124480829454e-05
1.364293673347666e-05 4.690726088048381e-06 5.110287802720061e-06 7.001039806997093e-06
1.297011430339281e-05 6.242738504277163e-06 2.925740627783684e-06 -8.309460619173230e-07
1.133182460325076e-05 7.245997063336709e-06 3.457312241684128e-06 -7.537013443374179e-06
9.979405514117293e-06 9.436805488179041e-06 6.335610663401307e-06 -2.343072388271568e-06
1.119595746669796e-05 1.095668042015607e-05 3.400234748556357e-06 3.124633379907037e-06
1.484200252745933e-05 6.119475558942762e-06 -1.107762508665299e-06 3.370515504749265e-06
1.399726089542831e-05 8.054840360603077e-06 1.455207436378831e-07 -3.494303657780189e-06
1.301662888992555e-05 1.035802468599321e-05 -1.004635307744063e-06 1.924090076233883e-06
1.260097566761670e-05 1.239726876199612e-05 -2.132889805892063e-06 3.442299120410572e-06
1.635941140922561e-05 7.438145695154814e-06 7.062306629173830e-06 4.901729306907994e-06
1.589814900526139e-05 1.036063726895793e-05 5.397684647182564e-07 5.790760132764540e-06
1.421326058867265e-05 1.368118432801449e-05 1.378719911767787e-06 2.384740772925710e-06
1.602427399273427e-05 1.479125082674519e-05 1.942492033348732e-06 -3.542969155805549e-08
1.798610276403600e-05 1.573171293490727e-05 4.524587130617726e-06 3.496964733131984e-06
1.812741875137260e-05 1.100627042276496e-05 -1.852064358072242e-06 1.598613520301410e-06
1.810842652305476e-05 8.548369060054691e-06 3.054810646517913e-06 1.781323639490699e-06
1.768433343199391e-05 1.350691838564418e-05 9.630778916589221e-07 2.537717850310087e-06
2.009664862222036e-05 1.643778271931007e-05 5.501247852317732e-06 6.269551029749471e-06
2.232952132094570e-05 1.691276504373740e-05 -3.032938768047296e-06 3.889223865542115e-06
1.994513207957748e-05 1.155740703939197e-05 4.002762172023506e-06 2.806552638721801e-06
2.012588464669421e-05 9.360001716813991e-06 4.012367082914031e-06 -3.827900045324838e-06
2.464643239657873e-05 1.711930755079341e-05 1.912254146364112e-06 2.361371916858277e-06
2.203650278420529e-05 1.366124751510027e-05 2.147827368152036e-06 2.715723287564150e-06
2.231089570859170e-05 9.811651934724648e-06 3.320356610408072e-06 3.203634281627433e-06
2.515138794882242e-05 1.402381151371163e-05 5.391779301211562e-06 3.060856477275135e-06
2.726907998653296e-05 1.720839878247557e-05 -3.898663969123833e-06 2.246179319129723e-06
2.462137043017277e-05 9.935307593455823e-06 -4.094813321302648e-06 2.217842043556308e-06
3.096497086071238e-05 1.731289943126633e-05 3.744183516334747e-06 5.252321530753020e-06
2.800808027375197e-05 1.223288707165569e-05 3.776124181930786e-06 -1.231504899634817e-07
2.726449814250949e-05 9.843078830237441e-06 1.305107880449563e-06 -4.110228937276908e-07
3.622372193421264e-05 1.745314045885283e-05 2.392428385383415e-06 1.269561043966967e-06
3.358042323350712e-05 1.322317095112345e-05 4.374559570523439e-06 8.348361823054455e-08
3.096324732382806e-05 9.724993622179452e-06 -7.292523427819798e-07 1.803585792937976e-06
4.342820515498331e-05 1.761544410821265e-05 5.200402847888927e-06 1.857225669853089e-06
3.977936580918377e-05 1.352509771379592e-05 4.912652769505051e-06 2.054592601487661e-06
3.622708861092354e-05 9.586274655320710e-06 3.510155169418951e-06 6.598430347741260e-07
5.119926382727075e-05 1.774082201718177e-05 4.115550471345793e-06 2.609096565153154e-06
4.727488073025210e-05 1.352461369388384e-05 3.675855702071443e-06 1.527171764351668e-06
4.342584667387275e-05 9.430214757103403e-06 3.024025851490684e-06 -1.534949289906599e-07
5.920445283513533e-05 1.785979422419264e-05 6.820676094684111e-06 -6.800328306106979e-08
5.516454498470206e-05 1.352053527576998e-05 5.154758910045313e-06 9.756214995131730e-07
5.120230908636022e-05 9.304974215609288e-06 5.061656156493373e-06 1.931828956408015e-06
6.740067389389850e-05 1.795736663412201e-05 6.436158721121302e-06 1.937736990688883e-06
6.327128167962316e-05 1.352285844954788e-05 7.172896336357058e-06 1.801871115184746e-06
5.920217401153265e-05 9.183029648049944e-06 6.038840881042945e-06 2.137690389111875e-06
7.578753035558594e-05 1.803522711150614e-05 1.148112138976074e-05 2.603681519125957e-06
7.156796859442422e-05 1.351682301039112e-05 8.709146153011622e-06 1.609589524630113e-06
6.740510014328832e-05 9.081948806572718e-06 7.626403854179161e-06 1.916943634929403e-06
8.428806197975912e-05 1.809823177539409e-05 1.016431635471092e-05 1.309321894193441e-06
8.001996994822660e-05 1.352423483708363e-05 1.108937852301824e-05 1.642794132710978e-06
7.578086804801928e-05 9.003943003843373e-06 1.066423551867782e-05 1.276101271914853e-06
9.288217363200223e-05 1.814586862708187e-05 1.219408001712805e-05 6.033310617890212e-06
8.857144406705392e-05 1.352379431838050e-05 9.950188757810253e-06 1.948378301382466e-06
8.429076933421014e-05 8.950117224462588e-06 9.892103561276185e-06 1.424925565661968e-06
1.015422181494912e-04 1.817574397370992e-05 1.336483120590820e-05 -2.204993297750182e-07
9.720337344784347e-05 1.352426878932272e-05 1.466011085069712e-05 2.155616052470333e-06
9.288221699065946e-05 8.900884201528407e-06 1.239485557037419e-05 -6.154482149455536e-07
1.102429647685423e-04 1.818884888203458e-05 1.679591502591047e-05 3.754325349352495e-06
1.058872323908633e-04 1.352824348286945e-05 1.325064448961237e-05 1.155947664558518e-06
1.015397691287015e-04 8.877620391010825e-06 1.407487338794292e-05 3.158374343526837e-06
1.289187599437713e-04 1.768587898092541e-05 1.863840428709532e-05 1.784334056183489e-06
1.276788507910169e-04 1.819902536471006e-05 1.847807185755990e-05 1.709626640856467e-06
1.141433964990376e-04 1.352954180876218e-05 1.804785231694579e-05 1.639564079464608e-06
1.189503539663608e-04 1.819474660799751e-05 1.580604589495335e-05 1.781703176113306e-06
1.102416656422706e-04 8.869698368565110e-06 1.608617222227681e-05 -7.709303240269452e-07
1.294324282060866e-04 1.644667049919003e-05 1.878254297365244e-05 1.922635404338342e-06
1.264977218075237e-04 1.352562770767568e-05 1.866408044108098e-05 2.359042802242241e-06
1.189522626799071e-04 8.862080147331062e-06 1.575051885844846e-05 1.336910217372903e-06
1.294331616096965e-04 1.060383567000026e-05 2.030841487789418e-05 2.168506302611785e-06
1.276801524621384e-04 8.852151850774018e-06 1.970717182684659e-05 1.715305267916535e-06
1.289196788744632e-04 9.365060688201866e-06 2.014754679551163e-05 1.837916620101101e-06
