8.301524026664595e-05 -1.376585212153509e-05 -7.057281257488658e-06 3.430920977624338e-06
8.330322329291993e-05 -1.306950780006152e-05 -7.551619394968380e-06 2.760141324118266e-06
8.330386783507119e-05 -9.789357697117527e-06 -7.499414844407224e-06 -9.260710150696795e-07
8.301601721667403e-05 -9.093598959427233e-06 -7.006477822421841e-06 -1.584332087112200e-06
8.231975633917066e-05 -1.405450406468696e-05 -5.966256410228545e-06 3.592678716031730e-06
8.101710565312975e-05 -1.143040853656039e-05 -4.370572762163176e-06 8.373865921574846e-07
8.232087891568498e-05 -8.805304132358156e-06 -5.924938000116374e-06 -1.745205738828192e-06
7.742219359579843e-05 -1.406506801694091e-05 -4.486659968434050e-06 1.969069432223951e-07
7.742508361166231e-05 -8.805316059576703e-06 -4.567133185852775e-06 1.216806086102982e-06
7.470973664150739e-05 -1.143830668908201e-05 -7.950362607153876e-06 7.071447575719224e-07
7.250656151761199e-05 -1.406710425032728e-05 -7.877788644401619e-06 1.923359588848983e-06
7.250616925366725e-05 -8.810101444835537e-06 -7.929454126210237e-06 -4.822012308097139e-07
7.004780530449064e-05 -1.143769121324886e-05 -6.050429839947858e-06 7.426460020369154e-07
6.759815306422613e-05 -1.405532910429021e-05 -6.090127974110145e-06 -9.208983803084681e-07
6.759928425674499e-05 -8.820103129052748e-06 -6.166196839639326e-06 2.542287112699378e-06
6.515488616612768e-05 -1.143846697981975e-05 -6.875824258003099e-06 8.953955743244784e-07
6.271276558720154e-05 -1.405561955566868e-05 -6.264445393905363e-06 1.483062240113662e-06
6.271604407963182e-05 -8.825750775649689e-06 -6.377245809486243e-06 6.098982592559674e-07
6.027353563745537e-05 -1.144287762588093e-05 -5.895040397805075e-06 1.037386864653922e-06
5.783562663714340e-05 -1.405397293988595e-05 -7.471804607709628e-06 -1.216769623863758e-07
5.783799171649978e-05 -8.833184193336559e-06 -6.871179137616154e-06 1.619394964797266e-06
5.540262696310032e-05 -1.144439772805460e-05 -8.009358329039766e-06 4.667449057091406e-07
5.297656276646496e-05 -1.404312775142276e-05 -6.104398392633037e-06 2.025561491653402e-06
5.297616694287442e-05 -8.842585754556934e-06 -6.892740459607725e-06 -1.217062139653220e-06
5.055385910836726e-05 -1.144194239847019e-05 -4.903521181182674e-06 9.305464363417228e-07
4.813895772508179e-05 -1.402927232582141e-05 -5.811536449342758e-06 3.624271128161591e-08
4.813847742400133e-05 -8.853359027359684e-06 -4.740376020567808e-06 8.355959690377892e-07
4.572424940572271e-05 -1.144113880557741e-05 -5.347540535645982e-06 2.780538693811783e-07
4.331116555935917e-05 -1.402485240376305e-05 -3.191190797551130e-06 1.555192675265279e-06
4.331411715299600e-05 -8.862110639176483e-06 -3.788145064723653e-06 -2.580485231126357e-08
4.090360245425459e-05 -1.144503333637440e-05 -2.060393490456559e-06 7.342975119657748e-07
3.849956985260493e-05 -1.401603533647854e-05 -2.340956797596461e-06 -7.658479221998925e-07
3.849836376267404e-05 -8.872435085261863e-06 -2.232662392931779e-06 1.394815855659410e-06
3.609390307914192e-05 -1.144361036256891e-05 -1.962185519456696e-06 1.624347730380903e-08
3.369576422852642e-05 -1.400817861679307e-05 -6.054341855459095e-07 -3.636483537687928e-07
3.369325164833320e-05 -8.880033341117214e-06 -1.369659720050858e-06 5.116428325850289e-07
3.140064997230022e-05 -1.144233667240906e-05 -1.184447731226051e-06 1.037960070908291e-06
2.911886853121353e-05 -1.398851311328375e-05 -1.802653292527427e-06 2.602018477260961e-06
2.912235670179800e-05 -8.898262658001042e-06 -7.461130995881717e-07 2.346826515622847e-07
2.741197754273675e-05 -1.163999316718246e-05 -8.198307037231653e-07 1.275723288356276e-06
2.567082418905690e-05 -1.397748217686159e-05 1.374318550124437e-06 2.548564106007584e-06
2.566611362736008e-05 -8.903531772670704e-06 2.315098624128232e-08 -2.874450256998864e-06
2.316154075050730e-05 -1.396856454373947e-05 1.494630422085121e-06 5.192734898487466e-07
2.365009624323987e-05 -1.230048412191409e-05 1.792828211326057e-06 4.201423126891886e-08
2.316947132232321e-05 -8.915934852651869e-06 2.563261006649543e-06 8.434962353524012e-07
2.135642370515146e-05 -8.921014873730148e-06 1.181689318364933e-06 2.870024241234816e-06
-3.644455575117442e-06 -3.602767972252151e-07 3.117602479207652e-06 -1.914641601200329e-05
-3.764730600302574e-06 -9.379892609379956e-08 9.403707179611683e-06 5.316774369193061e-06
-3.691937513331320e-06 4.857662877921729e-07 2.886396687015350e-05 1.001457063744853e-05
-3.582312260603506e-06 6.245468174892020e-07 -1.853713842268253e-07 1.942617491375425e-06
2.134789004574532e-05 -1.396665673104044e-05 2.957669759639203e-06 -9.736828788313262e-07
1.970820401706286e-05 -1.386879673653203e-05 1.934451614397732e-06 5.170445815873066e-08
2.098904732847989e-05 -1.081771882585295e-05 1.260500626284139e-06 6.589782010992230e-07
1.970874602814731e-05 -8.783583766190180e-06 8.620743218116251e-07 1.532208616505030e-06
-3.374104553564329e-06 -4.655294066148737e-07 -3.801125677468306e-05 -1.403215739084532e-05
-3.170891106077008e-06 1.740721224302130e-07 1.317779069122344e-05 3.697723455600050e-06
-3.375180671225501e-06 6.756153932209546e-07 -3.573454898621749e-05 -1.058761202853002e-05
1.918685839537612e-05 -1.231990454227278e-05 1.005280223805036e-06 1.255289013500661e-06
1.809267398325244e-05 -1.358306582484342e-05 6.199245116356887e-07 1.572980067721842e-06
1.651821450636113e-05 -1.311495262460458e-05 9.161097200312767e-07 1.277603998119919e-06
1.868866783655027e-05 -1.016621160689242e-05 4.169378356472704e-07 -1.075929095889618e-07
1.811824745735702e-05 -8.376609481099146e-06 -1.416731182408862e-07 -9.587126298105099e-07
-2.274524663609703e-06 -4.157969572132009e-07 2.853604588951359e-06 -2.338922716531392e-06
-2.245475544530770e-06 7.360904960985640e-07 -4.422787798281943e-06 -3.100080581070208e-06
-1.685277384531769e-06 1.355911594951388e-07 5.419177834467751e-06 2.169845365838464e-05
1.501652816506426e-05 -1.246994505666000e-05 1.303780280596840e-06 4.261994872089987e-07
1.631045316468433e-05 -1.148723513293670e-05 1.552993568742695e-06 1.658762165313500e-06
1.685432934110211e-05 -9.434033707683735e-06 7.684673931002809e-07 5.018834709442092e-07
1.663615691769371e-05 -7.702429375469450e-06 5.053114828237331e-07 5.246939542046360e-07
-9.877865650576384e-07 -5.185247909639104e-07 -5.711843774041240e-06 -1.690771077058396e-05
-1.011526419453128e-06 8.664662240607702e-07 -2.804853574661280e-07 -1.427090091756176e-05
-2.538796737109566e-07 1.474861144862049e-07 6.351370163244833e-06 3.820021794913627e-05
1.360133847550360e-05 -1.166322412080333e-05 1.054145542768587e-06 8.804198208889796e-07
1.229138433027059e-05 -1.071277372263898e-05 4.376404262840204e-06 1.123858509459290e-06
1.494744493369356e-05 -9.106735434020022e-06 -7.470354350529975e-07 1.682655413524241e-06
1.530086495048105e-05 -6.777291063175774e-06 2.301573358478869e-06 -5.785568883215839e-07
6.056452425272815e-07 -7.633724300483134e-07 -3.318477933010787e-06 -1.223540628565035e-05
6.122017504785715e-07 1.113047154505575e-06 -4.101241915881171e-06 -9.285042774395474e-06
1.262384485586721e-05 -9.222852743102364e-06 1.937626850174327e-06 2.980862246006497e-07
1.110892238741708e-05 -9.621241784261645e-06 4.128775274724581e-06 2.140490011627069e-06
1.318324245539979e-05 -7.517539713062406e-06 -1.685548978399255e-06 -2.177600928501400e-06
1.416046316468451e-05 -5.647890335576140e-06 3.823380970099226e-07 2.193473188208566e-06
1.546127059264441e-06 1.480659588575168e-07 8.920183336795170e-06 1.420720809735431e-05
2.682200793664417e-06 -1.096467903841262e-06 -6.504760302946102e-06 -7.063100614562098e-06
2.669903049811512e-06 1.448015047374590e-06 6.126049730747301e-07 2.101406889481321e-06
1.005976867054843e-05 -8.399747723404325e-06 2.697399969921750e-06 2.624913516220360e-06
9.154792015849495e-06 -7.075094864719580e-06 4.938018082515584e-07 9.079667166854945e-07
8.399297677373564e-06 -5.655263503553224e-06 -1.816866457547864e-07 -3.157454606771623e-07
1.204707544775355e-05 -5.974537935393531e-06 8.448193905008191e-07 -2.562985955739556e-07
1.323502004977512e-05 -4.339905831578233e-06 8.101037384728916e-07 4.183245739890068e-06
3.585354178420653e-06 1.583198786845007e-07 -1.029421824748884e-06 -6.400071163221313e-06
4.687539173253803e-06 -1.466513857744963e-06 1.063211493173453e-05 9.665721372011636e-06
4.690323091180453e-06 1.786839822629901e-06 1.457442276628336e-06 1.144539024288934e-05
9.921910597179823e-06 -5.660362501785902e-06 -5.608369179557797e-08 -7.699006878850706e-07
7.812587770673328e-06 -4.158305072248421e-06 1.302700858015453e-06 4.294807469345583e-06
6.550090168299598e-06 -1.747127519875035e-06 -3.281988952193913e-06 -3.308292905464886e-06
7.096986639558005e-06 -2.021396712700676e-06 7.640751929444632e-06 -1.146285085918987e-05
7.403549316455301e-06 -2.582056808656911e-06 1.380579733076133e-05 -1.196035917103564e-05
1.124653705306598e-05 -4.147259095194366e-06 5.829258672584251e-06 4.811193117686166e-06
1.255206591225260e-05 -2.911763313030383e-06 -2.705040535843011e-06 -1.547903317909540e-06
5.700185608929436e-06 -6.638905424794700e-08 -4.323129214628275e-06 -3.566409319641525e-06
6.525687680944535e-06 2.025455723785109e-06 -2.092587442274723e-07 -1.579921259051319e-06
8.866800921948876e-06 -3.085175617171581e-06 -3.484569887885610e-06 2.130342719398102e-06
7.118361066310584e-06 -8.848965564899276e-07 -9.440451408541502e-07 -1.483564145704607e-06
7.770572572417357e-06 -1.817705850318269e-06 1.050624240681138e-05 -1.112782057278451e-05
1.064684138799856e-05 -2.460401024492571e-06 -7.526711435849448e-07 9.106084348834145e-06
1.213686204236218e-05 -1.393482048816204e-06 -7.642607238482376e-06 -5.741194660463703e-06
7.120008381590126e-06 9.495410084710889e-07 -3.549866443926479e-06 1.577005392521043e-07
7.029540202870675e-06 2.308675722708891e-06 6.661327010044474e-06 -8.519125812336563e-06
9.157937566665635e-06 -5.327024919241751e-07 2.380046439411319e-06 6.965434175517410e-06
1.201275799556468e-05 1.405568387614573e-07 4.674902735250049e-06 -7.326237703435186e-06
1.223653192955693e-05 1.684455115820469e-06 5.568488200102525e-06 -3.056072295659819e-07
8.190518869553888e-06 1.941861611677377e-06 -5.894455850902424e-06 -3.462762027942361e-06
7.317480809185535e-06 2.929133991221909e-06 1.324855079495515e-05 -1.342777058066121e-05
7.640074987854621e-06 4.661287716881252e-06 1.680191565996931e-05 -3.357069676624811e-06
1.066712640519250e-05 1.860227024420963e-06 5.711880579320757e-06 4.231969192395047e-06
8.167138765565826e-06 6.395408491187740e-06 4.951493676078777e-06 1.829104462582231e-06
1.279865205737056e-05 3.269097286784734e-06 -4.589248695611273e-06 -2.848838584778774e-06
9.159868038477731e-06 4.702833562444678e-06 -1.057824879281556e-06 3.939728823208371e-06
1.149177980691111e-05 4.830925541114677e-06 1.263574472947271e-07 -6.536261275809249e-07
8.946773770554361e-06 8.077524995533355e-06 -1.082300743498161e-05 -6.722358206724925e-08
1.371397707487308e-05 4.847183213085454e-06 -6.055891908194500e-06 -3.654908540283001e-06
1.303857715614677e-05 6.445153098459068e-06 1.458871789600810e-06 2.007752647513063e-06
1.133540052657490e-05 7.481194072446443e-06 5.055776198644868e-06 3.445430125681455e-06
9.931536361025676e-06 9.729515651537819e-06 5.002128593062500e-06 9.330695314762679e-07
1.118686324547516e-05 1.133627081209058e-05 -1.212938711639025e-07 -5.745756065557810e-07
1.497508497629778e-05 6.329696859791349e-06 -1.697393989688064e-06 4.607221174107984e-06
1.411519447653298e-05 8.323931531835606e-06 1.226613221591773e-06 1.085053465022607e-06
1.308072296899173e-05 1.071777826906880e-05 -3.356706460590285e-06 7.288782374031929e-07
1.263984640824670e-05 1.283243732838372e-05 -6.034358682826286e-06 1.349180345914562e-06
1.653862225557645e-05 7.675928754916246e-06 -2.966578222068085e-06 -7.334332413384248e-07
1.608289906252674e-05 1.071298208579493e-05 1.128243808625443e-06 2.827541531281721e-06
1.431922822351010e-05 1.415928605716062e-05 1.726357965026477e-06 1.991957963906540e-06
1.620553193718388e-05 1.533504945661254e-05 3.167551680674431e-06 -4.106425981037495e-07
1.825023494241854e-05 1.633052985557890e-05 3.446794600585738e-06 1.123328357239350e-06
1.840709580190537e-05 1.138345078203118e-05 2.954994685914737e-06 2.695829791972812e-06
1.838282353421559e-05 8.815135567534359e-06 2.270020185178245e-06 -2.329343290087030e-06
1.793659530734679e-05 1.399844075084350e-05 3.149331852796909e-06 1.781379782810740e-06
2.046553166678701e-05 1.706948888580248e-05 1.640155146904936e-07 3.760742664983636e-06
2.281384715475993e-05 1.757154182083782e-05 -4.412957144660612e-07 3.107615038024632e-06
2.030395754137942e-05 1.196225057059471e-05 2.594897640187102e-06 2.896113205169961e-06
2.048952657047721e-05 9.654118887618271e-06 3.780589765912602e-06 -7.325738371108532e-07
2.523725161890970e-05 1.779932211574541e-05 1.551830962298515e-06 1.168602251277586e-06
2.249713627694313e-05 1.415964122055881e-05 2.373488031079800e-07 1.637546663582601e-06
2.278403566373093e-05 1.013437019072061e-05 1.961318647053087e-06 1.773986915242504e-06
2.576437814234177e-05 1.454222258885299e-05 2.243651122501062e-06 2.641216819751331e-07
2.799890221304925e-05 1.790649607052884e-05 2.626046786609744e-06 1.348011420462816e-06
2.520573648008027e-05 1.025915390543306e-05 2.551810787400021e-06 1.740918902485430e-06
3.188084495383397e-05 1.801587228017641e-05 3.250303081743329e-06 2.291648073273734e-06
2.876690225377659e-05 1.266751384360237e-05 2.465813674109278e-06 1.546896589880609e-06
2.798605050497287e-05 1.015654725098204e-05 2.606473960818922e-06 2.415716157388198e-06
3.743238882150762e-05 1.817923373574154e-05 3.632893780518098e-06 3.882033248174525e-06
3.463929951050045e-05 1.371323517027071e-05 2.296704173471221e-06 2.283398895329323e-06
3.188065034277230e-05 1.002140362610305e-05 6.446350266512272e-07 1.689225054166263e-06
4.505400493194132e-05 1.835337838762364e-05 5.920044251141766e-06 2.012805733518822e-06
4.119419572116680e-05 1.402803058531000e-05 5.442936819380254e-06 1.055871648792306e-06
3.743328109606654e-05 9.869745703340992e-06 4.911774638328873e-06 2.770299495270125e-08
5.328767778047495e-05 1.850000457152012e-05 3.420457555662179e-06 1.749109905044783e-06
4.912704649219252e-05 1.402286650083144e-05 4.472974224705309e-06 1.353734908895172e-06
4.505952396605105e-05 9.693612836568493e-06 4.307719279573676e-06 -3.823320920026265e-07
6.176544060177975e-05 1.862551402333941e-05 6.082503726356655e-06 1.333023777678623e-06
5.748541701833059e-05 1.402900246796460e-05 4.690364377334071e-06 8.644462847696601e-07
5.328290115104909e-05 9.552894593718740e-06 4.924498738714187e-06 1.277128700241750e-07
7.046738368230259e-05 1.872784720262874e-05 7.372458412466371e-06 1.133443376908476e-06
6.608468500741609e-05 1.402791416880382e-05 6.694516910573590e-06 1.815469505295156e-06
6.176714246463650e-05 9.432028056011506e-06 5.001448066448337e-06 1.701626606042817e-06
7.932534685076408e-05 1.881750618769813e-05 6.714999804510568e-06 1.100830228984113e-06
7.487119988820033e-05 1.403574069073932e-05 7.017734474981810e-06 1.211179748557796e-06
7.046385759352001e-05 9.334559547090945e-06 7.254877601153815e-06 1.709360040793338e-06
8.830293851052152e-05 1.887120461555198e-05 9.672897054535998e-06 9.732380473067760e-07
8.379786308092683e-05 1.403967635343635e-05 8.215448848534664e-06 1.351500221547776e-06
7.932509524173636e-05 9.260215261735069e-06 7.174895989587434e-06 1.701332546071674e-06
9.736131348806287e-05 1.890548033213175e-05 8.749157471669255e-06 2.537140770013540e-06
9.281991593766811e-05 1.404101038656299e-05 9.451203000277929e-06 1.351177157611130e-06
8.830175318837891e-05 9.208720274795706e-06 9.559736255401500e-06 2.056132717061858e-06
1.064948071879155e-04 1.894154281562586e-05 9.848194177550427e-06 4.940444375397420e-06
1.019179812560707e-04 1.404293994945244e-05 8.210124676425186e-06 1.765483385772057e-06
9.736142164536727e-05 9.178162805661538e-06 8.334216972876300e-06 3.956078233746164e-07
1.156408199776519e-04 1.895492699930522e-05 1.119972479981309e-05 1.469490318858396e-06
1.110672608748853e-04 1.404720015498597e-05 1.192583564431281e-05 9.789632413806547e-07
1.064931055419224e-04 9.148488560319841e-06 1.055289930534101e-05 -2.007907884049831e-06
1.352990523909225e-04 1.843178126379657e-05 1.308827173376773e-05 1.520860182038830e-06
1.339927382629507e-04 1.897245400883888e-05 1.324502115422515e-05 1.653682250417688e-06
1.197409165651283e-04 1.405051750353303e-05 1.036889907855909e-05 1.364456158394899e-06
1.248050746134922e-04 1.896614671994902e-05 1.203164568574972e-05 3.704960372902257e-06
1.156391159777975e-04 9.143362071236376e-06 1.077718865718902e-05 6.836073773096987e-07
1.358401773023437e-04 1.712598984923946e-05 1.300272121619268e-05 1.402375886382821e-06
1.327485653529619e-04 1.404686075701477e-05 1.374658066048409e-05 1.656574982292066e-06
1.248066717465286e-04 9.133091116542336e-06 1.199347700433409e-05 -4.301189063195409e-07
1.358404394145768e-04 1.096718878468758e-05 1.310264462597015e-05 1.800975040898739e-06
1.339935067043982e-04 9.121426380866220e-06 1.334600887633435e-05 1.534620573789875e-06
1.352994617320139e-04 9.661853807162696e-06 1.319227629964613e-05 1.670121726650219e-06
