6.230181619920253e-05 -9.461828954334100e-06 -5.202558816172193e-06 1.384314418156467e-06
6.253071255324965e-05 -8.909118861560835e-06 -5.246444936620717e-06 1.504115020915517e-06
6.253070861376924e-05 -6.302034716815705e-06 -5.055476229896441e-06 1.968378730369381e-06
6.230181361605032e-05 -5.749388397411117e-06 -4.983097256762672e-06 1.994956260604207e-06
6.174913705450510e-05 -9.690685888107495e-06 -5.139246325902798e-06 1.289197843575338e-06
6.071450769772592e-05 -7.605742286695773e-06 -4.975589059508958e-06 1.505617134600717e-06
6.174915529471438e-05 -5.520576988922341e-06 -4.856610287568843e-06 2.031228538300419e-06
5.787279216066474e-05 -9.686854697561032e-06 -6.282171040874211e-06 7.457225811491578e-08
5.787296454197628e-05 -5.526279138795458e-06 -5.964173482957075e-06 1.689903969124982e-06
5.573352035487172e-05 -7.607189640288691e-06 -8.149743583293532e-06 7.808984510242586e-07
5.399550817569018e-05 -9.684323126920610e-06 -6.961784364873201e-06 2.113501945755831e-06
5.399611084811979e-05 -5.531702559224054e-06 -7.616487436977429e-06 3.301509901043943e-07
5.205194336968021e-05 -7.608787253717513e-06 -5.415615778046830e-06 1.521575865026751e-06
5.010981608296725e-05 -9.680392746051388e-06 -6.839064191047006e-06 -8.240369833601680e-07
5.011259314762073e-05 -5.541396632839401e-06 -7.218832597744384e-06 4.344542481705029e-06
4.817764211675227e-05 -7.612999982469587e-06 -9.185870511297530e-06 1.891116710517338e-06
4.625788745673450e-05 -9.666528796217492e-06 -8.856360232211581e-06 2.581920362625393e-06
4.625925739928590e-05 -5.561194854876915e-06 -8.856457220465247e-06 7.115505570111607e-07
4.434562492014225e-05 -7.614060863798568e-06 -6.928212250578750e-06 1.311189266258765e-06
4.243520939765526e-05 -9.659213424159639e-06 -7.704350861341736e-06 -9.306996562344529e-08
4.243644177097095e-05 -5.567953948764452e-06 -7.700113075508007e-06 1.472298512269252e-06
4.052774028127892e-05 -7.613950391200462e-06 -8.154866578847186e-06 6.382511559191330e-07
3.862701681302619e-05 -9.646525645797624e-06 -6.965249182717818e-06 1.675256106988798e-06
3.862865080141417e-05 -5.584675161010923e-06 -8.176937515439515e-06 9.590393228330469e-08
3.673483736421490e-05 -7.617412847723408e-06 -6.885369985061826e-06 1.718509106809321e-06
3.485832611022401e-05 -9.624086312154457e-06 -8.594866241781821e-06 3.150472479445992e-07
3.486054968218923e-05 -5.615596580645689e-06 -7.606584105359743e-06 2.561006155862738e-06
3.299257419392973e-05 -7.621424965367109e-06 -8.453080840751714e-06 1.053984068690621e-06
3.113880008738907e-05 -9.603608750377161e-06 -6.255159955839614e-06 3.059512048574307e-06
3.113958910030747e-05 -5.639771903184383e-06 -7.065791955456034e-06 4.851009078212127e-07
2.928836005489350e-05 -7.621413060345763e-06 -5.684694630084170e-06 1.818664201456136e-06
2.744618546536550e-05 -9.585268310798777e-06 -6.752152338477126e-06 -5.160461495510722e-07
2.744298028813069e-05 -5.654104642954777e-06 -6.639661943249147e-06 2.645550923914403e-06
2.560512484018888e-05 -7.619269391075091e-06 -6.731771776044807e-06 5.182159139600694e-07
2.377924416517550e-05 -9.567182532182789e-06 -5.525238964193335e-06 1.895610509365098e-06
2.378127126316978e-05 -5.679679641014192e-06 -4.938206934063520e-06 4.736065353988262e-08
2.204139914385173e-05 -7.624893270225749e-06 -4.511510043908694e-06 1.396259965777437e-06
2.032791114653184e-05 -9.530514078087445e-06 -3.499940510500879e-06 3.629288971153861e-06
2.033165135714693e-05 -5.724001569703307e-06 -5.167076849096028e-06 1.030679781207799e-06
1.905187744005291e-05 -7.772507686648449e-06 -4.684951600202933e-06 2.146933206758451e-06
1.776567249846345e-05 -9.498025305953824e-06 -5.295736642970008e-06 3.083736493143393e-06
1.775628668140430e-05 -5.750772557544139e-06 -4.247218820410689e-06 8.985386250478370e-07
1.591646152971744e-05 -9.470486724632409e-06 -4.073332134319301e-06 1.388448148352611e-06
1.626930313165271e-05 -8.252689458811423e-06 -4.346869473543846e-06 1.837756567323998e-07
1.592202923453902e-05 -5.766496283053951e-06 -6.023116265913159e-06 2.693222137805555e-06
1.460155150714454e-05 -5.787327911827429e-06 -4.166179364764201e-06 -8.868233362020557e-07
-2.426466974884854e-06 -8.458950221681907e-08 -2.758898843999424e-06 3.015009592289395e-05
-2.439502482591365e-06 2.221663836990756e-08 4.755649381452745e-05 -6.634883480574640e-05
-2.400768622955809e-06 4.726257203250002e-07 5.065952957431727e-06 -7.885706376644580e-06
-2.386950149586622e-06 5.669200574536996e-07 -1.464488106839311e-05 5.845323927047277e-06
1.459435242802203e-05 -9.454363751805735e-06 -3.245715155366083e-06 1.711231125407091e-06
1.340943378676665e-05 -9.369817157915791e-06 -3.970211300227961e-06 8.622628732762179e-07
1.432638930731225e-05 -7.165044938706870e-06 -5.435944601475131e-06 2.335532735438169e-06
1.340506635967083e-05 -5.708831804497310e-06 -2.901805339591630e-06 -2.724032440675123e-06
-2.358008596996876e-06 -1.369675402312582e-07 -6.295993337577194e-05 4.641787026728706e-05
-2.039801830568129e-06 2.650833644459821e-07 2.414064264382728e-05 -6.334878608588116e-06
-2.322394637993747e-06 6.072613145619822e-07 -4.031722756974437e-05 2.661707770891294e-05
1.302902508585070e-05 -8.244592798722518e-06 -3.320228537147053e-06 3.203770065434241e-06
1.225207553299605e-05 -9.146535068833120e-06 -3.071287242290449e-06 2.862296836278219e-07
1.113838298235424e-05 -8.801242665285438e-06 -1.216846532706674e-06 5.320872733119343e-07
1.267112383559143e-05 -6.703824566849671e-06 -1.799533272247846e-06 3.317364663950244e-07
1.226587623077433e-05 -5.436157425061508e-06 -2.052863203670304e-06 2.832219038744557e-06
-1.487656425897973e-06 -1.417113681448875e-07 8.779942954807844e-06 -5.103843349006577e-06
-1.497976031391779e-06 6.216951381063002e-07 -1.825380475313090e-05 -4.846623640047444e-06
-1.076423063658484e-06 2.767249208021791e-07 1.534010734616923e-05 7.970069724333771e-06
1.008115365960971e-05 -8.332340221002022e-06 -2.862243849833026e-06 4.594105351530879e-07
1.098785508379447e-05 -7.638799081375080e-06 -2.006437594064546e-06 7.595710977604952e-07
1.137063619002434e-05 -6.188051598564411e-06 -3.397506781117775e-06 1.420314821841642e-06
1.121644221561890e-05 -4.975429973817111e-06 -3.749506333166114e-06 4.781883824874189e-06
-6.445640735307072e-07 -2.376230458912789e-07 -1.515574740726420e-05 -1.010635055123401e-05
-6.462299122270428e-07 6.922575242504615e-07 7.057386316415099e-06 -4.637005082488904e-06
-1.288407946130090e-07 2.921225780585730e-07 -1.245155307317931e-06 6.044473881333267e-06
9.091193960744311e-06 -7.758490383724583e-06 -4.623457901222328e-06 3.795078046045836e-07
8.187338544236877e-06 -7.082533898306169e-06 -2.305837616720874e-06 4.268056665830450e-06
1.002698543591490e-05 -5.963334005122104e-06 -6.174398694409303e-06 -3.180577885441946e-07
1.027525045298664e-05 -4.347280627310651e-06 -4.348217059761875e-06 3.909638181814748e-07
4.279095038644656e-07 -3.786285120107914e-07 5.291734358528396e-06 -1.553607069572091e-07
4.297391436527785e-07 8.550597299407563e-07 -3.896637619083581e-06 -3.009112296687125e-06
8.413836623194932e-06 -6.039877706781543e-06 -3.223215253461836e-06 4.251770729104207e-06
7.374364300208803e-06 -6.310091876207845e-06 -2.149451422247797e-06 6.769994996498257e-06
8.794696415691493e-06 -4.864673185128731e-06 -2.601988076139325e-06 -9.161370067188572e-08
9.461037858120626e-06 -3.575536956367735e-06 -8.455757912580416e-06 1.158969123522681e-06
1.065727418137916e-06 2.731102725578123e-07 5.286777562930107e-07 8.171178941945426e-06
1.794172330279351e-06 -5.935039907137844e-07 -3.597124666035968e-06 -1.424815553476473e-05
1.803554221776671e-06 1.106906131108085e-06 2.933701607379870e-06 -1.585632904495123e-06
6.656153542968085e-06 -5.461429458444885e-06 -1.688082641520851e-06 7.595355660158495e-07
6.055956765099344e-06 -4.561389532562375e-06 3.799014438426955e-07 -1.371401244375943e-06
5.564350480097409e-06 -3.599781018963406e-06 3.163782829469767e-06 -2.130112699583962e-06
8.018565898437294e-06 -3.806844473514755e-06 -2.696874366883846e-08 -9.220230352970292e-07
8.815506824642050e-06 -2.704939956464002e-06 -5.837956408530908e-06 -1.276385152497576e-06
2.403697744984840e-06 2.534284506741670e-07 -4.191789716902042e-06 3.102031328070616e-06
3.161827829719062e-06 -7.910267727858693e-07 3.532824218195580e-06 5.661652552396468e-06
3.154187734858275e-06 1.349585328661662e-06 1.954353857490677e-06 1.420527462823520e-06
6.575075471924721e-06 -3.602138612555014e-06 -2.767564497642978e-06 -3.706959893918287e-06
5.184879671522541e-06 -2.589561737426594e-06 3.289100934691498e-06 -4.088103832898779e-07
4.363331172213604e-06 -9.872994790414154e-07 -2.117820349157996e-06 6.561468520589302e-06
4.735093074159964e-06 -1.183043946945751e-06 4.957704133388749e-07 3.841803894888340e-06
4.941165234690705e-06 -1.560776871816459e-06 2.160639141254626e-06 3.326622517401692e-07
7.479241944019370e-06 -2.577933861597809e-06 -1.806334044255888e-06 -4.540753601530323e-08
8.337200652902458e-06 -1.763177181222021e-06 -4.339348592575401e-06 5.719233570659833e-06
3.809977801121873e-06 9.655613440488685e-08 -1.309056841906653e-06 -1.075948152663105e-05
4.355159742785080e-06 1.496750298085577e-06 -7.889371524403542e-06 1.254021878668866e-05
5.873606676167710e-06 -1.879729259465409e-06 -4.994177099417235e-06 -3.166163936662429e-06
4.740693539778312e-06 -4.276792272987692e-07 -3.469547317009305e-07 -2.473256877636433e-06
5.178799954607655e-06 -1.053232954090352e-06 -5.970771795823306e-07 -3.239839812352119e-07
7.069408664183149e-06 -1.454288205778586e-06 8.398042616699590e-07 7.528877317856719e-07
8.043154886970485e-06 -7.730344884326655e-07 -1.850516896176066e-06 -1.592374691760560e-06
4.748832456310042e-06 7.769513092513056e-07 2.463613049269951e-06 -3.014690260741559e-06
4.694307941161854e-06 1.670298986569936e-06 -1.125318095215626e-05 1.118943106614343e-05
6.083059693431489e-06 -1.820667817350333e-07 5.675518117828327e-07 -2.139200156163919e-06
7.965710382377609e-06 2.448939383046588e-07 -4.479068104115662e-06 2.402699003006000e-06
8.106962881886301e-06 1.266476382881657e-06 1.295908749902112e-06 1.638056281863259e-06
5.450078715379893e-06 1.424487189733688e-06 1.507101115519374e-06 -1.757246433361364e-06
4.890879807966397e-06 2.062407686778356e-06 -1.630015779033240e-05 6.209031731231255e-06
5.125412067412112e-06 3.189705861399165e-06 -1.080309135433792e-05 -4.772733318582104e-06
7.074442718436951e-06 1.388399030406630e-06 -6.195961342859244e-06 -1.176055315866977e-06
5.474078404835847e-06 4.307688885521680e-06 -3.003921471768746e-06 -4.683624409988866e-06
8.454231734828150e-06 2.295994220490891e-06 7.831913680740787e-06 -3.769075602110345e-06
6.105379835886637e-06 3.227601036191337e-06 3.565207610052578e-06 -8.106467559869146e-06
7.597540264141984e-06 3.314737514234100e-06 -9.382129893995963e-06 -2.293023424776434e-07
5.964176916638717e-06 5.379403453833471e-06 -3.319200850339575e-06 -2.591679647998329e-06
9.020198790333793e-06 3.312540368786611e-06 7.562639353038031e-07 -9.655382173837232e-06
8.585179644621337e-06 4.352869497574216e-06 -9.614091304214872e-06 -3.539628051956257e-07
7.517069850044802e-06 5.005983449692981e-06 -1.499275759539891e-06 -5.428478144058290e-06
6.625305868124949e-06 6.429961016842792e-06 -3.517533122547238e-06 6.936357084219127e-06
7.419183557947233e-06 7.418063014642485e-06 -1.921510501505545e-06 -4.880626176464350e-06
9.808024254565941e-06 4.283559801779382e-06 -3.054587536270623e-07 -3.771803039214958e-06
9.264030648442620e-06 5.536103056873976e-06 -5.834650462802048e-06 -3.256984156546106e-06
8.612294026303835e-06 7.029546801775057e-06 -4.933838195307599e-07 -6.927242143864110e-06
8.330624932337373e-06 8.345647623681266e-06 -9.337229769741190e-07 -5.781629262858796e-06
1.076572133040692e-05 5.132506738048621e-06 -2.163102830853553e-06 -1.990565231237145e-06
1.048234315959956e-05 7.030526140416070e-06 -2.768431631621632e-06 -1.996853139715844e-06
9.383368668458295e-06 9.168526814316535e-06 -3.992213566047000e-06 -2.196858133811919e-06
1.055523511991169e-05 9.884735938136688e-06 -2.926702087906915e-06 -5.606001972875221e-06
1.182271231485492e-05 1.049248270024695e-05 -1.416056758829412e-06 -8.737543274460991e-06
1.191866576196504e-05 7.446394272621241e-06 -3.823682593455976e-06 -3.552780094097011e-06
1.190417791836262e-05 5.847906873584533e-06 -3.501972343182055e-06 -3.583301729279168e-07
1.162980877751892e-05 9.060305848137064e-06 -1.793890260374100e-06 -5.606224630695623e-06
1.318440984291832e-05 1.094548352280121e-05 -6.792084762816874e-06 -7.472602045498019e-06
1.462214217452081e-05 1.124005690827168e-05 -8.655463431813711e-06 -4.161405392667986e-06
1.309000882771525e-05 7.807610512908152e-06 -5.362593904703302e-06 -4.257239052559177e-06
1.320185751482789e-05 6.376953746256021e-06 -6.081926989111606e-06 -4.358802114557425e-06
1.610322208938628e-05 1.136101162869891e-05 -6.768617412736063e-06 -4.518051813137763e-06
1.443737082107277e-05 9.157433373063469e-06 -8.298479059054733e-06 -4.314062493894226e-06
1.461262611381805e-05 6.694126942340487e-06 -4.566373899620803e-06 -3.978781194817184e-06
1.642464275735968e-05 9.383694923229205e-06 -6.972430694439039e-06 -4.818382503207576e-06
1.776911094811521e-05 1.140863657909190e-05 -6.427956851681534e-06 -6.689128774867146e-06
1.608839770570458e-05 6.783733804108477e-06 -6.286875097059427e-06 -3.560086394242448e-06
2.010943386827284e-05 1.146155344755993e-05 -7.079448907219283e-06 -5.904665541886831e-06
1.823739824782116e-05 8.249060924568977e-06 -5.784742792091215e-06 -4.058222300265300e-06
1.776402575494198e-05 6.733414250890196e-06 -5.854628365323263e-06 -2.373133600226479e-06
2.343417627754733e-05 1.153776030939055e-05 -1.188157319831641e-05 -4.413162346005885e-06
2.176711663295927e-05 8.876288585163671e-06 -1.057918171777592e-05 -2.893381335533348e-06
2.010884974702241e-05 6.662093322402129e-06 -8.662877046908619e-06 -6.360389183716622e-07
2.795045771034551e-05 1.162267481625725e-05 -1.145613832186392e-05 -5.069040440996238e-06
2.566950386997324e-05 9.066833350745930e-06 -1.128931427953121e-05 -5.290476608621453e-06
2.343362673695610e-05 6.588928422276050e-06 -1.029221224417644e-05 -4.884028011791829e-06
3.278647344526399e-05 1.169616743393593e-05 -1.670391729865929e-05 -5.333668684371628e-06
3.034765341392697e-05 9.069412118370611e-06 -1.443484305433152e-05 -4.244636546655479e-06
2.795023734072312e-05 6.510980929792640e-06 -1.372509153694005e-05 -4.655201224494603e-06
3.774542261765037e-05 1.176072134903847e-05 -1.895704221972629e-05 -6.281705025748397e-06
3.524359214684018e-05 9.074714086496190e-06 -1.751946981786831e-05 -4.030658406270244e-06
3.278407227068010e-05 6.449700664302687e-06 -1.577645340529887e-05 -3.373296257646311e-06
4.283901195558098e-05 1.181612281677297e-05 -2.245331487740308e-05 -6.540098485794005e-06
4.027453135490542e-05 9.068246569300783e-06 -2.054444376553796e-05 -4.061431228656025e-06
3.774894348776714e-05 6.383111469357179e-06 -1.896161638851256e-05 -1.718711923934471e-06
4.800470992154636e-05 1.186801048493707e-05 -2.658303095324958e-05 -7.208617430663397e-06
4.540936884963229e-05 9.071478747506401e-06 -2.487853655461037e-05 -4.729665055179760e-06
4.283592444849314e-05 6.321516789309946e-06 -2.264043820106235e-05 -2.554341061410980e-06
5.325750326118793e-05 1.191235271203732e-05 -2.839185628837857e-05 -6.831216397154845e-06
5.061500217586200e-05 9.074247672229119e-06 -2.745811526779591e-05 -4.061039797971875e-06
4.800548056801878e-05 6.279670867753637e-06 -2.696316704653058e-05 -2.012726155145127e-06
5.859540159141965e-05 1.194173037907200e-05 -3.135923341127313e-05 -5.255419751671375e-06
5.591526261856653e-05 9.075244007180152e-06 -2.958378625653985e-05 -4.849072310622934e-06
5.325620608624857e-05 6.237379325133143e-06 -2.761666341964673e-05 -1.284540039506910e-06
6.398678757508233e-05 1.196625653233200e-05 -3.632306282587382e-05 -4.844971136898252e-06
6.128521984243970e-05 9.075960042157351e-06 -3.437473555188229e-05 -4.700673354410678e-06
5.859547670142022e-05 6.209069037587131e-06 -3.190769687785074e-05 -4.618402287435835e-06
6.940091505527924e-05 1.198638980258057e-05 -3.885210165907855e-05 -6.873568281239311e-06
6.668866043549311e-05 9.076358679552323e-06 -3.686852801074782e-05 -4.614090880350605e-06
6.398705282853209e-05 6.186299100012246e-06 -3.596230194663074e-05 -4.470599189183151e-06
8.110107357370753e-05 1.168710697823356e-05 -4.870223916422358e-05 -8.713272314111161e-06
8.032542257468374e-05 1.200847537105804e-05 -4.744929955189078e-05 -8.854811246613037e-06
7.183991700988217e-05 9.078750859041061e-06 -4.165866209992209e-05 -3.824573543838969e-06
7.486288248807966e-05 1.200524840028371e-05 -4.282439102858294e-05 -3.856564649414371e-06
6.939959462585686e-05 6.168419910739824e-06 -3.942525894332559e-05 -1.493390266057346e-06
8.142232454830878e-05 1.091125442301927e-05 -4.925523192920889e-05 -7.967522472467629e-06
7.958650600484135e-05 9.081621329673235e-06 -4.541463184591760e-05 -4.886641391238523e-06
7.486221249400453e-05 6.155271979122586e-06 -4.239454455950053e-05 -4.233699175485814e-06
8.142222040121508e-05 7.252096624807443e-06 -4.899195549182775e-05 -2.102649930349590e-06
8.032515228181502e-05 6.154632613649499e-06 -4.705900322961929e-05 -1.064209081725702e-06
8.110092003377312e-05 6.476087329899733e-06 -4.839429121614941e-05 -1.263927827389643e-06
