2.895653538500770e-05 -3.097002625925804e-06 3.386643092575290e-05 -5.866478958567780e-06
2.910191704466587e-05 -2.746496964740472e-06 3.396564846330838e-05 -5.642917866255922e-06
2.910180301939504e-05 -1.092843723543406e-06 3.397421638976591e-05 -4.562784425361005e-06
2.895638202378943e-05 -7.421326377581017e-07 3.387508446568253e-05 -4.341056400776396e-06
2.860565919756775e-05 -3.242094655657772e-06 3.363056776521568e-05 -5.956178713424683e-06
2.794665356793762e-05 -1.919438113731882e-06 3.318695995166147e-05 -5.113104210981488e-06
2.860538995411628e-05 -5.969204585227154e-07 3.363903805400339e-05 -4.253231697553312e-06
2.613554341239486e-05 -3.236020986040787e-06 3.207143109095237e-05 -5.854994640943525e-06
2.613446168847555e-05 -5.992619657130906e-07 3.208176645233786e-05 -4.399306439257676e-06
2.477732818916752e-05 -1.915622299323660e-06 3.136614419709120e-05 -5.113385846471252e-06
2.368255143351485e-05 -3.220863141167408e-06 3.086840416976086e-05 -5.780354423511545e-06
2.368107487916912e-05 -6.064452496121328e-07 3.085943395194151e-05 -4.375695261059563e-06
2.246291826174399e-05 -1.911339731539603e-06 3.026029824588930e-05 -5.138185591429248e-06
2.125259518413919e-05 -3.203443629054669e-06 2.951517099363072e-05 -5.960746907566713e-06
2.125087950641809e-05 -6.151146414133212e-07 2.915477656105556e-05 -4.042948990275414e-06
2.004381632270451e-05 -1.907344330204984e-06 2.862188543734273e-05 -5.096837395918935e-06
1.884660418203172e-05 -3.183120451371090e-06 2.759277832696835e-05 -6.122290688541221e-06
1.884483870775369e-05 -6.286614501018821e-07 2.688717582931859e-05 -3.902015819120574e-06
1.765310470615180e-05 -1.904634343372380e-06 2.654646988633366e-05 -5.039245671743973e-06
1.647919361924795e-05 -3.152835600793298e-06 2.555229089251836e-05 -6.084584176905940e-06
1.647789814088022e-05 -6.548363608980218e-07 2.482755781944424e-05 -4.012696904601138e-06
1.531487762978771e-05 -1.903246860905000e-06 2.458179389710568e-05 -4.931990154949424e-06
1.417861934975127e-05 -3.110846460273932e-06 2.360360612758063e-05 -6.072647948284331e-06
1.417805798515713e-05 -6.948328472920220e-07 2.320407079962863e-05 -3.878865472577220e-06
1.305597484247886e-05 -1.902486517577064e-06 2.244386893135697e-05 -4.786598666501933e-06
1.196362255340164e-05 -3.062376801128701e-06 2.109222377189272e-05 -6.241110975322923e-06
1.196331988549867e-05 -7.414041348396691e-07 2.105642524446921e-05 -3.362480649961038e-06
1.088555801906805e-05 -1.901256100630392e-06 1.959775394870736e-05 -4.735428143645894e-06
9.840684111185085e-06 -3.006621511481845e-06 1.817674004451891e-05 -6.140010946066485e-06
9.840037411470258e-06 -7.939925478660839e-07 1.819063436827065e-05 -3.302775592900780e-06
8.812884485477367e-06 -1.899283177559164e-06 1.691454991340958e-05 -4.746911605545426e-06
7.828750341802099e-06 -2.936163554069773e-06 1.598052572476990e-05 -5.855044873952031e-06
7.827874282853301e-06 -8.599235315950898e-07 1.603261879323976e-05 -3.774796914966409e-06
6.867772938308396e-06 -1.896695528254658e-06 1.522254753017213e-05 -4.890428900348085e-06
5.959575630015864e-06 -2.852151235454331e-06 1.423341108842751e-05 -6.206470086208684e-06
5.958568050465397e-06 -9.389897852563343e-07 1.427702048637007e-05 -3.712826549048015e-06
5.111428852434006e-06 -1.893660293035555e-06 1.302634283322634e-05 -5.008423373656809e-06
4.314467719193669e-06 -2.765436294035316e-06 1.131815301792810e-05 -6.711749338532239e-06
4.313060926164110e-06 -1.023812553205765e-06 1.132714240329249e-05 -3.374950904302682e-06
3.728669232904387e-06 -1.955274015303661e-06 9.905806932131638e-06 -5.131520059511900e-06
3.176287802457508e-06 -2.690098015017204e-06 8.809638654470869e-06 -6.300408467139881e-06
3.173311908969905e-06 -1.097760818503245e-06 8.707906365371831e-06 -3.740881442790702e-06
2.417264811813875e-06 -2.621957373220650e-06 7.763048766071232e-06 -5.592098088746010e-06
2.543704318635611e-06 -2.147190006946902e-06 7.704100569024657e-06 -5.224883915416322e-06
2.412489296118058e-06 -1.146198746049117e-06 7.779924468937469e-06 -4.167408278426673e-06
1.902065211460547e-06 -1.199829246317493e-06 7.808526490713648e-06 -4.361320534406322e-06
4.975890672868142e-08 -7.554011654407281e-07 -5.924798807765988e-05 4.625031023464520e-05
6.005571218967849e-08 -7.323123173517676e-07 -3.727499828405368e-05 5.914442825855931e-05
8.738312617822573e-08 -6.969149012546290e-07 3.226235675167526e-05 3.191494340736194e-05
7.545283352676559e-08 -7.135390863240118e-07 1.173139837493385e-05 -6.631563297611484e-06
1.897610793243002e-06 -2.572685415943359e-06 7.739675688894898e-06 -5.292476054824873e-06
1.472188790890785e-06 -2.503118380311692e-06 7.900106494782809e-06 -5.229877727474636e-06
1.780207313013883e-06 -1.716929113138985e-06 7.771163719585685e-06 -4.766969707011863e-06
1.453843547508215e-06 -1.219298112233843e-06 7.908261112196497e-06 -4.228479531136810e-06
2.644172523201999e-08 -7.648684555281757e-07 -1.010669561555568e-04 3.717461575294057e-05
4.030230612777799e-09 -6.417533662760120e-07 5.527099349698579e-05 -4.761511919040146e-05
3.722426485004381e-08 -7.096196372490786e-07 -4.755353693941921e-05 -1.242816398292013e-05
1.323766046631575e-06 -2.089896353148797e-06 7.951323152164801e-06 -5.038269242691173e-06
1.078564000068540e-06 -2.377930157301037e-06 7.679308131758955e-06 -5.423270610901513e-06
7.329725081396343e-07 -2.230369642267353e-06 7.071993453649128e-06 -5.514475666336502e-06
1.196748467532675e-06 -1.568030129790743e-06 7.918814015968375e-06 -4.479281343156451e-06
1.066630844059362e-06 -1.183643045583272e-06 7.668996837973172e-06 -3.592573360919714e-06
1.262640449782311e-08 -7.065205829870724e-07 3.069491082747872e-06 4.466737776595987e-06
2.825943886983498e-08 -7.121889472811585e-07 -2.268190951228570e-05 2.852919039298405e-05
1.611154969549126e-08 -7.127895098717523e-07 1.135965080047435e-05 -1.333247671249951e-05
4.389552714985856e-07 -2.041393818692062e-06 6.032645902578997e-06 -5.530105227525119e-06
6.746023605048064e-07 -1.852173120034629e-06 7.040614781036833e-06 -4.958924253395822e-06
7.873437671072024e-07 -1.419843146708513e-06 7.095444341731392e-06 -3.918638758642266e-06
7.335696265599779e-07 -1.104887272955133e-06 6.674245894106021e-06 -2.720419942295071e-06
1.393926084713963e-08 -7.148315803861172e-07 -7.266755908700669e-06 3.149355557408016e-06
-4.771852276727834e-09 -7.102139820933875e-07 -8.592352414740344e-07 -1.204270278787907e-06
2.552927227419725e-09 -7.289583589459248e-07 -3.097311747254736e-06 2.950613262695808e-06
1.846920642282213e-07 -1.842554732814821e-06 4.703630729045512e-06 -4.902765108952360e-06
-1.275946275888570e-08 -1.637774286677298e-06 3.546802359334590e-06 -4.049623409934639e-06
4.093837806668207e-07 -1.361582083620231e-06 5.457009623257275e-06 -3.351143200075869e-06
4.555363012717512e-07 -9.866239864037035e-07 5.262128979079484e-06 -2.003262578012154e-06
-2.210788707570139e-08 -7.089142868675443e-07 4.309641806520446e-06 -3.250808143269764e-06
-1.314001711081920e-08 -7.482787762086719e-07 1.144471855003526e-06 7.630412527539252e-07
3.768096523793569e-08 -1.366424565814398e-06 3.634732321694131e-06 -3.029359115570252e-06
-1.536913081668541e-07 -1.420191518059593e-06 3.113344268955995e-06 -3.148684715230437e-06
1.099653576208095e-07 -1.108057534363826e-06 3.743022113864196e-06 -2.245324858304004e-06
2.330398919454309e-07 -8.655672410425365e-07 4.097670910965422e-06 -1.721955149389355e-06
-4.257204314882611e-08 -7.196098817356713e-07 9.475196451342507e-07 -2.261123068790801e-06
-6.198278509471781e-08 -6.930319037487675e-07 -2.490341303494079e-06 -1.784671452370260e-07
-5.930732980677105e-08 -7.348217191752852e-07 5.235001688719694e-07 6.532253554013587e-07
-2.627290320695989e-07 -1.211396284955816e-06 2.915488126247759e-06 -2.409375534821009e-06
-3.082344049072700e-07 -1.044126316224782e-06 3.317859399053827e-06 -2.328464473599202e-06
-3.057657999563802e-07 -8.901014601502081e-07 3.453602549263049e-06 -2.148921761638139e-06
-3.734739556091470e-08 -9.097049122340942e-07 3.430914492366249e-06 -1.962424673373852e-06
6.452997292731044e-08 -7.658322643219096e-07 3.687823658026014e-06 -1.811336127621774e-06
-7.094379591195813e-08 -7.125276410500451e-07 -7.011785622491421e-07 2.307761738179272e-06
-8.669636887142401e-08 -6.856934845808287e-07 1.667479194287384e-06 7.422231931435076e-07
-9.177757604538324e-08 -7.473873326079718e-07 1.792615641803377e-06 4.428462279140940e-06
-2.259907761622283e-07 -8.786368997360984e-07 3.509602520564963e-06 -2.156391476308584e-06
-2.869181862469879e-07 -7.750176681004173e-07 3.587783303529465e-06 -1.676519161693275e-06
-1.505901512137868e-07 -6.844605652964375e-07 4.080247350583681e-06 8.730342988548810e-07
-1.854611938939330e-07 -6.872854686170072e-07 3.815857928937765e-06 3.648157271187305e-07
-2.214871157566265e-07 -6.991938879153481e-07 3.658185268018994e-06 -4.462783349454672e-07
-1.277361069739130e-07 -7.549211285055839e-07 3.606405285358885e-06 -1.885807186509326e-06
-6.712420542064370e-08 -7.008646490247985e-07 3.736539566601082e-06 -1.756287146460356e-06
-1.113655222022889e-07 -7.189083881866299e-07 3.609470582297967e-06 2.702227818421782e-06
-1.082367416568189e-07 -7.608087954253659e-07 3.258304272721792e-06 2.691013124195062e-06
-2.264336796148355e-07 -7.045765839871335e-07 3.842189396357158e-06 -1.175288216909056e-06
-1.647491045406724e-07 -6.992779311125715e-07 3.849242960977677e-06 1.317249792332926e-06
-2.019387628601728e-07 -6.886273790636294e-07 3.834777673761879e-06 2.466919437070100e-07
-1.691477022335704e-07 -6.848695644500531e-07 3.645015426539044e-06 -1.446269855813466e-06
-1.660307923560159e-07 -6.805623353925534e-07 3.772956076197617e-06 -1.203695864773494e-06
-1.277121573952883e-07 -7.345308398595231e-07 3.372103544189167e-06 2.054300427861572e-06
-9.510791705244395e-08 -7.711311593288850e-07 2.815307319238822e-06 1.836721946789794e-06
-1.928053886319905e-07 -6.751722514369530e-07 3.315417994567365e-06 2.103274902460021e-07
-2.233785043728847e-07 -6.915245157885942e-07 3.509355420762310e-06 -6.743512749879134e-07
-3.157184578861126e-07 -7.420394505467692e-07 3.784182717451625e-06 -2.465704090719895e-07
-1.284629529014203e-07 -7.497871176811803e-07 2.474984673088682e-06 1.019789766756185e-06
-7.791935076902425e-08 -8.060729335392416e-07 2.306521605739939e-06 1.137861940976856e-06
-3.786345924126232e-08 -9.317085962964486e-07 1.978488153095778e-06 1.024770681253671e-06
-2.348406836845080e-07 -7.246534153043937e-07 3.019914893871463e-06 -1.410446025062400e-07
-1.558870349047965e-08 -1.113613879463536e-06 1.796525297094140e-06 1.863328555456073e-06
-4.260548348734384e-07 -8.109611968501675e-07 4.371346318493778e-06 3.173626726837313e-07
-1.288089230980872e-07 -9.172868767935049e-07 2.173173793290567e-06 8.673467657793631e-07
-3.265211737666980e-07 -9.296828363883204e-07 3.787027316917893e-06 1.103160202361455e-06
-4.846097498007928e-08 -1.312816565759320e-06 2.602990802523688e-06 3.094728060598204e-06
-5.848767444548105e-07 -9.303790832189285e-07 5.201089055174772e-06 1.384819411515593e-06
-5.236988688442832e-07 -1.101172629257119e-06 4.923101595727097e-06 2.516432343132337e-06
-3.070422324466789e-07 -1.229410968181421e-06 4.179017761987853e-06 2.997089062202656e-06
-1.226125118557717e-07 -1.559887059780925e-06 3.661532572004379e-06 3.798863282059544e-06
-2.741585151392819e-07 -1.830603617049819e-06 4.371607926989674e-06 3.947395303876401e-06
-8.161541106554479e-07 -1.075611948646768e-06 5.536404311895223e-06 2.663246313895834e-06
-6.938109628315999e-07 -1.355822999745501e-06 5.277181471795049e-06 3.351500395233726e-06
-5.387267960353624e-07 -1.735677352108669e-06 5.028423416954850e-06 3.787928269475585e-06
-4.692251611073527e-07 -2.113245956916730e-06 4.878734372240459e-06 3.690996724414353e-06
-1.107363093316295e-06 -1.239822003729272e-06 5.166978043424623e-06 3.177371109458074e-06
-1.036435417606964e-06 -1.747880135123567e-06 4.766460215187249e-06 3.319399919665707e-06
-7.351009658777230e-07 -2.376907012519484e-06 4.633579436326362e-06 3.365135378978242e-06
-1.071001206210153e-06 -2.629665729021970e-06 4.240812118019260e-06 3.253252358812243e-06
-1.456292017202361e-06 -2.867734323416228e-06 4.227470919855209e-06 3.753419077601841e-06
-1.475180291749206e-06 -1.870127885264225e-06 4.391185087817250e-06 2.987134829670987e-06
-1.465496895324099e-06 -1.402722786416704e-06 4.674702622131802e-06 3.010278948052315e-06
-1.382523355768876e-06 -2.380500186213343e-06 4.091873125240717e-06 3.171425498570918e-06
-1.903994864062968e-06 -3.052747493510757e-06 4.711634009643855e-06 4.225687511066862e-06
-2.407051545071408e-06 -3.198087525047360e-06 5.596273388564794e-06 4.676049821665785e-06
-1.856192096067048e-06 -1.977817677441406e-06 4.570268307555757e-06 2.863525979667142e-06
-1.897791718602067e-06 -1.518093867163061e-06 4.688940240122498e-06 2.554958167898148e-06
-2.943030127412398e-06 -3.281199169930790e-06 6.812161233324010e-06 4.863886356638761e-06
-2.318484866009384e-06 -2.441829735847792e-06 5.305641732881087e-06 3.457843716164623e-06
-2.389773568582666e-06 -1.570430084473690e-06 5.445996489921936e-06 2.204115205566536e-06
-3.056537488852195e-06 -2.534335999958282e-06 7.089171342080604e-06 3.687198606829673e-06
-3.590256539382346e-06 -3.342509562844549e-06 8.047834152973445e-06 4.701027896652739e-06
-2.925868313870895e-06 -1.565759895565121e-06 6.717297590830450e-06 2.154641098229858e-06
-4.533058364762481e-06 -3.402178595906184e-06 9.010525870668322e-06 4.420574236409399e-06
-3.763553082935805e-06 -2.093889292784432e-06 8.412074334882264e-06 3.177091457145067e-06
-3.587166323940950e-06 -1.505685444699925e-06 8.013924066863138e-06 2.310202468599010e-06
-5.940395515315080e-06 -3.488664497236311e-06 9.478176530403315e-06 4.309879146324938e-06
-5.220241449616694e-06 -2.343021564909457e-06 9.285085034245409e-06 3.551968834886541e-06
-4.534015269228428e-06 -1.430468615573641e-06 8.935451101564770e-06 2.800068908932582e-06
-7.949159489182325e-06 -3.581595051769052e-06 1.099653529304743e-05 4.870449094001275e-06
-6.918984785932379e-06 -2.423548585415031e-06 9.969811977797362e-06 3.630682352151428e-06
-5.940413578040349e-06 -1.351078925734258e-06 9.477705790542624e-06 2.959744230591557e-06
-1.019471100996808e-05 -3.662102433558948e-06 1.393591972548966e-05 5.117942925250529e-06
-9.046985396494226e-06 -2.425083680654971e-06 1.237075950327008e-05 3.627480131841922e-06
-7.948670627850131e-06 -1.266041786686066e-06 1.099879361323197e-05 2.393186126404551e-06
-1.257163526286870e-05 -3.725039338608090e-06 1.653709953544276e-05 4.808156644602967e-06
-1.136380298069496e-05 -2.426970221516407e-06 1.539843895484838e-05 3.622504757742426e-06
-1.019409739715150e-05 -1.189925615670343e-06 1.393588145251338e-05 2.133021111776464e-06
-1.504400158621117e-05 -3.771893731953000e-06 1.849131363810361e-05 4.742664951404673e-06
-1.379403005970597e-05 -2.428680529202776e-06 1.752765357361892e-05 3.598967762569458e-06
-1.257108611213610e-05 -1.130636969796997e-06 1.654305235820203e-05 2.418662384288924e-06
-1.759003833916638e-05 -3.810790695943544e-06 2.094608393893709e-05 4.913623654529017e-06
-1.630509021904108e-05 -2.430194691648444e-06 1.960273014987510e-05 3.536263605651436e-06
-1.504351147539615e-05 -1.087017203191809e-06 1.851261771927346e-05 2.398474440261586e-06
-2.020151261536912e-05 -3.842434690426884e-06 2.375965928654794e-05 4.725395412933048e-06
-1.888564296778737e-05 -2.431478419811479e-06 2.240812127493024e-05 3.452144996306920e-06
-1.758962907344471e-05 -1.050918140716759e-06 2.097613009133236e-05 2.074781160418654e-06
-2.285999305691730e-05 -3.862117019615309e-06 2.584283123584410e-05 4.308395225038247e-06
-2.152495027006331e-05 -2.432587478364424e-06 2.497248657429980e-05 3.392538059218694e-06
-2.020116536296924e-05 -1.021649318895210e-06 2.378118486123365e-05 2.111630642248226e-06
-2.554025767788208e-05 -3.872443959666111e-06 2.723172851339969e-05 4.233629557207017e-06
-2.419771577142145e-05 -2.433654998250700e-06 2.656901361174089e-05 3.394414561852040e-06
-2.285965517232106e-05 -1.004123373898596e-06 2.584226852789885e-05 2.467457465401546e-06
-2.823255442965538e-05 -3.881568904006018e-06 2.884021363282290e-05 4.525614294826229e-06
-2.688392725702421e-05 -2.434749854769955e-06 2.793026697828800e-05 3.458794292820594e-06
-2.553989935566376e-05 -9.959610466024370e-07 2.720885351519511e-05 2.611518461448232e-06
-3.405156096374353e-05 -3.734493214705285e-06 3.365492682982086e-05 4.732883382222199e-06
-3.366489526401904e-05 -3.894531634253543e-06 3.332999784858647e-05 4.866330960462051e-06
-2.944307162521049e-05 -2.435716913484791e-06 2.972759872400888e-05 3.546391589911997e-06
-3.094135048633812e-05 -3.891092216856252e-06 3.099198147917635e-05 4.791762896250557e-06
-2.823221152306684e-05 -9.889758482545995e-07 2.880743597029767e-05 2.483371116246279e-06
-3.421173941668627e-05 -3.348010608849530e-06 3.378963831415305e-05 4.409508988916690e-06
-3.329604890028964e-05 -2.436558227021492e-06 3.300531265478101e-05 3.634180073046036e-06
-3.094114025972256e-05 -9.811900229158313e-07 3.096934620901059e-05 2.387899800181054e-06
-3.421172667491650e-05 -1.525137093500936e-06 3.378817413840974e-05 2.862369931639639e-06
-3.366481980863183e-05 -9.785257414704272e-07 3.332181041050793e-05 2.395863276076715e-06
-3.405153058501436e-05 -1.138595204567774e-06 3.365156795765279e-05 2.532642002926111e-06
