-6.331668362572282e-05 9.435824261289399e-06 -4.456953838283425e-05 6.885372167098482e-06
-6.354158683431357e-05 8.892581245715969e-06 -4.500639329216179e-05 6.236030753785883e-06
-6.354175464178809e-05 6.330161111492019e-06 -4.499143110438551e-05 2.278795370529602e-06
-6.331685928482122e-05 5.786964965477227e-06 -4.455516164200589e-05 1.634231234067706e-06
-6.277362750274810e-05 9.660822595233545e-06 -4.359494741919910e-05 7.061340165116611e-06
-6.175618111070130e-05 7.611600974407458e-06 -4.182160978360232e-05 4.229998790394563e-06
-6.277381623950372e-05 5.562009038808611e-06 -4.358332883114210e-05 1.459291975895644e-06
-5.895657136131175e-05 9.660715366324507e-06 -4.001406366105427e-05 4.398927194161554e-06
-5.895680600861259e-05 5.564683216470555e-06 -4.006587931264981e-05 4.114352891882012e-06
-5.683942343409236e-05 7.613820101354050e-06 -3.878397291241617e-05 4.401913269525100e-06
-5.512014102916093e-05 9.663497211657941e-06 -3.674249908316632e-05 6.248609833128061e-06
-5.512111153537699e-05 5.566074202050888e-06 -3.681494943716112e-05 2.711014995468006e-06
-5.320313050143512e-05 7.614953906047490e-06 -3.499485872736358e-05 4.716990467021590e-06
-5.128785772975682e-05 9.664225349474679e-06 -3.433553460926276e-05 5.813686382159646e-06
-5.128719572796449e-05 5.563431131663758e-06 -3.364683618856375e-05 3.261093954050919e-06
-4.937431661734185e-05 7.612413843150506e-06 -3.312976853005811e-05 4.499983167078742e-06
-4.745752331025395e-05 9.667563331741388e-06 -3.112953717223522e-05 5.664464453734831e-06
-4.745680436801366e-05 5.554751620022923e-06 -3.044164562294037e-05 2.876033265259567e-06
-4.553502168710134e-05 7.610421256687028e-06 -2.875406460660709e-05 4.060657638465200e-06
-4.360277573037700e-05 9.678315510932304e-06 -2.733583412921623e-05 5.516830319284226e-06
-4.360570408431004e-05 5.545686422642300e-06 -2.670439045213139e-05 2.534829160524467e-06
-4.167501187007294e-05 7.614399949333540e-06 -2.672209314069344e-05 4.445100804049061e-06
-3.974922469301948e-05 9.681908658194846e-06 -2.476294764092251e-05 7.621242603876508e-06
-3.974938817217373e-05 5.548037802492857e-06 -2.483047828943026e-05 2.269192726911673e-06
-3.782520395399882e-05 7.615681517744029e-06 -2.246101181539492e-05 4.824681255604820e-06
-3.589848657303450e-05 9.681332843767690e-06 -2.175331402276811e-05 5.221993017481001e-06
-3.589938367994699e-05 5.550289672107120e-06 -2.088466780437374e-05 3.270464213190834e-06
-3.397208191750015e-05 7.615712906933897e-06 -2.066288083899979e-05 3.439695394303261e-06
-3.205553072227834e-05 9.663310930958979e-06 -1.827670243247405e-05 5.605946085856910e-06
-3.205445520191914e-05 5.565495831458452e-06 -1.956428732806901e-05 3.056245102587391e-06
-3.014343341606940e-05 7.613701492369344e-06 -1.671364747616495e-05 4.852942174250859e-06
-2.824353697794788e-05 9.643824801668802e-06 -1.662523552408013e-05 5.144139346995742e-06
-2.824625974796746e-05 5.590054890172653e-06 -1.485583039725793e-05 3.731513806538431e-06
-2.635514609652029e-05 7.620229355711165e-06 -1.544449256854914e-05 3.986119125127011e-06
-2.448927321959674e-05 9.613077843463164e-06 -1.215700134808461e-05 8.948533026886238e-06
-2.448665132000824e-05 5.628212344239957e-06 -1.481113445845057e-05 1.802155150857319e-06
-2.270565006915949e-05 7.618562512945864e-06 -1.132781835221066e-05 5.521648145629906e-06
-2.093966666036440e-05 9.577905318184509e-06 -1.138976874240807e-05 6.281372029926534e-06
-2.094101905883991e-05 5.660815181571383e-06 -8.466270867055297e-06 1.782706352470550e-06
-1.962027466203502e-05 7.767203615424928e-06 -9.143175375289015e-06 3.578456898913681e-06
-1.830015149019800e-05 9.535612677214856e-06 -7.757864896560109e-06 6.190184762098047e-06
-1.829732302413727e-05 5.699831805712771e-06 -1.014766925070272e-05 2.635030314020212e-06
-1.641538452160789e-05 9.508185499889437e-06 -9.736748838981378e-06 5.420938427028701e-06
-1.677580261770670e-05 8.264082061165527e-06 -9.053835797322837e-06 6.454048257952712e-06
-1.641694929561248e-05 5.720816993339500e-06 -6.065298435561880e-06 4.088386936187637e-06
-1.506336340704900e-05 5.743814752469753e-06 -6.531412073189506e-06 5.990179741587381e-06
2.557199564588833e-06 -2.386068866806954e-07 3.558520900854051e-05 -2.497809947517008e-05
2.593479804992979e-06 -3.005652646731035e-07 1.454235617502512e-05 2.069822657049330e-05
2.549412328378447e-06 -8.103296104614302e-07 3.228065285286473e-05 5.622165501311435e-05
2.493375723288097e-06 -9.324057031503864e-07 3.229812275239130e-05 3.881982527667014e-05
-1.505932465439596e-05 9.492341194608264e-06 -7.809349939604679e-06 2.801837427600463e-06
-1.383930991529340e-05 9.410785095135927e-06 -6.813142435292294e-06 3.093562596124182e-06
-1.478168202732992e-05 7.150797425842232e-06 -6.113223553857155e-06 3.661520798072475e-06
-1.383955507101030e-05 5.663018668533475e-06 -7.273027864726943e-06 6.093590838958623e-06
2.466083974316225e-06 -2.126666939445890e-07 8.100419950177801e-05 -4.087866741906890e-05
2.201848538518790e-06 -5.642330621808539e-07 -6.506102729527638e-05 -1.745474850006422e-05
2.367113940330374e-06 -9.828568290871185e-07 4.584348624527288e-05 6.334929555128848e-06
-1.345003855109949e-05 8.256674026439331e-06 -7.060129036063928e-06 1.858167912370755e-06
-1.265024210550940e-05 9.185762152881211e-06 -6.469244264839581e-06 3.529440281873730e-06
-1.151070471736099e-05 8.834008199792430e-06 -6.158523305913189e-06 3.150153821354374e-06
-1.308736895518080e-05 6.679895344973449e-06 -7.302033035043475e-06 4.174115402517080e-06
-1.267182763662602e-05 5.380407133499619e-06 -7.544307372209408e-06 3.988750679180870e-06
1.587165022332834e-06 -1.529056814090787e-07 1.306852135896650e-05 2.378157904007158e-05
1.620695318215790e-06 -9.722368741492422e-07 1.794921790731832e-05 -3.593836477419107e-06
1.179370185496447e-06 -5.861658958260689e-07 -1.199067852681103e-05 -1.272482874517519e-05
-1.042820655056410e-05 8.354673448600253e-06 -5.117953223096775e-06 2.855701481249432e-06
-1.135756515970380e-05 7.643237467246953e-06 -4.798796190245901e-06 3.974409608901549e-06
-1.175213736716995e-05 6.152466432710011e-06 -4.309680580091928e-06 6.012022292406181e-06
-1.159511142394144e-05 4.906478851331409e-06 -3.881085430483260e-06 2.223615079466441e-06
7.281977016214935e-07 -7.011482437687063e-08 3.750197666758908e-06 1.685054505608664e-06
7.324796737293698e-07 -1.024027048145280e-06 5.899284553790620e-06 1.044896691109404e-05
2.095332735374900e-07 -5.911433621865852e-07 -4.859666370179607e-06 -6.545916235170872e-06
-9.413628650076852e-06 7.765849480267017e-06 -4.773163630129530e-06 4.407997863237535e-06
-8.489390093551114e-06 7.071936180404595e-06 -3.693456231314218e-06 2.028403806720983e-06
-1.037492806517264e-05 5.923363872644412e-06 -2.454997883638377e-06 6.476813505644964e-06
-1.063376988721033e-05 4.256596648175635e-06 -2.465205427618613e-06 8.503434668156124e-07
-3.893605805819026e-07 9.073325469749097e-08 1.494630460227846e-06 9.290638319193000e-06
-3.722698319079079e-07 -1.160727895908689e-06 2.378653990127077e-06 5.992293757266203e-06
-8.723862625777519e-06 6.002073995038868e-06 -4.003320072453360e-06 1.087748680421215e-06
-7.654471943495339e-06 6.280828603711908e-06 -1.783134241221206e-06 -2.900556682713824e-08
-9.120463054230797e-06 4.790434742454290e-06 -5.705699262025446e-06 4.066676369718434e-07
-9.809325750674031e-06 3.455851529424789e-06 -1.869016128736233e-06 2.354300681903022e-06
-1.045878462612066e-06 -5.750685988636833e-07 -4.715488350918647e-06 -1.034404320993563e-05
-1.798446422327989e-06 3.321667785209947e-07 2.642114630603790e-06 6.093234665416309e-06
-1.820197522864166e-06 -1.418068850401459e-06 -9.087946466832098e-07 3.091325908251672e-06
-6.914773321855183e-06 5.415139997383106e-06 -6.745670365059171e-07 8.045382606285770e-07
-6.279010727362512e-06 4.473840903275014e-06 -3.145477972598755e-06 1.461074908770134e-06
-5.763174469012599e-06 3.468867817154423e-06 -5.294438227772480e-06 2.109748794341222e-06
-8.321279999857073e-06 3.694010984420716e-06 -4.553632585345428e-06 1.392841190436272e-06
-9.148981040138280e-06 2.543832086394651e-06 -8.484145372844119e-07 3.124914004118081e-06
-2.437241625281027e-06 -5.464535464647543e-07 3.580494524837356e-06 -4.122161110027109e-06
-3.213214962485071e-06 5.299415791954840e-07 -3.188708118303638e-06 -2.618206605766435e-06
-3.217412386741230e-06 -1.698374123262369e-06 -8.659687317137020e-06 4.322827579048067e-07
-6.816489639004847e-06 3.473592906903283e-06 -1.236000385477763e-06 2.888537761948913e-06
-5.363544854744865e-06 2.417603634554066e-06 -4.170758005586469e-06 4.365899647673651e-06
-4.486369546432257e-06 7.459004569163113e-07 -3.771203991295451e-06 -8.851873390282264e-06
-4.876614548347767e-06 9.495519291953183e-07 -4.559593824645486e-07 -9.112776741769018e-06
-5.094981673846874e-06 1.342537304730620e-06 1.563077270303482e-06 -5.692270909568861e-06
-7.754829818136598e-06 2.408350942037692e-06 -9.550942424773832e-07 1.686289809284393e-06
-8.657331486460130e-06 1.548161439898323e-06 -2.347056588839701e-06 -5.337235303661669e-06
-3.893168897120302e-06 -3.920631376751948e-07 -2.274629640807016e-06 1.833888876673684e-06
-4.461916478010673e-06 -1.876629120858363e-06 9.015412577555752e-06 -1.760881060461897e-05
-6.079806901672306e-06 1.680364155821031e-06 -1.992026027835044e-06 3.217569105466567e-06
-4.881196122163134e-06 1.658887327886175e-07 -3.610630832779406e-06 -1.292491192298013e-07
-5.341883063666466e-06 8.156713156629230e-07 1.447581260835892e-06 -4.986666997526290e-06
-7.334601842723311e-06 1.232476382545011e-06 -5.098746667540558e-06 2.941586096769707e-06
-8.363820452087777e-06 5.108069253214014e-07 -6.455207928372072e-06 -9.963818015079867e-07
-4.886167916365025e-06 -1.109573482391982e-06 -5.807383383576280e-06 -5.446584603504864e-07
-4.819429071024948e-06 -2.066361488891984e-06 1.003431559609488e-05 -1.544471021214880e-05
-6.303434357794212e-06 -9.282128813402090e-08 -2.942823725181534e-06 7.455824208945120e-06
-8.288876747480962e-06 -5.536828853051369e-07 -1.330409791287606e-06 -5.626910465789779e-06
-8.452181565725308e-06 -1.635827214896126e-06 -3.786749233008208e-06 -2.624178699744446e-06
-5.628807561543668e-06 -1.801697833378029e-06 -4.154040073558802e-06 1.663877554024077e-06
-5.022824724522791e-06 -2.487492374808969e-06 1.537850298368153e-05 -1.003673379558450e-05
-5.263292341467987e-06 -3.690001049825854e-06 9.116892998586434e-06 -4.301849922747670e-07
-7.350136626707585e-06 -1.760196162262174e-06 1.609804952067132e-06 2.475661910710736e-06
-5.632954372453087e-06 -4.890175154746574e-06 -1.084075470677308e-06 1.523118144415276e-07
-8.838004023674507e-06 -2.728344070670644e-06 -1.226186348679090e-05 -1.577008807587199e-06
-6.315061990179973e-06 -3.725635736353383e-06 -5.905084391417355e-06 2.883990952461029e-06
-7.914143699520784e-06 -3.818364969215672e-06 -6.964939676764689e-07 -2.998300605030357e-06
-6.158617916549808e-06 -6.044853321142201e-06 -3.669406787661254e-06 -1.401172174863663e-06
-9.450383256503595e-06 -3.812400324703935e-06 -9.339607035402738e-06 2.570815072889137e-06
-8.977278005415037e-06 -4.928497087676250e-06 -9.704879754255669e-07 -1.548167332632294e-06
-7.823084471838422e-06 -5.634622643685126e-06 -2.599787329874448e-06 5.417399401267837e-07
-6.857764589448786e-06 -7.188215840309823e-06 -5.788019144166588e-07 -7.050095027464541e-06
-7.716272671797785e-06 -8.268292614444874e-06 -3.685611331956315e-06 -2.831331195765502e-06
-1.030768906678347e-05 -4.848018662086797e-06 -5.627142765553638e-06 9.286391830103643e-07
-9.715663096484987e-06 -6.210078467517264e-06 -2.318074580120960e-06 -1.642681435705020e-06
-9.010817733159700e-06 -7.843072303575805e-06 -6.245571797533614e-06 -9.765613492085367e-07
-8.705369995427145e-06 -9.284881837512727e-06 -6.084201264707121e-06 -9.321202958416551e-07
-1.136500877247999e-05 -5.768011108087142e-06 -2.166467607438788e-06 -2.096009784480954e-06
-1.105397711192646e-05 -7.843538867593392e-06 -2.032239695153776e-06 -1.461273429844304e-06
-9.849260429107956e-06 -1.018997348524588e-05 -1.594743724395189e-06 -1.352168099483368e-06
-1.113741070746282e-05 -1.098339918193893e-05 -2.379340248489899e-06 -2.276692492309666e-06
-1.253101975121600e-05 -1.165338381629881e-05 -3.496549693216009e-06 -1.268318602162431e-06
-1.263490610184824e-05 -8.299828642266130e-06 -2.756152152842964e-06 -1.644083925335586e-06
-1.261849314695625e-05 -6.547342780582467e-06 -2.241853192687169e-06 -3.309345316539500e-06
-1.231819810462395e-05 -1.007584731378975e-05 -3.336608624649951e-06 -1.857438594232851e-06
-1.402846320131014e-05 -1.215367585571624e-05 -3.321236556103007e-06 -1.086290555991787e-06
-1.561632909708959e-05 -1.248975795427080e-05 -3.529132899327435e-06 -2.220198302810568e-06
-1.392406303535244e-05 -8.695211220475037e-06 -3.481169991991295e-06 -2.394973994494731e-06
-1.404846382737270e-05 -7.121592321527476e-06 -2.455873570708398e-06 -2.012921437809053e-06
-1.725468727939793e-05 -1.263534687446346e-05 -3.580851230799875e-06 -2.679119596153543e-06
-1.540698291173381e-05 -1.018266377799518e-05 -3.639597932795570e-06 -2.817997862062785e-06
-1.560501263673491e-05 -7.460256633407990e-06 -5.157877148520265e-06 -3.471680434492646e-06
-1.761040557603467e-05 -1.043853811706654e-05 -3.437386990937006e-06 -2.616306280588302e-06
-1.910769603999848e-05 -1.269676131361860e-05 -4.212464384377774e-06 -2.742346270771112e-06
-1.723573873847834e-05 -7.551053849917559e-06 -4.484484998847578e-06 -3.788517469139466e-06
-2.170751850334453e-05 -1.276175193849154e-05 -5.192452104036081e-06 -2.715419197511255e-06
-1.962719606697783e-05 -9.178522480314084e-06 -5.276725377610638e-06 -1.677907504913342e-06
-1.910116679330800e-05 -7.492154939866622e-06 -5.674494093522648e-06 -2.169704916461873e-06
-2.540944461208284e-05 -1.285308645170326e-05 -6.676346548454365e-06 -2.899621284631228e-06
-2.355069778499456e-05 -9.881953804442549e-06 -6.140052145833421e-06 -1.380157288409624e-06
-2.170769632510174e-05 -7.413936120193999e-06 -6.457598027161951e-06 -7.769907380685149e-07
-3.046490444612855e-05 -1.295244698795555e-05 -5.731787160185860e-06 -2.838465397967998e-06
-2.790836060173029e-05 -1.009380112928667e-05 -5.942916520158793e-06 -2.045189867933623e-06
-2.540904197614501e-05 -7.327121903809888e-06 -5.510178992030344e-06 -1.113968254110889e-06
-3.588790534926386e-05 -1.303406312750413e-05 -5.392189224643500e-06 -1.100253074193455e-06
-3.315198137790880e-05 -1.009910119237334e-05 -5.680440310490827e-06 -1.859469859990678e-06
-3.046058425340845e-05 -7.239033174968004e-06 -5.831977043568798e-06 -9.401914646864294e-07
-4.143964802075872e-05 -1.309052603245020e-05 -5.894266499030897e-06 -2.480659137440054e-06
-3.864725635156455e-05 -1.009426463110078e-05 -5.296956694810805e-06 -2.536453676284187e-06
-3.589336667828758e-05 -7.161647057435504e-06 -4.862304539426833e-06 -2.698902006468417e-06
-4.708345821000925e-05 -1.314035418442144e-05 -6.065969146714696e-06 2.296116177223663e-08
-4.424406131843119e-05 -1.009537514061437e-05 -6.865580241645441e-06 -1.359701679982870e-06
-4.143531482966878e-05 -7.099221163141367e-06 -6.928858589729319e-06 -2.623822382983218e-06
-5.280957902055268e-05 -1.316433512785576e-05 -5.246045324471436e-06 -1.436454177979380e-06
-4.994042537271904e-05 -1.009184251388175e-05 -4.437373216835620e-06 -2.101063676208278e-06
-4.708786854256430e-05 -7.045625870632878e-06 -4.913281639454957e-06 -3.116634295772676e-06
-5.856348864028206e-05 -1.318881620668549e-05 -6.548038058861627e-06 -2.249288689860745e-07
-5.567898638639552e-05 -1.009766228309812e-05 -7.281515578865728e-06 -1.825914018663191e-06
-5.280563339670646e-05 -7.025141991604537e-06 -5.980427403577717e-06 -2.694216293689732e-06
-6.435479748818164e-05 -1.320046231880609e-05 -5.390971715163087e-06 -5.411594585645954e-06
-6.145513162127626e-05 -1.009816730679366e-05 -4.363956425146959e-06 -1.884289855006396e-06
-5.856391262454104e-05 -7.007525571763306e-06 -6.457314060009924e-06 -3.515513215321864e-06
-7.015929155163039e-05 -1.320642231339118e-05 -4.911560328975191e-06 -8.971645683876633e-07
-6.725649411265167e-05 -1.009828942242562e-05 -6.388651157918301e-06 -2.522060810651771e-06
-6.435493620759670e-05 -6.995691898183884e-06 -4.882140659195828e-06 1.040170142173287e-06
-7.595828835364669e-05 -1.320556885811017e-05 -6.336868750293706e-06 -2.013642843126691e-06
-7.305917608813300e-05 -1.009909220303635e-05 -4.826063869811158e-06 -1.887751150458449e-06
-7.015860256318707e-05 -6.991216853289679e-06 -5.493439357496439e-06 -3.688876266252920e-06
-8.838982786897922e-05 -1.287862358211810e-05 -7.992876173326059e-06 -1.324095635654602e-06
-8.756313624170863e-05 -1.322025291390528e-05 -8.070077336989764e-06 -1.391216976919843e-06
-7.855782150302079e-05 -1.009830432435779e-05 -6.727100362647328e-06 -1.957469131536794e-06
-8.176182590458996e-05 -1.320662160436502e-05 -6.520599628706370e-06 -3.113235023349221e-06
-7.595917908171443e-05 -6.991612436017517e-06 -6.097508848729958e-06 -1.671546719794668e-06
-8.873230137037671e-05 -1.205287317966736e-05 -7.958414885805707e-06 -1.294354779409716e-06
-8.677480630050665e-05 -1.010263314386187e-05 -8.358023645370335e-06 -1.833757608643576e-06
-8.176015829099636e-05 -6.992816925881727e-06 -6.614093119384261e-06 -8.898556094794828e-07
-8.873192707884562e-05 -8.152959530151285e-06 -8.005510430423284e-06 -2.299603412541238e-06
-8.756225521055196e-05 -6.984898072478057e-06 -8.157391277872177e-06 -2.250211431806990e-06
-8.838930112998299e-05 -7.326767524977257e-06 -8.052765138799262e-06 -2.300402477518882e-06
