-5.554221511478642e-05 9.109262387902679e-06 4.963732283711886e-05 -6.683651740801836e-06
-5.574317993161304e-05 8.624169006189049e-06 4.978256236629659e-05 -6.123961458581236e-06
-5.574220952470599e-05 6.336361569222753e-06 4.979127406901840e-05 -3.742088908739585e-06
-5.554106697299493e-05 5.850582371474171e-06 4.964434514242832e-05 -3.181024178817404e-06
-5.505705103668366e-05 9.310169432137031e-06 4.924098574091764e-05 -6.952690215833712e-06
-5.414524447325094e-05 7.478974547915574e-06 4.864137311575532e-05 -4.950558712500662e-06
-5.505547036750124e-05 5.649256676433762e-06 4.924426950485234e-05 -2.912698854324713e-06
-5.163605331661368e-05 9.304637014224275e-06 4.589290063958158e-05 -8.107486051907241e-06
-5.163298194806134e-05 5.643105987588021e-06 4.586656317626703e-05 -1.833964539245603e-06
-4.975041345382367e-05 7.471526552707648e-06 4.280161700584153e-05 -4.930037558466447e-06
-4.822436073604191e-05 9.298248389592260e-06 4.093901225471087e-05 -7.880547624572641e-06
-4.822657209633213e-05 5.647183791976705e-06 4.082394827798937e-05 -1.699214910650047e-06
-4.652357743032467e-05 7.475235696279666e-06 3.959091771346828e-05 -4.743290426199291e-06
-4.481956385034745e-05 9.301235731351656e-06 3.830966910187582e-05 -8.181863630287142e-06
-4.481920203665231e-05 5.651464792640859e-06 3.821752846842002e-05 -1.353246039403219e-06
-4.311313512687324e-05 7.477628197527563e-06 3.635692018981474e-05 -4.931767470695655e-06
-4.141287873465311e-05 9.293467299123390e-06 3.466797341810048e-05 -8.158793032051327e-06
-4.141211972394604e-05 5.662763943911708e-06 3.416044318514637e-05 -1.798616280274589e-06
-3.971520425886533e-05 7.478621119843971e-06 3.216330444764125e-05 -5.065318637696158e-06
-3.802817482908115e-05 9.281419154656106e-06 3.119606948301512e-05 -6.446679228602064e-06
-3.802709500320059e-05 5.675465445446708e-06 3.071668576281289e-05 -3.925609218925399e-06
-3.634307980928690e-05 7.477295288050000e-06 2.890096439097731e-05 -5.048877603238324e-06
-3.466591722129941e-05 9.271402560886652e-06 2.712536706959467e-05 -5.475377044450002e-06
-3.466209634609857e-05 5.677982614551967e-06 2.658282607819952e-05 -4.187858461115743e-06
-3.298758478083876e-05 7.471946281816800e-06 2.502780528919800e-05 -4.417753050712284e-06
-3.131547889650396e-05 9.262965123819288e-06 2.393141329623290e-05 -4.814431906115840e-06
-3.131667871172982e-05 5.682363338523368e-06 2.389544558949608e-05 -3.789287040631188e-06
-2.964746410699885e-05 7.473957651002938e-06 2.252113235912620e-05 -4.381357118614551e-06
-2.798556234317066e-05 9.253818233895457e-06 1.936480683908021e-05 -6.876557121928189e-06
-2.798708805266789e-05 5.697195609691864e-06 1.981872050944339e-05 -2.534935162071889e-06
-2.632976569559586e-05 7.475784387566814e-06 1.700049025689268e-05 -5.100038044680758e-06
-2.468485087975323e-05 9.235784091658877e-06 1.683093825703333e-05 -4.780563525681188e-06
-2.468143430403066e-05 5.708944141784577e-06 1.649451578372933e-05 -4.941547058861712e-06
-2.304081859744753e-05 7.468447473355175e-06 1.696434774930319e-05 -4.521205508000133e-06
-2.140734640482602e-05 9.214913527233797e-06 1.589351449038402e-05 -5.931042499282145e-06
-2.140522026394708e-05 5.715775649313593e-06 1.582319798011043e-05 -2.792279998804186e-06
-1.984179579136757e-05 7.462908395825324e-06 1.391285754758753e-05 -4.399479035981050e-06
-1.828928921204654e-05 9.190257798913105e-06 1.164008337376421e-05 -7.153846796876748e-06
-1.828914801706368e-05 5.735727726478264e-06 1.179194108690331e-05 -2.532454896610250e-06
-1.712762635593205e-05 7.595262886466536e-06 1.059430724990626e-05 -4.967676890920165e-06
-1.595497622182787e-05 9.167018561836483e-06 9.762379078373899e-06 -6.498732160676207e-06
-1.595568294633854e-05 5.759583270756733e-06 1.008598796054388e-05 -3.091304390182466e-06
-1.428248808223461e-05 9.145556896086989e-06 8.055420449666875e-06 -5.994447701282390e-06
-1.460244445964495e-05 8.040210510676877e-06 8.400937862488880e-06 -4.954792456557060e-06
-1.428315058362710e-05 5.777763288915553e-06 8.128416757842770e-06 -3.094435136116079e-06
-1.308345430115131e-05 5.791529115057247e-06 6.805047734322965e-06 -3.988142154527882e-06
2.141521087995027e-06 6.099296045555469e-07 1.372395270917371e-05 -6.050992589731838e-06
2.166429654791722e-06 6.145427222026759e-07 3.408673869081226e-05 -2.014132832307860e-05
2.145701478959274e-06 3.530875499472481e-08 1.110421963492584e-05 -9.255530864136991e-05
2.110830808588364e-06 -1.569273834396312e-08 -1.127748590780297e-05 1.341725693477716e-05
-1.308346740977642e-05 9.133767934654425e-06 6.295885147177558e-06 -5.718550243500181e-06
-1.199735635186458e-05 9.061055925509043e-06 6.977066954907881e-06 -6.056460225883989e-06
-1.283706351785211e-05 7.047040576369959e-06 6.335807932157690e-06 -4.935309184381986e-06
-1.199100792126409e-05 5.707719618431763e-06 7.054355888556585e-06 -4.843671828664124e-06
2.105324539642652e-06 5.914393865292822e-07 -4.322929990715800e-05 7.039338308435518e-06
1.821953636898358e-06 3.009686525836190e-07 -8.568902452900344e-06 2.311058249591665e-05
2.034817212637600e-06 -2.761578503712105e-08 1.436662665124306e-05 5.321849546740111e-05
-1.164959695210923e-05 8.031264972131418e-06 7.294849946654085e-06 -6.011884304045375e-06
-1.092924497096537e-05 8.862117690103122e-06 6.937418817326054e-06 -6.871673789157744e-06
-9.895676740197857e-06 8.542876448614519e-06 6.009736399594143e-06 -6.681272752981915e-06
-1.131769027477763e-05 6.615638993664591e-06 7.299493465075846e-06 -5.295193945146029e-06
-1.093901432197837e-05 5.445461952008676e-06 6.815551765052324e-06 -4.114937753208272e-06
1.336317052961347e-06 6.597508229527820e-07 1.206809553178384e-05 -6.298482566213261e-06
1.338154775870769e-06 -5.387223767248340e-08 -1.154399838279130e-05 -2.904325784990726e-05
9.514205692138044e-07 3.085854222851495e-07 8.148109259270800e-06 3.080377200939260e-05
-8.924737124141238e-06 8.105964087266243e-06 4.893337831275346e-06 -6.176240873304239e-06
-9.755153747335474e-06 7.471601442208748e-06 5.890517592534917e-06 -5.654235602194278e-06
-1.010896172797713e-05 6.136406124035431e-06 5.771227457582046e-06 -4.408930505752231e-06
-9.964893254576324e-06 5.022824846337586e-06 4.745582138274478e-06 -2.987380519584352e-06
5.942639733854875e-07 6.910705924048821e-07 -9.625419848701282e-06 -1.830294794922995e-05
5.936322623513449e-07 -1.431502668651463e-07 3.662824741054614e-06 -1.162641336534840e-07
1.432379763060749e-07 3.194909226499024e-07 1.913215000069962e-06 8.625651030922266e-07
-8.019346931697377e-06 7.574245352895623e-06 3.616906010353646e-06 -5.299478111333859e-06
-7.194978372205932e-06 6.952526602290863e-06 3.208793417948562e-06 -4.927606278217439e-06
-8.875810493397528e-06 5.928149667185803e-06 3.957186157012174e-06 -3.403514134864265e-06
-9.100797206848027e-06 4.447431789580357e-06 3.183200284996938e-06 -2.384450958038136e-06
-3.624497803521153e-07 8.317004746683510e-07 9.822365193527345e-07 1.594730975286703e-06
-3.596423787798143e-07 -2.594421892149773e-07 -4.709377015799357e-06 9.301040961667470e-06
-7.404590107573274e-06 5.995701181674195e-06 3.653876190952190e-06 -3.848203916746963e-06
-6.455093707381551e-06 6.243760341270251e-06 3.247697675206731e-06 -4.212606789943378e-06
-7.753297826713029e-06 4.919723204530722e-06 4.204262046554671e-06 -2.419645236480087e-06
-8.361058347933583e-06 3.744468801318150e-06 4.822560424969110e-06 -3.553745576780511e-06
-9.059167179410489e-07 3.015052225567307e-07 3.515145107547921e-06 -1.559836886740032e-05
-1.562209685291297e-06 1.047841386204438e-06 -3.317279328855625e-07 1.093750541664315e-06
-1.555966719234478e-06 -4.349773397942621e-07 -2.229515404243876e-06 1.999515372097788e-06
-5.802036510520665e-06 5.464226959480403e-06 3.509417576584384e-06 -2.673585105850476e-06
-5.257813335386824e-06 4.636167159431603e-06 3.127480367623588e-06 -2.614184515598694e-06
-4.822545104214245e-06 3.757133848250289e-06 2.789583673616128e-06 -2.544411328909361e-06
-7.036112976346295e-06 3.949858346733240e-06 5.170736237090336e-06 -3.593190409458147e-06
-7.759641562453108e-06 2.942806427415513e-06 6.502976289851189e-06 -2.769806987557515e-06
-2.083403538519094e-06 3.125111450652623e-07 4.425368134650734e-07 4.723796526395108e-06
-2.728235317276114e-06 1.236068996875718e-06 1.845396936360616e-08 -2.964042577498892e-06
-2.723572261311998e-06 -6.291681248187179e-07 4.934544445825671e-06 -4.348795448127322e-06
-5.729439534855974e-06 3.756900419928796e-06 3.080152385571679e-06 -2.613912636659857e-06
-4.490861044853846e-06 2.843233641222183e-06 2.932094504622796e-06 -8.921298274532535e-07
-3.790099188723742e-06 1.409535308350257e-06 -3.890776975960999e-07 -6.028479699436687e-06
-4.104548668999020e-06 1.574761315770421e-06 3.943988814889277e-06 -4.209241456731193e-06
-4.276211673390984e-06 1.906073028679082e-06 4.824845570918565e-06 -2.186172354734381e-06
-6.535425892660160e-06 2.826609158087042e-06 3.119864119485524e-06 -1.748768530206261e-06
-7.312903715002414e-06 2.087704802888069e-06 5.256855299137699e-06 -1.193089659658146e-06
-3.304984692016605e-06 4.523618519387058e-07 -6.548692945423255e-07 5.965901651646955e-07
-3.788218534936151e-06 -7.655385969936805e-07 2.181599202284674e-06 -2.740124112101517e-06
-5.117321409683979e-06 2.197355756100487e-06 2.493975877409784e-06 -5.307341212579011e-07
-4.119266613339358e-06 9.181355858289468e-07 5.032321278871935e-06 -6.091199004775842e-08
-4.492890653357537e-06 1.459004486347184e-06 5.291217987684325e-06 -1.614056780628713e-06
-6.175053254173020e-06 1.822206205357445e-06 1.475504330557067e-06 -1.550923282063999e-06
-7.040208397814663e-06 1.205238909184290e-06 4.391931982980604e-06 6.729824694417160e-08
-4.132879076057757e-06 -1.395717046934749e-07 3.670206246602049e-06 -3.313777753634668e-08
-4.085496998150873e-06 -9.257395776025375e-07 2.487682603025531e-06 -2.032874163000354e-06
-5.304618432076699e-06 7.004347596250197e-07 6.572577544893281e-07 -2.575595015436948e-07
-6.952533784841233e-06 3.155523214482764e-07 4.494351834435078e-06 2.615957648216184e-06
-7.059690793255986e-06 -5.680689981624299e-07 3.379296346008392e-06 2.161063507852214e-06
-4.757765855069341e-06 -7.135607054140638e-07 2.628438912557339e-06 -1.268752326788084e-06
-4.258574236695880e-06 -1.274471841204973e-06 1.759701032523047e-06 -1.831895549451523e-06
-4.466426528211205e-06 -2.241729533803903e-06 1.016198498982248e-06 -8.599344776901911e-07
-6.166152246641051e-06 -6.754551076891475e-07 3.000306160061113e-06 1.606293678411997e-06
-4.786068186588528e-06 -3.190706399469287e-06 1.070209567744527e-06 9.207355184046696e-07
-7.353734374304707e-06 -1.469464066853639e-06 2.327263579223074e-06 3.338006899843900e-06
-5.328299446846133e-06 -2.271484510497726e-06 3.222693654167440e-06 -1.033345535108820e-06
-6.612640576531350e-06 -2.345895331878776e-06 2.676579695749870e-06 1.573091414916189e-06
-5.223403857877911e-06 -4.100953551482006e-06 1.349267758417951e-06 2.627218952310356e-06
-7.821999864606405e-06 -2.346451749213081e-06 3.083074148727677e-06 3.079849160177574e-06
-7.441765324082153e-06 -3.223695336296712e-06 3.942336925501379e-06 2.357631000922947e-06
-6.528891856850498e-06 -3.780186511446386e-06 2.953312344187348e-06 1.747097856873734e-06
-5.770809614128678e-06 -4.987519400838105e-06 1.182902296612443e-06 2.533634002767632e-06
-6.450690745131186e-06 -5.829648144258562e-06 2.604912200809037e-06 2.669757655841496e-06
-8.476271986078323e-06 -3.162528666770910e-06 5.244531593701970e-06 3.083640307238090e-06
-8.014172382050125e-06 -4.231881683812703e-06 5.573934820023389e-06 2.045040610183806e-06
-7.466153069838515e-06 -5.500051013997237e-06 4.577555429479530e-06 1.936842797902571e-06
-7.231653621242012e-06 -6.607781496189289e-06 3.975833751859713e-06 2.395852623814830e-06
-9.293709968520005e-06 -3.896246501036354e-06 4.282922676551041e-06 1.997406109292041e-06
-9.053381253050039e-06 -5.497752878201454e-06 3.888364331289025e-06 5.549321704310664e-07
-8.123850472219586e-06 -7.294255996426870e-06 3.703101404798745e-06 1.997830605695453e-06
-9.104392684554054e-06 -7.881440934769923e-06 4.578613708905494e-06 2.735509470289347e-06
-1.016335396081889e-05 -8.375332277186228e-06 4.908629282070876e-06 2.456968437562930e-06
-1.024971058214778e-05 -5.840356753687135e-06 4.128991143236552e-06 1.829805029839021e-06
-1.024383433091413e-05 -4.508897528938598e-06 2.928095421927867e-06 7.997458736138367e-07
-1.000630094352315e-05 -7.186746220666113e-06 5.041052786453450e-06 2.634636922273014e-06
-1.129692924127292e-05 -8.742012954224928e-06 4.828425913322496e-06 2.065968152536131e-06
-1.248817915110538e-05 -8.986110414546875e-06 4.507816543155513e-06 1.286165610538724e-06
-1.121741593159486e-05 -6.137178919773132e-06 5.935720293589928e-06 3.294883379934347e-06
-1.131180551617767e-05 -4.951086120108814e-06 5.265835786539022e-06 2.301240042360233e-06
-1.371312429881073e-05 -9.090957370761733e-06 3.940865148880008e-06 9.704134171673378e-07
-1.233431917540974e-05 -7.259642431741887e-06 5.426916986882066e-06 2.220810356176449e-06
-1.247957679568960e-05 -5.209304337674634e-06 6.408453072499488e-06 4.505923211366445e-06
-1.398381880088555e-05 -7.447241153998200e-06 4.525608057900991e-06 1.217507866811200e-06
-1.510702659878436e-05 -9.132303961442562e-06 7.062108967667900e-06 1.908035954494801e-06
-1.370783449129627e-05 -5.281707543125925e-06 5.337516856855518e-06 4.094270867875167e-06
-1.706907767592178e-05 -9.174691368499591e-06 9.562679672458410e-06 3.082428988266496e-06
-1.550394251155960e-05 -6.499659257217363e-06 7.199256122733447e-06 1.264098474761494e-06
-1.510872236634325e-05 -5.237874378973189e-06 7.272300419085168e-06 2.085285784009762e-06
-1.982815416951803e-05 -9.250383460981544e-06 4.831854999540892e-06 4.529485920173551e-06
-1.844263878053102e-05 -7.029943657396477e-06 6.975176972455592e-06 3.371230501553489e-06
-1.706220581584419e-05 -5.183215484070023e-06 6.890163796901966e-06 1.121426757056303e-06
-2.360516733888710e-05 -9.333844573561068e-06 6.285082782999809e-06 2.952400087617369e-06
-2.169233203066253e-05 -7.188982115672029e-06 5.213788002754442e-06 2.489968375112959e-06
-1.982818135408793e-05 -5.120793320195409e-06 6.133540911838135e-06 1.704414765831134e-06
-2.768796771468892e-05 -9.398372719041542e-06 7.985929389670999e-06 2.098457800743554e-06
-2.562635279187024e-05 -7.183227070437888e-06 7.481304205030883e-06 2.419739597607908e-06
-2.360925997143127e-05 -5.036676336168599e-06 5.853295715712145e-06 1.846859955958163e-06
-3.188894878287702e-05 -9.464982909422108e-06 8.205056880587304e-06 2.775283522499988e-06
-2.976713557794837e-05 -7.188135740532219e-06 8.008460643691426e-06 2.293241170310999e-06
-2.768472899734050e-05 -4.971712131368358e-06 8.036527800910984e-06 2.715606203198739e-06
-3.618744247811218e-05 -9.508268075658602e-06 6.669366201247672e-06 1.690616905755348e-06
-3.402591239146069e-05 -7.190643106290424e-06 7.990341784965415e-06 2.284363720753781e-06
-3.188810654513187e-05 -4.914840429103259e-06 8.370444752865693e-06 1.634608921666173e-06
-4.055952578783373e-05 -9.546473526879205e-06 5.516209162110197e-06 2.844384473675130e-06
-3.836107653475395e-05 -7.189180397358228e-06 5.171065375891925e-06 3.115633200240060e-06
-3.618910575495650e-05 -4.871138419486183e-06 5.949402678449187e-06 3.910225530776686e-06
-4.499755096038827e-05 -9.577039845072252e-06 7.081710328390606e-06 1.025099308924269e-06
-4.276839329244163e-05 -7.192847308720867e-06 7.212288790135838e-06 1.514042379664321e-06
-4.055676883403238e-05 -4.835646807860917e-06 6.522160737421059e-06 1.919824468443167e-06
-4.947462394877070e-05 -9.588192056423296e-06 6.105381194040391e-06 2.776408574767265e-06
-4.723363842005074e-05 -7.189264700121763e-06 5.983737310110940e-06 1.673455131791090e-06
-4.499948371670515e-05 -4.806189884332323e-06 6.977454746393802e-06 1.728595224843995e-06
-5.397070560478645e-05 -9.599602271382789e-06 7.239692238426959e-06 2.896213738815973e-06
-5.171952755623479e-05 -7.184937860804537e-06 6.438181294024523e-06 3.080180608324041e-06
-4.947675788012245e-05 -4.785100837684027e-06 5.197022611956331e-06 2.202399515731927e-06
-5.847718626899506e-05 -9.608172380953887e-06 8.507764289908586e-06 1.352642618748184e-06
-5.622175603904663e-05 -7.188591386826021e-06 8.469061071400512e-06 1.892499615554696e-06
-5.396871534257876e-05 -4.773081448950635e-06 8.153102796940566e-06 2.203282309500140e-06
-6.813745261852007e-05 -9.332575943178823e-06 1.127921174977153e-05 2.626856795768824e-06
-6.749717664059485e-05 -9.598147394204554e-06 1.119917090307438e-05 2.694434991585403e-06
-6.049806727433219e-05 -7.191073896101042e-06 8.487752062864372e-06 2.118235958630625e-06
-6.298944362988638e-05 -9.606697602592455e-06 9.844311309860868e-06 2.936916762420943e-06
-5.847582877978252e-05 -4.772520341351791e-06 8.182236363978136e-06 2.420067391732934e-06
-6.840263004166486e-05 -8.691811109973922e-06 1.131103546561531e-05 2.501421474462464e-06
-6.688935402161715e-05 -7.183542307370579e-06 1.116646651415252e-05 2.290537041757372e-06
-6.299223374732785e-05 -4.770384864218514e-06 9.825334870839786e-06 1.730195990733194e-06
-6.840319262003489e-05 -5.674360568673309e-06 1.144134224730882e-05 1.945866228798605e-06
-6.749857357106989e-05 -4.769174689126566e-06 1.133096955608705e-05 1.736996920547169e-06
-6.813826340128766e-05 -5.034340155121373e-06 1.141486201447731e-05 1.806479995015435e-06
