7.161367583138391e-05 -1.170227521308093e-05 -5.084171174662578e-06 -2.138082692891360e-07
7.185246529880775e-05 -1.112729508444156e-05 -4.820131587443115e-06 4.613395106282259e-07
7.185190815715660e-05 -8.414269022099108e-06 -4.748307141801570e-06 3.940872573018316e-06
7.161303382818985e-05 -7.838983653269088e-06 -5.004742019691678e-06 4.579320800541055e-06
7.103746750141561e-05 -1.194008082686294e-05 -5.737602480162884e-06 -4.844222112462317e-07
6.995748466929288e-05 -9.770068315270414e-06 -6.604215529113425e-06 2.073017831575899e-06
7.103663147331727e-05 -7.600983178324960e-06 -5.640039334883454e-06 4.822488032793601e-06
6.699862485360828e-05 -1.192743240245540e-05 -7.375948309717698e-06 3.230898128599566e-07
6.699729080512158e-05 -7.607740284180780e-06 -7.183033196466878e-06 2.878854548540763e-06
6.478226672156274e-05 -9.766529251886373e-06 -6.242285414436400e-06 1.464785660360566e-06
6.297575085934060e-05 -1.193154942540025e-05 -4.800856585356536e-06 3.140612233712068e-06
6.297709135440797e-05 -7.603214451413141e-06 -5.066361298648730e-06 2.942474749789702e-07
6.095352518186480e-05 -9.768538281142905e-06 -4.759441520245144e-06 2.331713176181475e-06
5.893147664996935e-05 -1.193157972963661e-05 -5.447734371866160e-06 3.151141025132689e-06
5.893311338583523e-05 -7.608723184949980e-06 -4.927136468335597e-06 1.617299162239112e-06
5.691171064255482e-05 -9.771497383761646e-06 -5.450384428480160e-06 2.202720275136781e-06
5.488730126095916e-05 -1.194031775682338e-05 -5.674123775106352e-06 2.057494670984863e-06
5.488731026156686e-05 -7.602772694878364e-06 -4.801057603521186e-06 1.628930233597549e-06
5.286197263837703e-05 -9.770957266440642e-06 -5.237199506565606e-06 1.502096435296886e-06
5.083969483980927e-05 -1.193856896369273e-05 -5.318198415500935e-06 1.125856646769778e-06
5.083869625938454e-05 -7.600541637050441e-06 -4.439936511516082e-06 2.142055942094597e-06
4.881304229593987e-05 -9.769028024512511e-06 -4.717257668137085e-06 1.458859489225626e-06
4.677671549350176e-05 -1.194913271413134e-05 -4.401652046337298e-06 1.050980522712576e-06
4.677982184581146e-05 -7.590658989845272e-06 -4.367967476398498e-06 2.331637662583180e-06
4.474256639692061e-05 -9.771979685919539e-06 -4.344737476913862e-06 1.869024044818104e-06
4.271382562785785e-05 -1.194545521356628e-05 -4.219235356070584e-06 2.033582938078097e-06
4.271097114546803e-05 -7.595810868636335e-06 -4.091703222009804e-06 1.663913376983312e-06
4.068155405625695e-05 -9.768884187286800e-06 -4.432368657605774e-06 2.049026703657104e-06
3.864355529967534e-05 -1.195087904517127e-05 -4.881983488491690e-06 2.075301945639591e-06
3.864335500280351e-05 -7.584802927906415e-06 -4.263877323850764e-06 1.355229839847971e-06
3.660361375264149e-05 -9.765162276429220e-06 -4.525310147150432e-06 1.585691211301405e-06
3.456259306520075e-05 -1.194798912142170e-05 -3.784405779818088e-06 3.800453274704081e-06
3.456035567983982e-05 -7.574643638653720e-06 -4.538228135665195e-06 5.539534673608993e-07
3.251463781456618e-05 -9.758572044195289e-06 -4.138697087924547e-06 2.444971739579809e-06
3.045888280636337e-05 -1.195998558591340e-05 -4.067653912626329e-06 1.363962454643006e-06
3.046010126665530e-05 -7.558912709665150e-06 -4.721628988278800e-06 1.568771690132436e-06
2.848758670395309e-05 -9.761747320932707e-06 -3.739112335032572e-06 1.760007711458521e-06
2.651019472085782e-05 -1.197722812923914e-05 -3.425825326427599e-06 2.056403552202910e-06
2.651102100279623e-05 -7.548484231649632e-06 -1.060722013143008e-06 5.967786217490839e-07
2.502631014999901e-05 -9.936021693732798e-06 -1.918119238225129e-06 1.962774048647356e-06
2.350033673093957e-05 -1.198802560716849e-05 -2.078837452081345e-06 1.883251542938044e-06
2.349929441944328e-05 -7.529951609663801e-06 -5.650889116600092e-06 1.999842604119084e-06
2.129424346113501e-05 -1.199231246526271e-05 -6.994218712203442e-06 2.940485642653627e-06
2.172865182609451e-05 -1.051743509041140e-05 -6.508523329891465e-06 4.296124352131213e-06
2.129483909764616e-05 -7.525899893755529e-06 -2.692491071175388e-06 1.785891845881319e-06
1.968532367320726e-05 -7.517043809905178e-06 -2.568286076716575e-06 4.187317702085213e-06
-3.456507815479089e-06 4.191862954106504e-07 -6.144776223739608e-06 -2.519310769201902e-05
-3.577277689177339e-06 6.524816572399327e-07 -2.920560404146100e-05 4.679418167861366e-05
-3.553531972213904e-06 1.205619682072583e-06 1.880198549398690e-05 1.331668003064705e-05
-3.440152617565336e-06 1.365578490037597e-06 1.386095251867170e-05 -6.312027214340880e-06
1.968379939036940e-05 -1.199568798952213e-05 -4.923568451738377e-06 1.286309872406821e-06
1.821919306265543e-05 -1.191607528478811e-05 -2.200274977927309e-06 1.782481296784893e-06
1.936419498482849e-05 -9.198027830230798e-06 -1.877396340609618e-06 7.664648106391813e-07
1.822360396247624e-05 -7.380542302101473e-06 -2.966993628444870e-06 4.223331514978237e-06
-3.197517315968711e-06 3.304060735051403e-07 9.482813678685890e-06 -3.616460752937573e-05
-3.029153995050776e-06 9.060296261285430e-07 -4.251290337254779e-06 1.238913216691750e-05
-3.218808833302501e-06 1.426235258330865e-06 5.426262204867342e-06 -2.729639612301032e-05
1.775636698369683e-05 -1.053586886183384e-05 -2.052324432603230e-06 -5.883394606674132e-07
1.677151191326082e-05 -1.167099392547372e-05 -1.170485548793595e-06 1.917592154970769e-06
1.535679136634382e-05 -1.126023287939406e-05 -2.065304406504833e-06 1.549059893569344e-06
1.731478883874037e-05 -8.610908940583926e-06 -3.630178895911750e-06 1.060269202550694e-06
1.680382843869940e-05 -6.999590939742450e-06 -3.820595096961414e-06 -5.290014676112137e-07
-2.184271239867849e-06 3.546033661686052e-07 -1.694567419778560e-06 4.865371105455691e-06
-2.146176865692043e-06 1.475316880388127e-06 8.933871644186393e-06 -5.168949870963116e-06
-1.609391003365973e-06 8.874180197503383e-07 -6.858510187880034e-06 6.276230664909158e-06
1.400027728696469e-05 -1.069105424644304e-05 -2.154859139782222e-06 9.563961841349702e-07
1.517338096732436e-05 -9.802207123859559e-06 -1.357142055620593e-06 2.025331526377542e-06
1.566637264441140e-05 -7.950082674420844e-06 -1.903984828942332e-06 1.278680873295761e-06
1.547191501409670e-05 -6.378816674487739e-06 -2.341693613606681e-06 -6.439875778697818e-09
-9.412949673300570e-07 2.818699807028028e-07 6.797581425549389e-06 -6.598393628616125e-06
-9.691757027008172e-07 1.595564263481367e-06 -5.329318044459658e-06 -9.909802513630390e-06
-2.544573117463023e-07 8.802518748564509e-07 5.898538935105318e-06 1.860012239209362e-05
1.271735591204508e-05 -9.972189996543642e-06 -3.034761538428946e-06 1.937801829630864e-06
1.151520279006229e-05 -9.113929535625533e-06 -3.331420545146471e-06 4.135505671386593e-07
1.394373399311321e-05 -7.653885998177508e-06 -2.473943073363366e-06 3.792314690093808e-06
1.426366266981199e-05 -5.527285635427587e-06 -2.188605587267978e-06 2.261466574032196e-06
5.593667284102633e-07 5.659379037216247e-08 -5.412735435127538e-06 -8.326401132065482e-06
5.736134605593614e-07 1.816822955612221e-06 1.076282032445573e-07 -5.324738125249338e-06
1.182005044077559e-05 -7.758720020045909e-06 -4.363129270088564e-06 3.903853488759962e-07
1.042478616110678e-05 -8.124363118677271e-06 -2.493039308437714e-06 6.223700357415681e-08
1.233295691765044e-05 -6.198653356656912e-06 -6.665870207380472e-06 1.596709141187685e-06
1.322458241202360e-05 -4.488177780999328e-06 -1.687494528663152e-06 2.333963616505339e-06
1.452716217438195e-06 9.095712078568296e-07 2.536011263890029e-06 2.948092138889769e-06
2.537922117478256e-06 -2.492478691200556e-07 -5.247929350794840e-06 3.393524804471309e-06
2.523244943979515e-06 2.133032249670762e-06 -4.713155775876360e-06 3.680990731709590e-06
9.455321523022943e-06 -7.007526966815429e-06 -2.032574825027977e-06 3.568628048053571e-06
8.619382021233735e-06 -5.791362104549651e-06 -2.024667668732498e-06 1.423089244531027e-06
7.920277555118653e-06 -4.486979564740907e-06 -4.218726164221528e-06 -4.758053199259700e-07
1.128222296770820e-05 -4.782587924365069e-06 -3.904059752566004e-06 8.613196060078714e-07
1.237453798287860e-05 -3.283514563536732e-06 -5.288845194580187e-07 1.682563685863068e-06
3.391041166839413e-06 9.302394809429771e-07 -8.875646227237639e-07 -5.842294309124456e-06
4.423823842523308e-06 -5.998855100744636e-07 3.856966036357600e-06 3.693187822868692e-07
4.431897505497154e-06 2.443237902505959e-06 -1.171294619981632e-06 6.811007059049504e-06
9.324057409847427e-06 -4.492611088607776e-06 -5.839862419367777e-07 1.542258219629382e-07
7.374591741056973e-06 -3.112818704861594e-06 -4.017150523744769e-06 8.618938858380413e-07
6.184445105137228e-06 -8.605058898484647e-07 -2.761805002825892e-06 -7.260588928033995e-06
6.691290350746450e-06 -1.115101939706613e-06 1.718697894944297e-06 -1.103060575569821e-05
6.977370200398999e-06 -1.640453240278602e-06 4.335730451336219e-06 -9.946478066176545e-06
1.054213272862344e-05 -3.105752461738962e-06 2.650317132895987e-06 2.666762791832997e-07
1.175498506224034e-05 -1.961353642097301e-06 -1.495816620642962e-06 -7.862759491803785e-06
5.383757915673751e-06 7.155303902096839e-07 -1.926641729596558e-06 2.746380848196605e-06
6.147626262491508e-06 2.668826954872410e-06 3.987270936261615e-06 -1.107989432017595e-05
8.350884575240984e-06 -2.121779113030760e-06 -2.646088377101674e-06 6.421158391644143e-07
6.713665267372090e-06 -5.892004232197804e-08 -3.091578903307611e-06 -3.644184257718402e-07
7.319074304159132e-06 -9.281239716303168e-07 3.731750108338176e-06 -8.274352280641130e-06
9.996947698827473e-06 -1.551005884195292e-06 -3.978429269927903e-06 2.734856433003523e-06
1.138842436788448e-05 -5.508692744359481e-07 -6.361922275856958e-06 -4.350515195813413e-06
6.710501203907448e-06 1.655824200628675e-06 -6.017825034634294e-06 1.814596711668055e-07
6.611584580866150e-06 2.933879724090912e-06 9.161702517577618e-06 -1.516987279580795e-05
8.614015426930013e-06 2.499258134700011e-07 -3.590503697648014e-06 5.587743927583287e-06
1.127500893448610e-05 8.807309378266380e-07 1.978491286170826e-06 -5.453807818127115e-06
1.150307938216139e-05 2.326132050159579e-06 -2.725721734063671e-06 -1.555932560361949e-06
7.707009167177780e-06 2.578481917645682e-06 -8.121848711007241e-06 -3.300106519375849e-06
6.872201579130883e-06 3.516601881615464e-06 1.588496992383041e-05 -1.613067343861881e-05
7.168598802684621e-06 5.140930357809334e-06 1.398655972928550e-05 -4.359370339182599e-06
1.002339430817109e-05 2.484892760934045e-06 2.760762656740112e-06 3.048242461075820e-06
7.668489872042170e-06 6.776666309042577e-06 3.074285665534727e-07 -8.659736021582818e-07
1.205557488953061e-05 3.819450224548916e-06 -1.438490101542364e-05 -2.055656957531079e-06
8.610394651556471e-06 5.172984511359051e-06 -6.963322165810287e-06 2.167572721634034e-06
1.081659867447890e-05 5.296085935475861e-06 -1.478106949010562e-07 -4.836327967984463e-06
8.413417740592217e-06 8.370996838722333e-06 -1.078788315276650e-05 -2.851165731524919e-06
1.293010217928171e-05 5.310677399751695e-06 -9.777260828567188e-06 -4.963530324976111e-07
1.228413140783199e-05 6.819579040854856e-06 2.124692296421504e-06 -2.169863560448653e-06
1.066641573486868e-05 7.802116231995519e-06 -1.142716325602499e-06 1.219969060841480e-06
9.333431717461253e-06 9.945796191869984e-06 -4.102468484785927e-07 -7.926803769506737e-06
1.052054123483955e-05 1.148180369174121e-05 -2.577525026040787e-06 -1.925925685850552e-06
1.412723213739703e-05 6.703740220805269e-06 -3.930012716144034e-06 2.556648626215013e-06
1.330457375744925e-05 8.602477558708793e-06 1.782709538100990e-06 -2.699686625214226e-07
1.231888837025102e-05 1.089070897174839e-05 -3.813345875655868e-06 1.653997612087247e-07
1.189788033909608e-05 1.292015997907065e-05 -5.194273832131761e-06 -1.411198288490154e-06
1.562180749427267e-05 7.979538059064999e-06 -4.527799656806495e-06 -1.596624563140495e-06
1.517980673874309e-05 1.088487057893533e-05 -1.499251605498507e-06 -1.588648359389245e-06
1.348698526000599e-05 1.420060632933416e-05 1.393478329998605e-06 -4.574255728571186e-06
1.529660663036157e-05 1.534392444602896e-05 -1.272561837331233e-06 -5.064805965902851e-06
1.726842833331548e-05 1.631715674836372e-05 -4.558538006726529e-06 -1.492618299603132e-06
1.741622009383840e-05 1.152881652594006e-05 -3.058710875559595e-06 -1.332297925719018e-06
1.739268102396680e-05 9.062036246247015e-06 -3.225566109456452e-06 -4.517349323473650e-06
1.696091968621906e-05 1.405477120906351e-05 -4.372261069992261e-06 -2.266920033648751e-06
1.942233812407424e-05 1.703820896202518e-05 -5.420486779383260e-06 4.808477879067966e-07
2.170095174955014e-05 1.752914201012002e-05 -4.641026479745409e-06 -1.350376014813845e-06
1.925506276459334e-05 1.208625219649050e-05 -3.980459960013488e-06 -9.204310622976199e-07
1.943350259211267e-05 9.856311530787051e-06 -2.846554103981261e-06 -1.966765158758777e-06
2.404576622000864e-05 1.775540951801455e-05 -2.515472749117629e-06 -2.879017225929615e-06
2.139040189950954e-05 1.421910194898999e-05 -4.624791039228482e-06 -2.256328136086647e-06
2.166666469194448e-05 1.030985576706752e-05 -5.563152534021934e-06 -9.133021039727959e-07
2.455551597815346e-05 1.458995132123141e-05 -1.823059593447164e-06 -2.929112045441337e-06
2.672475501047439e-05 1.786449440427142e-05 -1.593190640189851e-06 -2.622947400479039e-06
2.401544017884992e-05 1.042460944390051e-05 -2.865480795271908e-06 -9.953051661737954e-07
3.050970576490055e-05 1.796996198715854e-05 -2.665470417391656e-06 -2.643286891431402e-06
2.747679246615711e-05 1.275718311354188e-05 -3.332683360900045e-06 -1.276239440075290e-06
2.672029954401775e-05 1.031312554091515e-05 -3.359117580828331e-06 -8.329373281484875e-07
3.594136884400773e-05 1.813150366446113e-05 -3.206810175258688e-06 -2.843326717911438e-06
3.320891198516027e-05 1.376583106204069e-05 -2.905416275030470e-06 -2.000228288963855e-06
3.051997936587339e-05 1.016680330932496e-05 -4.178280227426766e-06 -1.846677942420388e-06
4.340646383940480e-05 1.831312042241044e-05 -5.260388143409502e-06 -1.225827623254029e-06
3.962253626321130e-05 1.407860930681740e-05 -4.949961432877330e-06 -2.033546390608987e-06
3.593910457114423e-05 1.001113838786440e-05 -3.319322951130081e-06 -3.945585839781341e-07
5.148207632718143e-05 1.846273065615858e-05 -3.936085528107389e-06 -1.303689713151622e-06
4.739992591740062e-05 1.407897989021149e-05 -3.993900517590425e-06 -2.501632345686676e-06
4.341007431885583e-05 9.843566784847168e-06 -4.274793760305972e-06 -4.331446428502051e-06
5.979275497651364e-05 1.858622959033749e-05 -7.434100147043700e-06 -3.442602759912753e-06
5.559896752991082e-05 1.408151728766258e-05 -5.547856750278106e-06 -9.046003111325035e-07
5.147851600692118e-05 9.698926638763682e-06 -4.946398347803204e-06 -1.444293746208562e-06
6.830908941956289e-05 1.868087091641099e-05 -7.466283567766924e-06 -4.230765083347729e-06
6.402147160683932e-05 1.408036616765599e-05 -7.486333334468791e-06 -2.834275093497872e-06
5.979433768567818e-05 9.575203481187600e-06 -6.561430560986943e-06 1.885377841499362e-07
7.697023702047171e-05 1.874863728320239e-05 -1.086618831991077e-05 -4.760674423860432e-07
7.262033414736363e-05 1.408272481374593e-05 -9.391794786169065e-06 -1.882848408143999e-06
6.830889113881884e-05 9.482573055430891e-06 -8.299564479124182e-06 -1.076084360370077e-06
8.572956761696112e-05 1.879827979041713e-05 -1.138196218701419e-05 -1.981657288250397e-06
8.133372799264734e-05 1.408276476360613e-05 -1.114249705196881e-05 -1.764435069409314e-06
7.696995749028717e-05 9.417235235182080e-06 -1.017305611830165e-05 -2.103754162928172e-06
9.457225150972601e-05 1.882395801938835e-05 -1.476240074462084e-05 -5.842149109758430e-06
9.014101792907048e-05 1.408388975075232e-05 -1.238639778902173e-05 -2.115528162491720e-06
8.572854511645636e-05 9.367380241520598e-06 -1.178435365669272e-05 -2.177703334062257e-06
1.034526114959469e-04 1.883470077160625e-05 -1.460693363638157e-05 -2.650541583210196e-06
9.901043700395429e-05 1.408161311772529e-05 -1.540243000314973e-05 -2.217084007912714e-06
9.457398635579033e-05 9.342353319003398e-06 -1.445263136319511e-05 1.331435902672808e-06
1.123597303918338e-04 1.885384517445841e-05 -1.794761821328178e-05 -2.051141898426989e-06
1.078986045992242e-04 1.407978982124650e-05 -1.596214726443023e-05 -1.956467475748430e-06
1.034523569495452e-04 9.326540849118194e-06 -1.471165436111484e-05 -1.433465724645103e-06
1.314714701154814e-04 1.833184329675832e-05 -2.094407788814520e-05 -3.233527848396811e-06
1.302047884231832e-04 1.885601951423523e-05 -2.071368197385106e-05 -3.329781236158500e-06
1.163621653678179e-04 1.407696285961554e-05 -1.801911512916666e-05 -1.630524949364042e-06
1.212903052764207e-04 1.884932791337618e-05 -1.646106983640984e-05 -2.920951970623864e-06
1.123615028461240e-04 9.302629520088700e-06 -1.827514231333488e-05 -1.528143359386443e-06
1.319961832542810e-04 1.706581611898817e-05 -2.105034293874500e-05 -3.041193207419851e-06
1.289975660329881e-04 1.407965712374952e-05 -2.021160932666750e-05 -2.737561331138367e-06
1.212891318517056e-04 9.305493724039342e-06 -1.601025054506123e-05 -9.827424200413728e-07
1.319955706620864e-04 1.109425377827059e-05 -2.101957975142405e-05 -2.557819474146231e-06
1.302038136510481e-04 9.303602478802994e-06 -2.053106136683215e-05 -2.055189580867970e-06
1.314707357275145e-04 9.827946924912963e-06 -2.087094820109266e-05 -2.224803798706357e-06
