9.004703972604063e-05 -1.154496042734276e-05 2.181418591927994e-05 -3.465830405679541e-06
9.041745739928364e-05 -1.065064806872321e-05 2.143198175331519e-05 -3.678057581584999e-06
9.041605465908601e-05 -6.434910344452538e-06 2.100951487577627e-05 -5.858966905092053e-06
9.004555136572395e-05 -5.540757373906893e-06 2.136816556303449e-05 -5.993807814989029e-06
8.915269324126190e-05 -1.191535030550497e-05 2.258296913323609e-05 -3.517602500435071e-06
8.747495067899222e-05 -8.542253671668609e-06 2.348640034276261e-05 -4.247693392536366e-06
8.915120626512021e-05 -5.170423018272948e-06 2.210532704269690e-05 -5.865595034326742e-06
8.285764905665782e-05 -1.191343340930668e-05 2.103376644897718e-05 -5.960456863959371e-06
8.285728696941913e-05 -5.169895775100820e-06 2.060039963943104e-05 6.685906272185274e-07
7.937694199471846e-05 -8.540877509018361e-06 1.712655683510034e-05 -2.057579333228729e-06
7.655322848280984e-05 -1.190966944479471e-05 1.702386078355967e-05 -3.044610483976745e-06
7.655329709169972e-05 -5.170454970200115e-06 1.745288075559436e-05 -2.456988624701862e-06
7.340302862683361e-05 -8.541728845762525e-06 1.816688747974846e-05 -3.759829585206295e-06
7.026329888330268e-05 -1.189715307640589e-05 1.715588936901389e-05 -8.218914315184938e-06
7.026200856310369e-05 -5.188588469920268e-06 1.690503773599038e-05 -9.006318261999558e-08
6.712932021240219e-05 -8.543540408736325e-06 1.572862400336018e-05 -3.252443183293602e-06
6.400752293774637e-05 -1.187898742738087e-05 1.588656848498015e-05 -4.627618316056140e-06
6.400789056160711e-05 -5.211290188460046e-06 1.631422481108032e-05 -2.269628329597373e-06
6.089354245971285e-05 -8.545064485563335e-06 1.439795096268781e-05 -3.795428261973511e-06
5.780468381710153e-05 -1.184681063854255e-05 1.360697978236273e-05 -2.499704630014022e-06
5.780228032462880e-05 -5.242896290870666e-06 1.264550018602067e-05 -4.141281490175858e-06
5.472500476113464e-05 -8.543171619722773e-06 1.110412811670917e-05 -2.421817043352145e-06
5.166599816654746e-05 -1.180609600044981e-05 1.222424448333882e-05 1.988040485162497e-07
5.166544145744709e-05 -5.279973832845660e-06 1.163418997753340e-05 -5.151721574713390e-06
4.862075195558477e-05 -8.543236303909302e-06 1.277283596921371e-05 -2.683149129538089e-06
4.562361493633312e-05 -1.173505128036897e-05 1.085534165746846e-05 -5.039295601531112e-06
4.562218888787956e-05 -5.352640257162214e-06 1.114151081368444e-05 -2.273896973512688e-06
4.264959342460888e-05 -8.544567572937135e-06 1.057420029532386e-05 -3.739054383456408e-06
3.972335555000386e-05 -1.166651710770863e-05 1.022954192962235e-05 -6.125645343876617e-06
3.972631735334095e-05 -5.431104645202786e-06 1.162416429973720e-05 -1.262325106409375e-06
3.682617095302057e-05 -8.547549046777996e-06 8.854058676504280e-06 -3.754987087842521e-06
3.398425385247834e-05 -1.156606510218605e-05 9.024953819186919e-06 -1.966998552363328e-06
3.398167654518200e-05 -5.518861221931616e-06 7.556224707551920e-06 -2.901538031758179e-06
3.117017557758628e-05 -8.538816110585202e-06 9.733330230693947e-06 -2.604916594554383e-06
2.842533853742399e-05 -1.144956175054235e-05 8.617920310313233e-06 -2.526445746943065e-06
2.842488877308592e-05 -5.628181550017085e-06 8.915934184625275e-06 -3.805812856223103e-06
2.582104643313465e-05 -8.540984648310849e-06 7.593864814857274e-06 -3.327210423699210e-06
2.329757412336133e-05 -1.132483636266256e-05 7.355749843783673e-06 -3.546130982589829e-06
2.329786233496349e-05 -5.765425258000176e-06 9.017396299117724e-06 -2.453991751831195e-06
2.143291838407463e-05 -8.748481737703046e-06 5.184998417173102e-06 -4.314212656250685e-06
1.961244649385599e-05 -1.119364352620345e-05 6.160127490400244e-06 -5.708798613302889e-06
1.960044513830460e-05 -5.898792418481447e-06 3.934441287382683e-06 -5.334583591859583e-06
1.704246256718920e-05 -1.108283225643838e-05 6.602446733292548e-06 -2.020187211552922e-06
1.750843858430380e-05 -9.420199259505568e-06 6.053834883928119e-06 -8.262597979420909e-07
1.704035165318858e-05 -5.973431308229969e-06 5.424424853607988e-06 5.123402600933811e-07
1.523629296183912e-05 -6.060860593542947e-06 4.249980709103816e-06 1.506389760983107e-06
-2.025291678613293e-06 -3.830688305952030e-07 1.707448446944142e-05 2.471958333079976e-06
-2.069838219308383e-06 -2.930633492089250e-07 4.841921620245222e-05 2.959624337754308e-05
-2.077663206048646e-06 1.020739829554362e-07 1.349747706191230e-05 -5.518391789870804e-05
-2.044971695153112e-06 1.341636547305970e-07 3.910068423730814e-07 -2.170284174739493e-05
1.523208574916943e-05 -1.100478909784334e-05 5.919935827474978e-06 -5.377894315748994e-06
1.365420506887355e-05 -1.084821046392599e-05 7.374485433233550e-06 -3.583941019191760e-06
1.484016919033990e-05 -7.920593531752284e-06 5.862963591877546e-06 -8.635980798075554e-06
1.362802500870814e-05 -6.016388292834008e-06 6.939271899538180e-06 2.470243005301809e-06
-1.924660898274747e-06 -4.098430579734879e-07 -4.707076981291120e-06 -3.977063899096022e-05
-1.687469009259394e-06 -7.206646383418243e-08 -4.042936268635540e-06 1.227519990403261e-05
-1.974223494168888e-06 1.411113682880260e-07 -3.978528213642407e-05 2.968242896418299e-05
1.313256151694684e-05 -9.339136632432603e-06 7.605799530951373e-06 -5.923742846472732e-06
1.213008407186981e-05 -1.050103636276519e-05 5.252627007797758e-06 -2.202411419463685e-06
1.070729036178615e-05 -1.000940020992813e-05 4.854432869999594e-06 -3.644545540725353e-06
1.265955216193124e-05 -7.329127580096129e-06 7.861165761282421e-06 -1.394069537560589e-06
1.212772562609956e-05 -5.713736785392764e-06 8.153192998531955e-07 -3.764789437636370e-06
-1.286833886681622e-06 -4.520367238058556e-07 4.209597062626602e-06 3.955739568603383e-07
-1.253076676395586e-06 2.287043200966768e-07 -2.551282505526022e-07 -1.547836733112654e-05
-9.124010059166357e-07 -1.010302270665579e-07 1.553598169286516e-06 2.903685577368391e-05
9.403194358415726e-06 -9.353057261669885e-06 3.646757936719811e-06 -7.234738149650408e-06
1.049995106083243e-05 -8.508890030584158e-06 6.924926339260749e-06 -2.068543242563709e-06
1.098427748024573e-05 -6.675786617484024e-06 4.264444120331384e-06 1.114918764253707e-06
1.078161748294015e-05 -5.213833919216525e-06 3.842573233282318e-06 -1.407065220939843e-05
-5.550644300464747e-07 -4.647846986426322e-07 -5.422195675315821e-06 -2.619294798599075e-05
-5.717426618905005e-07 2.806996206570178e-07 1.496141093633193e-06 -1.189611350722599e-05
-1.343334491021169e-07 -1.100647348447327e-07 4.259117207198413e-06 3.492866923481609e-05
8.208196866116645e-06 -8.591235154576353e-06 2.315390623848255e-07 -3.718670867405374e-06
7.166819024614451e-06 -7.743310924765691e-06 9.474354772103753e-06 -4.457891417177193e-06
9.318927453191760e-06 -6.407831468341763e-06 4.006807355754155e-06 1.829542386367962e-06
9.588467880788131e-06 -4.509152335207596e-06 6.220264106035102e-06 -7.576169988994910e-06
3.220196316881009e-07 -6.100692709019291e-07 -1.849668048847744e-07 -1.410003052501433e-05
3.340285066668872e-07 4.433563859332538e-07 -1.849519261673264e-06 -1.317093132291140e-05
7.437947621450145e-06 -6.485179583919423e-06 5.926294428168849e-06 -4.814348585240759e-06
6.281035200780346e-06 -6.796428246193162e-06 8.339932462229703e-06 -5.983455690597624e-06
7.873632319648477e-06 -5.121837303034083e-06 -8.266916878433410e-07 -2.093624203383140e-06
8.620388239195487e-06 -3.691481863518024e-06 8.858392394078931e-06 2.719374797881700e-06
8.647013663371123e-07 -1.098184330596681e-07 -3.503455275763856e-06 1.472673566500097e-05
1.494266452112541e-06 -7.969502656570923e-07 6.172214944518299e-06 -6.255265525831824e-06
1.476776098156417e-06 6.235696865055504e-07 8.846718060855315e-06 -2.247864877235191e-06
5.516956252754838e-06 -5.790114508614129e-06 3.905849965113002e-06 -5.360502409878165e-06
4.923284306268698e-06 -4.784738424319625e-06 3.379547540688587e-06 -8.013941308006745e-07
4.484963701861584e-06 -3.737465100415343e-06 4.888686693410372e-06 3.688871776984171e-07
7.001261694802423e-06 -3.948246542864765e-06 8.820058134222163e-07 -2.213406355503053e-06
7.840755937439774e-06 -2.774152582959798e-06 1.576639324110192e-05 -6.881326637042416e-06
1.981350484625483e-06 -1.017568037364678e-07 -2.235625868495121e-06 -1.071292179888130e-05
2.611920830854793e-06 -1.003777568974245e-06 2.640544003932455e-06 1.158029675708931e-05
2.615530327815514e-06 8.118285908731010e-07 1.441172018146605e-06 2.435308104454013e-06
5.485230146996729e-06 -3.727785185288436e-06 2.692996696298412e-06 1.010614869671482e-06
4.170317934763083e-06 -2.684941698711227e-06 4.221497388390041e-06 -6.124452160463335e-06
3.609153606432690e-06 -1.156386221386033e-06 1.602367376065738e-05 -7.271428824995194e-06
3.890140967082702e-06 -1.318943630318884e-06 1.300460129054149e-06 -6.554319441540582e-06
4.024385672870386e-06 -1.660596299303735e-06 -2.073459044363421e-06 -3.789379077601013e-06
6.409893422159152e-06 -2.656387801249665e-06 4.416805240638418e-06 -4.352599875047582e-07
7.260394886168184e-06 -1.859470406048586e-06 3.726394348752122e-06 -1.005667723991276e-05
3.168693807215567e-06 -2.221937795225068e-07 -1.283047203173083e-06 -1.805084618686650e-06
3.674142332376264e-06 9.545606947571376e-07 2.043887557720257e-06 -2.930498891946350e-07
4.866951712293731e-06 -1.959449972625904e-06 6.104625187506332e-06 2.833247084511571e-08
3.931074858970365e-06 -6.621585981087727e-07 -4.544320819099746e-06 -1.421019411971264e-05
4.265740181757692e-06 -1.197452150520353e-06 -5.202585578520585e-06 -6.266910356551043e-06
5.995755637341080e-06 -1.563062020425463e-06 2.989857237135269e-06 3.134491848776926e-06
6.869093189586669e-06 -9.293409978634508e-07 -4.159685834990679e-06 -1.365191745052015e-05
3.989215656359121e-06 3.705344004735475e-07 -2.798359865680474e-06 8.093101750623881e-07
3.988711279638042e-06 1.108227733048256e-06 7.763139270793586e-06 -6.353194868614108e-06
5.095193990633267e-06 -4.087739898002114e-07 3.941703172081170e-06 1.074350151459127e-05
6.715356772643141e-06 -4.013428885763692e-08 5.589777999759671e-06 -1.166734814321490e-05
6.723490225716899e-06 7.934756163287766e-07 1.554260020026032e-05 -1.095747170316536e-06
4.614329260411629e-06 9.306578907316033e-07 7.048004685032464e-06 -4.612156752696934e-06
4.183735772181089e-06 1.421637098450213e-06 1.440808954374367e-05 -1.054811347301704e-05
4.425608435073335e-06 2.262169690137081e-06 8.851667377525170e-06 1.579249086575336e-06
5.910415806741388e-06 9.200922405350354e-07 3.030841652080755e-06 1.693573531946583e-06
4.755009010766258e-06 3.036335184653506e-06 1.651606943514627e-06 9.369245400613605e-06
6.902704490648222e-06 1.613299941681229e-06 1.014124096183020e-05 -1.000298080824811e-07
5.180390967207923e-06 2.307282815206648e-06 3.243251911324682e-06 2.581533732019872e-06
6.257309686098922e-06 2.366829646313893e-06 -4.944244099013812e-06 7.093006751625293e-07
5.153989822245930e-06 3.748306605789496e-06 3.191600106530266e-06 1.005264589841848e-05
7.221023144000583e-06 2.379312717583348e-06 3.068946857786124e-06 -6.479387075611577e-06
6.899985049660174e-06 3.076643301155652e-06 5.493146041018434e-06 2.049102014691750e-06
6.201113076948771e-06 3.494437391853427e-06 6.814711840076668e-06 -9.258817538137253e-07
5.632543483778169e-06 4.381652324098947e-06 3.529811976240655e-06 -6.590111622344929e-06
6.163897435100386e-06 4.957874867040569e-06 3.568559324594503e-07 5.993282235118896e-06
7.645103559686462e-06 3.046791505254030e-06 3.800267971446449e-06 1.031172584229549e-05
7.302902555567068e-06 3.831038649920757e-06 1.262070525831494e-05 2.521919195747497e-06
6.911518785382260e-06 4.722682674690142e-06 4.090422166549937e-06 6.045273350103487e-06
6.747960734057755e-06 5.450386657712652e-06 -4.278220552255840e-06 2.634937304021257e-06
8.178774784366518e-06 3.623300862520199e-06 -9.325152868682175e-06 8.906444290627682e-07
7.991060464887292e-06 4.711135018819376e-06 1.029927171372178e-05 6.202914920286665e-06
7.367671079182700e-06 5.869321210225814e-06 3.394323480155947e-06 -3.855473254038294e-06
8.014867929903117e-06 6.199471016018307e-06 4.707801606580147e-06 2.539371848890088e-06
8.690531864189389e-06 6.454274845144198e-06 4.467619952038805e-06 5.321975892784974e-06
8.746895867658144e-06 4.929279442664291e-06 8.386903856136973e-06 3.283984184635511e-06
8.754512804034128e-06 4.070387770166946e-06 7.134747717493856e-06 -4.160763350452378e-06
8.603746049114715e-06 5.757598232355351e-06 5.725467247135784e-06 6.784205696456245e-06
9.368453753165955e-06 6.638382960133352e-06 6.517076925542441e-06 2.281675067536739e-06
1.004199507790451e-05 6.738295427647782e-06 8.388980756949083e-06 2.628582676846004e-06
9.339402527921263e-06 5.117943004136702e-06 5.651951936370359e-06 7.034561593671973e-06
9.393504275575092e-06 4.394796763065250e-06 2.344509569833797e-06 -7.947524113843793e-06
1.073409609425405e-05 6.761873162203716e-06 6.231222156865101e-06 6.623128767876852e-06
9.982027818774369e-06 5.770877651270037e-06 5.098521681080865e-06 2.188519426378664e-06
1.005699592854735e-05 4.603034447466401e-06 8.635016501743593e-06 6.599099273021670e-06
1.088987977851661e-05 5.873271859808897e-06 8.433283296224028e-06 3.363291687143982e-07
1.147197616830206e-05 6.746497255260991e-06 9.292302374619540e-06 8.704592922260130e-06
1.072922998357474e-05 4.676918000537415e-06 6.604422659533471e-06 4.976594584024040e-06
1.248743879496919e-05 6.732131878426762e-06 7.908097410422084e-06 1.024100331528974e-06
1.170430585997307e-05 5.365600478667559e-06 1.062344343133413e-05 3.092574858258629e-06
1.148159166618485e-05 4.689657984111932e-06 9.740504175569168e-06 4.036850995742582e-06
1.382435364467903e-05 6.697001909796149e-06 9.150534021264458e-06 3.872010007139549e-06
1.317100382539169e-05 5.639375253555108e-06 1.092791662211696e-05 3.810608208252228e-06
1.248255963114883e-05 4.719582931364341e-06 1.102698949350704e-05 1.053928314837589e-06
1.555973749050174e-05 6.676123674921818e-06 1.162842581028782e-05 4.092455589705984e-06
1.469947880374536e-05 5.719607909491163e-06 1.080255767745671e-05 2.949911109221963e-06
1.382607660233458e-05 4.742240286885934e-06 7.819341932094998e-06 1.769570241809119e-06
1.734112919736452e-05 6.681453068701290e-06 1.646752760576358e-05 6.482042735847960e-06
1.644970045526649e-05 5.719969365576779e-06 1.314795973893787e-05 3.175311388269083e-06
1.555803284204307e-05 4.760144459627195e-06 1.326390730417548e-05 4.031650620131565e-06
1.910683781779384e-05 6.670542674605515e-06 1.521361396698154e-05 5.630834850522378e-06
1.822590987257472e-05 5.728711506460617e-06 1.665114701958927e-05 4.626062653171796e-06
1.733652797011623e-05 4.771071309037649e-06 1.558205439468728e-05 3.632299554823558e-07
2.085503186701956e-05 6.662103662196250e-06 2.022824986743690e-05 4.571587537647835e-06
1.998593283113925e-05 5.728276771824602e-06 1.764294211642443e-05 2.791089579339616e-06
1.910902616533714e-05 4.786085202293482e-06 1.596661362140126e-05 2.696112883334510e-06
2.257285393415082e-05 6.655220472163745e-06 2.070982497184518e-05 5.245113941276965e-06
2.171705248004503e-05 5.734335703327227e-06 2.028816818609156e-05 3.148008179228088e-06
2.085215840695010e-05 4.800763890703833e-06 1.957777753608496e-05 8.941215426528016e-07
2.427588488038846e-05 6.634328456518707e-06 2.578278828616049e-05 6.327860439447267e-06
2.342875486062612e-05 5.729760011463541e-06 2.286934918644526e-05 4.097601485626846e-06
2.257614430456924e-05 4.811800507172607e-06 2.134357591880210e-05 1.905839970921072e-06
2.594815645818597e-05 6.617372805520623e-06 2.609221587880233e-05 2.591057213823979e-06
2.511722036086671e-05 5.728471883016717e-06 2.743880272509163e-05 4.404052958157911e-06
2.427461881599222e-05 4.822461461016491e-06 2.517472825256466e-05 3.220878608084514e-06
2.760266667984132e-05 6.605655018831664e-06 3.070660466750900e-05 7.276705920975361e-06
2.677849940872773e-05 5.728321521365525e-06 2.614895220476773e-05 3.330598513778093e-06
2.594902014022907e-05 4.840959619643058e-06 2.656815854758383e-05 5.082030042108639e-06
2.923147289059549e-05 6.604365212745190e-06 3.129025214435843e-05 4.009880414625990e-06
2.842039052326716e-05 5.731222099548434e-06 3.328391405774080e-05 4.092630458502752e-06
2.760190769271434e-05 4.852453305783360e-06 3.030933867524025e-05 -3.255495204379672e-07
3.269832465434119e-05 6.508828955669093e-06 3.745060048414532e-05 4.640501277373477e-06
3.246731410576264e-05 6.604524897195236e-06 3.732595530721315e-05 4.816416672526532e-06
2.995241850592401e-05 5.733831303255467e-06 3.194502792088334e-05 3.798830326164582e-06
3.084014074693775e-05 6.605682195741692e-06 3.647568319788639e-05 5.043512456541191e-06
2.923045148127733e-05 4.862057668662645e-06 3.209554967481251e-05 3.551580108587308e-06
3.279408586732092e-05 6.277912919827055e-06 3.744490288190831e-05 4.268105536899571e-06
3.224822414279901e-05 5.734121476595699e-06 3.690218141224163e-05 3.194748740189892e-06
3.084019159148847e-05 4.860994614178637e-06 3.631331574914068e-05 2.136159372687776e-06
3.279599223089418e-05 5.189604926389982e-06 3.640358719923354e-05 2.608105594734925e-06
3.246882644049326e-05 4.862151925252865e-06 3.637319018023829e-05 2.381457519102131e-06
3.270020343095330e-05 4.958095310731857e-06 3.638892814723564e-05 2.464033483215873e-06
