9.500925404105430e-05 -1.356589729988548e-05 -4.260419727441715e-06 3.464435876921660e-07
9.537336813933330e-05 -1.268660813066757e-05 -4.530157087268176e-06 1.368020189223968e-07
9.537434687559664e-05 -8.539938851814541e-06 -4.231405893098282e-06 -1.194970169854829e-06
9.501030710244085e-05 -7.660585941925701e-06 -3.952260243988863e-06 -1.321842642607859e-06
9.413017119355812e-05 -1.393012640954132e-05 -3.693398466963721e-06 3.502510368388207e-07
9.248217622946352e-05 -1.061379642010855e-05 -2.176847180045091e-06 -6.284580884318449e-07
9.413126849376951e-05 -7.296342400048032e-06 -3.414645779559811e-06 -1.288147008482132e-06
8.794408361575406e-05 -1.392787602593774e-05 -2.141252350757345e-07 -1.638173307238806e-06
8.794400113511233e-05 -7.299175226847141e-06 -4.391830460499368e-07 7.207986764798488e-07
8.452769139555344e-05 -1.061196242767606e-05 -8.005923832394463e-07 -4.187440914318557e-07
8.176414246350064e-05 -1.391495720016261e-05 -1.410335590770684e-07 1.084789962864409e-06
8.176085570474864e-05 -7.303983718112745e-06 2.600358325569027e-07 -2.317578830906303e-06
7.867825818355804e-05 -1.060791649468513e-05 1.777915686796713e-07 -1.036816011203937e-06
7.558818009514187e-05 -1.391940027772781e-05 -7.415746414302806e-07 -6.306978323117377e-08
7.559019460827775e-05 -7.299986718049587e-06 -3.325581989477284e-07 -2.102149816594657e-06
7.249932235354911e-05 -1.061305817145480e-05 -5.648350079436471e-07 -1.394765378558472e-06
6.941861286788434e-05 -1.390996590269286e-05 2.166195044360941e-06 2.924153797533158e-07
6.941778662633075e-05 -7.318584763688210e-06 5.759290329232001e-07 -1.201699455585441e-06
6.634085105711918e-05 -1.061508281815189e-05 2.090868610028825e-06 5.402596095824859e-07
6.327632913430100e-05 -1.388709750032720e-05 1.085122250485701e-06 -2.155579104278112e-06
6.327178073446422e-05 -7.337696293177185e-06 2.400562155988587e-06 1.800001858239873e-06
6.021783168106763e-05 -1.060952248318212e-05 1.033213724428152e-06 -8.120174434353737e-07
5.719232288598697e-05 -1.384182392078589e-05 1.921917789779840e-06 -1.211436135304695e-06
5.719248900083082e-05 -7.376103506114242e-06 1.493952715633736e-06 -3.733819764977304e-07
5.418084251063096e-05 -1.060821756127871e-05 1.126370284819037e-06 -5.059395326694506e-07
5.118987919889568e-05 -1.379943378945439e-05 1.417693454673037e-06 -1.040328775556890e-07
5.118914728865929e-05 -7.416649342550843e-06 7.337098983630795e-07 -8.421191203995173e-07
4.820552794306108e-05 -1.060930083473023e-05 1.944119270115873e-06 -5.184280283631780e-07
4.525457263822980e-05 -1.374825813119667e-05 2.775457559519295e-06 -3.989393824306099e-07
4.525524772971120e-05 -7.473384100059459e-06 3.034422430976599e-06 -8.127915100708757e-07
4.233074299582211e-05 -1.061018858459917e-05 3.412203578997012e-06 2.908943637730972e-07
3.946055260718934e-05 -1.367098158880902e-05 2.052207180148803e-06 -9.379981361192785e-07
3.945849099592050e-05 -7.543717382510366e-06 3.150312299731898e-06 1.386505782819069e-07
3.661311605446501e-05 -1.060471309401725e-05 1.062525274222763e-06 -1.173019784163184e-06
3.381141784888620e-05 -1.358814804913576e-05 1.647564821172051e-06 -1.167287960250774e-06
3.381375595417135e-05 -7.619898017427600e-06 1.302139751584678e-06 -1.865703493344616e-06
3.114549149551492e-05 -1.060034830423744e-05 3.381460383633090e-06 -6.665947545750500e-07
2.853227478916533e-05 -1.349869969382078e-05 3.053299629824927e-06 -2.636984806729248e-06
2.852308211388908e-05 -7.699867789145667e-06 2.728616070222959e-06 -3.427934890655443e-07
2.658056804032397e-05 -1.081838075694411e-05 1.313279943545658e-06 -2.273547028786162e-06
2.464297062925856e-05 -1.341738604234200e-05 8.223073563815595e-07 -1.552615881486338e-06
2.464533703190176e-05 -7.784652241957132e-06 1.607407653276753e-06 2.747646414185669e-07
2.189722296248861e-05 -1.335152367178593e-05 3.826232150516427e-06 7.780249003067331e-07
2.241295102736560e-05 -1.154761896126623e-05 3.372141682697822e-06 9.575805865994723e-08
2.188671356535789e-05 -7.835685615570475e-06 2.246344357006177e-06 -4.194499869210086e-06
1.992788443248536e-05 -7.892935449419876e-06 2.171946146689652e-06 -1.306607439074182e-06
-3.074613326801865e-06 -1.194870069540314e-07 1.448800650517402e-05 -8.851107149185360e-06
-3.131388029010575e-06 1.626296065178585e-08 1.034458634610589e-05 6.356636763457963e-05
-3.114105328143650e-06 5.650998487807271e-07 2.854128190533712e-05 -2.660279271840785e-05
-3.041473315047960e-06 7.713717156333621e-07 2.469093580052339e-05 -9.886558315793545e-06
1.992955548124775e-05 -1.330438389683102e-05 2.096019477015361e-06 1.146245516250694e-06
1.818388110752165e-05 -1.316118974948770e-05 3.893644678160941e-06 3.032836688012199e-06
1.951429556973622e-05 -9.922452815283737e-06 4.249919266853892e-06 -1.799195855819008e-06
1.816666424328515e-05 -7.795474754051895e-06 4.763841643326754e-06 2.073448418472247e-06
-2.942773830406764e-06 -1.805100095214229e-07 -1.722144770275347e-05 -2.999676536722017e-05
-2.751838663450514e-06 2.776992480032266e-07 -1.293566863663961e-06 -3.934052453091355e-06
-2.868639777072494e-06 8.624447506822405e-07 -1.565552836699369e-05 2.429533820865012e-05
1.761749503079564e-05 -1.149975800216866e-05 3.810259241673878e-06 -2.689940184521815e-07
1.648461755288639e-05 -1.281349205876308e-05 3.180996917088422e-06 3.818008590814072e-06
1.486614160241722e-05 -1.229595969922791e-05 2.021631463446417e-06 1.553840785734772e-06
1.709530182337936e-05 -9.247497420595780e-06 4.565849363844537e-06 1.349631015449869e-06
1.650325046374049e-05 -7.407359129788581e-06 3.792737425913463e-06 -3.816985817084103e-06
-1.945929677677619e-06 -1.911061974122239e-07 -7.670964213657078e-06 1.070992564906852e-05
-1.946558593231411e-06 8.001143184252480e-07 6.321424095467429e-06 -5.812606463362619e-06
-1.435603127403773e-06 2.768248962396083e-07 8.914808754895502e-06 -1.267251891492853e-05
1.334971953297434e-05 -1.159349616456106e-05 2.730916962579400e-06 -9.236936165921378e-07
1.464146177241615e-05 -1.060529288368082e-05 2.758426347175807e-06 -1.465998354390502e-06
1.519785934351039e-05 -8.501599976777667e-06 3.145851851210772e-06 -2.287980705588278e-06
1.496872435081390e-05 -6.768302605987465e-06 1.065509529529593e-06 -7.400411417035479e-06
-8.577084023966797e-07 -2.793013168500136e-07 4.531427769817940e-06 5.416967171823394e-06
-8.738061307763099e-07 9.403665111693436e-07 -1.119439371254835e-05 8.462888143836510e-06
-2.383105701893418e-07 2.487590285011527e-07 -5.919348811885007e-07 -9.205222719854729e-06
1.193851629275640e-05 -1.074317262010909e-05 1.765445296032302e-06 -9.165177593745370e-08
1.066644834702412e-05 -9.762514704621832e-06 -1.315780622183435e-06 -2.285824149763445e-06
1.326258525618914e-05 -8.180373924719158e-06 2.413698970906129e-06 1.681621734410184e-08
1.360002293958236e-05 -5.886043192157713e-06 -1.284680814883108e-06 2.801098212705035e-07
5.183380422764513e-07 -4.800038055930078e-07 -7.675674537167938e-07 3.547737881123433e-06
5.120065070724466e-07 1.100429950688189e-06 5.287129661870765e-06 -1.454457625451021e-06
1.098994959555139e-05 -8.274342951400872e-06 4.709942014323377e-07 -1.517927662640704e-06
9.543131765541813e-06 -8.654509978594162e-06 2.032764150739376e-06 -4.110517927912930e-06
1.152583485128979e-05 -6.615967537701670e-06 1.239726892098792e-06 2.366319447811372e-06
1.245284145776907e-05 -4.824689291325189e-06 9.048520627521573e-06 -3.632557896473680e-06
1.309875770721897e-06 2.792112171646071e-07 1.197924132071549e-06 2.170796521435776e-06
2.291425954103637e-06 -8.007509888359688e-07 2.259874431749002e-07 5.542628105796913e-06
2.287112218021773e-06 1.385957367567320e-06 -3.644891070011983e-06 4.908018845901329e-06
8.558376782622719e-06 -7.453524645566497e-06 5.133769754542507e-06 1.299115888601864e-07
7.744653255777892e-06 -6.189801967705426e-06 2.285452637476293e-06 1.914108154160548e-06
7.098625881855186e-06 -4.852848570274447e-06 -1.315208636493232e-06 9.305216468496228e-07
1.043825729181327e-05 -5.141594412917023e-06 -1.328540248916021e-06 -6.762750679628907e-07
1.153476899203652e-05 -3.621777991411756e-06 6.618256109534276e-06 3.900694378019893e-07
3.077019020928305e-06 2.943967612501979e-07 5.714591205222026e-06 -4.699840878548760e-06
4.008586520338562e-06 -1.082149824579166e-06 -3.143833454146829e-07 -9.228400263714087e-06
4.023601486008774e-06 1.676411660430224e-06 -1.765906165065410e-06 -6.472820488376979e-07
8.462882273393552e-06 -4.850689030165779e-06 3.652150740538431e-06 2.623084897498367e-06
6.605640671412578e-06 -3.476804386607290e-06 -3.786715438898361e-06 -6.004379230805576e-06
5.594408549416211e-06 -1.316254932708621e-06 7.746596067732184e-06 -8.508379721147162e-06
6.040619033306928e-06 -1.549211275681206e-06 -4.396756233629572e-06 6.253866329798778e-09
6.279890281615136e-06 -2.043430319579388e-06 -1.180084577793984e-05 5.217040964353492e-06
9.677653455139229e-06 -3.449009925258195e-06 -1.056280373691641e-06 -1.628679152997342e-06
1.085542576275109e-05 -2.325844761121893e-06 6.939740496473466e-06 -6.420578599029348e-07
4.880798680409905e-06 9.453727177731810e-08 -8.421580725012328e-08 1.012283235948479e-05
5.593898438077437e-06 1.901702016738257e-06 -4.489873739957122e-07 -1.212288053040240e-06
7.555267607293661e-06 -2.497645214479889e-06 8.443028762853062e-06 1.536172657916184e-06
6.079486710104837e-06 -5.911548920303908e-07 2.489934762376937e-06 -4.190609180904229e-06
6.610312020224108e-06 -1.376427176467263e-06 -6.992820265052089e-06 4.123595116755495e-06
9.142127877338769e-06 -1.938135811451030e-06 8.783926517088998e-07 -9.536421674210527e-07
1.043438310332737e-05 -1.002691991136199e-06 6.359318439960606e-06 9.576420915539554e-06
6.111215797556529e-06 9.730428402113032e-07 2.442366283332075e-06 2.888788395920636e-06
6.032188139202946e-06 2.145487890395043e-06 8.672932622048335e-06 -1.303072085396063e-06
7.834333812732557e-06 -2.627296003475562e-07 3.935800353365922e-07 -1.360914895246422e-06
1.027656784780320e-05 3.186211633446941e-07 4.112673342214326e-06 3.130967671699293e-06
1.041837481102461e-05 1.616629184949576e-06 -2.860436834313612e-06 -1.341422919062573e-07
7.039600282934115e-06 1.829162055371886e-06 1.241054763785335e-06 2.210073398987053e-06
6.283313081554840e-06 2.658844093292885e-06 1.114812965649625e-05 -8.426273401343326e-07
6.599317511902459e-06 4.061823152505761e-06 4.667959743635643e-06 2.657452185256684e-06
9.104527457193966e-06 1.775200279533817e-06 3.326475716043380e-06 -4.293802865360648e-07
7.099899586847097e-06 5.439576456725008e-06 1.368027623052657e-07 2.058826509756953e-06
1.084566978447715e-05 2.938058140904101e-06 -4.999601996498418e-06 4.504211069910063e-06
7.891135264466104e-06 4.101424417562532e-06 -7.380761698845360e-06 4.069246312741046e-06
9.756437043588107e-06 4.217067139012645e-06 1.134049617506692e-05 -3.353226208426824e-06
7.773409970104546e-06 6.763342684304296e-06 7.781490546786992e-06 2.058413147920609e-06
1.151623590091228e-05 4.226028977968786e-06 1.848073782033319e-07 8.489927891418097e-06
1.095493289632771e-05 5.497908452961381e-06 9.006348611814237e-06 -2.695983670652126e-06
9.645369717733762e-06 6.292662238614286e-06 -3.741197074666339e-09 3.301615134842753e-06
8.557300240390560e-06 8.033197727839724e-06 3.500098656303100e-06 -1.054509326223760e-05
9.546620940524952e-06 9.229928248529883e-06 3.950421966654904e-06 8.763422914776952e-06
1.244162108588037e-05 5.413199727197356e-06 -4.326768908780366e-06 1.978143081532339e-06
1.177611013471500e-05 6.947143236527112e-06 4.446131258702910e-06 3.995639331183426e-06
1.100573687559577e-05 8.756558714448490e-06 3.644031207819872e-06 9.528554015400209e-06
1.067562722692858e-05 1.032006341624341e-05 4.535783158848428e-06 7.434808873149556e-06
1.359789490548846e-05 6.474655145739231e-06 2.227590661387170e-07 4.216708831887547e-06
1.324482826646928e-05 8.747542772546163e-06 2.902486046675612e-06 2.313330094024038e-07
1.192854177765109e-05 1.128183847695942e-05 4.592258736554125e-06 6.085378570229447e-08
1.332367892065430e-05 1.211565693880850e-05 3.120576274438165e-06 6.906131088705817e-06
1.482445154360505e-05 1.280201475181986e-05 -4.334978055175211e-07 7.643965647152846e-06
1.494144854238952e-05 9.236705605350168e-06 3.317562428839522e-06 3.383603320361900e-06
1.493236393910042e-05 7.353083090278439e-06 2.447889460162919e-06 1.673937287917190e-06
1.460333647488980e-05 1.113321614764918e-05 1.422489709463371e-06 6.547188439130575e-06
1.642613615275423e-05 1.330709969628517e-05 4.746904432881185e-06 2.075151160410865e-06
1.809248006078823e-05 1.363828892848408e-05 6.025840637108971e-06 6.832761822797610e-07
1.631224402415740e-05 9.659098339730424e-06 3.707110807134110e-06 5.208708499210389e-06
1.644102866568840e-05 7.990661178853947e-06 4.097554075617018e-06 6.219483383549246e-06
1.979715210640491e-05 1.377434763790150e-05 2.417829884753343e-06 5.842939569138205e-06
1.788448518344803e-05 1.123436392968747e-05 4.223891857062127e-06 1.834920422874464e-06
1.808102123812025e-05 8.370448925439501e-06 2.365457249148481e-06 4.254547829703921e-06
2.017406216955452e-05 1.149795821008421e-05 5.382986511144678e-06 3.554809338184347e-06
2.171399911650795e-05 1.380945760988312e-05 8.020500983426359e-06 7.708206487465020e-06
1.978910848406662e-05 8.488326190201415e-06 3.912167433619319e-06 7.189540039856479e-07
2.438324207234967e-05 1.384829743327128e-05 5.346755000558590e-06 5.070765858758757e-06
2.226282289736530e-05 1.019231793140365e-05 6.276222125971467e-06 3.734166546077528e-06
2.171379672594176e-05 8.450300420277322e-06 5.159860176874912e-06 4.734272196919168e-07
2.812763984346741e-05 1.391283884336498e-05 6.511966619957798e-06 5.591819552472607e-06
2.625874196549407e-05 1.091719717961686e-05 7.375976161886652e-06 3.261423350932451e-06
2.438701274594763e-05 8.405590781029745e-06 8.816912631570459e-06 1.234456497926443e-06
3.316259393740615e-05 1.397871769847489e-05 1.003925883410152e-05 2.899626060081926e-06
3.062812574077772e-05 1.113611749119439e-05 8.298392288928500e-06 2.310543878683262e-06
2.812498908943043e-05 8.351606190567664e-06 7.202906114765747e-06 1.143300401128216e-06
3.851355187224860e-05 1.402647533078500e-05 1.256612595317244e-05 4.612164809458581e-06
3.581986662101961e-05 1.113542230544086e-05 1.140797744455821e-05 3.138017494727581e-06
3.316204157945081e-05 8.293481862765309e-06 1.015491412773691e-05 3.983542952679956e-06
4.395851843502423e-05 1.406089336399750e-05 1.360209384690187e-05 5.838409070902319e-06
4.122616148821150e-05 1.113287748170779e-05 1.273946814918607e-05 3.940295701390992e-06
3.851493221145737e-05 8.241462341761235e-06 1.220553068206575e-05 2.848538678467070e-06
4.947832429283442e-05 1.411986782851652e-05 1.763183105874689e-05 5.521956171912998e-06
4.670072592325507e-05 1.113431768104513e-05 1.520402068142806e-05 3.857909660697894e-06
4.395852793242991e-05 8.203985510116912e-06 1.319334082191542e-05 2.092957830001456e-06
5.509277386856989e-05 1.415977407718379e-05 2.200949398662995e-05 4.632156399778779e-06
5.227190206648958e-05 1.113804621893988e-05 2.095641745665712e-05 3.047210732205416e-06
4.947640519260860e-05 8.155007021764108e-06 1.896568862150708e-05 8.668160573481318e-07
6.077930334960544e-05 1.419403970385752e-05 2.340287582928923e-05 8.037296230855832e-06
5.792593031460816e-05 1.113499161561040e-05 2.152500130800274e-05 3.870440551331555e-06
5.509402448069639e-05 8.113473856510771e-06 2.104825796619200e-05 3.187553327689281e-06
6.651630882577584e-05 1.422815495184943e-05 2.696429231154051e-05 5.445100299874785e-06
6.363913762660927e-05 1.113841219645553e-05 2.553200644338532e-05 3.891439939104352e-06
6.077882767538051e-05 8.076980349089462e-06 2.338737492372281e-05 -3.441450094666878e-07
7.230256561797769e-05 1.425317365247644e-05 3.149751314413648e-05 3.871598723033654e-06
6.940004127445559e-05 1.114530572771046e-05 2.958386304417054e-05 4.435957288164704e-06
6.651338508320899e-05 8.056778177721536e-06 2.694586143803920e-05 3.091780846667043e-06
7.812337607215692e-05 1.426284084458485e-05 3.342381789586695e-05 4.296507934697986e-06
7.521055797090627e-05 1.114449901574869e-05 3.269118957541261e-05 3.105903799733947e-06
7.230210712550985e-05 8.037182005453433e-06 3.224207619928671e-05 3.844317909826125e-06
9.064394305661783e-05 1.392129861289748e-05 4.024225501214910e-05 7.362375299736188e-06
8.981731047235111e-05 1.426472836069913e-05 3.937778679970717e-05 7.663042754981155e-06
8.074085621656555e-05 1.113863152481469e-05 3.411205773707032e-05 3.721715735887319e-06
8.397658379295581e-05 1.427292649234685e-05 3.652247102307603e-05 6.389954415170063e-06
7.812733164783362e-05 8.020072479367832e-06 3.282266225955594e-05 1.990219440414827e-06
9.098621797323865e-05 1.309323429478033e-05 4.059665608678516e-05 6.542489679308308e-06
8.903062768454196e-05 1.114325604450257e-05 3.856558282666279e-05 4.226288274080665e-06
8.397419299288385e-05 8.005642650496352e-06 3.647922370737497e-05 2.020133578812118e-06
9.098537603007330e-05 9.194431441965027e-06 4.057657404631778e-05 1.830016007015697e-06
8.981571427094199e-05 8.021979210138169e-06 3.938444913618872e-05 7.479199312540776e-07
9.064286327338208e-05 8.365752669879466e-06 4.022811898089485e-05 1.035417689500272e-06
