7.229928895741544e-06 6.023047928843260e-07 -2.989715424978857e-05 2.741820521686481e-06
7.288182468017503e-06 7.436963306773875e-07 -2.954717749203521e-05 3.035743410393217e-06
7.289291338545498e-06 1.407102884759215e-06 -2.966559145755380e-05 4.776375612187770e-06
7.231192394015484e-06 1.548037402619408e-06 -2.999320099164524e-05 4.894081296628334e-06
7.089180128485035e-06 5.435144742275158e-07 -3.064142306241959e-05 2.739214952545597e-06
6.826364259031193e-06 1.074083894764518e-06 -3.164503975418937e-05 3.838084477398927e-06
7.090767121545592e-06 1.606530245066968e-06 -3.063963058120903e-05 4.805238240059514e-06
6.093658484208329e-06 5.339813691616365e-07 -3.036875640945265e-05 4.970968193075970e-06
6.095360049329495e-06 1.607618711640221e-06 -2.979082800653221e-05 1.102946065850308e-06
5.542722953436190e-06 1.070933035977211e-06 -2.774999200674034e-05 2.463198749354822e-06
5.096235787216424e-06 5.395960770461164e-07 -2.839164701092478e-05 8.889320603858137e-07
5.093146515716188e-06 1.607055118407123e-06 -2.859289520811102e-05 3.699727044550163e-06
4.592964746399365e-06 1.075883861730734e-06 -2.936496021720145e-05 2.536306866482360e-06
4.093432924430442e-06 5.487376808428302e-07 -2.684383482660496e-05 5.445040702224210e-06
4.097204892579713e-06 1.598935804164654e-06 -2.756555423584066e-05 9.648639076140761e-07
3.601360997888485e-06 1.072387792274144e-06 -2.524998755257268e-05 4.014030054770095e-06
3.113908946646628e-06 5.519771474823116e-07 -2.478807400743301e-05 5.049529260011650e-06
3.114761708981156e-06 1.591521458501925e-06 -2.401992577277833e-05 3.336372934810037e-06
2.632262033645314e-06 1.071872707207589e-06 -2.490315825431783e-05 3.669589157979104e-06
2.153622739143822e-06 5.625838837148840e-07 -2.325264540989036e-05 6.006173128624341e-06
2.155898669955286e-06 1.581709048138255e-06 -2.327226436029983e-05 1.343831901672763e-06
1.679921114317763e-06 1.071811989768710e-06 -2.166731557941892e-05 3.231567934578140e-06
1.224393923787425e-06 5.936538030889362e-07 -2.041860013207031e-05 3.102766354936189e-06
1.222938084639818e-06 1.551124572291184e-06 -2.014792402353074e-05 2.618178521278715e-06
7.763531826395417e-07 1.071557464318022e-06 -1.918757777739564e-05 3.190305772715905e-06
3.425535108292811e-07 6.167943308927042e-07 -1.751733282979710e-05 4.774290646356793e-06
3.472107045164104e-07 1.520292712517534e-06 -1.714191459242346e-05 2.807943940411514e-06
-7.767225571824163e-08 1.066972285462313e-06 -1.623776455578453e-05 3.485212981897113e-06
-4.769944972206235e-07 6.541684529823382e-07 -1.569595854575517e-05 5.946904463378290e-06
-4.793169619754588e-07 1.482608477444370e-06 -1.618145993426438e-05 1.995838853775002e-06
-8.666322616607526e-07 1.067678298444744e-06 -1.497031908443040e-05 3.768339494051959e-06
-1.223051559579567e-06 7.023233700542223e-07 -1.268768444933070e-05 5.352248181208303e-06
-1.220964188727204e-06 1.430980060036290e-06 -1.306432020588703e-05 2.120435357448658e-06
-1.557721567203983e-06 1.064114803997221e-06 -1.142753899996330e-05 3.345214018376573e-06
-1.856581087686750e-06 7.560204302476012e-07 -1.122310637683870e-05 3.842653369491903e-06
-1.859925652670039e-06 1.373500783108967e-06 -1.074566955619352e-05 2.375209643147038e-06
-2.128326153939871e-06 1.066211635751405e-06 -9.762278409447905e-06 4.318658406941285e-06
-2.357858041224235e-06 8.233390603974748e-07 -8.624889301554389e-06 3.682715990311798e-06
-2.352433942969044e-06 1.297708487298972e-06 -8.473027260991124e-06 1.355665235798695e-06
-2.513596042323530e-06 1.044750131152859e-06 -7.865544562488610e-06 8.262404974847380e-07
-2.630703547153361e-06 8.924902040186962e-07 -7.790728236175865e-06 3.845540625052901e-06
-2.630245212234138e-06 1.223329272577895e-06 -5.930138585468055e-06 3.376627084144761e-06
-2.760842567486032e-06 9.567563196188138e-07 -4.332744068336921e-06 6.671246827326131e-06
-2.754891720385883e-06 1.019019684591399e-06 -4.855569579496840e-06 5.191174344113416e-06
-2.759092603499284e-06 1.178060751412829e-06 -8.802380529640967e-06 6.391751309979057e-07
-2.818952554812322e-06 1.123300788310416e-06 -9.270787786848655e-06 1.779482532378146e-06
8.249950555347834e-07 -2.886020947433107e-07 -1.989468974650780e-05 2.021526898672340e-05
8.319538899419382e-07 -2.983467086006427e-07 2.672708427395553e-05 2.269210068047532e-05
7.994750638284870e-07 -5.488877547281460e-07 4.156899824511430e-05 -1.769044429767658e-05
7.987431970155396e-07 -4.906409539671806e-07 3.426643495401864e-07 1.621137976371776e-05
-2.827783261798552e-06 1.001245286781034e-06 -6.849870339625344e-06 6.104064071858500e-06
-2.851824719904806e-06 1.042262566217461e-06 -6.782686113648297e-06 6.710201746181151e-06
-2.851823639271955e-06 1.075542179864107e-06 -7.113658375108790e-06 1.900422231096157e-06
-2.867179879880228e-06 1.071079781439391e-06 -5.989547354972349e-06 3.906964150718646e-06
7.938508022699150e-07 -2.890159465049693e-07 -5.272370137186670e-05 -9.532449112160474e-06
6.544392440553775e-07 -4.457596430696929e-07 1.189745562070461e-05 -5.929102081524418e-06
8.043633087191088e-07 -4.545303730589544e-07 -2.688388018940584e-05 2.873666695773435e-05
-2.871910949428878e-06 1.070088876487850e-06 -7.139953287493014e-06 3.093367493557130e-06
-2.849213138223953e-06 1.093835905302225e-06 -7.270041351596707e-06 7.479660348253427e-06
-2.813471096493653e-06 1.122117987609632e-06 -5.306166981582707e-06 5.260489406688371e-06
-2.877859157454633e-06 1.061751416100530e-06 -5.349503213491328e-06 3.910422217329198e-06
-2.872310874635316e-06 1.014779918235772e-06 -6.044650716564579e-06 -1.744293336206426e-06
5.136457811672381e-07 -2.479391163679716e-07 3.197592223892371e-06 1.913673401278170e-05
4.822609812786888e-07 -5.294784175372815e-07 -8.057207446702688e-06 -8.451130858244030e-06
3.406042658830087e-07 -4.446712822982717e-07 1.829803116736718e-05 -1.498671893688307e-05
-2.748703141681876e-06 1.148445479330850e-06 -1.727348644600127e-06 2.709733995191772e-06
-2.821155649797893e-06 1.100042330960040e-06 -4.024798362294345e-06 7.587491320218818e-07
-2.840696324112624e-06 1.034650702236282e-06 -4.282912985057294e-06 8.066610166359363e-07
-2.838108388883226e-06 9.284300391815574e-07 -5.601062522135921e-06 -5.167801660792074e-06
1.878173937294021e-07 -2.459217896861598e-07 -6.122049753745306e-06 -3.306427174410852e-06
2.183528737004257e-07 -5.522460203469656e-07 -4.150191004565422e-06 5.468596560883323e-06
2.219511209502885e-08 -4.662960590178215e-07 8.879245649478061e-07 -4.963319028641526e-06
-2.666980316516520e-06 1.148929211794137e-06 -1.061168530411261e-06 4.383527568422076e-06
-2.555567171243290e-06 1.120697307812054e-06 -5.893232224966115e-06 2.153241830141096e-06
-2.756961329000838e-06 1.008817835596628e-06 -2.933280812491155e-06 3.383205381850181e-06
-2.796764053527791e-06 8.300177934635370e-07 -7.083179889829031e-06 3.672120673458954e-06
-1.494594998106447e-07 -1.919251406029449e-07 3.547557512948487e-06 -1.827222789780583e-06
-1.626180592363514e-07 -6.087433921265783e-07 -1.439086634267870e-06 -3.793760631947457e-06
-2.581602520401785e-06 1.031132849868136e-06 -4.760867781679722e-06 2.249303974348166e-06
-2.416271461676920e-06 1.070024176912463e-06 -3.595365962990574e-06 -1.148387267949586e-06
-2.633076051230323e-06 8.858198205988688e-07 -4.677490632525576e-06 5.024840325295263e-06
-2.735018952140014e-06 6.871280289259319e-07 2.846225559368228e-06 -9.493014975216448e-07
-3.760180750607645e-07 -4.359103975138567e-07 1.163497960307943e-06 1.441284708247627e-06
-6.183477348506636e-07 -1.376081114525586e-07 -8.375412696230195e-06 -1.498876753637442e-07
-6.164901730382895e-07 -6.979612961434604e-07 -2.300797257243456e-07 2.314710748424584e-06
-2.277430660935825e-06 9.783513455406512e-07 -1.357025223616106e-06 -1.455647055010924e-06
-2.121037782995871e-06 8.351233690664457e-07 -4.247708116448477e-06 1.268167621189070e-06
-1.963667940133683e-06 6.642569805247982e-07 -5.709903287434314e-06 9.504985636935649e-07
-2.505726541357094e-06 7.160932797361718e-07 -8.680132784784195e-06 9.944175712960154e-07
-2.667689043787400e-06 4.899939020754201e-07 -1.664291639026326e-06 2.004147346442654e-06
-8.123266007942238e-07 -4.065425304828596e-07 3.420698282841070e-06 -4.838847997939677e-06
-1.067674022584558e-06 -6.561540213449810e-08 -1.499733772259261e-06 -7.746561552614068e-07
-1.068911531456062e-06 -7.692850988011978e-07 -3.489082690752080e-06 -2.317351537584643e-06
-2.213321527047502e-06 6.732704872483726e-07 -2.379660279733571e-06 3.120136729270888e-06
-1.831938792715206e-06 4.449544642106442e-07 -6.415467944445240e-06 -6.880310758171553e-06
-1.473209845754359e-06 -1.368189902719001e-10 7.060648691698838e-06 -5.792419549587430e-06
-1.620958884183608e-06 6.995229465554810e-08 -7.657198027614456e-06 3.274403714815080e-06
-1.716302007403327e-06 1.862395712041934e-07 -1.672951196867967e-05 8.496299099078690e-06
-2.410124659276854e-06 4.536952951759247e-07 -7.417863689212763e-06 -3.448459747853858e-07
-2.623697011404214e-06 2.482170268569371e-07 -1.726821424079468e-06 -1.775225550642980e-06
-1.273892134982986e-06 -3.672868376157273e-07 -5.065906820257066e-06 1.008269250844140e-05
-1.431819629197135e-06 -8.151181315560174e-07 -5.744844273259751e-06 4.643101248126589e-07
-1.999506301813869e-06 2.767752992492242e-07 6.828275505161541e-06 2.461662055514958e-06
-1.599745874237644e-06 -1.860600741394770e-07 5.682024327208764e-07 -6.159224279301554e-06
-1.774397669611408e-06 3.191655628030391e-08 -1.198628946937366e-05 6.513417866371866e-06
-2.314590406030878e-06 1.606292203130561e-07 -3.642556529333532e-06 -2.494096495079766e-06
-2.613281024578668e-06 -4.587812312192535e-08 -9.546546171469890e-07 5.183282748030540e-06
-1.567449479486843e-06 -5.759168893875141e-07 1.840938615914958e-06 1.411090860999250e-06
-1.532770539275487e-06 -8.693237757932761e-07 6.049223618569713e-06 -1.678555180319862e-06
-2.032393870479740e-06 -2.270793260561338e-07 -4.436541628992445e-06 -2.350281361896804e-06
-2.638537203074544e-06 -3.706080242437444e-07 -2.605821176556662e-06 3.023303712944859e-06
-2.744800763586957e-06 -7.199766371972875e-07 -8.438038295739960e-06 2.330197798149113e-06
-1.786106058998104e-06 -7.743680725333296e-07 -1.751495587634633e-06 -5.537852307011279e-07
-1.588374332205034e-06 -1.015227217540008e-06 7.533552892202168e-06 -5.639074659431957e-06
-1.635780675727964e-06 -1.464084058983451e-06 2.094759290822335e-06 -5.035561370272723e-06
-2.370249149887115e-06 -7.443806531779486e-07 -3.011989216576359e-06 1.052601186391985e-06
-1.716841689522247e-06 -1.941627509888648e-06 -1.758629530766801e-06 -1.917099576787730e-06
-2.930434271047168e-06 -1.095707260834669e-06 -1.070057756417404e-05 3.849306200073003e-06
-1.989771226982275e-06 -1.468779947858727e-06 -9.018274337005933e-06 -3.225019066419016e-06
-2.606038875039841e-06 -1.495399532823811e-06 5.681097222520533e-06 -8.542198270275290e-06
-1.874535974174021e-06 -2.415338363485084e-06 6.418138684624027e-06 1.162313256362549e-06
-3.231192108690050e-06 -1.486143807321011e-06 -5.848188856233869e-06 4.762782202420250e-06
-3.061339760931592e-06 -1.933661141521156e-06 3.394773769412722e-06 -6.190195174933194e-06
-2.558783994361877e-06 -2.247564037256565e-06 -4.868885757836660e-06 -4.673212398623152e-07
-2.144898480167019e-06 -2.934977975174430e-06 -2.147946673575208e-06 -1.613886369238718e-05
-2.498207870320146e-06 -3.461908511950141e-06 -3.813817968604916e-06 1.797555621286416e-06
-3.664104578232577e-06 -1.888423948879551e-06 -1.121026593166155e-05 -1.279057468538945e-06
-3.403742671450594e-06 -2.502515279886310e-06 -2.140716669082510e-06 -2.484650739007084e-06
-3.068205849031751e-06 -3.269472727867091e-06 -4.690112173657997e-06 1.791254256415005e-06
-2.922060867274343e-06 -3.981920723690802e-06 -4.535520285703497e-06 -1.610914073738227e-06
-4.194809290549292e-06 -2.275947822216908e-06 -5.373903224778395e-06 -1.668917153310856e-06
-4.058966282584323e-06 -3.271005342319465e-06 -2.600975905608810e-06 -7.520139025817747e-06
-3.466416644039474e-06 -4.450616143888630e-06 -3.113564443570168e-06 -1.062768609555765e-05
-4.100618207614717e-06 -4.876669284561404e-06 -6.072386493515711e-06 -2.374865869092234e-06
-4.809903875987547e-06 -5.268740819657189e-06 -1.038687321348344e-05 1.288049642639594e-07
-4.860467931048461e-06 -3.494883225134241e-06 -4.770951689108834e-06 -4.164831563867911e-06
-4.847503354365656e-06 -2.619604875176742e-06 -3.271849635174080e-06 -4.544835340382214e-06
-4.689721385888535e-06 -4.415049320347787e-06 -8.579290133187798e-06 -1.753820956642771e-06
-5.604158281575537e-06 -5.568176736030739e-06 -3.426793436629498e-06 -5.160083204327741e-06
-6.464424748037753e-06 -5.780691946624108e-06 -3.731799286909955e-06 -7.677922969000443e-06
-5.530815623684761e-06 -3.694831569126281e-06 -6.720025336077199e-06 -1.734893807284168e-06
-5.601450979212237e-06 -2.871885139297410e-06 -6.325343049445156e-06 -9.095041792079686e-07
-7.362404582737958e-06 -5.889853596471276e-06 -1.108693894957028e-05 -3.363399960047953e-06
-6.331317101124095e-06 -4.504057944128188e-06 -4.719209006427896e-06 -4.200967414647773e-06
-6.443345604809600e-06 -3.007435732070086e-06 -7.037114626195451e-06 -2.021161712779015e-06
-7.557141168221267e-06 -4.649497879058260e-06 -6.153986766112579e-06 -5.734245174711108e-06
-8.423077461144504e-06 -5.963013769888845e-06 -7.876590020769464e-06 -4.942484793060859e-06
-7.347720428876194e-06 -3.025986064420858e-06 -3.978763647802085e-06 -4.472555314123588e-06
-9.956252806725004e-06 -6.030073658785191e-06 -9.220021946583305e-06 -8.152910616749627e-06
-8.720651058751994e-06 -3.922740184766729e-06 -1.179581811560855e-05 -5.884311068431296e-06
-8.426685283837767e-06 -2.955276438090223e-06 -1.134686191411941e-05 -4.250195737120612e-06
-1.220833704317619e-05 -6.154501993875267e-06 -1.038158390283820e-05 -5.396296402819795e-06
-1.105932155727586e-05 -4.327182107616126e-06 -9.320517067078475e-06 -3.672031913356971e-06
-9.957873363106873e-06 -2.862004704830295e-06 -1.102184817851006e-05 -5.098489208228847e-06
-1.539839844853953e-05 -6.285895355773462e-06 -1.348682798792120e-05 -4.864360325805065e-06
-1.376649170293720e-05 -4.454194484171950e-06 -1.322002551756445e-05 -4.965487946319343e-06
-1.220953065440344e-05 -2.749880450004137e-06 -1.142173028142020e-05 -3.655261389923448e-06
-1.893508226101000e-05 -6.390635711348453e-06 -1.750120783950786e-05 -6.142827351534990e-06
-1.713328801038239e-05 -4.449285332336626e-06 -1.540605300036243e-05 -3.297240588963907e-06
-1.539967537304663e-05 -2.615864185899337e-06 -1.487267575401517e-05 -3.666981082222826e-06
-2.265347335947834e-05 -6.475625695121169e-06 -1.713686055236947e-05 -7.058921952390084e-06
-2.076794132054355e-05 -4.451087532037936e-06 -1.680526590799911e-05 -4.658121203896584e-06
-1.893329839493401e-05 -2.509415302266110e-06 -1.601921942302376e-05 -1.825588831202265e-06
-2.650607919116082e-05 -6.547999670065511e-06 -2.071370231439480e-05 -4.599850862698584e-06
-2.455923275994560e-05 -4.450554926989304e-06 -1.906871273340412e-05 -5.268902361965265e-06
-2.265499041174117e-05 -2.426100692924722e-06 -1.701147803004045e-05 -3.804746032134351e-06
-3.046928965631907e-05 -6.592303484285743e-06 -2.289630689300614e-05 -4.583991918520563e-06
-2.847169797853349e-05 -4.449606914992694e-06 -2.261491841703813e-05 -4.120462286750856e-06
-2.650636760942588e-05 -2.352975249244383e-06 -2.180022815998387e-05 -4.113045998321844e-06
-3.452747698083949e-05 -6.628151865337596e-06 -2.674192076201731e-05 -8.248479595696093e-06
-3.248563410665078e-05 -4.444786521188396e-06 -2.347743338315822e-05 -4.400040306279457e-06
-3.047051242257144e-05 -2.302609035016691e-06 -2.286408538517106e-05 -4.272099757435355e-06
-3.863425220349950e-05 -6.651782278954247e-06 -2.597334581689222e-05 -3.960961355677588e-06
-3.657539960141077e-05 -4.445177393003591e-06 -2.774563221142029e-05 -4.865022326521335e-06
-3.452669797786982e-05 -2.261004350101589e-06 -2.555612619263311e-05 -1.152153213747105e-06
-4.277994802203238e-05 -6.666307007391327e-06 -2.972742193475689e-05 -6.301009532314870e-06
-4.070160880144838e-05 -4.442101115921429e-06 -2.701079860866933e-05 -3.545308609748477e-06
-3.863723023160708e-05 -2.236715040783585e-06 -2.744861091053401e-05 -4.453236082723512e-06
-4.694016855486841e-05 -6.671166913744319e-06 -2.995952284781554e-05 -6.349121758855868e-06
-4.485934768641502e-05 -4.443031689603626e-06 -3.039529705317485e-05 -4.524180774144731e-06
-4.277764697173691e-05 -2.217916244099353e-06 -2.914878183165491e-05 -2.171971258227683e-06
-5.584877241809076e-05 -6.420634403601125e-06 -3.271700911704954e-05 -2.903448282888669e-06
-5.525846041189132e-05 -6.665313387455217e-06 -3.303490305388988e-05 -3.005596333181753e-06
-4.880371997536429e-05 -4.440542000321409e-06 -2.999552270353842e-05 -5.210000299565851e-06
-5.109702836455780e-05 -6.667676766054794e-06 -3.218264449712329e-05 -6.637988262254279e-06
-4.694213821053258e-05 -2.212571614393682e-06 -2.930018897790471e-05 -3.210281933998085e-06
-5.609326025809416e-05 -5.830125103137556e-06 -3.255432114713992e-05 -2.901246982443917e-06
-5.469621022329100e-05 -4.439015564670942e-06 -3.382742070213501e-05 -3.847805876214750e-06
-5.109716111368535e-05 -2.211076008625847e-06 -3.287925600934566e-05 -3.127597545190395e-06
-5.609246283528881e-05 -3.048483722022359e-06 -3.238632116420930e-05 -4.751937582365510e-06
-5.525773053787537e-05 -2.213528905091498e-06 -3.312895088898982e-05 -5.034942186753954e-06
-5.584796114112509e-05 -2.458144570294908e-06 -3.261366745461565e-05 -5.011080131693882e-06
