6.877134026694004e-05 -1.046092690343154e-05 -4.387609953343831e-06 2.941717705608222e-06
6.902152343839659e-05 -9.858527478626718e-06 -4.574664353073677e-06 2.683455196050009e-06
6.902079954094750e-05 -7.016411513750343e-06 -4.577280152829513e-06 1.026273387249484e-06
6.877055368193318e-05 -6.414013202776894e-06 -4.391329871687865e-06 7.741196036998387e-07
6.816766665758439e-05 -1.071014151614020e-05 -3.971501336461617e-06 3.000200180026365e-06
6.703366370832569e-05 -8.437047785221413e-06 -3.348938329535510e-06 1.844738407739498e-06
6.816682097336124e-05 -6.164784365818965e-06 -3.978447400781174e-06 7.179448583267799e-07
6.392067542093223e-05 -1.069992506553773e-05 -3.540199972178479e-06 1.554994458810712e-06
6.392057471773595e-05 -6.174122794085306e-06 -3.603582844900634e-06 2.094367607114588e-06
6.158812342570410e-05 -8.438013530702411e-06 -4.863286038787139e-06 1.703216166332128e-06
5.969475847331974e-05 -1.070171970399585e-05 -5.423978945817197e-06 2.427267363484716e-06
5.969662945244195e-05 -6.177735627035516e-06 -5.130128377801570e-06 3.036535453023837e-07
5.758300343292508e-05 -8.440598567868064e-06 -5.634914062714579e-06 9.226787271391967e-07
5.547052430502935e-05 -1.070259324020229e-05 -5.755793277704231e-06 2.612486915759148e-06
5.547007018358348e-05 -6.178010357757246e-06 -5.803409101988213e-06 -8.758095713335984e-07
5.336087917782976e-05 -8.439668147524251e-06 -5.994334465916413e-06 1.132113753543735e-06
5.125840059016139e-05 -1.069167281774443e-05 -5.097217465581318e-06 2.566018096754088e-06
5.126135521606104e-05 -6.189841556185886e-06 -6.843342116167262e-06 1.880214953869428e-06
4.916568341076391e-05 -8.441868866703843e-06 -5.493170480201564e-06 3.163788369209310e-06
4.707930569779271e-05 -1.067794805892762e-05 -5.214977689226012e-06 1.339594458225647e-06
4.707920640584177e-05 -6.204732466433698e-06 -4.869563928783324e-06 3.872424606520338e-06
4.499397670066610e-05 -8.440820578959403e-06 -5.370977597197620e-06 1.866077868022208e-06
4.291114412714008e-05 -1.066629604869164e-05 -6.185513459448520e-06 -2.541560938402430e-07
4.291254994524244e-05 -6.214637651570781e-06 -5.857692908086878e-06 2.505892553621125e-06
4.083610627135494e-05 -8.440572107180417e-06 -6.812395059105108e-06 7.591868751732085e-07
3.877804318329440e-05 -1.064184060951163e-05 -5.748706963852566e-06 2.522705940524906e-06
3.877809004866338e-05 -6.239191986063790e-06 -6.583607169066142e-06 -1.840887713283849e-07
3.672617259354497e-05 -8.441593594645088e-06 -5.502556360876919e-06 1.851090012301559e-06
3.467989569963834e-05 -1.062938108232838e-05 -5.483839013401809e-06 2.854455403847015e-06
3.468126022168479e-05 -6.256492873715180e-06 -5.044057142722581e-06 1.372093419157119e-06
3.263781334824566e-05 -8.442881932826934e-06 -4.811001496292356e-06 2.209553794549901e-06
3.060893373833108e-05 -1.061120211443828e-05 -4.786285821997368e-06 4.509302095048371e-07
3.060686064310187e-05 -6.272516668894944e-06 -5.347500746149025e-06 3.923275613380107e-06
2.858700410496327e-05 -8.441605559005630e-06 -4.869764336609799e-06 1.594021280751230e-06
2.657656663953695e-05 -1.059650232324859e-05 -4.846868823583283e-06 6.298983987184994e-08
2.657917965518454e-05 -6.291494883575196e-06 -3.587807758885679e-06 1.299066605801464e-06
2.465491850922713e-05 -8.444713807034321e-06 -4.188197403918768e-06 -1.629051625567673e-07
2.274821662799683e-05 -1.056752797493571e-05 -3.597241805760267e-06 1.104353264983980e-06
2.274413330103102e-05 -6.321086815125604e-06 -5.012592489001566e-06 1.109548372676964e-06
2.131666775832939e-05 -8.607731510042321e-06 -4.537096010341297e-06 1.745784221378402e-06
1.987059958357376e-05 -1.054256889217725e-05 -5.478455859910723e-06 1.345882503815076e-06
1.987208865264229e-05 -6.349140105307014e-06 -4.536057396544237e-06 1.706175799967145e-06
1.780751426394304e-05 -1.051587452881989e-05 -4.196120061736429e-06 2.093269059130550e-06
1.820253814851213e-05 -9.155321033688102e-06 -4.967978459418674e-06 1.089333748617502e-06
1.781103292536768e-05 -6.372336911541421e-06 -4.590244596531609e-06 1.154127479027321e-06
1.632836221145526e-05 -6.393072239929744e-06 -3.765867392884090e-06 1.674615548588769e-06
-2.663646368050002e-06 6.077213264315608e-09 -5.609351402978702e-06 -6.724942925931030e-06
-2.714228178763342e-06 1.060132040581085e-07 1.837183244723443e-05 -1.028910395609699e-04
-2.727285990391320e-06 7.112259577500568e-07 -2.065337459640820e-05 5.238276801734974e-05
-2.681521465158277e-06 7.884395124264002e-07 -1.965889866872685e-05 -4.065950088309818e-05
1.632493522637142e-05 -1.049687084312322e-05 -8.109458928732751e-07 2.272786239734252e-06
1.499043744219062e-05 -1.040165314917298e-05 -2.419184394109197e-06 2.939435553969415e-06
1.602141748032562e-05 -7.934939431876178e-06 -3.080490898336056e-06 2.227789065867875e-06
1.498101576061062e-05 -6.298813550411799e-06 -5.194573528145894e-06 1.806270116986721e-06
-2.552557856612259e-06 -2.860365296233267e-08 -1.489155837510386e-05 1.493210227166127e-05
-2.372833758210640e-06 4.611114739622131e-07 3.709380266023657e-05 3.166767130254968e-05
-2.583980414905474e-06 8.167612911880996e-07 -6.381715883911018e-05 -6.490200747252489e-05
1.456159252039013e-05 -9.139186535870345e-06 -3.849103207988921e-06 3.292459300165497e-06
1.368727410319520e-05 -1.014962856095668e-05 -5.111456380003459e-06 3.144040311256524e-06
1.243276182566278e-05 -9.761364361241880e-06 -5.834865901744016e-06 1.072033205661186e-06
1.415658174899900e-05 -7.411184423560957e-06 -4.815233733146525e-06 1.808775412063494e-06
1.370112589615963e-05 -5.989944879133464e-06 -4.177609593890400e-06 8.138171649117347e-07
-1.692794505757777e-06 -3.821336352405557e-08 -7.448035204412285e-06 -1.391857955976411e-05
-1.685112576249489e-06 8.564001951133967e-07 -8.092780237929131e-06 4.369788097307184e-06
-1.233550328135008e-06 4.283758082656860e-07 1.360805456330398e-05 6.749422834073674e-06
1.124577436983227e-05 -9.233665809093283e-06 -4.797374265931033e-06 -6.114805426925279e-08
1.226206789476840e-05 -8.458454811703457e-06 -5.187353844620876e-06 -2.797589427470740e-07
1.269342090729778e-05 -6.833923697062743e-06 -3.604167664990906e-06 1.023494618651240e-06
1.251960662433292e-05 -5.472973972464987e-06 -3.260976034439401e-06 6.423796080394626e-07
-7.471882152755510e-07 -1.466382178131132e-07 -1.292444993906024e-05 -2.565577160749350e-06
-7.531591562498040e-07 9.238995395300250e-07 1.411863622485523e-06 -7.845552837682954e-06
-1.782877312344704e-07 4.336375016816312e-07 1.157521518917036e-05 -8.590216714977539e-06
1.013604722142022e-05 -8.590672104173884e-06 -4.300694868653066e-06 1.180816482595597e-06
9.112960990812341e-06 -7.829431827916177e-06 -4.550483740504986e-06 1.522915625507873e-06
1.118545867972505e-05 -6.580324553974056e-06 -3.200936424002786e-06 1.687762210054034e-06
1.145579970852401e-05 -4.760555436563131e-06 -4.240355073882832e-06 1.302002677582014e-07
4.563814285944157e-07 -3.017909969523566e-07 -3.118979602796386e-06 9.337669908201823e-06
4.653268576556473e-07 1.065581294661402e-06 -3.411005127990127e-06 1.448980707812367e-05
9.368957743414596e-06 -6.657084913808509e-06 -4.044019648134403e-06 1.831249989816189e-06
8.201954073522829e-06 -6.961124540997672e-06 -3.138830775440338e-06 1.352317431962381e-06
9.797204916532074e-06 -5.336365610330330e-06 -4.171692714058928e-06 1.408295743937162e-06
1.054131491275076e-05 -3.897229927373101e-06 -5.507956838185776e-06 9.691135609789880e-07
1.165724348861752e-06 4.177188730423716e-07 -9.929985094055884e-07 -2.667855429940196e-05
1.982171525299602e-06 -5.300424889131713e-07 6.293285771845333e-06 7.196322738483426e-06
1.991428164103864e-06 1.348475883545662e-06 -1.674300814612689e-06 9.769772973239797e-06
7.399591423408149e-06 -6.007820267772531e-06 -1.569004006642446e-06 1.498501211263753e-06
6.730423888101950e-06 -4.995969085035412e-06 -1.965239807076733e-06 1.124540705459304e-06
6.177962013292883e-06 -3.915344894167265e-06 -4.036792514349399e-06 -1.514590625009981e-07
8.920291574894921e-06 -4.150773578419356e-06 -3.846940143530180e-06 1.470195421904990e-06
9.813059680387833e-06 -2.915735864493452e-06 -2.000915927236660e-06 9.413155575966020e-09
2.663478976638959e-06 4.129002809356466e-07 -1.990211084540344e-06 9.981530057033278e-06
3.493763448344150e-06 -7.637173337400488e-07 -3.307998545740943e-06 -1.503310142209342e-05
3.489113954346548e-06 1.607320619606235e-06 -5.027155432836544e-07 -9.915013730309128e-06
7.311716404782062e-06 -3.918563252636922e-06 -1.791660192076001e-06 8.439009657007437e-07
5.748220418974755e-06 -2.785714416171741e-06 -6.002109962103651e-06 -3.566988000554799e-06
4.844409035138529e-06 -9.633768395978711e-07 -5.008895081145134e-06 -4.232675568760272e-06
5.240341910036580e-06 -1.170970673580887e-06 -5.204378681834181e-06 7.538510159232592e-07
5.457568364059920e-06 -1.595299679038598e-06 -6.481481293781644e-06 2.034112103259137e-06
8.311765826201317e-06 -2.772473612836341e-06 -3.824329077999716e-06 -5.386601050117099e-07
9.284825980028768e-06 -1.840892944698932e-06 1.023077722755247e-06 3.915936987727508e-06
4.222264309001679e-06 2.404282122422243e-07 5.921511845107713e-07 2.759878702355017e-06
4.821274025331873e-06 1.810993191280933e-06 -2.820976622936359e-06 -6.309808550799212e-06
6.532442173703962e-06 -1.978143264795831e-06 -9.516938540464116e-07 1.475334403127889e-07
5.262612108682585e-06 -3.479774069404516e-07 -9.451863727722455e-07 4.723750161540510e-06
5.731128175903375e-06 -1.029098771660531e-06 -2.773167780622651e-06 3.849925605680414e-06
7.864809633074086e-06 -1.509694175255500e-06 -3.269445756556176e-06 -8.020213741689757e-07
8.962525016499642e-06 -7.230606922566920e-07 -1.590554271409069e-09 4.069471438702215e-06
5.279673973383043e-06 9.960030129584889e-07 -3.484386913401942e-06 3.907709769663806e-07
5.199803030131785e-06 2.010635245239039e-06 -5.367731461343680e-06 -7.451556405993022e-07
6.762552713160285e-06 -9.076326109426558e-08 -3.022092502236553e-06 -3.852447183240683e-06
8.858793622011611e-06 4.097304010398624e-07 -3.069651380869812e-06 -4.967930300366389e-07
9.013961636164549e-06 1.533875109585264e-06 -4.401991147634180e-06 -2.329485144259892e-06
6.065126880502037e-06 1.717770146840566e-06 5.741105467909509e-07 1.079305262279697e-06
5.410456645911160e-06 2.449457558988251e-06 -5.549211456596347e-06 4.447283696840120e-06
5.671689268697947e-06 3.691463848879847e-06 -7.429419492075265e-06 -6.330741077305443e-07
7.865560008104761e-06 1.661580572451319e-06 -2.121205386933318e-06 -3.686293036316067e-06
6.081168186498242e-06 4.928301282026167e-06 -4.991340373353437e-06 -3.977237293831407e-06
9.415656596324815e-06 2.685352715976054e-06 -4.248487356167759e-06 9.086601049790930e-07
6.788474444433232e-06 3.724652173058900e-06 -2.471376601555255e-06 -3.710801426850100e-06
8.455661171298235e-06 3.820929105043978e-06 -1.941629564369691e-06 -2.500555383640885e-06
6.651324158007748e-06 6.121677989618103e-06 3.757593247136081e-07 -3.652174554412855e-06
1.004173933669028e-05 3.819592087395197e-06 -3.942760807156200e-06 -5.278880700506981e-07
9.545695400671492e-06 4.969470882189286e-06 -3.648931496223816e-06 -4.095312253132794e-06
8.352554049635713e-06 5.700923567247285e-06 -4.118906778910067e-06 -3.062815427241478e-06
7.364742788789103e-06 7.283936703444626e-06 -2.356156669546592e-06 -4.036878156455084e-06
8.251300922106363e-06 8.388843295265924e-06 -2.621369013746736e-06 -3.291131900874509e-06
1.090291718664345e-05 4.886162602647480e-06 -4.411767820395591e-06 -5.267516586186414e-06
1.029488783189741e-05 6.289830769566738e-06 -4.530931862864382e-06 -3.937522374851245e-06
9.578741912354836e-06 7.956212852030185e-06 -3.710236369104607e-06 -2.747428181543188e-06
9.271268508530422e-06 9.420850129288724e-06 -2.595639939245692e-06 -2.648546602136064e-06
1.197631043114740e-05 5.844526170880871e-06 -3.970046419080023e-06 -4.388539648576458e-06
1.166144999789839e-05 7.958248313251274e-06 -3.479304121871488e-06 -3.388047204139263e-06
1.043995187458915e-05 1.033604954687545e-05 -2.966366950062208e-06 -2.446257829571470e-06
1.173796202073299e-05 1.112788196650545e-05 -4.947897372201233e-06 -4.749576486514799e-06
1.314147212452489e-05 1.179272842649132e-05 -6.473020732111209e-06 -6.072703453615666e-06
1.325415535087920e-05 8.419076166673731e-06 -4.369092984701796e-06 -4.226652562639992e-06
1.324117210791744e-05 6.650931988090743e-06 -3.766312858227756e-06 -2.745932599337604e-06
1.293070761415895e-05 1.020947567619190e-05 -5.758881706515500e-06 -4.878040916740336e-06
1.465307701724869e-05 1.228524377984651e-05 -6.987560385749197e-06 -6.958836330012185e-06
1.624697171124119e-05 1.261299415816667e-05 -7.328051599863629e-06 -6.915974156674755e-06
1.454900129774926e-05 8.817066225816918e-06 -5.805640613525689e-06 -4.771870558399659e-06
1.467320262078310e-05 7.238853241484524e-06 -5.466478059830560e-06 -2.576871332546604e-06
1.788360414051849e-05 1.275288427999290e-05 -8.600426576494826e-06 -6.429298624350880e-06
1.604061629689543e-05 1.031066883111014e-05 -6.974508887248417e-06 -4.931676030592912e-06
1.623335752513691e-05 7.585300969055533e-06 -7.024279565774757e-06 -3.239180438228361e-06
1.823950547362189e-05 1.056701009064078e-05 -8.212994828047906e-06 -4.542107852852351e-06
1.972716731001141e-05 1.280666640733795e-05 -9.183590497833654e-06 -5.996329700488120e-06
1.786638898796072e-05 7.684702994790528e-06 -6.825383288875488e-06 -2.660522979769600e-06
2.230785251945476e-05 1.286075469421838e-05 -8.080906315168677e-06 -6.334664449683461e-06
2.024729067061055e-05 9.312498185799371e-06 -8.276446326987849e-06 -3.701095262456015e-06
1.972233280630574e-05 7.632305988182950e-06 -7.947576558834174e-06 -2.391003841717957e-06
2.597359536290173e-05 1.294809282034047e-05 -9.047178503544541e-06 -6.217155196721609e-06
2.413549192250886e-05 1.000426068996969e-05 -8.615493696730813e-06 -4.529087594268849e-06
2.231358052436416e-05 7.559472867554652e-06 -8.284015799469318e-06 -2.497015957575946e-06
3.095824331758167e-05 1.305003368669688e-05 -1.391571123643654e-05 -5.845662843030879e-06
2.843729239457226e-05 1.022506425601888e-05 -1.187994579355433e-05 -3.896954561334967e-06
2.596660840238595e-05 7.481642714742979e-06 -1.036816871948810e-05 -3.462592690757422e-06
3.631798406157563e-05 1.312908461979650e-05 -1.418766232521655e-05 -6.427278421567477e-06
3.361433565575970e-05 1.022531694720827e-05 -1.368711372111700e-05 -5.337107322535799e-06
3.096079866406339e-05 7.402496447235487e-06 -1.244711166489267e-05 -4.179004380508358e-06
4.180690451583632e-05 1.319605839938477e-05 -1.781146623917051e-05 -5.246069656727652e-06
3.904061134890506e-05 1.022354393792214e-05 -1.656448051930341e-05 -3.973892149565104e-06
3.631714374278680e-05 7.319379854681972e-06 -1.549726797677047e-05 -2.706882420808397e-06
4.743760271698412e-05 1.326501929616721e-05 -1.938905315175839e-05 -7.683101955392661e-06
4.459935105611910e-05 1.022410921721366e-05 -1.825416040481605e-05 -4.802346705798595e-06
4.180746612670186e-05 7.250575188381388e-06 -1.748413704862814e-05 -3.774305475257938e-06
5.317918682213122e-05 1.332499747836342e-05 -2.200842601848493e-05 -7.653706133435217e-06
5.029189104493296e-05 1.022752895900287e-05 -2.029653658531912e-05 -4.871871026475682e-06
4.743571118377189e-05 7.187134670510406e-06 -1.920505527476690e-05 -2.217085855801963e-06
5.901441295665020e-05 1.337534197408613e-05 -2.741807970539361e-05 -4.442164770244296e-06
5.608032525120198e-05 1.022809281719643e-05 -2.530065360303479e-05 -4.303381049634558e-06
5.317970669798756e-05 7.130563165686853e-06 -2.251875349368738e-05 -1.499666828678602e-06
6.493619528414336e-05 1.340955922220348e-05 -3.083695190815251e-05 -7.015161021073099e-06
6.196414084349532e-05 1.022919495835881e-05 -2.883883272813727e-05 -4.844785593385165e-06
5.901281862266205e-05 7.082715953108915e-06 -2.698020107631335e-05 -4.663728950305815e-06
7.090840413518385e-05 1.343674272843397e-05 -3.240710458378251e-05 -7.327941089311393e-06
6.791656566636014e-05 1.022551101269747e-05 -3.186342917657524e-05 -4.856732622538470e-06
6.493971623208451e-05 7.044420047517895e-06 -3.100054234435046e-05 -2.738435581531380e-06
7.690680505289230e-05 1.345515492957627e-05 -3.588975940103184e-05 -6.244636414769946e-06
7.390036765048909e-05 1.023167663222883e-05 -3.364423950824534e-05 -5.034413020987096e-06
7.090362379043196e-05 7.020461049342346e-06 -3.223915232304158e-05 -2.567085820976614e-06
8.982027754741591e-05 1.309093118276523e-05 -4.476892202820478e-05 -6.780197090793362e-06
8.896568593948642e-05 1.344483048405311e-05 -4.410460722688512e-05 -6.916188450915110e-06
7.961001453687270e-05 1.022731133135167e-05 -3.892151614108249e-05 -4.808986840293994e-06
8.293974701011049e-05 1.344580098303053e-05 -4.205235959700071e-05 -5.130084674380939e-06
7.690982421806052e-05 7.005222233699562e-06 -3.602623466512989e-05 -3.649683364135575e-06
9.017426046533659e-05 1.223649891606453e-05 -4.505287212794239e-05 -6.285437667642685e-06
8.815107003583888e-05 1.022258996786817e-05 -4.326887106616363e-05 -4.541668039910823e-06
8.294091766684039e-05 7.002686304017327e-06 -4.211456747722692e-05 -4.177073230332865e-06
9.017347229624303e-05 8.209378815095075e-06 -4.503137435403043e-05 -2.813664922120358e-06
8.896520945686501e-05 7.001606441179503e-06 -4.409978475232032e-05 -2.211161429666867e-06
8.981954478613418e-05 7.355337568885650e-06 -4.475114445219922e-05 -2.338027995203409e-06
