-8.444525304199351e-05 1.233874824340168e-05 -3.875717709186748e-05 4.141303239283697e-06
-8.475992706671093e-05 1.157964023174885e-05 -3.870683159408147e-05 3.951708547206580e-06
-8.475981315077456e-05 8.001880060092431e-06 -3.869354178904689e-05 4.181853114047412e-06
-8.444515471574645e-05 7.242859584671440e-06 -3.874435467820611e-05 3.993246664506675e-06
-8.368570661957590e-05 1.265312140882321e-05 -3.882397398428757e-05 4.307520634999705e-06
-8.226034040324483e-05 9.790666122109975e-06 -3.870971779266299e-05 4.062722845451660e-06
-8.368566826259224e-05 6.928522080219291e-06 -3.881403015206849e-05 3.826258186885319e-06
-7.833479006882491e-05 1.265210497188024e-05 -3.511966516971742e-05 6.847299100886436e-06
-7.833526042362792e-05 6.929232173707986e-06 -3.510046719124394e-05 1.034998901554054e-06
-7.538806991043999e-05 9.790633097829943e-06 -3.425130478020769e-05 3.702436588431207e-06
-7.299635936384032e-05 1.265342756596216e-05 -3.459256407607579e-05 5.045361977393638e-06
-7.299582429771719e-05 6.926909316994577e-06 -3.439484252468416e-05 1.984171666810719e-06
-7.032633319465434e-05 9.790201654849658e-06 -3.411071382984660e-05 3.312546680588084e-06
-6.765872263601637e-05 1.264863927652414e-05 -3.214231970276178e-05 5.705915843089391e-06
-6.765759432299963e-05 6.931123202710264e-06 -3.283243963756225e-05 1.577227550321927e-06
-6.498850620989585e-05 9.789583252249456e-06 -3.003559755581444e-05 3.866086277705214e-06
-6.232161816179846e-05 1.264197648237694e-05 -2.862976470578811e-05 6.117138760640557e-06
-6.232047819570523e-05 6.936042552820564e-06 -2.932538834821830e-05 2.366498004152197e-06
-5.965750483684563e-05 9.788433201900154e-06 -2.810477886305016e-05 4.542709116982855e-06
-5.700602655691342e-05 1.262628609648355e-05 -2.785368417144404e-05 5.307715859172935e-06
-5.700341192194840e-05 6.948201111417963e-06 -2.796408302544858e-05 3.425393958781322e-06
-5.435394735591799e-05 9.785931861260614e-06 -2.574288464161258e-05 3.641933610519614e-06
-5.170906510767878e-05 1.260885403511055e-05 -2.412736968722176e-05 3.296123483618799e-06
-5.170923187855760e-05 6.963631480298524e-06 -2.411390053246350e-05 3.097400974638160e-06
-4.906965375321487e-05 9.785445117897297e-06 -2.257768214421987e-05 3.254324371094964e-06
-4.645482323846827e-05 1.257303633721876e-05 -2.063056751422024e-05 4.712430288856050e-06
-4.645211864964090e-05 6.994789110389132e-06 -2.120707499333724e-05 2.832945685815827e-06
-4.385033893872590e-05 9.782526890720140e-06 -1.937379899043525e-05 4.565746387241052e-06
-4.126829289406542e-05 1.253772746923345e-05 -1.889392289458126e-05 5.520378331511029e-06
-4.127104443758791e-05 7.031804869834995e-06 -1.808206936328646e-05 2.802757232704406e-06
-3.870302508308246e-05 9.786736630987252e-06 -1.802529181701249e-05 4.036555339592066e-06
-3.617174871894300e-05 1.248803505994849e-05 -1.596018856128755e-05 6.009373249243285e-06
-3.616854040035663e-05 7.080986786930625e-06 -1.719652953444995e-05 2.018165664494291e-06
-3.365330013799829e-05 9.781949616678522e-06 -1.428989974154649e-05 3.987912504654014e-06
-3.116119414444764e-05 1.244066455873007e-05 -1.341322282402847e-05 3.317189023331683e-06
-3.116573408331314e-05 7.125445065068374e-06 -1.157220249182712e-05 2.256037943927189e-06
-2.878877455925043e-05 9.783931364841071e-06 -1.093604208656016e-05 3.075442371166810e-06
-2.645719994508799e-05 1.237550403725643e-05 -8.697699323727680e-06 5.185066512749981e-06
-2.645099886616883e-05 7.189601867554558e-06 -1.094720580703819e-05 3.636023540813885e-06
-2.471731291730035e-05 9.980537291869232e-06 -9.507906930998956e-06 5.381216013103677e-06
-2.297360637640854e-05 1.232398261814749e-05 -9.045466417450554e-06 6.060965540214575e-06
-2.297504360249267e-05 7.242988929993925e-06 -7.186725504617925e-06 2.768628663469857e-06
-2.049111823717571e-05 1.227300158644910e-05 -4.926899635264604e-06 6.016065681057926e-06
-2.096056243169111e-05 1.063869672615964e-05 -5.724242676786537e-06 3.633975678990082e-06
-2.048330376157698e-05 7.279956838876985e-06 -7.818180452802520e-06 1.920868353119187e-06
-1.870622371303209e-05 7.318369185393620e-06 -6.088564155831852e-06 3.295444054966768e-07
2.963346564819938e-06 -3.026268458751141e-08 -3.760552572396429e-05 2.827317141387794e-05
3.033570237640444e-06 -2.193636714799599e-07 -1.416219493000291e-05 -2.770669121119383e-05
3.070570794187068e-06 -6.770055852094219e-07 -2.370666694586670e-05 -4.885443573486077e-05
3.015921369829112e-06 -8.244478591926642e-07 -2.257669804504815e-05 -3.157036847686045e-05
-1.870649654690519e-05 1.223345679656247e-05 -5.275936257124479e-06 7.459673192526112e-06
-1.711993184452204e-05 1.210771003276970e-05 -6.052171732295377e-06 5.984455334460032e-06
-1.833515980924448e-05 9.164347768266254e-06 -6.299365954175400e-06 4.232623013828376e-06
-1.710619287368852e-05 7.217888596899140e-06 -4.718572057608928e-06 -1.651263954553060e-08
2.799145552937423e-06 4.646780297725764e-08 -8.793836561061441e-05 4.825213048804865e-05
2.565769588141640e-06 -4.555447442217796e-07 6.562719923740565e-05 1.775772372771531e-05
2.874868663069285e-06 -8.865233618228995e-07 -3.519057771557875e-05 7.479556238765194e-07
-1.660608950535105e-05 1.059938183341922e-05 -5.252234334061986e-06 6.377434260716386e-06
-1.556594012645399e-05 1.180025864880837e-05 -5.055107407622428e-06 4.972984393235751e-06
-1.407525713238849e-05 1.133543155288229e-05 -3.419038389883127e-06 5.196803632419925e-06
-1.612741601311903e-05 8.545204420191553e-06 -4.438039109907721e-06 2.786091319035198e-06
-1.558522694452635e-05 6.855564809987295e-06 -3.800030192248550e-06 1.358747205527338e-06
1.872568529877975e-06 4.765160571884414e-08 -8.057154512927893e-06 -2.266744327146824e-05
1.845904778833082e-06 -9.346043611246776e-07 -1.912119922106075e-05 4.684661789605785e-06
1.352834943352516e-06 -4.158476184899902e-07 1.412545299468270e-05 1.871237210140913e-05
-1.267474206578888e-05 1.070119445090585e-05 -3.110554563608521e-06 5.018754989248324e-06
-1.387107942507700e-05 9.789052543007514e-06 -4.457682916699094e-06 3.616507496025254e-06
-1.438292556241145e-05 7.859016735371380e-06 -5.494643033176365e-06 1.945042340450196e-07
-1.417092789013340e-05 6.252925812069092e-06 -5.290267936589317e-06 2.398958987440561e-06
8.010789168684819e-07 1.359054602485503e-07 -2.728859098539368e-06 -1.595803470279212e-06
8.053576944074610e-07 -1.018941917022371e-06 -5.099106105060129e-06 -1.223468571278400e-05
1.842302531388725e-07 -3.926353500218002e-07 5.675794612600381e-06 1.462895686467510e-05
-1.136758737627293e-05 9.927067329416424e-06 -2.195626060162836e-06 2.661769281074425e-06
-1.017659517405712e-05 9.026889816149967e-06 -1.119579838473479e-06 4.447292252968730e-06
-1.259778377475885e-05 7.555745450884273e-06 -5.490945985854946e-06 -1.150300205422019e-06
-1.291145393930207e-05 5.427835113906102e-06 -4.605545531454224e-06 2.957528295135449e-06
-5.193675033025319e-07 3.376076887160102e-07 -1.191263839234847e-07 -8.433076554463874e-06
-5.367029186368082e-07 -1.225269277070962e-06 -4.753147605573528e-06 -1.312833216918751e-05
-1.047870677471051e-05 7.646545554964130e-06 -1.375392392867941e-06 3.892888336209087e-06
-9.120038653571279e-06 8.003134680424251e-06 -1.724557015474575e-06 5.637628932816629e-06
-1.097794807327085e-05 6.102337412469427e-06 4.142897966983113e-08 3.317002074779228e-06
-1.184389417876735e-05 4.435039830262361e-06 -4.222476168172421e-06 1.931912916094268e-06
-1.294089404196801e-06 -4.121357609636001e-07 5.894822185427000e-06 1.399364210009937e-05
-2.234320099414226e-06 5.976326128667046e-07 -6.362031982139593e-06 -7.945604440695191e-06
-2.217139205716753e-06 -1.492814061571947e-06 8.876754813056953e-07 -8.123642342667275e-06
-8.192263768372411e-06 6.878628527423702e-06 -1.974133445172497e-06 2.770204368127741e-06
-7.430596249797982e-06 5.703396038165488e-06 -6.294981250063992e-07 2.653007200876413e-06
-6.814942096168556e-06 4.457180423079038e-06 1.880903584309820e-06 2.511724431921026e-06
-9.953705301421033e-06 4.725125774843381e-06 8.275332556489347e-07 2.281849836788843e-06
-1.098334293785858e-05 3.303501452403327e-06 -3.885564435461810e-06 4.416516050272942e-07
-2.962839709367798e-06 -4.444955905546320e-07 -5.322918788409664e-06 1.047632661746972e-06
-3.863987237011739e-06 8.982226118752857e-07 2.310888496824379e-06 6.978542357725107e-06
-3.863988732843597e-06 -1.753100012419253e-06 8.128418910183556e-06 9.591310081005658e-08
-8.104294334674766e-06 4.454251681053238e-06 -3.054476037028265e-06 1.287863220929555e-06
-6.344483961288747e-06 3.166687811426799e-06 1.127355358481954e-06 5.580018543077680e-07
-5.375010008067530e-06 1.113554358642077e-06 -5.239347986775732e-09 9.964530983122861e-06
-5.804988919868049e-06 1.337146773458176e-06 -1.819027595443696e-06 8.726103385901976e-06
-6.035972713672166e-06 1.808831030648382e-06 -2.825336428943091e-06 5.607611302538772e-06
-9.243842442722561e-06 3.139263455343985e-06 -2.603043088386054e-06 2.205680727081233e-06
-1.035203865986071e-05 2.087139432128802e-06 -2.810249459581152e-06 8.272067654860795e-06
-4.693626856138300e-06 -2.480138323733468e-07 -1.698759047283753e-06 -3.818689396477992e-06
-5.370706115425437e-06 -1.961305209868766e-06 -1.285623452363204e-05 1.778797074917072e-05
-7.248020150690381e-06 2.239214422279601e-06 -3.940095331967998e-06 -6.174549696433523e-07
-5.840043476965278e-06 4.124531506247690e-07 -4.370471346758009e-07 -6.531715113031413e-07
-6.351904165746318e-06 1.171850513040196e-06 -4.148945752522022e-06 4.014316384918112e-06
-8.738213453397488e-06 1.719260586127236e-06 5.975071691889263e-07 1.386950151150815e-06
-9.963385478785163e-06 8.344470730300536e-07 9.418582383448012e-07 2.644023999037878e-06
-5.862005256572562e-06 -1.078665936787702e-06 2.074351042585963e-06 -2.914828891651182e-07
-5.787072871776701e-06 -2.189608120512744e-06 -1.248107355837291e-05 1.471956005558181e-05
-7.503192108905517e-06 1.260055601466711e-07 -8.520547561431183e-07 -5.066765307829218e-06
-9.820981851509248e-06 -4.230487912622127e-07 -1.882478224601546e-06 6.870151974723384e-06
-9.961626155387483e-06 -1.662246731747666e-06 8.411257234072558e-07 4.973628618253206e-06
-6.742258211323627e-06 -1.882366315256570e-06 1.547111891802079e-07 -1.831565468432628e-06
-6.025860504952818e-06 -2.678726896963051e-06 -1.679974332084045e-05 8.258279570898295e-06
-6.319020915523617e-06 -4.016870757453331e-06 -9.560435936969643e-06 -2.594201170161823e-07
-8.710337039999159e-06 -1.811597442200599e-06 -5.043272522695251e-06 5.152994946468388e-07
-6.783363354474727e-06 -5.333918159693842e-06 -1.095247889372461e-06 -5.693922379062270e-07
-1.037693611783510e-05 -2.934889973170836e-06 7.554158452685714e-06 1.822869453331042e-06
-7.540279922661373e-06 -4.052222205905903e-06 2.731442119758677e-06 -2.323099411984264e-06
-9.346259631730532e-06 -4.159153522051603e-06 -4.643966867680785e-06 3.015677088742516e-06
-7.424498600268656e-06 -6.606333294733238e-06 -2.291734478525420e-06 -3.827993060836223e-07
-1.103462990650435e-05 -4.170543308150659e-06 3.106962208884930e-06 -4.383922581741603e-06
-1.050248757991173e-05 -5.390674420140255e-06 -4.692537778251428e-06 3.603981911768546e-07
-9.233032831257511e-06 -6.164867448991806e-06 -1.429785882512970e-06 -2.358959020163047e-06
-8.187463126413673e-06 -7.827373328347958e-06 -3.396914185965289e-06 5.491554770985095e-06
-9.131110257298718e-06 -8.983743270061210e-06 -1.014723026424778e-06 -3.163254364619425e-07
-1.192368960573455e-05 -5.307704442090317e-06 9.003245911169856e-08 -2.071280818992295e-06
-1.128323820724071e-05 -6.787955789033291e-06 -2.831392411762783e-06 -9.291010041335020e-07
-1.053041280374834e-05 -8.531522087784309e-06 1.043720892951699e-06 -2.327094503569009e-06
-1.021048870251827e-05 -1.004480942179471e-05 3.884426240810270e-07 -2.429232899921719e-06
-1.302899171579609e-05 -6.326988096997049e-06 -3.525271567984058e-06 -7.065579794578392e-07
-1.269439172824543e-05 -8.523910373729705e-06 -3.310525118827038e-06 -1.608171392257469e-06
-1.142382534312430e-05 -1.098031578822755e-05 -3.736579704975632e-06 -1.899646290299627e-06
-1.277284650868326e-05 -1.179294552808415e-05 -2.734556172514902e-06 -1.231525776978140e-06
-1.422577740377937e-05 -1.246612597884479e-05 -1.772445159305213e-06 -2.311873652862983e-06
-1.434079807492815e-05 -9.000789396147789e-06 -2.649874640871066e-06 -1.441885815790260e-06
-1.432772321083837e-05 -7.173256585583959e-06 -3.267880092592150e-06 -3.296452959572108e-07
-1.401080747209833e-05 -1.084208231336890e-05 -1.858864268763229e-06 -1.246759625782261e-06
-1.578318018679780e-05 -1.296124588026562e-05 -3.380934217392705e-06 -2.106555564174222e-06
-1.740891049411668e-05 -1.328751641584990e-05 -3.377390543966473e-06 -8.739122324019561e-07
-1.567175862861291e-05 -9.411358301716195e-06 -2.052889446523755e-06 -5.639352384156494e-07
-1.579802725508751e-05 -7.791342960298065e-06 -3.022200366054830e-06 -1.609861776257166e-06
-1.907241154244829e-05 -1.342694936758989e-05 -2.949130087879990e-06 -9.151524339364208e-07
-1.720137150503786e-05 -1.094319166065985e-05 -2.983796242567303e-06 -8.120355351431702e-07
-1.739292412748198e-05 -8.154225229644390e-06 -7.325641546771594e-07 5.302260212190981e-07
-1.943771482189535e-05 -1.120238941882526e-05 -3.307713327178742e-06 -1.211039419382948e-06
-2.095424800381619e-05 -1.347859541510993e-05 -3.405052528709736e-06 -1.220194519830011e-06
-1.906053272161285e-05 -8.261286695586543e-06 -2.317997298717492e-06 7.854639668595478e-07
-2.358653862485842e-05 -1.352636732435055e-05 -4.356562290277418e-06 -6.479432649202642e-07
-2.149129282610091e-05 -9.922000169395040e-06 -3.319180361057662e-06 -1.427595139810771e-06
-2.095498789499402e-05 -8.210894650334893e-06 -2.658390268471904e-06 -2.346023703380493e-07
-2.729565357005532e-05 -1.360646068129058e-05 -3.701818870634306e-06 -5.747461994829721e-07
-2.543916449718868e-05 -1.062949666158322e-05 -4.097911635856292e-06 -1.417505651715868e-06
-2.358939954078384e-05 -8.147333028705815e-06 -3.436372563092933e-06 -1.501235257108581e-06
-3.232948066510810e-05 -1.369251087256393e-05 -4.237292665422037e-06 -3.727283032122056e-08
-2.978898680252415e-05 -1.084522959345639e-05 -4.576467903765860e-06 -9.528624912272434e-07
-2.729465099455076e-05 -8.076253240837809e-06 -4.871914444554486e-06 -1.417578227071751e-06
-3.771834078884652e-05 -1.376460066736442e-05 -3.893545543266633e-06 -1.003515017892730e-06
-3.500091504825297e-05 -1.084338244342399e-05 -4.012906264848141e-06 -2.596422933049010e-07
-3.233231112963725e-05 -7.995695866595063e-06 -4.918762489041293e-06 -1.384183766022750e-06
-4.323480499058615e-05 -1.383214790683252e-05 -2.690559369151002e-06 -3.628809541437823e-07
-4.045444772484687e-05 -1.084988884968840e-05 -3.163298834135613e-06 -6.345578740346379e-07
-3.771234670763228e-05 -7.926595899085306e-06 -3.286496898554446e-06 -3.516373561446430e-08
-4.886504635623295e-05 -1.387865970613481e-05 -2.789579689901343e-06 -1.415978363893644e-06
-4.603724398109603e-05 -1.084655391334752e-05 -2.691868140786951e-06 -1.251609174949419e-06
-4.324054285916109e-05 -7.865040792408361e-06 -2.713497720325595e-06 -3.832757614227848e-07
-5.457763918714959e-05 -1.393497874331606e-05 -1.418945537169830e-06 -1.613897367312281e-06
-5.170207017228822e-05 -1.085127465441763e-05 -2.489705338240018e-06 -1.211055530966299e-06
-4.885970413464897e-05 -7.819473857821883e-06 -2.993655192243696e-06 -1.577264989042847e-06
-6.038212832780088e-05 -1.397000631421732e-05 -1.230228734105474e-06 -1.993746039960410e-06
-5.747097917951842e-05 -1.084945691123275e-05 -4.138175050720701e-07 -5.295903692135592e-07
-5.458049025488172e-05 -7.765618967878836e-06 -1.439157981784464e-06 8.535472480313891e-08
-6.623642504308179e-05 -1.400771820282180e-05 -1.356125087408923e-06 2.212472370666202e-06
-6.329812543048572e-05 -1.085360925076893e-05 -2.712038905834880e-06 -6.821002388162870e-07
-6.038019099042391e-05 -7.732599400027904e-06 -1.131796908713952e-06 9.171664813805528e-07
-7.213081623710592e-05 -1.401858188714797e-05 -1.161416372104702e-06 -1.817140179909230e-06
-6.917998028500443e-05 -1.085795943518811e-05 8.147361326114214e-09 -3.412999440677226e-07
-6.623438399719277e-05 -7.704423107444479e-06 -1.683620550019469e-06 -3.358106944080076e-06
-7.804808359274478e-05 -1.402790036575516e-05 -1.116548702004640e-06 -1.382238390580416e-06
-7.508685555871462e-05 -1.085809529250440e-05 -1.693299813025587e-06 -7.728766711863221e-07
-7.213172469356479e-05 -7.697636334384127e-06 -7.862191709889544e-07 8.883784021705396e-07
-9.072921373025770e-05 -1.367237582133772e-05 -2.422473868418562e-06 3.720859340370573e-07
-8.989064049108405e-05 -1.402048539841797e-05 -2.615672579938421e-06 3.917079547431993e-07
-8.069858581625520e-05 -1.086000578031567e-05 -1.172639971558072e-06 -8.515936474075529e-07
-8.396678204551755e-05 -1.403244249184251e-05 -2.091244727522391e-06 -5.450158314781785e-07
-7.804671286442495e-05 -7.690253962718455e-06 -1.168992700429563e-06 -4.216845052120745e-07
-9.107652186365410e-05 -1.283291608230549e-05 -2.336107554221637e-06 2.585946263864426e-07
-8.909332486878469e-05 -1.085796861494569e-05 -2.827550276075784e-06 -1.885654330859545e-07
-8.396777288687316e-05 -7.686860145672457e-06 -2.305697699517277e-06 -5.777935164279575e-07
-9.107686502841455e-05 -8.882550222872780e-06 -2.365722317791620e-06 -5.964005020457899e-07
-8.989129682712428e-05 -7.695380294986232e-06 -2.699688420392137e-06 -8.079810892133277e-07
-9.072965540624789e-05 -8.043346695715768e-06 -2.468029099493592e-06 -7.607737385006739e-07
