-1.403974754794025e-04 1.868631207384886e-05 4.032782506763681e-06 -3.057518590164400e-06
-1.409653395106584e-04 1.731544225751232e-05 4.293148773522347e-06 -2.762579999774468e-06
-1.409654860064689e-04 1.085312161753224e-05 3.843478727177139e-06 -4.840479090117720e-07
-1.403976407964273e-04 9.482270005088822e-06 3.525254031149134e-06 -4.548189460504284e-08
-1.390265552121496e-04 1.925413268310313e-05 3.453675999532049e-06 -3.089336790396311e-06
-1.364555075233364e-04 1.408433745575546e-05 2.105334853025523e-06 -1.217384564151020e-06
-1.390267477488233e-04 8.914459587840784e-06 2.838061209690692e-06 8.061302810056199e-08
-1.293760793937716e-04 1.925198113378936e-05 2.393639460249793e-06 5.518228306402991e-07
-1.293763304498744e-04 8.916676845893613e-06 1.526549838395443e-06 -3.562056885592646e-07
-1.240536543622925e-04 1.408401070957700e-05 3.412947937190419e-06 7.119343502451300e-07
-1.197394417526747e-04 1.923941628880106e-05 3.136179685448304e-06 -6.053471366366034e-07
-1.197383279649569e-04 8.926316197155380e-06 3.690484810230057e-06 1.272657901790613e-06
-1.149239600373428e-04 1.408201190957146e-05 3.009990497865711e-06 -1.642458579822365e-07
-1.101224176473595e-04 1.921418588609676e-05 3.180209883136327e-06 -8.088206600330181e-07
-1.101205136814330e-04 8.947380177537266e-06 3.352415080483224e-06 -2.511690984868530e-07
-1.053308467087839e-04 1.408048365510162e-05 3.404883222120948e-06 -7.449332273873666e-07
-1.005702102773273e-04 1.917126291870076e-05 2.629146769435795e-06 -7.371056490743397e-07
-1.005695023229755e-04 8.990717448287058e-06 2.742792101456089e-06 -9.842272157774278e-07
-9.582816775083172e-05 1.408194864545474e-05 1.690842359235059e-06 -7.740635017662061e-07
-9.112225318681843e-05 1.911580757156871e-05 2.590353557494160e-06 2.133353100328085e-06
-9.112129407283140e-05 9.049145441942275e-06 1.526918382088918e-06 -2.320733404487000e-06
-8.643399474112990e-05 1.408240646561326e-05 2.992194954261923e-06 7.953519055281899e-07
-8.178964496505298e-05 1.903972319194940e-05 2.506205194417628e-06 4.338203619760744e-07
-8.178723783749950e-05 9.124110881797338e-06 3.339443836446998e-06 3.020412562005850e-07
-7.716435724252447e-05 1.408103255916283e-05 3.082775841409197e-06 -4.190457331512669e-07
-7.259700455239805e-05 1.894395886737310e-05 3.149959138806660e-06 -1.224563091484218e-06
-7.259796216012639e-05 9.219105511358749e-06 3.078532815959216e-06 -4.503499228803925e-07
-6.806194449281933e-05 1.408095503265609e-05 2.530485116919320e-06 -7.793183280168370e-07
-6.359398674471098e-05 1.883977661004810e-05 1.831673570163473e-06 -7.085637424425327e-07
-6.359202768056311e-05 9.317802386906784e-06 2.201262912977502e-06 -5.525684457090065e-07
-5.915780312522560e-05 1.407720128237162e-05 2.233773461492251e-06 -8.482404429955709e-07
-5.479073465626931e-05 1.872664805355887e-05 3.447645677955040e-06 -3.087702316779899e-07
-5.478990523404973e-05 9.425955015037060e-06 2.220518219303778e-06 5.261537442542938e-07
-5.046067639358216e-05 1.407624509414861e-05 2.559776775300178e-06 2.493648846851263e-07
-4.622324510158623e-05 1.857951912209302e-05 6.972954055186888e-07 -9.259875685717327e-07
-4.622698517013505e-05 9.579084171965123e-06 2.056357147254183e-06 -1.090376536967236e-07
-4.220827459601600e-05 1.407822896604627e-05 8.929401780363340e-07 -1.446531229472514e-06
-3.829655248212445e-05 1.840581424232854e-05 3.101607406670244e-06 9.084281814447305e-07
-3.829016954398110e-05 9.753717630346530e-06 1.109184240550477e-06 -1.330354632916885e-06
-3.538668475405761e-05 1.440179261143455e-05 2.393882331389885e-06 1.280296997422344e-06
-3.251597388251601e-05 1.824392684611620e-05 -1.025903728567711e-06 -1.766032676752965e-06
-3.251402680024991e-05 9.916352621688582e-06 1.482897076333649e-06 1.511424697469221e-06
-2.846520956744390e-05 1.809919937953945e-05 -5.185238781602755e-07 -6.751262208413866e-07
-2.921072810991965e-05 1.546474958897872e-05 -1.640595092566952e-06 -2.382842379260774e-06
-2.845007677761598e-05 1.002345233775318e-05 -1.433448578823476e-06 4.744692685341485e-07
-2.559347183407560e-05 1.014457267851175e-05 1.055651635921099e-06 8.009938987092244e-07
3.587301612896885e-06 4.968240172292064e-07 -1.986115656290657e-05 4.976389476866305e-05
3.669786072597983e-06 3.781206697655007e-07 -2.873021196241129e-05 7.315394854569504e-05
3.667900692786138e-06 -3.687508920220737e-07 -1.728470295482306e-05 -4.570146815937640e-05
3.575909175247040e-06 -5.145872418730870e-07 2.062844665862286e-05 9.689128418951772e-06
-2.558632728437337e-05 1.799490973449925e-05 3.931484601282557e-06 -1.251783804962424e-06
-2.306681141466762e-05 1.775866163799505e-05 1.029576210046610e-06 -3.165062824267552e-06
-2.497564909832213e-05 1.309301261380978e-05 1.999364707080904e-06 -6.899837053191905e-07
-2.303475901709909e-05 1.005195864734516e-05 1.195458837996968e-06 2.469323068047661e-06
3.410479290000456e-06 5.353228922445175e-07 4.827251719370593e-05 9.823728383282953e-06
3.103886446618996e-06 -3.906515440933016e-08 -3.534626603821455e-05 -4.305129592807596e-05
3.384624301174962e-06 -5.699920148028184e-07 7.924123305043570e-05 4.744062162552769e-05
-2.224089304357805e-05 1.535724312822882e-05 9.020947715742444e-07 -1.091705326708059e-06
-2.063750840688846e-05 1.721973079780559e-05 -8.723698455338723e-07 -3.796427473087509e-06
-1.835593929128783e-05 1.645375866189893e-05 -1.282671038614813e-06 -2.313263836646996e-06
-2.148888533442296e-05 1.214447236878910e-05 4.469503383618538e-07 1.825337643138633e-06
-2.065215219829918e-05 9.565744619320844e-06 -4.575516804204112e-07 2.376994827196206e-06
2.255539543141884e-06 5.803961647372750e-07 2.496902307785938e-05 1.563844100867181e-05
2.252627351651234e-06 -5.916526621023589e-07 -9.765403085440987e-06 1.312930509792865e-05
1.652739982298376e-06 -3.554177352570797e-08 -1.794542342336818e-05 -1.085894061449755e-05
-1.625009850551600e-05 1.542653561096252e-05 -1.277411945741624e-06 -1.140907592246812e-06
-1.802896605344077e-05 1.405416195102204e-05 -1.042898725452515e-06 6.385655438770710e-07
-1.880712658724032e-05 1.111203803641239e-05 -1.507705278549739e-07 1.861886650634420e-06
-1.847877464280540e-05 8.725262691604523e-06 1.626781664466839e-06 2.447564507455367e-07
9.958805946404562e-07 6.818115605585554e-07 -2.069277703370481e-06 -5.899432869686210e-07
1.008623302057318e-06 -6.961681567885094e-07 1.603228330215507e-05 -4.406956617549320e-06
2.581103167562922e-07 -5.930685838345466e-08 -9.931334397876414e-06 1.150638937554894e-05
-1.431144579179715e-05 1.421780385502435e-05 -1.573347382954221e-07 -2.480909267532838e-06
-1.259383673669683e-05 1.284024295388876e-05 2.179908594416984e-07 -7.383937849433357e-07
-1.611651968005398e-05 1.066949069091833e-05 8.333896823460507e-07 -7.148570141969483e-07
-1.657169564170849e-05 7.560424217254683e-06 2.706140704334332e-06 1.271063095131404e-06
-5.880320728800632e-07 9.067688656824555e-07 8.739965722393171e-06 -1.396558365216468e-06
-5.895303747177881e-07 -9.348827135739871e-07 -6.683726814851091e-06 -5.927457729730573e-06
-1.302931486987055e-05 1.078947096894960e-05 -6.945956502118267e-07 5.298284660446400e-08
-1.111371457080842e-05 1.129641041625193e-05 9.258305988417615e-07 1.221593653918192e-06
-1.374198444992364e-05 8.556133603321049e-06 -1.426217952728545e-06 2.456985614387352e-07
-1.497266126991614e-05 6.182815942225541e-06 1.174401197255870e-06 2.924167238172000e-06
-1.533669770902506e-06 -6.092370806450259e-08 1.018547999427550e-06 1.912151799589149e-05
-2.633847022484332e-06 1.237134442582128e-06 -1.016172715628103e-05 -5.209895619771557e-06
-2.638418145275913e-06 -1.291471582640465e-06 5.970525084602831e-06 -1.050034579839397e-05
-9.833172918201595e-06 9.655692351649416e-06 1.226338280998317e-06 7.431842039887147e-07
-8.831279017348358e-06 7.988971205974409e-06 3.787805897546019e-07 -9.352984746392925e-07
-8.071255827188978e-06 6.247335944413627e-06 -2.090002236459709e-08 -1.091136463464044e-06
-1.230381567421620e-05 6.606564099639221e-06 4.083480222817563e-07 -3.637187626756740e-07
-1.370620612097749e-05 4.660003388299058e-06 -2.390056035642410e-07 2.202882173180086e-06
-3.541465113704265e-06 -2.192478571705760e-08 1.264752140475374e-06 -6.412102445459527e-06
-4.647967173703365e-06 1.551952630875019e-06 4.582091570895245e-06 1.604057515367774e-05
-4.657724551922614e-06 -1.639803770854518e-06 -3.039431478059876e-06 1.160753869947638e-05
-9.768036231797289e-06 6.233661470830342e-06 -1.999383192124850e-07 -1.869353070698825e-06
-7.508031358515879e-06 4.496468686437566e-06 7.975473079201648e-07 3.924190374183476e-06
-6.444476199019398e-06 1.836250288263765e-06 1.154238223070842e-06 2.426949799724419e-06
-6.952186067619270e-06 2.129289796921210e-06 2.064187609714280e-06 -3.432754937859918e-06
-7.205419973215727e-06 2.733435838707436e-06 4.156611894991096e-06 -4.350128948166416e-06
-1.131786000572466e-05 4.442050291288967e-06 2.626555204211281e-06 1.275303829456469e-06
-1.276509924222437e-05 3.063902859019344e-06 -2.578670045200725e-06 -3.145955509804594e-06
-5.632202608350470e-06 2.121372843111152e-07 -1.593122516637632e-06 -2.812117053337428e-06
-6.481271358790304e-06 -1.908520397878398e-06 3.607881438633104e-07 -1.967084762031577e-06
-8.689762503761196e-06 3.266359436217638e-06 -3.320841361295282e-06 1.034600543236082e-06
-7.010321465579052e-06 9.992576449449940e-07 -3.805699831011372e-06 -4.372792679323515e-06
-7.613609584492602e-06 1.931450684875035e-06 6.270668892126688e-07 -5.547048630718519e-06
-1.063465087861162e-05 2.579452102028360e-06 8.970609564753573e-07 4.362267863500938e-06
-1.216432875373728e-05 1.483182474533011e-06 -2.984291065200062e-06 -3.449892060448754e-06
-7.087118580063094e-06 -8.189328104900628e-07 -2.823558202393511e-06 -3.421259769368906e-06
-7.026785065944728e-06 -2.171873506405703e-06 3.406616027779709e-06 -6.401214926421477e-06
-9.063045955205466e-06 5.934729888398639e-07 1.503390878870644e-06 7.225368556692542e-06
-1.193084496369005e-05 -7.447109739546167e-08 1.644244093456144e-06 -4.183081424112782e-06
-1.200343154184137e-05 -1.562874208949028e-06 2.297303441247321e-06 -1.553547592504304e-06
-8.178677981936311e-06 -1.802280776669284e-06 -3.727418658203968e-06 -3.002214188618883e-06
-7.346281648088343e-06 -2.732301025714646e-06 6.632151977226905e-06 -8.308040393024724e-06
-7.764827779187559e-06 -4.278309255300317e-06 7.923386937488955e-06 4.461928812448734e-07
-1.052408727806813e-05 -1.768176358324289e-06 3.144579386888166e-07 2.019136832618282e-06
-8.359359992339369e-06 -5.734612669443291e-06 3.262568140857153e-06 2.307635505646307e-06
-1.239482412123031e-05 -3.060335711450684e-06 -1.430096242581095e-06 -2.844035641950364e-06
-9.179982945913243e-06 -4.346327326762132e-06 -8.693048727579004e-07 4.616528198220174e-06
-1.120279140745782e-05 -4.463717286442196e-06 -2.094758228761087e-06 1.588201637531688e-06
-9.090654013624888e-06 -7.103078849330836e-06 -4.333421154051193e-06 -1.038255179090758e-06
-1.303878923459758e-05 -4.460260678574168e-06 -4.403926668745193e-06 -1.271915261835263e-06
-1.243872874022403e-05 -5.810214207031321e-06 -2.630761157374970e-06 -5.051084415609528e-08
-1.108662851965039e-05 -6.637091846345577e-06 1.221860759670030e-06 -1.656260561698292e-06
-9.971085769330115e-06 -8.376851066625711e-06 6.084445362568495e-07 2.022735750400147e-07
-1.099313946273803e-05 -9.537889253958869e-06 -6.000860197160372e-07 4.722748396903065e-07
-1.391831702784237e-05 -5.734126805466179e-06 -2.974816476140014e-06 5.781880742486543e-07
-1.324790206612132e-05 -7.286673115103457e-06 -1.524728309787235e-06 -9.913330009554267e-07
-1.246910405571373e-05 -9.069621651597494e-06 -9.127976978769566e-07 3.454832516351239e-07
-1.213785676903946e-05 -1.056774167947851e-05 -1.573897015122024e-06 1.229130859142064e-06
-1.500070182235026e-05 -6.831692541024442e-06 8.795223857482657e-07 -7.986270419983239e-07
-1.466038492854331e-05 -9.049061938306598e-06 1.448674018248874e-06 3.050213551337326e-06
-1.338342684801560e-05 -1.146048358612973e-05 2.432419049323700e-06 1.780785545613720e-06
-1.471872326421374e-05 -1.220490881356165e-05 5.692236642212219e-07 -9.062460346310489e-07
-1.613141635429127e-05 -1.279526979674298e-05 -9.122502865484030e-07 -5.547449873395673e-07
-1.625669019542221e-05 -9.513352433553384e-06 1.429702387484379e-07 1.050050214992072e-06
-1.625265728452117e-05 -7.716940517574595e-06 2.223222923286973e-06 -3.228893158863600e-07
-1.594053282056015e-05 -1.127848641833978e-05 -1.122331458498198e-06 5.484125538134745e-07
-1.760053242850930e-05 -1.322278630104427e-05 -2.020523800392364e-06 5.023628480651829e-07
-1.910721151793018e-05 -1.348105732181789e-05 -6.068803736218927e-08 1.562384369714709e-06
-1.751800306861387e-05 -9.911654951856930e-06 -4.286567535686149e-07 3.061912068419050e-08
-1.763400415218950e-05 -8.364334781456329e-06 2.852508101632481e-07 -1.449973781439341e-06
-2.063382755158845e-05 -1.356551840750605e-05 2.099287587540326e-06 1.631431969749205e-06
-1.894056120529893e-05 -1.133599810860886e-05 -3.462952124105224e-07 9.337291594378037e-08
-1.911224676260410e-05 -8.762211239851461e-06 2.505850162574935e-07 -2.921976353333516e-07
-2.097231748969370e-05 -1.156075098682202e-05 1.955808973394854e-06 1.074142842882210e-06
-2.230624698292648e-05 -1.356102211316430e-05 7.685059555324701e-07 1.391286255526930e-06
-2.063641409300147e-05 -8.897805359785489e-06 1.938029724727149e-06 1.218319685906690e-06
-2.459959295872501e-05 -1.355975297009590e-05 2.620979870145208e-07 8.765116073569419e-07
-2.279158058213632e-05 -1.042259854865614e-05 1.639591051045706e-06 1.000633851723539e-06
-2.230668613063944e-05 -8.900625954727629e-06 2.002562346704276e-06 1.352934078446234e-06
-2.777189781338183e-05 -1.356663675655415e-05 3.597108247548018e-06 2.855509089575415e-07
-2.619940605860563e-05 -1.104483671762029e-05 1.393899121706909e-06 -4.496157839488524e-07
-2.460481490080550e-05 -8.899503178381673e-06 1.431226651075385e-06 2.195415966330505e-07
-3.195265305292218e-05 -1.356873184174910e-05 9.396188207085226e-07 8.345431536817758e-07
-2.986284118252769e-05 -1.122978805076681e-05 2.188822702008089e-06 1.423939224251683e-06
-2.776769549890228e-05 -8.892393214614334e-06 7.117440551991788e-07 -1.221257039381865e-08
-3.631044843214899e-05 -1.357171167996914e-05 3.141462585128981e-06 2.962473713395049e-07
-3.412990281679183e-05 -1.122784047426239e-05 2.263983442522495e-06 6.927139983636928e-07
-3.195384474690341e-05 -8.889025803411939e-06 2.895711083278470e-06 1.234062063597197e-06
-4.069967496209912e-05 -1.358589483207761e-05 2.992165850958692e-06 2.200107898396015e-06
-3.849964123947288e-05 -1.122786991316263e-05 2.616787095203459e-06 7.191250939439610e-07
-3.631197147812091e-05 -8.883287466747363e-06 2.232597138200929e-06 1.054441714308494e-06
-4.510497070785449e-05 -1.359435473899103e-05 3.334880750655826e-06 8.694209503701776e-07
-4.289969340645939e-05 -1.123345479754425e-05 3.382138215799660e-06 3.280888482958782e-08
-4.069598087763829e-05 -8.876203117455133e-06 3.240469336235216e-06 -1.945534039052762e-06
-4.951454377017749e-05 -1.359323510689164e-05 3.324408686460406e-06 7.328707075437966e-07
-4.731098353957322e-05 -1.123212546458760e-05 3.445207353352295e-06 5.486003970192577e-07
-4.510613564489215e-05 -8.871384683541987e-06 3.009188671353006e-06 -3.489879013800313e-07
-5.394004054201287e-05 -1.361095478695129e-05 3.832980031570186e-06 1.999290615765395e-06
-5.172143245904175e-05 -1.123110080928486e-05 3.174206171053346e-06 1.431658525407876e-07
-4.951530364352749e-05 -8.869875951377900e-06 3.842684760592211e-06 -1.208607055975658e-07
-5.838214560039736e-05 -1.361523475065282e-05 3.891695836148625e-06 -7.154323389031061e-07
-5.616024000810339e-05 -1.123147199249086e-05 4.198787478725327e-06 1.126681342904773e-06
-5.393901391317453e-05 -8.851787822157201e-06 2.763243279369400e-06 -6.514304990744324e-07
-6.283328131025848e-05 -1.361314112124513e-05 4.848654948012418e-06 -7.175158493200933e-07
-6.060723158912284e-05 -1.122881203849805e-05 4.828788807674193e-06 -6.715486149909175e-07
-5.838417971181042e-05 -8.844893154111355e-06 5.420730273820426e-06 1.143825253947202e-06
-6.729172213204619e-05 -1.362165062069555e-05 4.258734563784531e-06 3.791849505597103e-06
-6.506035189276805e-05 -1.123036498721369e-05 3.228893366402751e-06 1.071629738960713e-06
-6.283175378988755e-05 -8.845757195207255e-06 3.541471012990229e-06 7.951615330164021e-07
-7.686242133032234e-05 -1.335277256210734e-05 5.711733522912698e-06 -1.202730943367293e-07
-7.623066365418120e-05 -1.361523733386753e-05 5.720783876929412e-06 -1.732700038544160e-07
-6.929113931381538e-05 -1.122989110224279e-05 5.759029338400717e-06 1.313669899414315e-06
-7.175765508277463e-05 -1.362482845853991e-05 5.573561219218785e-06 2.864926964321581e-07
-6.729246688702217e-05 -8.838867981586498e-06 4.353468031810887e-06 -9.786326505005803e-07
-7.712404767187653e-05 -1.272009024644983e-05 5.712505309355862e-06 -3.181651668515675e-08
-7.562924773689631e-05 -1.123182501441324e-05 5.679610686615786e-06 2.444398651297344e-07
-7.175695575939019e-05 -8.835723153553115e-06 5.972264074101297e-06 1.253158816598829e-06
-7.712356689624972e-05 -9.744137598945876e-06 5.564271802827490e-06 6.224136057079710e-07
-7.622995840142752e-05 -8.848721450182812e-06 5.684787644968933e-06 9.448396896905005e-07
-7.686186135522790e-05 -9.111291118923745e-06 5.588470736961412e-06 8.348161375985235e-07
