-1.027211199828820e-04 1.497015237453758e-05 -3.883214183113557e-05 6.612489403464346e-06
-1.031185777089276e-04 1.401056181032829e-05 -3.922239420085749e-05 5.945155667665229e-06
-1.031187723229360e-04 9.486080101457822e-06 -3.891794368025872e-05 1.824123932121030e-06
-1.027212525664271e-04 8.525977300593245e-06 -3.848376535916184e-05 1.030966987284998e-06
-1.017616009501856e-04 1.536766758010793e-05 -3.793003328265362e-05 6.809572535512851e-06
-9.996051766283218e-05 1.174800628001421e-05 -3.609221920275679e-05 3.608245110223003e-06
-1.017614705660390e-04 8.128179042789872e-06 -3.749213573831234e-05 7.552270837356372e-07
-9.499825190470452e-05 1.536483856916925e-05 -3.454041441606820e-05 3.767481850904579e-06
-9.499605403977321e-05 8.124470728476234e-06 -3.382497995863046e-05 1.461189302194748e-06
-9.126297668167798e-05 1.174171653074597e-05 -3.319889207660856e-05 2.137413979778036e-06
-8.824073132166025e-05 1.534875019510841e-05 -3.095843790436763e-05 5.344186755007976e-06
-8.824014741218297e-05 8.132495392907761e-06 -3.155649305790964e-05 -1.908506514695662e-07
-8.487035472196899e-05 1.174053597793113e-05 -2.903659223149608e-05 2.943359695950947e-06
-8.150458966958764e-05 1.533892760400914e-05 -2.701350397340570e-05 5.814927538259856e-06
-8.150709392613685e-05 8.146028661767258e-06 -2.779806504526321e-05 1.230938063387378e-06
-7.814578061792851e-05 1.174413328121231e-05 -2.554145641474104e-05 3.753619204728722e-06
-7.480013497545219e-05 1.531934134085166e-05 -2.450812181144549e-05 3.777274717339500e-06
-7.479861217648797e-05 8.166808575861495e-06 -2.517251501472497e-05 3.771679560851876e-06
-7.146141320796181e-05 1.174146754780336e-05 -2.326335551292098e-05 3.450516168502883e-06
-6.813644210655555e-05 1.529508137749081e-05 -2.307989141072864e-05 1.294336943452296e-06
-6.813735365697128e-05 8.186626143279828e-06 -2.287014364879820e-05 4.290795182521396e-06
-6.482105564591758e-05 1.174124491572306e-05 -2.172060719445912e-05 2.459409430127359e-06
-6.152605665350960e-05 1.526206227931736e-05 -1.886216636110418e-05 4.369122338995922e-06
-6.152584156627887e-05 8.220426261332695e-06 -2.034988639258517e-05 1.293975794693953e-06
-5.824303418372042e-05 1.174136325234898e-05 -1.781016983012672e-05 3.477074368812617e-06
-5.498734786826196e-05 1.522017797665351e-05 -1.693462323263040e-05 6.231111598478053e-06
-5.498881911417023e-05 8.265009691827425e-06 -1.647644283960155e-05 1.692560560935933e-07
-5.175101389144531e-05 1.174481613066888e-05 -1.643291063670276e-05 3.183962758405432e-06
-4.855272761946172e-05 1.516319415508557e-05 -1.645628211520616e-05 4.574705015598557e-06
-4.855355182046384e-05 8.331382231110853e-06 -1.641090916126505e-05 1.728669433449462e-06
-4.537495256603363e-05 1.174889559149501e-05 -1.531215377537963e-05 2.701297175593022e-06
-4.224183535143968e-05 1.509022915482338e-05 -1.361389004170366e-05 3.624262314867062e-06
-4.224421589764562e-05 8.411264339493211e-06 -1.385842193824110e-05 2.336404067986528e-06
-3.913440637832339e-05 1.175024313014696e-05 -1.214318739829732e-05 3.323337740157526e-06
-3.607674478564944e-05 1.500682577917767e-05 -1.094649407429872e-05 4.019054718410385e-06
-3.607169514142600e-05 8.488173745074345e-06 -1.042957126171500e-05 2.287729505756673e-06
-3.315839718046454e-05 1.174457259491209e-05 -1.027164267445866e-05 3.421324791739000e-06
-3.029095067044184e-05 1.491850760433829e-05 -1.149118661987679e-05 2.552813953610479e-06
-3.029847268877837e-05 8.588801772336394e-06 -1.171759167075543e-05 3.942936633105025e-06
-2.816609705484263e-05 1.199839166097978e-05 -1.205844211937312e-05 3.309945629220403e-06
-2.606312384494198e-05 1.482124606458823e-05 -9.821367278672632e-06 5.356674663778275e-06
-2.605726273122485e-05 8.699187119066397e-06 -8.420139200562290e-06 3.965536769700050e-07
-2.307548621404120e-05 1.474261192356533e-05 -4.467855663317536e-06 5.900597319683158e-06
-2.363602695920903e-05 1.278305103421173e-05 -5.450733930347123e-06 2.886639843476396e-06
-2.307452993771022e-05 8.761810605021098e-06 -8.267520718426151e-06 9.289595815941638e-07
-2.094782753762201e-05 8.827531819548918e-06 -7.204081392308511e-06 1.301319571243097e-07
3.210791196236544e-06 8.052968385365471e-07 -1.556572040767915e-05 1.951831104571722e-05
3.258674043045128e-06 7.215359285062237e-07 -2.248124358620570e-05 -7.113425960758372e-06
3.270803005872103e-06 -2.861731970198359e-08 -1.316487581474073e-05 -2.062396766568087e-06
3.222641394441513e-06 -9.584850570710717e-08 2.694540872673102e-05 6.695666502483090e-06
-2.093509267424543e-05 1.468643178684031e-05 -4.850616255529689e-06 6.545370622105065e-06
-1.905297288783552e-05 1.452612408158214e-05 -6.350704410191383e-06 4.816303063242784e-06
-2.049526792467544e-05 1.102845715536990e-05 -6.920566507048918e-06 2.603882185840145e-06
-1.903606539735806e-05 8.731342508259944e-06 -4.762264295408863e-06 -3.482659266554278e-07
3.101156159628732e-06 8.314282592122800e-07 3.750217449643451e-05 8.377125703458593e-06
2.789955246257295e-06 2.774408814372698e-07 -2.681246605084999e-05 -1.363623877369234e-05
3.123565463368990e-06 -1.211372897522466e-07 7.203759983707221e-05 2.187996921061083e-05
-1.844111918038147e-05 1.273311513700504e-05 -5.867135829753240e-06 4.603686117342003e-06
-1.722461189244912e-05 1.414403083303250e-05 -5.652976793826558e-06 4.436426126424505e-06
-1.548265540005146e-05 1.357829699838966e-05 -3.691308731816577e-06 5.207039978676108e-06
-1.787393126239642e-05 1.030441327238047e-05 -4.721016255022658e-06 1.358562832608776e-06
-1.723634093791229e-05 8.330021078572252e-06 -4.980809863338184e-06 3.412653926592141e-07
2.056813160856993e-06 8.659768664427940e-07 8.229802908610048e-06 -8.445229040683757e-08
2.001817685218861e-06 -1.742128611772057e-07 8.553137563194940e-07 -3.940040226924147e-06
1.466639593886366e-06 2.894594029063998e-07 -1.205015717205277e-05 9.118519735384245e-06
-1.385861795877640e-05 1.281344745561144e-05 -2.563674127389907e-06 5.240431294674901e-06
-1.523772383886414e-05 1.175623124955851e-05 -4.162344145557983e-06 3.930951419369768e-06
-1.583103636301600e-05 9.505084815662851e-06 -5.789001519240458e-06 6.705213359004315e-07
-1.558122453136810e-05 7.653491765028062e-06 -6.238844690460734e-06 1.281470920808463e-06
8.838472801451178e-07 9.368894672129370e-07 9.257073479395203e-06 -9.713118463371481e-06
9.181498620934836e-07 -3.041890932285137e-07 1.463196204708570e-06 -8.855351005465806e-06
2.229116337362253e-07 3.026905410513859e-07 -4.561174098333425e-06 2.790794428102363e-05
-1.235295087273412e-05 1.189626007650901e-05 -1.429227110438073e-06 3.617884845114368e-06
-1.101105546352652e-05 1.085012001961464e-05 -1.686066744737038e-06 4.925068644389511e-06
-1.376244895379364e-05 9.157129369674716e-06 -5.697903060298220e-06 7.049130692347520e-07
-1.412618532024120e-05 6.730877983718268e-06 -5.088555482821225e-06 1.809144220967883e-06
-5.226662512579623e-07 1.161291188568696e-06 3.376388358161513e-06 -1.871624898986887e-05
-5.434506858605252e-07 -5.054884977124261e-07 -1.801756826988849e-06 -1.830093310660838e-05
-1.135536002740345e-05 9.265279246147856e-06 -2.946281055767009e-06 4.340118578128667e-06
-9.826484868565315e-06 9.669433316501526e-06 -2.544682448327601e-06 5.992030013563123e-06
-1.192407689341059e-05 7.509330247530520e-06 -3.489811523743415e-06 1.563394572074554e-06
-1.290085488664154e-05 5.619942328529988e-06 -3.795549576424979e-06 -9.599742350427965e-07
-1.384306784039726e-06 3.192173215297336e-07 4.617417663372968e-06 2.904778953546511e-05
-2.388921744497665e-06 1.457290835376696e-06 -1.379032368059631e-05 -1.529452467085023e-05
-2.369625911351416e-06 -8.154540340233507e-07 -1.054771396848799e-06 -8.534098185037481e-06
-8.790145216571841e-06 8.392087091366271e-06 -3.169109725236373e-06 3.289683256720431e-06
-7.943696177555130e-06 7.052722879949897e-06 -1.799339549747746e-06 1.437153206322800e-06
-7.283767111849501e-06 5.644483143716599e-06 6.052370194933680e-07 3.563934626039363e-07
-1.077329642470026e-05 5.949465944192003e-06 -2.500670086939307e-06 -1.056569559301725e-06
-1.191602609402725e-05 4.365668033198715e-06 -5.822194841857428e-06 -9.485557895343835e-07
-3.182918260498758e-06 3.311048298999454e-07 -9.482602268754486e-07 -1.073114859437893e-05
-4.162433396217348e-06 1.759632622286229e-06 3.075221328962980e-06 1.321729926479895e-05
-4.169575957817740e-06 -1.093415134864439e-06 5.318177459517622e-06 7.439411398872851e-06
-8.699715964885701e-06 5.639171950599482e-06 -3.624451576910399e-06 -1.196541148408997e-06
-6.783611763791515e-06 4.215551276758792e-06 1.502584986613356e-06 1.150211475536193e-06
-5.770576574063528e-06 1.990653581077956e-06 1.200226984315469e-06 8.242079976940389e-06
-6.233909539446987e-06 2.234260623118707e-06 4.388431776375243e-07 3.208372659429513e-06
-6.476109776128159e-06 2.744433444311116e-06 6.476230757733438e-07 -2.508071771275413e-08
-9.970014457533338e-06 4.180988844906839e-06 -1.388072771995199e-06 -8.202745292568767e-08
-1.118503320040846e-05 3.026583239062514e-06 -6.032322479310751e-06 -9.550635348096695e-07
-5.041467195443138e-06 5.431065625710700e-07 -3.544810102599659e-06 -3.732438508359139e-06
-5.778319530963699e-06 -1.334386946386139e-06 -6.723482149671674e-06 1.081546161631469e-05
-7.766816755035378e-06 3.201993336052332e-06 -4.068947815106448e-06 -1.465034147116290e-06
-6.275459274510543e-06 1.241919629969954e-06 -2.092655451526752e-06 -3.605486792506168e-06
-6.818956677299796e-06 2.056996758803063e-06 -2.531515447148995e-06 -1.471118980515073e-06
-9.405806509815970e-06 2.624624187614054e-06 -2.518256904686422e-07 8.688662010847799e-07
-1.073127385317282e-05 1.672747344563635e-06 -3.618948262314382e-06 -3.216072307175121e-06
-6.316310665832853e-06 -3.694108157666457e-07 1.357536165353396e-06 -2.087129923729616e-06
-6.242299255087206e-06 -1.573715503880048e-06 -3.193609667454151e-06 2.243346250402030e-06
-8.064348763604662e-06 9.128008482658246e-07 -1.356828865780778e-06 2.623397300684528e-07
-1.056915730246897e-05 3.121374347113898e-07 -2.201716041780740e-06 2.366240545080532e-07
-1.069854764150227e-05 -1.019086892900171e-06 -1.003261589740621e-06 -7.513300939665701e-07
-7.264851028842877e-06 -1.238926571015997e-06 -5.276232592709682e-06 -7.576167868860827e-06
-6.506281332939042e-06 -2.082123591509330e-06 -4.822684785454124e-06 -6.861620255799967e-06
-6.838201940561298e-06 -3.490490672893532e-06 4.421471781302044e-07 -3.853168979455704e-06
-9.363193675531332e-06 -1.183848709242395e-06 -4.290242995230292e-06 -1.623440381112555e-06
-7.338017448414788e-06 -4.873796995194950e-06 1.121313317481067e-06 -1.181222238258891e-06
-1.111699635105879e-05 -2.361390623132255e-06 7.517231142883093e-07 -3.959429392366604e-06
-8.127952626374338e-06 -3.535238950828045e-06 -1.393041649508729e-06 -7.150223849717138e-07
-1.002256003494083e-05 -3.648484451310086e-06 -4.293852610824982e-06 -1.654723155300028e-07
-8.006718642032861e-06 -6.201315383672711e-06 -6.119078164636372e-06 -2.900684016783046e-06
-1.179007203208576e-05 -3.652536078780105e-06 -8.370737269386596e-07 -4.460326529625685e-06
-1.123009801488716e-05 -4.937723388690673e-06 -2.766152319456496e-06 -1.170966081935614e-06
-9.910100138406969e-06 -5.743786622462852e-06 -1.694224924788809e-06 -3.412046903248190e-06
-8.821330183952886e-06 -7.467609576866690e-06 -3.739719638295689e-06 6.336647699840456e-08
-9.804623501151355e-06 -8.649282696501677e-06 -3.078578818128475e-06 1.603471787980850e-07
-1.270410557281820e-05 -4.854002742934316e-06 -1.066218496191256e-06 -6.722111320079654e-07
-1.203912902302984e-05 -6.385180068268962e-06 -1.134666896638650e-06 -1.745977555544849e-06
-1.125673039124519e-05 -8.180320496428246e-06 -1.565871257678818e-06 -9.210703022960759e-07
-1.092313549024632e-05 -9.732788056064785e-06 -3.191335222339743e-06 -9.819296998751120e-07
-1.382962796643741e-05 -5.911598394703520e-06 -1.949932439144750e-06 -1.240432833700803e-06
-1.348587836108976e-05 -8.167776128945509e-06 -1.750618203742976e-06 -9.203437424253333e-07
-1.217489724104566e-05 -1.068671020159034e-05 -3.583922026346491e-06 -1.869011631877939e-06
-1.356760093029355e-05 -1.151144106064199e-05 -2.028110295333613e-06 -1.656574257867899e-06
-1.505564152882589e-05 -1.217975529719126e-05 -6.635661404516971e-07 -1.776863632611789e-06
-1.517298102756522e-05 -8.660076887187049e-06 -1.844564653552499e-06 -8.134984894193306e-07
-1.515615447570893e-05 -6.785558845810291e-06 -1.640059537051425e-06 -1.567563568898087e-06
-1.484171473258261e-05 -1.053821378024732e-05 -9.777498458126183e-07 -1.462073901685045e-06
-1.662967108141676e-05 -1.266881189120525e-05 -1.353476374764972e-06 -1.525357587797791e-06
-1.826485272324893e-05 -1.298199657750024e-05 -2.755360381505124e-06 -1.226434450027902e-06
-1.652593712317160e-05 -9.081651340661868e-06 -2.330163306719109e-06 -3.586442884381857e-07
-1.665215303567547e-05 -7.431812069100572e-06 -2.552249602234642e-06 -1.923930406680458e-06
-1.993692843338664e-05 -1.310645823040628e-05 -3.404548801855931e-06 -1.039812297777890e-06
-1.806486374074283e-05 -1.062401159577549e-05 -2.858957951469275e-06 -5.414144639134447e-07
-1.825934082303268e-05 -7.815297649888878e-06 -2.117218408071663e-06 -6.829618757639409e-07
-2.030577836262103e-05 -1.087662452908056e-05 -3.327561277448127e-06 -1.036231499847155e-06
-2.181938275886393e-05 -1.314146514208266e-05 -3.154323916594415e-06 -9.297551137322627e-07
-1.992747764083172e-05 -7.927851520460812e-06 -2.975302982488327e-06 -8.529657631226633e-07
-2.443715499117048e-05 -1.317489813370962e-05 -1.814355150804904e-06 -9.805674216439522e-07
-2.235614442082509e-05 -9.600028576585871e-06 -2.287637825014451e-06 -1.539744777675243e-06
-2.181620907291899e-05 -7.892237891949177e-06 -2.224129599834914e-06 -1.586177439307761e-06
-2.807715238613344e-05 -1.322223006152248e-05 1.257448831670400e-07 -1.322122966023248e-06
-2.626507798838424e-05 -1.031178355130886e-05 -2.139457798879910e-07 -1.604683637286979e-06
-2.443294721370736e-05 -7.853777080498999e-06 -9.000851286346807e-07 -1.994478842420488e-06
-3.298846583521307e-05 -1.327910294593652e-05 -2.421345913387482e-06 -4.455715089565747e-07
-3.051612749765606e-05 -1.051731309798468e-05 -1.523154120085294e-06 -1.760592170629636e-06
-2.808425913312038e-05 -7.814304130532150e-06 -5.951486027759334e-07 -7.115570011981766e-07
-3.819052003954388e-05 -1.333188842743045e-05 -2.201549815949077e-06 -7.454235725346695e-07
-3.557347007815724e-05 -1.052419160303769e-05 -2.823232964184901e-06 -1.552843793285652e-06
-3.298211146199049e-05 -7.761653360379704e-06 -2.640427588857430e-06 -3.043786869192374e-06
-4.347215290898095e-05 -1.336386300672725e-05 3.781883395953134e-07 -2.438393825128360e-06
-4.082166330593418e-05 -1.052610936322150e-05 -6.442164130266821e-08 -1.698978969884127e-06
-3.819146939833640e-05 -7.719335854263476e-06 -1.458039332386446e-06 -2.557058286755185e-06
-4.880356797760503e-05 -1.339037161194438e-05 -1.275521112965199e-06 -1.909634580215061e-06
-4.613131108671507e-05 -1.052553262485087e-05 -9.233186137885395e-07 -9.869279602507607e-07
-4.347343923390457e-05 -7.688420529626021e-06 -3.795991053459874e-07 1.314367138662229e-07
-5.416753066304838e-05 -1.341426967121900e-05 8.240945731409164e-07 -2.729570107326933e-06
-5.147823081051277e-05 -1.052851118045106e-05 -1.581835140678181e-07 -1.755268853188761e-06
-4.880210655439763e-05 -7.663187890038307e-06 -7.818443145875890e-07 -1.083758017444527e-06
-5.956974939761912e-05 -1.342805152962983e-05 2.408294043088900e-06 -8.073393245918555e-07
-5.686319113563822e-05 -1.053133547961688e-05 1.631575440655824e-06 -1.594486219752996e-06
-5.416540177118465e-05 -7.646818973004072e-06 7.173474513760074e-07 -5.385956842445342e-07
-6.501171866515922e-05 -1.344476107668059e-05 5.683271148610293e-07 -2.001092527675063e-07
-6.228601645273083e-05 -1.052525790422146e-05 1.675488888797011e-06 -1.554144614244438e-06
-5.957430510625077e-05 -7.628508075832175e-06 2.508552463228001e-06 -2.509971036767019e-06
-7.046528659355981e-05 -1.345284618253295e-05 9.517143642054712e-07 -1.225845311702378e-06
-6.773617874257458e-05 -1.052861672810054e-05 1.682235327399065e-07 -6.917393368538853e-07
-6.500826154905462e-05 -7.608492046492905e-06 5.691780882750898e-08 -2.003083787855782e-06
-7.593452104223118e-05 -1.345519906486614e-05 2.378189077102335e-06 -2.040144696813546e-06
-7.319883577246304e-05 -1.052748215669463e-05 2.446056262416653e-06 -1.220357442696961e-06
-7.046740819509334e-05 -7.603437250889507e-06 1.242699791059176e-06 -4.967345081949596e-07
-8.765810493530635e-05 -1.314346901955563e-05 2.687487279698841e-07 -3.305829218256918e-06
-8.687974359358854e-05 -1.346590810048573e-05 1.108819222159529e-06 -3.385573638550116e-06
-7.838505541838570e-05 -1.053084260564139e-05 1.088936753030442e-06 -1.850679423768608e-06
-8.141102207728784e-05 -1.346581021386202e-05 3.741973058067701e-08 -4.754288160307527e-07
-7.593225071840340e-05 -7.602710713124174e-06 2.734659989757869e-06 -1.204594638012498e-06
-8.798050080205841e-05 -1.236496547558920e-05 -9.814031694007801e-08 -2.792074460637007e-06
-8.613997320693256e-05 -1.052975165210239e-05 2.022485935354740e-06 -6.443738973415848e-07
-8.141166354509933e-05 -7.596951310948526e-06 -4.389571123734095e-07 -2.478546288697731e-06
-8.798140579943202e-05 -8.693522243114035e-06 -1.849767139384903e-07 1.655834780700071e-06
-8.688086542515231e-05 -7.592786340051871e-06 8.772089392456039e-07 2.049472623061599e-06
-8.765910280325459e-05 -7.915129671854786e-06 1.392633166011327e-07 2.039867446482592e-06
