-2.039887952503441e-05 4.846305939948132e-06 -3.908196230356149e-05 4.881700700733825e-06
-2.044045154055813e-05 4.745306918434024e-06 -3.887708446841840e-05 4.949444206150445e-06
-2.044113182648628e-05 4.271209733981894e-06 -3.897269739592180e-05 5.898199555695632e-06
-2.039967790162441e-05 4.170558892027567e-06 -3.917157884164507e-05 5.859530653731070e-06
-2.029839509944529e-05 4.888265721381379e-06 -3.949995856540019e-05 4.946608716060652e-06
-2.011193038564703e-05 4.508904732523590e-06 -4.027350272398671e-05 5.378369970760316e-06
-2.029944880650930e-05 4.128803583965384e-06 -3.954309597400682e-05 5.734277404216741e-06
-1.959447605958478e-05 4.893439741092523e-06 -3.855437904816284e-05 7.472245614324025e-06
-1.959612646912119e-05 4.128809067694767e-06 -3.795838021925166e-05 1.764499092722093e-06
-1.920412467187935e-05 4.511877251490118e-06 -3.337484982703446e-05 4.022536748597940e-06
-1.888518434056641e-05 4.895052037523691e-06 -3.145827536331206e-05 6.618689394344047e-06
-1.888268113160382e-05 4.126625075234783e-06 -3.150240499579745e-05 1.999118807998325e-06
-1.851907895901067e-05 4.508672497026749e-06 -3.084732485269352e-05 4.282917036351488e-06
-1.814302685368615e-05 4.909418455236527e-06 -2.898185011671394e-05 7.968479982539904e-06
-1.814470563532192e-05 4.108215417860852e-06 -2.956552523293814e-05 1.738938497661283e-06
-1.777116730494095e-05 4.508296480224739e-06 -2.815126121605314e-05 5.255596135149243e-06
-1.739562906050015e-05 4.922347414448125e-06 -2.813415133076318e-05 5.924705878777727e-06
-1.739736811564473e-05 4.094019008893089e-06 -2.623206754542575e-05 3.642064294339992e-06
-1.701739441850927e-05 4.508416876002069e-06 -2.572564694786441e-05 4.310855970844399e-06
-1.662138815330786e-05 4.943755257811358e-06 -2.211624935669870e-05 8.042123455855570e-06
-1.661922911985898e-05 4.068797598188029e-06 -2.278284395925564e-05 1.916248649134967e-06
-1.621468076010507e-05 4.504643111906392e-06 -2.095263981163493e-05 4.696371673933700e-06
-1.579244667824819e-05 4.961615633851972e-06 -2.101669426077399e-05 4.652584124167393e-06
-1.579604828617219e-05 4.051167649696622e-06 -2.033067455525217e-05 3.915896821134187e-06
-1.536322295325864e-05 4.506998325952787e-06 -2.038591503072181e-05 3.774675295667580e-06
-1.491375760759491e-05 4.988192682190666e-06 -1.831777421313651e-05 6.113277611860735e-06
-1.491418438284014e-05 4.025368718290314e-06 -1.878305615588604e-05 3.264131859636315e-06
-1.445540983184205e-05 4.506443545135537e-06 -1.639578136905033e-05 5.493895662533207e-06
-1.397891834831288e-05 5.021269019944499e-06 -1.607211619217662e-05 5.936849177338034e-06
-1.397755099347780e-05 3.990635033430343e-06 -1.441149079572002e-05 2.140283900909987e-06
-1.349657462651074e-05 4.504178054761967e-06 -1.487120354291555e-05 3.141682238991562e-06
-1.299952221449486e-05 5.046404553559478e-06 -1.332977834831011e-05 6.000514807816185e-06
-1.299665726300822e-05 3.960159131039127e-06 -1.518218103502377e-05 3.734933038498063e-06
-1.248609806403804e-05 4.504219536159316e-06 -1.447010582221380e-05 5.715332032137837e-06
-1.194891139715559e-05 5.089179956232305e-06 -1.510765869190106e-05 4.365855359141045e-06
-1.195259859669558e-05 3.926380631571000e-06 -1.402534025779700e-05 3.544760901615754e-06
-1.142601544058011e-05 4.507445942007696e-06 -1.164690785172796e-05 4.772675041321040e-06
-1.086895661897903e-05 5.141193319961008e-06 -8.467803384631602e-06 4.745386603825163e-06
-1.087189565621625e-05 3.877398909609311e-06 -9.548564670854253e-06 3.679743182891240e-06
-1.044646864543491e-05 4.563562363896037e-06 -9.221492059389147e-06 3.158524067232213e-06
-9.982399906324801e-06 5.187567143976024e-06 -1.137915995118452e-05 3.316863475050379e-06
-9.986475414367867e-06 3.829082887415766e-06 -5.695300692871781e-06 5.342643899758156e-06
-9.292974346230554e-06 5.227604945831999e-06 -7.245001277439948e-06 7.048043590851082e-06
-9.441120523010093e-06 4.753610208488895e-06 -7.361852004633762e-06 6.780249474951701e-06
-9.294297809361801e-06 3.802656580151191e-06 -1.031395463223711e-05 1.392649364452550e-06
-8.767308864434479e-06 3.767916770525168e-06 -1.078827546331363e-05 3.716652753187481e-06
1.713765996620609e-06 8.595445567007675e-08 -4.127354597668164e-05 3.130270128830622e-05
1.741759332316227e-06 -3.177599511899169e-08 -3.581010415476197e-05 -9.650254070315183e-05
1.706735910219556e-06 -3.342830950872883e-07 -3.119017537999999e-05 5.900192749390950e-05
1.681510016070609e-06 -4.142252630743728e-07 -2.396109303061440e-05 2.238829122859282e-05
-8.771191068539342e-06 5.253123344124338e-06 -9.879623027303286e-06 5.716162626904304e-06
-8.269440004184946e-06 5.249047397879250e-06 -7.490150808889935e-06 7.973879094282569e-06
-8.673167674373194e-06 4.324760963980915e-06 -7.752521599716276e-06 1.873372298771747e-06
-8.281656312744895e-06 3.691113086784454e-06 -8.624341219394512e-06 7.273596458955573e-06
1.641206624742172e-06 1.368993170806331e-07 -3.967752692251913e-05 9.127502969546635e-05
1.513399910851694e-06 -2.085666165368121e-07 3.767486618869692e-05 8.628161638758789e-07
1.623306410253311e-06 -4.539933109069183e-07 1.880780254437067e-05 -2.714771750626692e-05
-8.119140815269546e-06 4.782736399642125e-06 -7.165372541870254e-06 4.991176374647784e-06
-7.765727831560642e-06 5.190621578837891e-06 -7.725363093094594e-06 9.305828581884729e-06
-7.255260923230930e-06 5.065225950486372e-06 -6.330706208753698e-06 7.200408841938693e-06
-7.969610952188543e-06 4.114797222998611e-06 -6.810120538633478e-06 7.731163385900432e-06
-7.795668309648509e-06 3.523690992015955e-06 -6.522366614150726e-06 -2.727083335221164e-06
1.056961109668822e-06 8.596923694138179e-08 -3.248604063159381e-06 -2.584271058482007e-05
1.054048890739434e-06 -4.704038710983111e-07 -1.831630471091716e-05 8.307594087893467e-06
7.657844621051280e-07 -2.157348526375092e-07 1.265859397213080e-05 1.956831471872271e-05
-6.735999237891744e-06 4.887142040602701e-06 -3.655459481007954e-06 3.841087435450474e-06
-7.195616011224804e-06 4.546230267629520e-06 -4.982789551153669e-06 3.976310187656202e-06
-7.376162544094859e-06 3.868605162085674e-06 -4.840384637177353e-06 1.226245558724311e-06
-7.303088898622766e-06 3.235612303483800e-06 -5.082081862440678e-06 -5.653104535837465e-06
4.396909783481933e-07 1.552959422450178e-07 -1.499501175067917e-06 -9.674428534845932e-06
4.511200605370781e-07 -5.355247082054673e-07 -6.895173842040180e-06 -1.359773971446528e-05
9.790810621714756e-08 -2.364575936006464e-07 8.986537824463750e-06 2.911869934169079e-05
-6.228798030790521e-06 4.640580464964323e-06 -3.576234265221878e-06 4.527269000196040e-06
-5.725223405640032e-06 4.316945224177221e-06 -5.854856194773382e-06 3.272365727093935e-06
-6.714381028871537e-06 3.739761430559568e-06 -4.539709157721771e-06 4.707073001593022e-06
-6.853834804638923e-06 2.872595521846511e-06 -3.103642177435901e-06 4.550156141118656e-06
-3.313357364408601e-07 2.649746537554091e-07 -1.708984870523595e-06 -1.717562051904121e-05
-3.272983104722261e-07 -6.406003505559391e-07 -3.064352851452394e-06 -1.835315586705088e-05
-5.846826800023027e-06 3.781870951642559e-06 -6.498143577364022e-06 3.647086525603672e-06
-5.252248938821317e-06 3.932251077907765e-06 -3.633179611620226e-06 1.150202055717970e-06
-6.062044984286806e-06 3.143513633080450e-06 -8.371913151384113e-06 5.973052264159494e-06
-6.437935455677213e-06 2.415497532011344e-06 1.085591316516752e-06 2.371332311328568e-06
-7.776871953138360e-07 -2.050044818668650e-07 1.257271876748023e-07 2.432049954917257e-05
-1.313489514766589e-06 4.166817908386044e-07 -8.455768747050959e-06 -7.833368091636145e-06
-1.319284965154436e-06 -8.063697693816964e-07 5.485932575515278e-06 -2.004130260165479e-06
-4.826063388953244e-06 3.485873627956251e-06 -1.549066277580868e-06 1.098559284987549e-06
-4.438601264500429e-06 2.974000577067615e-06 -1.455892835449522e-06 4.380204163151968e-06
-4.087147636248856e-06 2.407898864908638e-06 -4.625829666829559e-06 4.091261244920455e-06
-5.621720348133457e-06 2.540056694019992e-06 -8.670539185004006e-06 2.100683209209467e-06
-6.102091636278024e-06 1.869627523034278e-06 -4.014887372832862e-07 -4.355696807827868e-06
-1.742481476699268e-06 -1.900027749825020e-07 -4.327197507735449e-06 -9.530659813549377e-06
-2.276272688037551e-06 5.762973676625040e-07 8.328472716444128e-06 7.717893711744796e-06
-2.269656851288233e-06 -9.696261877996190e-07 2.003166668883593e-06 1.598557205423854e-06
-4.745809722891355e-06 2.415829315693009e-06 -1.722969245552574e-07 5.670317129737963e-06
-3.807499117445103e-06 1.774992618118507e-06 -9.786169086636734e-06 -7.490905271852818e-06
-3.158207589020290e-06 7.042755273253812e-07 8.409714744211967e-06 -1.013288573779644e-06
-3.444308772694581e-06 8.430307910585484e-07 -9.460891849350343e-06 3.605527149649674e-06
-3.609759097132125e-06 1.101842476906377e-06 -1.832093683677898e-05 5.754830363548577e-06
-5.303800653749028e-06 1.780140154325090e-06 -4.266844614307527e-06 1.188728069061089e-07
-5.862293429249448e-06 1.244545152800866e-06 -2.847564479147823e-06 -2.110362994614965e-06
-2.746063284431958e-06 -7.604830439712949e-08 -5.362162092135624e-06 1.246084516076120e-06
-3.121140704195120e-06 -1.086542718748047e-06 -8.349160660186122e-06 9.453434359401793e-06
-4.255598871808126e-06 1.322183968668336e-06 2.491918566518813e-06 3.396951518387492e-06
-3.433615064071424e-06 3.051972666692210e-07 -5.442460146592062e-06 -1.077362844092589e-05
-3.765322264084499e-06 7.555887863569185e-07 -1.570241488480163e-05 3.657237534504674e-06
-5.048727617512069e-06 1.048079947984043e-06 -2.969728449721918e-06 4.081598911577557e-06
-5.735824706162406e-06 5.663593713199654e-07 -2.950648262140093e-06 1.690758724667916e-06
-3.411267227052616e-06 -5.565523980497899e-07 2.563645401040630e-07 8.289992264133159e-08
-3.342981656869357e-06 -1.211485982629034e-06 2.005385620286797e-06 8.359341593662892e-07
-4.378184077300721e-06 1.771811780265456e-07 -5.293718679101559e-06 1.953540544387694e-06
-5.714555922774330e-06 -1.548957223035895e-07 1.310504724736227e-06 3.858660329461816e-06
-5.864495587483063e-06 -8.906623153255108e-07 -4.799716155347517e-06 3.309822865936766e-06
-3.898907640421392e-06 -1.010649774176715e-06 -3.413641640462502e-06 -7.109333921617477e-06
-3.464402619500206e-06 -1.507258305417956e-06 3.978361248027563e-06 -7.414451035929386e-06
-3.605338393626096e-06 -2.369266329339176e-06 3.634245046992534e-06 -1.242595047819477e-06
-5.095340776415763e-06 -9.591190673466081e-07 -3.436857972205234e-06 1.661541912527377e-06
-3.839405477394464e-06 -3.258191105567640e-06 -6.649117576411224e-07 1.224246293501447e-06
-6.186244003478435e-06 -1.671056223049107e-06 -1.162336126404834e-05 4.654313929886987e-06
-4.356178777154941e-06 -2.382810970378701e-06 -8.419118907642357e-06 1.790727817496152e-06
-5.535972617819276e-06 -2.457737087650559e-06 5.872156151132365e-08 -6.422987952343339e-06
-4.205721325101256e-06 -4.136379896981556e-06 -1.392047782918432e-06 1.667927333080123e-07
-6.688877787701135e-06 -2.450513998452061e-06 -9.621932478860212e-06 -3.619337581751070e-06
-6.347005912102698e-06 -3.288392333503903e-06 2.339387107743922e-06 -5.115590885243050e-06
-5.457651245418004e-06 -3.841294120467925e-06 -4.512799800243448e-06 2.055267611798328e-06
-4.718544859650035e-06 -5.041148694042888e-06 -2.471010590909195e-06 -1.745050687850399e-05
-5.366803661371129e-06 -5.900408349550097e-06 -5.865093273746293e-06 2.468929400112742e-06
-7.386415386885224e-06 -3.215249234099773e-06 -1.187158279905954e-05 2.066149983580009e-06
-6.924473589367596e-06 -4.286228888217733e-06 8.171175373622485e-07 -7.430930609652788e-07
-6.366768932594051e-06 -5.572386073369533e-06 -4.777233566444418e-06 3.130698860244438e-06
-6.127092140707886e-06 -6.739313498945537e-06 -8.987235937870765e-06 -3.832323133508485e-07
-8.239906496138082e-06 -3.921026107092750e-06 -1.914813747493454e-05 -4.895869765043046e-06
-8.007411508337444e-06 -5.582189189403295e-06 -1.075277211548339e-06 -4.088548265198473e-06
-7.038500950686780e-06 -7.493591915676956e-06 7.050258515421409e-07 -1.019169119107362e-05
-8.080836421669009e-06 -8.160943938688119e-06 -4.086990034637831e-06 -2.352403732463775e-06
-9.224368183934949e-06 -8.744803515212647e-06 -1.073865110884246e-05 4.260245880713402e-07
-9.308741128358646e-06 -5.956512037057636e-06 -1.854048570231546e-06 -1.503149035411737e-06
-9.286122172132364e-06 -4.532258014515449e-06 -2.943636772848711e-06 -7.060374931649991e-06
-9.042023062352327e-06 -7.417349709552708e-06 -8.277528943370600e-06 1.812254949752894e-06
-1.047541302211690e-05 -9.186961322713002e-06 -3.225745631098451e-06 -6.879692828743843e-06
-1.182068680093719e-05 -9.494924395439998e-06 1.087444881540821e-08 -9.066718204052448e-06
-1.037455527895216e-05 -6.279232455150450e-06 -7.579466401650031e-06 2.243039030114825e-07
-1.048236175459859e-05 -4.981203085592149e-06 -7.774164936943776e-06 -2.792564116525033e-06
-1.321637492350382e-05 -9.638200854706378e-06 -8.844790756614126e-06 -1.936935875428539e-06
-1.162549422732151e-05 -7.532692691827398e-06 -4.996868379688639e-06 -5.924097877515528e-06
-1.179466357191744e-05 -5.225870116209325e-06 -8.720103639925699e-06 -4.609125756556848e-08
-1.351359989619390e-05 -7.752783870924081e-06 -5.257060616874650e-06 -5.611653026881412e-06
-1.481456193767015e-05 -9.718687277309478e-06 -4.147547446155518e-06 1.220031958220487e-06
-1.319243711210693e-05 -5.278487145458191e-06 -4.639581534505543e-06 -1.644080473688381e-06
-1.707579024291430e-05 -9.796004121818510e-06 -1.290704411113681e-05 -5.946551812056838e-06
-1.525399999552440e-05 -6.663683070749778e-06 -8.610783424571603e-06 -4.314047900068364e-07
-1.480558531337736e-05 -5.205126634906881e-06 -8.410846913775744e-06 -2.692917330992762e-07
-2.035427094491135e-05 -9.912270388790513e-06 -8.505700111958700e-06 -2.540041900533490e-06
-1.869746960485717e-05 -7.267206047380656e-06 -9.356381410571900e-06 -3.089021542440511e-06
-1.707879084585328e-05 -5.103084042576454e-06 -6.507681526296639e-06 -3.969775340306053e-06
-2.488707104020668e-05 -1.004729793012023e-05 -1.099228190459853e-05 -3.820809434531601e-06
-2.258089279170123e-05 -7.459672050504352e-06 -9.799994209681913e-06 -2.629697205139601e-06
-2.035046444200228e-05 -4.994540845221453e-06 -1.221998154804967e-05 -2.441248501324925e-06
-2.983555982354602e-05 -1.016566692854679e-05 -1.208413168533720e-05 -1.874005382144748e-06
-2.732549950013119e-05 -7.463965474463844e-06 -1.133242711567490e-05 -3.478383398930205e-06
-2.488435314505112e-05 -4.874381921018318e-06 -7.216094693984573e-06 -1.393306505235627e-06
-3.496495143719778e-05 -1.024557838503657e-05 -1.491723652480120e-05 -3.675209115091223e-06
-3.237578655133273e-05 -7.465539807644899e-06 -1.345259065919016e-05 -1.656094955542605e-06
-2.983552041223949e-05 -4.765653865416490e-06 -1.414579158643844e-05 -2.367866974838318e-06
-4.024687529209166e-05 -1.032072812533736e-05 -1.280085312361289e-05 -5.303960407767277e-06
-3.758128934902244e-05 -7.458936698659085e-06 -1.393347964255879e-05 -3.438599733825904e-06
-3.496918546365262e-05 -4.679875696316119e-06 -1.352377209053060e-05 -1.463095456136235e-06
-4.566105468742194e-05 -1.039383390783634e-05 -1.549436189499544e-05 -1.471222072293798e-06
-4.293137268454537e-05 -7.463510830594279e-06 -1.427093964339577e-05 -1.792858385052843e-06
-4.024259378797976e-05 -4.601069461887461e-06 -1.430600133486872e-05 -1.955785986145691e-07
-5.119200041229308e-05 -1.045061119266781e-05 -1.753448670312207e-05 -2.027439193116911e-06
-4.840969407031781e-05 -7.464683554054827e-06 -1.625140093198251e-05 -3.122359907827496e-06
-4.566084445518565e-05 -4.535585851395242e-06 -1.404277580614209e-05 -3.656800193916245e-06
-5.681190162082019e-05 -1.048927783218606e-05 -1.686207070192232e-05 -3.680125418382789e-06
-5.398921486316886e-05 -7.460321900126558e-06 -1.756047301249787e-05 -2.401481343713734e-06
-5.119499515335035e-05 -4.473485001830361e-06 -1.802092516596078e-05 -3.596958610724810e-06
-6.250499807553743e-05 -1.050841181994094e-05 -1.969417225651995e-05 -4.535223722200544e-06
-5.965029049148091e-05 -7.459695304862656e-06 -1.768057143185735e-05 -2.008791451452251e-06
-5.681166314409781e-05 -4.431617674199406e-06 -1.763051719957549e-05 5.367136640606309e-08
-6.821078798614901e-05 -1.052313083449909e-05 -2.207395154494374e-05 -2.810108599790973e-06
-6.535720468077246e-05 -7.463466974872474e-06 -2.121700171862322e-05 -2.727416175923313e-06
-6.250270362692560e-05 -4.413511139865369e-06 -1.885698307436215e-05 -1.008009124215118e-06
-8.049481725936637e-05 -1.019591188207469e-05 -2.604786333803539e-05 -4.018729264761492e-06
-7.968234855437661e-05 -1.053335991586243e-05 -2.549214741601813e-05 -4.236256481767851e-06
-7.077021549565528e-05 -7.467672652662013e-06 -2.196535273539698e-05 -2.887433369653863e-06
-7.394009559814626e-05 -1.054223288315756e-05 -2.190632331788328e-05 -3.670600434282268e-06
-6.821035467253342e-05 -4.409282653438934e-06 -2.182349480325086e-05 -2.611582452998476e-06
-8.083124826935925e-05 -9.382244354629217e-06 -2.626109047924957e-05 -3.465066770481094e-06
-7.890892538244173e-05 -7.467193546251877e-06 -2.468298236726805e-05 -2.210216306447790e-06
-7.394022121526254e-05 -4.393921527302557e-06 -2.230690922466737e-05 -2.221588013672867e-06
-8.083065945298160e-05 -5.552215079916348e-06 -2.573924878027644e-05 -1.087023052951751e-06
-7.968189969088702e-05 -4.401446509506085e-06 -2.521640849732374e-05 -7.328234244815271e-07
-8.049423919348097e-05 -4.738780571532182e-06 -2.557147515122148e-05 -8.209002357374717e-07
