-1.397226603502728e-04 1.958071783287400e-05 -3.580487577026763e-06 1.135627225853798e-06
-1.402834922377149e-04 1.822782584848008e-05 -3.782052356020483e-06 1.039595553202230e-06
-1.402834405766637e-04 1.184551510649257e-05 -3.698449024162583e-06 -1.148460618060219e-07
-1.397225561727729e-04 1.049235745930932e-05 -3.494814935626915e-06 -2.015307946396280e-07
-1.383688765617023e-04 2.014078621616641e-05 -3.168501315353232e-06 1.090487786866573e-06
-1.358302748392748e-04 1.503646171356176e-05 -2.311278102453528e-06 3.839840712861947e-07
-1.383686104715303e-04 9.932144365899437e-06 -3.087886788653278e-06 -1.566527509563832e-07
-1.288534282820742e-04 2.012774515480683e-05 -2.648494313030955e-06 -1.162002248623107e-06
-1.288521750194697e-04 9.942282844550711e-06 -2.741280561097850e-06 1.689910242406025e-06
-1.236041853432668e-04 1.503417292629737e-05 -3.295279845342945e-06 2.919047136789300e-07
-1.193457696862426e-04 2.012256771852720e-05 -2.085641582431267e-06 1.109633616521299e-06
-1.193462184334958e-04 9.946411785798203e-06 -2.112244977364094e-06 -4.527951783677149e-07
-1.145921012699782e-04 1.503537653988448e-05 -1.037627378176955e-06 6.453948472985339e-07
-1.098398125007677e-04 2.011961001212937e-05 -2.338366090986467e-06 -7.611942130346004e-07
-1.098407053024564e-04 9.954117767266027e-06 -1.672105209670049e-06 1.823369195557204e-06
-1.050929519090784e-04 1.503861736994667e-05 -2.508081665073972e-06 3.252687274308035e-07
-1.003616146578564e-04 2.009557063080277e-05 -2.492070767583946e-06 -9.906992662248917e-08
-1.003612836298634e-04 9.982462317719369e-06 -1.690527630004557e-06 -2.397849791843661e-08
-9.564049953421387e-05 1.503855013311271e-05 -1.079838699487161e-06 -2.435509908274237e-07
-9.094683243602952e-05 2.005343207181057e-05 -2.078006326103408e-06 5.166396955366027e-07
-9.094472258795954e-05 1.001940191077683e-05 -1.393892416786878e-06 -8.717682871423373e-07
-8.626868829581187e-05 1.503463475751244e-05 -2.069885096894690e-06 -7.667547108754142e-08
-8.162618841205558e-05 1.999636447955727e-05 -1.517993958337587e-06 2.266518335337452e-06
-8.162406306334226e-05 1.006889573147129e-05 -1.802227229768028e-06 -8.791017104007811e-07
-7.699903349857811e-05 1.503074364173458e-05 -3.862424250766015e-07 5.718331012078267e-07
-7.241882028298837e-05 1.991706813141876e-05 -1.102861453157396e-06 1.093275199825804e-07
-7.242014733926197e-05 1.014416419604499e-05 2.963953855790325e-07 -6.599268579663820e-07
-6.786885555614787e-05 1.502957021733846e-05 -6.345320466496644e-07 -1.353980007633068e-06
-6.338777682184141e-05 1.980395974341011e-05 7.523688113004638e-07 2.037717972873983e-08
-6.338566754275461e-05 1.025044040572356e-05 -6.713242912409400e-08 -1.569605965843056e-06
-5.893799453925327e-05 1.502391936862657e-05 1.511639916793563e-06 1.323613032372755e-07
-5.456719804297372e-05 1.967164756022466e-05 2.264911737752218e-07 -1.407572275245084e-06
-5.456385805605709e-05 1.037057219472431e-05 1.028663429571190e-06 9.659200389487150e-07
-5.023640545885287e-05 1.501859849286303e-05 -1.378126960123251e-06 -5.210113630398372e-07
-4.600807030746116e-05 1.950978502909974e-05 -2.721687455075886e-07 2.231425475235722e-06
-4.600790676178469e-05 1.052748148188260e-05 -2.955081647244111e-06 -7.827902218981206e-07
-4.199843424442732e-05 1.501403436484160e-05 -2.868156254796712e-07 1.425857593336798e-06
-3.809372357669526e-05 1.932512739571728e-05 -7.743829802166666e-07 2.903836132241459e-07
-3.809021880867793e-05 1.070785688553647e-05 2.764778757649048e-06 -1.446200103350170e-06
-3.519125694460748e-05 1.533734167645717e-05 4.411452484895533e-07 -7.553422063318668e-07
-3.233801806239823e-05 1.915366391010054e-05 6.848806519143940e-07 6.409450581639371e-07
-3.233393670093943e-05 1.088146503928361e-05 -1.141194141401479e-06 -9.075741660552504e-07
-2.831970658207456e-05 1.900505344389972e-05 -7.702120212653878e-07 -1.564625784206473e-07
-2.905792616395665e-05 1.639101527078940e-05 -1.321221924295658e-07 5.649663961033528e-07
-2.830655158112996e-05 1.099219131006993e-05 9.967524547514498e-07 1.177061293435267e-06
-2.547607853045711e-05 1.110838949945362e-05 9.270066106702949e-07 1.144377603936088e-06
3.621622345331171e-06 1.365873576114424e-06 -1.775733674716022e-05 2.613438785478295e-05
3.682739170149427e-06 1.215662594343598e-06 7.859284646859015e-06 -4.307024052895793e-05
3.665237448622712e-06 6.517311774680272e-07 4.516814200878944e-06 4.877853602765636e-06
3.595983620110244e-06 4.508501989467921e-07 6.374443818774372e-06 4.142042114833052e-06
-2.546732939426543e-05 1.889941979104277e-05 -8.322544628488531e-07 -1.967213561772029e-06
-2.297042123582652e-05 1.866387025858778e-05 -2.224603416342656e-06 -3.794751044375834e-06
-2.486487217219409e-05 1.403376375580719e-05 2.197411225810284e-07 6.798891928785206e-07
-2.293730690679168e-05 1.100922931524320e-05 -5.351155679658095e-07 1.082408396272223e-06
3.475891743924297e-06 1.422802550346693e-06 -7.097228180547537e-05 4.816686901953012e-05
3.053642027417309e-06 8.713771607245712e-07 3.212237676942299e-05 5.034644516092032e-07
3.412806621155331e-06 3.637317192476109e-07 -1.617535530805314e-05 2.671472838837841e-05
-2.215199037800604e-05 1.628040065220180e-05 -1.155621799230683e-06 -1.192290135180073e-06
-2.056107870344569e-05 1.813009167709776e-05 3.656312683226544e-07 -3.718187383155099e-06
-1.829366859749685e-05 1.736856518528291e-05 3.514632613243198e-06 -1.193835809902073e-06
-2.140426976030489e-05 1.308524611275002e-05 -7.711075721414436e-07 1.875909764262512e-06
-2.057361419306817e-05 1.052028618433128e-05 -7.545187759352800e-07 1.800791066754827e-06
2.281283633682399e-06 1.502614040840023e-06 5.457545089217118e-06 -1.268597103490276e-05
2.289394934973156e-06 3.182400849204743e-07 -1.936234821857768e-05 -7.868323087238210e-06
1.666376874329021e-06 9.077629201504329e-07 1.002644885648422e-05 2.453746023462878e-05
-1.619930611447919e-05 1.634668796507563e-05 1.772511469035479e-06 -1.910665019553433e-07
-1.796824324250145e-05 1.498281435722628e-05 3.424930751126929e-06 2.316709699847932e-06
-1.874137977816854e-05 1.205729642365052e-05 1.558558521624824e-06 2.201374949084535e-06
-1.841607236256176e-05 9.682603701411296e-06 2.589987795144112e-06 2.130818917155874e-06
1.027017482921166e-06 1.573907925943797e-06 -3.737679522020386e-06 -1.984952870930391e-05
1.029581226320376e-06 2.266735272513892e-07 -1.963440506490069e-06 -1.613927920078511e-05
2.829042839900161e-07 9.104209779885328e-07 4.574950941904849e-06 3.227306015668961e-05
-1.427148052366104e-05 1.514348105644541e-05 -2.278561404128270e-07 -9.259502058067435e-07
-1.256992302377375e-05 1.377769822058489e-05 3.141558706841796e-07 1.138106732855398e-06
-1.606974069893998e-05 1.161724016412285e-05 5.358289084721188e-07 -4.382888978057576e-08
-1.652554393793706e-05 8.522727144226224e-06 3.632217603128551e-06 3.014727984270694e-07
-5.679333007254553e-07 1.816016685928348e-06 -3.928184320898604e-07 -1.430705950887977e-05
-5.555065421520643e-07 5.164167221143230e-10 -7.191311986490115e-06 -2.082056204930013e-05
-1.300613024818283e-05 1.174075127895967e-05 -1.364465593920560e-06 6.076926558370543e-07
-1.109731910059836e-05 1.224743422644901e-05 4.598364118754067e-07 2.432040811885490e-06
-1.372039728265890e-05 9.514385858474704e-06 -1.052695728116937e-06 -1.502184977036034e-06
-1.494574113588871e-05 7.146571502023802e-06 -2.767969823708152e-06 2.664902903423368e-06
-1.496815004339271e-06 9.174036706404472e-07 9.350889837025536e-06 2.616086980177857e-05
-2.614215460317585e-06 2.175008300463312e-06 -1.266354209110000e-05 -1.348044424298988e-05
-2.611699984553236e-06 -3.294605805957909e-07 1.231756748723929e-06 -6.817420310112955e-06
-9.820485217346917e-06 1.061850033181499e-05 6.005254009537152e-07 -2.760786303187607e-06
-8.804466552084054e-06 8.948209025972053e-06 6.777491238300099e-07 -1.217922006018745e-06
-8.034721476520414e-06 7.203710065920346e-06 4.046253519620755e-06 1.226884558674760e-06
-1.228520561694178e-05 7.567741182314379e-06 2.164842183101235e-06 -5.182241360746876e-07
-1.368763588372532e-05 5.617953232860326e-06 -2.480625408429619e-06 -2.040963975786532e-06
-3.505084976913044e-06 9.225588537948336e-07 -4.183047369327421e-06 -5.854826045811532e-06
-4.605683653777454e-06 2.522143031526078e-06 8.228353970956185e-06 1.712974454774490e-05
-4.615394601427841e-06 -6.800331566819895e-07 8.599186612394393e-06 9.869827104752658e-06
-9.739785793860563e-06 7.189824056890188e-06 -9.323043012269321e-07 -1.101019230914911e-06
-7.464317194447663e-06 5.451590957455675e-06 5.388509526064282e-06 4.080415869416332e-06
-6.407334425301866e-06 2.799289136243559e-06 -1.836973826022526e-06 6.759671471826312e-06
-6.908975005490927e-06 3.084087278928633e-06 4.520931287167126e-06 -1.227621012431311e-06
-7.158391148277190e-06 3.683452848033772e-06 8.671754059393476e-06 -5.540565271221314e-06
-1.128552361565498e-05 5.395762770236783e-06 3.155688201755933e-06 -7.994831422593175e-07
-1.274342005256461e-05 4.006188377123120e-06 -3.050679911093127e-06 -1.557175810225273e-06
-5.598039057416984e-06 1.166119041611654e-06 -3.700849891848461e-06 -8.322874740014136e-06
-6.444959524089337e-06 -9.631333721668944e-07 -5.580803111609339e-06 1.198320192910233e-05
-8.651595004755287e-06 4.218515295018016e-06 -5.972621462466420e-06 -2.243287505539893e-06
-6.972099691899778e-06 1.955541568262268e-06 -5.752786497600589e-07 -2.754462601944601e-06
-7.570020991259711e-06 2.882827930504177e-06 3.700966125598913e-06 -5.379125167327411e-06
-1.060130131443776e-05 3.529499457948794e-06 8.633772242545259e-07 4.040275593030541e-06
-1.214294057341011e-05 2.419338517282053e-06 -3.477230071503943e-06 -4.167546150662052e-06
-7.048041466958976e-06 1.263558252820125e-07 3.400010343899819e-06 -2.159438269061284e-06
-6.985414360002989e-06 -1.241725607836935e-06 4.895202054586474e-07 4.241029698819235e-06
-9.028714373873171e-06 1.546638958910189e-06 1.117417492333409e-06 5.116943721076395e-06
-1.190789539998845e-05 8.565664041162579e-07 1.359117755134540e-06 -1.709233082595964e-07
-1.198486058757380e-05 -6.387483346596068e-07 4.671535221586524e-06 2.876198603442791e-06
-8.152131524170794e-06 -8.773799902520763e-07 1.972764291274015e-08 -4.601648154951960e-06
-7.303578061151237e-06 -1.814201760005400e-06 1.776193639613615e-06 -4.682912846903239e-06
-7.714893148602676e-06 -3.354873951394095e-06 8.151689353888958e-06 -3.915481457752945e-06
-1.049991726860226e-05 -8.411018054948184e-07 -1.934683747419236e-06 3.620781434761228e-06
-8.311511390132064e-06 -4.821487189649095e-06 4.646487646913049e-06 4.106181136559724e-07
-1.238704412619100e-05 -2.136033283989670e-06 3.801696131477638e-06 -3.462790632647458e-06
-9.150082853797469e-06 -3.414332706672387e-06 2.984134062702198e-06 -3.032729260323110e-07
-1.118777735496757e-05 -3.534999527494336e-06 -6.074429668815878e-06 1.370604383582861e-06
-9.054609438185720e-06 -6.209381366142786e-06 -8.080628480697688e-06 5.451372254080086e-08
-1.304681532198172e-05 -3.532585860798147e-06 -3.988995466417144e-07 -7.735339561659547e-06
-1.243958678881264e-05 -4.890938076187915e-06 -3.050457093108660e-06 2.487662621968276e-06
-1.106676394549999e-05 -5.731232131214271e-06 2.636658807661360e-06 -2.756617378516555e-08
-9.932217191334757e-06 -7.509464055860477e-06 1.461141251643514e-06 5.469383515758237e-06
-1.097098093452834e-05 -8.695040124486208e-06 3.972224306410446e-07 -1.117999548363039e-06
-1.395163789633800e-05 -4.807729416698699e-06 2.113719076713750e-06 2.349432878019986e-06
-1.326668916790414e-05 -6.390123774751682e-06 6.269827137616997e-07 5.150229648027915e-07
-1.247554061298618e-05 -8.214426642555882e-06 5.506138664486159e-07 -2.165600755338187e-06
-1.213904910709116e-05 -9.756839188497062e-06 -2.160599292275924e-06 -7.625413323962135e-07
-1.507060611453734e-05 -5.919338941028577e-06 9.823078252296261e-08 4.432441019025734e-07
-1.472146375630939e-05 -8.192733342235682e-06 1.154613378974081e-06 9.528275281204980e-07
-1.341129066588749e-05 -1.068249487309350e-05 -6.061531123178551e-07 1.417163095923098e-06
-1.478928006962075e-05 -1.146171843382208e-05 6.309210770153538e-07 -1.713553422407893e-07
-1.624710043526615e-05 -1.207748380997152e-05 1.840797704149466e-06 -8.545883909188736e-08
-1.637641000285055e-05 -8.672550429662112e-06 6.265039793412270e-07 4.486352243967250e-07
-1.636874641073130e-05 -6.821150971018538e-06 7.028827738768060e-07 -9.816455038909811e-07
-1.604922367812881e-05 -1.050389958464645e-05 1.392842745903831e-06 5.866438384996943e-07
-1.776518498558269e-05 -1.252458990224314e-05 -1.201349644123253e-06 2.008798318080205e-06
-1.933219069422734e-05 -1.280087879434657e-05 -1.211507749534604e-07 3.257901061158561e-06
-1.768469109183406e-05 -9.083843822308410e-06 7.615320925523594e-07 7.911981275211710e-07
-1.780585750462396e-05 -7.482805063222195e-06 4.267059228367371e-07 -2.587471588026629e-06
-2.092365346529306e-05 -1.289643217933001e-05 3.299018985602606e-06 1.650821809686542e-06
-1.915657095767167e-05 -1.056243341041598e-05 -2.413477432392514e-07 -7.463660699270728e-08
-1.933983824207215e-05 -7.886000768026153e-06 2.016351814644746e-06 -6.274423279015059e-08
-2.127631648448938e-05 -1.079935597654795e-05 2.171832408576174e-06 -4.640890276190099e-07
-2.267884745274529e-05 -1.290041181589892e-05 1.928446571340913e-06 3.657907500636018e-07
-2.092469405093325e-05 -8.019557461260141e-06 6.077198503272012e-07 -1.133810611151911e-07
-2.509100839749641e-05 -1.290618580333249e-05 4.273396520211472e-07 1.475246290904634e-06
-2.318434626335220e-05 -9.609091779284285e-06 4.871302193217645e-07 6.940415300722481e-07
-2.267670598712364e-05 -8.015952137298253e-06 2.694577865368896e-07 1.002323834884966e-06
-2.841536341079957e-05 -1.290780684633804e-05 1.406658402973878e-06 -8.994175212121384e-08
-2.676960815650217e-05 -1.026815685479762e-05 7.016829516923227e-07 1.537061533612801e-06
-2.509048139311914e-05 -8.012038141241934e-06 -1.979461727568432e-07 1.552944084460520e-06
-3.280774834456753e-05 -1.290412305238494e-05 2.602702326872486e-06 -7.935605184374578e-07
-3.061079691912496e-05 -1.045655825843941e-05 2.425822621477369e-06 -2.353976944764849e-08
-2.841546522479275e-05 -8.010104815773871e-06 1.992060715242955e-06 8.095382707303248e-07
-3.738503866567320e-05 -1.289610765435115e-05 1.645271420884534e-06 9.657198453251406e-07
-3.509796182773655e-05 -1.045430322573500e-05 2.073047445820297e-06 5.870163342760839e-07
-3.280646955972086e-05 -8.006119910340777e-06 1.990417187897826e-06 1.127716577821987e-06
-4.194821611384282e-05 -1.288371093455172e-05 2.451668742871746e-06 5.195369873512817e-07
-3.967248562431099e-05 -1.044729251073452e-05 2.134443486495185e-06 -4.625448561932713e-07
-3.739032807672207e-05 -8.004752711992145e-06 3.087879930198135e-06 2.300112908893184e-07
-4.647258174842290e-05 -1.286753019825663e-05 1.577663357654426e-06 2.689367860521773e-06
-4.421439730036735e-05 -1.044817584978835e-05 1.126311180017941e-06 1.161575921301958e-06
-4.194468774346494e-05 -8.013808408214328e-06 3.117974841373498e-07 -1.448192105739549e-07
-5.097221217875416e-05 -1.284134138646590e-05 3.325074584999434e-06 7.396369893518336e-07
-4.872964260453711e-05 -1.044161874028422e-05 3.654065024300055e-06 1.378725786568201e-08
-4.647635961918102e-05 -8.021814824801358e-06 3.410465189542459e-06 -1.552241710640315e-06
-5.544454240199250e-05 -1.282447602724089e-05 3.510176773319989e-06 2.461022124440943e-06
-5.321226886161876e-05 -1.043996208095403e-05 2.157715374459361e-06 4.728250979095751e-07
-5.097221870076154e-05 -8.040315624758913e-06 2.561553409467453e-06 -3.194527731906480e-07
-5.988570476143641e-05 -1.280460894245714e-05 3.659562565715275e-06 -2.075728321439825e-06
-5.767264367899726e-05 -1.043639430848831e-05 5.058383306961125e-06 7.735618485988153e-07
-5.544626566140195e-05 -8.051985346794483e-06 3.315350903192245e-06 -1.352856810351783e-06
-6.428129575519974e-05 -1.278884736339901e-05 5.720012267198740e-06 3.395181951418575e-06
-6.208890187914464e-05 -1.043762365878886e-05 3.060832447685431e-06 5.225510982385295e-07
-5.988502392242111e-05 -8.068230594409444e-06 4.041023736617345e-06 3.413889853663352e-06
-6.866701569784070e-05 -1.278712110134066e-05 6.482939411286204e-06 1.727365644023933e-06
-6.647296525971867e-05 -1.044060908936164e-05 6.998800771700546e-06 9.050088005277673e-07
-6.427966594242081e-05 -8.090242630282389e-06 5.328194359376775e-06 -2.025268074386343e-06
-7.804053061590430e-05 -1.252502104942569e-05 1.139758240428354e-05 2.832541715990933e-06
-7.741720173732739e-05 -1.278279520649870e-05 1.073064250123795e-05 2.910323872341409e-06
-7.063199414236524e-05 -1.043722087544622e-05 7.390080366496053e-06 6.796202958870835e-07
-7.304552186641044e-05 -1.277947773685204e-05 9.207299194925010e-06 2.726097442566824e-08
-6.866876217251996e-05 -8.091166406324420e-06 6.688299898468230e-06 -8.724846301227789e-08
-7.829874638900380e-05 -1.190218388696144e-05 1.168568390935282e-05 2.405500839003987e-06
-7.682420990867847e-05 -1.043296815557299e-05 9.687643693992658e-06 4.740549780824784e-07
-7.304660396291633e-05 -8.090574144459449e-06 9.217739561335610e-06 1.048762912782089e-06
-7.829864693495779e-05 -8.963728670859430e-06 1.166172528484699e-05 -1.437731338372619e-06
-7.741742456808552e-05 -8.083607337363683e-06 1.070551289111732e-05 -1.935774711549668e-06
-7.804051522596838e-05 -8.341217062243609e-06 1.137224672224885e-05 -1.860311129164538e-06
