3.409490264756451e-05 -4.155025600052140e-06 -2.505968193094286e-05 2.888546202617762e-06
3.425724880330744e-05 -3.763340303613241e-06 -2.509088231032141e-05 2.892830437652122e-06
3.425702978134129e-05 -1.919361470890289e-06 -2.531722633947154e-05 3.256359107246541e-06
3.409468447058513e-05 -1.527779933686920e-06 -2.531765311909792e-05 3.333547275925451e-06
3.370305305457809e-05 -4.317315667098874e-06 -2.501986302271337e-05 2.902076466778739e-06
3.296696329474317e-05 -2.841217179858856e-06 -2.461462466812460e-05 3.237814434830702e-06
3.370287775130127e-05 -1.365539698327222e-06 -2.533630798767209e-05 3.364355397887720e-06
3.093399275053194e-05 -4.322404207188082e-06 -2.167549901017841e-05 4.050204987157600e-06
3.093479112706230e-05 -1.361640196912222e-06 -2.213461521204085e-05 3.552732005621967e-06
2.940448558129260e-05 -2.843333507320546e-06 -2.138639595951430e-05 4.156512743590642e-06
2.815805283356666e-05 -4.329382855085967e-06 -2.150424837666674e-05 5.108724403203844e-06
2.815927468353866e-05 -1.359344779737541e-06 -2.120808223980894e-05 2.900622847273564e-06
2.676959926914991e-05 -2.844540191352694e-06 -2.141031778286292e-05 3.969696803245750e-06
2.539610284088787e-05 -4.309093892738604e-06 -2.019851650412587e-05 6.561693296723458e-06
2.539514393592988e-05 -1.377973860370560e-06 -1.949613230435494e-05 8.096655484454667e-07
2.402870178034179e-05 -2.842801666248794e-06 -1.754202615003231e-05 3.416528374884600e-06
2.267180505760761e-05 -4.288982032009256e-06 -1.774861544883825e-05 4.220741925231430e-06
2.267308714409850e-05 -1.397696495940109e-06 -1.732973694055614e-05 2.831891513646040e-06
2.132531432733984e-05 -2.844386225541821e-06 -1.742783250296766e-05 3.796268977345343e-06
2.000792937861974e-05 -4.246478492677338e-06 -1.802790767166224e-05 4.482830847863783e-06
2.000888166215386e-05 -1.442397827585670e-06 -1.737389971531447e-05 3.835556589223929e-06
1.870299548367893e-05 -2.844528211283714e-06 -1.634297876729113e-05 4.170283363530169e-06
1.741757524657409e-05 -4.207846482194873e-06 -1.535244113962562e-05 4.325604199575374e-06
1.741734794816187e-05 -1.477250632388258e-06 -1.478399790635899e-05 3.121573845998450e-06
1.614555344816264e-05 -2.840502746865026e-06 -1.387855974078100e-05 3.557854327680093e-06
1.491606449143400e-05 -4.142621324297951e-06 -1.325071243218820e-05 4.451033693820028e-06
1.491087403539881e-05 -1.529740416006795e-06 -1.344164342890550e-05 2.641174373005332e-06
1.370167751066905e-05 -2.832802449435003e-06 -1.320186511886120e-05 3.668100097114296e-06
1.252620093730031e-05 -4.082139060593209e-06 -1.392283881151734e-05 4.249618928446533e-06
1.252976798245302e-05 -1.588650178620668e-06 -1.273101973453883e-05 2.301988750156952e-06
1.137580663582824e-05 -2.837743611204812e-06 -1.340792086704917e-05 2.973320592955917e-06
1.027065277097632e-05 -4.007987817467586e-06 -1.032739672487295e-05 7.381222017280848e-06
1.027298116129030e-05 -1.669575421162622e-06 -1.197772237455279e-05 2.466629045601247e-07
9.189896977452068e-06 -2.838745871546596e-06 -8.308069697037916e-06 4.379639099835584e-06
8.158884312159743e-06 -3.927027385271913e-06 -8.622570733272196e-06 2.690498889194717e-06
8.153354481379359e-06 -1.745251791507785e-06 -8.730751860603113e-06 4.390166545564039e-06
7.188425322043485e-06 -2.831879749067460e-06 -9.801017299794260e-06 3.761746098398294e-06
6.272225521354269e-06 -3.837463606972459e-06 -1.047500156755581e-05 2.844383289883896e-06
6.273455007660051e-06 -1.829788050370178e-06 -8.088372248699153e-06 2.656389247167360e-06
5.601301908213521e-06 -2.903057665128553e-06 -8.971818363029599e-06 3.130831790886086e-06
4.965728913925534e-06 -3.755898940209914e-06 -6.620999766199121e-06 5.429312210244801e-06
4.962378762381991e-06 -1.912513712641394e-06 -1.023581297979630e-05 1.438454839653304e-06
4.084984380625441e-06 -3.686252399934290e-06 -8.141367462418286e-06 5.004034503124982e-06
4.235818215460313e-06 -3.128550329062872e-06 -7.735138959128966e-06 5.049290305889644e-06
4.088408200271003e-06 -1.964566743692140e-06 -3.138348427270041e-06 4.139993634851169e-06
3.487928467918705e-06 -2.011061722350422e-06 -1.582499658302615e-06 3.921652991684409e-06
-2.995018327686693e-07 -8.682687330694635e-07 -3.714893503286530e-05 2.094771638986717e-05
-3.106655356779255e-07 -7.828218171230163e-07 2.466700622846847e-05 -4.728163066860170e-05
-2.620473134299919e-07 -7.944507948195423e-07 2.427241940926389e-05 -2.336180382711082e-06
-2.628474764941896e-07 -8.060895742519214e-07 -1.123795606392847e-05 -8.482484626632703e-06
3.480610994802400e-06 -3.641625533906357e-06 -4.398503354951087e-06 2.736020104683589e-06
2.971161011425167e-06 -3.573067513472803e-06 -5.527754669595260e-06 1.034732192562504e-06
3.350393687042789e-06 -2.629945757364440e-06 -2.689791944374901e-06 3.157838721701309e-06
2.952708825057380e-06 -2.016006534522514e-06 -5.592028044766832e-06 3.001714876808227e-06
-2.442811962529818e-07 -9.108114217869732e-07 -9.735721200241844e-05 1.941655689345220e-05
-2.063260881504397e-07 -8.074459832361455e-07 4.784679980231473e-05 7.874101442347677e-06
-2.586823031753449e-07 -8.166592902377369e-07 -6.050793866446443e-05 2.177138209649275e-06
2.797051718267491e-06 -3.082504718580949e-06 -5.148095743154209e-06 2.715465521217018e-06
2.487174792846897e-06 -3.440836867020650e-06 -4.316439796073413e-06 1.262919388499907e-06
2.044802577199690e-06 -3.270939935163348e-06 -3.856425742396962e-06 3.682357682537734e-06
2.639073374589494e-06 -2.441916570831934e-06 -7.320085433258250e-06 2.716755852679178e-06
2.474609148593132e-06 -1.954931496449110e-06 -7.782462943391007e-06 4.144183338912911e-06
-1.869212767311426e-07 -8.908317109434635e-07 1.988080823702471e-07 -8.303807664422057e-06
-1.530034689084258e-07 -7.835555384109315e-07 -1.294257325821977e-05 -1.282079882157297e-05
-1.275107066756793e-07 -8.122914623408643e-07 1.414178151014713e-05 3.207186961156729e-05
1.659222887707314e-06 -3.048661129443392e-06 -5.139727837707381e-06 4.888411875853420e-06
1.975782357121515e-06 -2.798676571765452e-06 -4.755953609448723e-06 6.331588176811192e-06
2.121691508011906e-06 -2.249603985563951e-06 -6.331212848512228e-06 3.900679982073805e-06
2.055764474464977e-06 -1.830518707825045e-06 -4.203752915151418e-06 5.359433430388740e-06
-4.862204513255025e-08 -8.899013293285673e-07 -6.053589660228159e-06 -1.813042225732706e-05
-8.699361567341984e-08 -7.882391676580612e-07 -4.397557284758958e-06 -1.417032121943742e-05
-4.572741656494371e-09 -8.139182743794446e-07 8.774305162526775e-06 3.305079015555799e-05
1.317507541695077e-06 -2.805039606962980e-06 -4.669268054582269e-06 1.946160676734673e-06
1.040322537112542e-06 -2.550009552274545e-06 -1.638340723059227e-06 3.302945472395395e-06
1.628969510024035e-06 -2.169455425366455e-06 -5.255442430977484e-06 1.427745281359213e-06
1.702044307227004e-06 -1.652102078541958e-06 -7.901559171105120e-07 1.826530244982842e-06
3.269686739693923e-08 -9.133976955986482e-07 -1.533292323050679e-06 -9.699990840156428e-06
5.021766092267062e-08 -7.777870855785459e-07 -3.453093807528359e-06 -1.622878479084663e-05
1.111521838522562e-06 -2.190449557962224e-06 -3.714904075484411e-06 2.518014602672173e-06
8.219071880244309e-07 -2.271209165026216e-06 -3.709488351724603e-06 5.520772569495706e-06
1.220554319148774e-06 -1.822409026869243e-06 -4.733501929486892e-06 7.826342415569384e-07
1.414644073375969e-06 -1.455176650232740e-06 -8.681632682576292e-06 6.793220439658015e-06
1.237152229016858e-07 -8.285557629793924e-07 6.905307609218685e-06 1.755054986628883e-05
1.969234596640196e-07 -9.071085618180779e-07 -7.341049519006888e-06 -8.568170882996428e-06
1.885587812149164e-07 -7.546329722041961e-07 2.461848606661104e-07 -4.887685542297965e-06
6.415774726750252e-07 -1.985445263489594e-06 -5.931233461534293e-06 4.849625697432865e-06
5.261361604656886e-07 -1.728905870250899e-06 -2.809697138028555e-06 3.004333813209678e-06
4.622542705289129e-07 -1.474916266196133e-06 5.229762496600159e-07 2.725154053962758e-06
1.003074746020354e-06 -1.521783196469469e-06 -6.871108526110719e-07 3.985745900035700e-06
1.194048458249551e-06 -1.260559385807209e-06 -6.148160352413006e-06 1.406365759224659e-06
2.531179437340863e-07 -8.465284522406386e-07 -6.445631038983055e-06 -2.158603734872206e-06
3.275048793370819e-07 -9.380027838544042e-07 9.839275680082065e-06 1.758829274964632e-05
3.326970008013385e-07 -7.266729926154212e-07 7.819838205129587e-06 5.909962630071166e-06
6.645858606683789e-07 -1.465954001992253e-06 -4.089798907087420e-06 9.513672206830377e-07
4.292246948687932e-07 -1.244608494162335e-06 2.129373097004365e-06 6.378780346567348e-06
4.305696510660586e-07 -9.675577155870824e-07 -6.495188752847895e-06 9.135548837755403e-06
4.586421696002417e-07 -9.982542242088807e-07 4.279655225254959e-06 -1.460765003162977e-06
4.594922084130222e-07 -1.056427454140459e-06 1.086653021779024e-05 -7.200803742392860e-06
8.649573969753443e-07 -1.232858718942292e-06 3.100666603646387e-06 2.698556346663483e-06
1.022738187745198e-06 -1.089554487580180e-06 -6.142329555218912e-06 -2.073807413838596e-06
3.903479625809270e-07 -8.479583844040024e-07 -2.829325891711619e-06 -9.175131371255277e-06
4.807586657247004e-07 -7.175391530144963e-07 -4.697666198586428e-06 6.000080603818535e-06
5.724065612045405e-07 -1.093144135387373e-06 -9.909867819126015e-06 -6.504591397567301e-07
4.732725899156404e-07 -8.974864455604796e-07 -3.415232106266888e-06 2.071321020754976e-06
5.072264432711727e-07 -9.785704237433182e-07 5.482898967564740e-06 -5.695957433168040e-06
7.713192348802788e-07 -1.021668157119633e-06 -1.830788012106786e-06 4.177562534824549e-06
8.963368348678594e-07 -9.350378805114672e-07 -7.788469305667333e-06 -9.787528808932564e-06
5.052657886731929e-07 -7.719003445976410e-07 -2.225324267792732e-06 -1.968928523501413e-06
5.426648105045378e-07 -7.056446708304103e-07 -5.162474739207205e-06 -3.195146443429479e-07
6.268768635163368e-07 -8.406321866323691e-07 -3.325387518008327e-06 5.383077347049655e-06
8.433355309320726e-07 -8.148269268645858e-07 -1.007997225754469e-06 -2.675246885945657e-06
7.747187290500758e-07 -7.263201869982966e-07 4.022574444361679e-06 1.480679376337429e-06
5.945753776749126e-07 -7.065406958320565e-07 -5.997262739623785e-06 -6.084308629305278e-06
5.904673004643577e-07 -6.835750540298797e-07 -4.619361849520355e-06 -6.769789795288317e-06
6.501515314633986e-07 -6.364122302746165e-07 3.569105613014850e-06 -4.422404323532942e-06
7.193946953375528e-07 -6.901703137887978e-07 -2.839127294276927e-06 2.589611240022272e-06
6.962953879080814e-07 -6.505830369810292e-07 8.926859152934584e-07 -9.907225776183268e-07
7.121937971212946e-07 -6.552487702447909e-07 1.631099033807740e-06 -4.301762566169441e-06
6.720623286236586e-07 -6.142995198232772e-07 1.907561269233207e-06 -1.060086777948318e-06
7.013471014972488e-07 -6.277055757434631e-07 -1.002619803888636e-05 1.494516202559844e-06
7.130057084870148e-07 -6.907879941189421e-07 -1.546514461015875e-05 -2.988170323384197e-06
6.565455021976947e-07 -6.277418077306271e-07 -3.986105879831081e-06 -9.969277627246569e-06
6.643223670550783e-07 -6.439499829966053e-07 -6.904242248759997e-06 1.812501053944418e-06
7.005939961144413e-07 -6.637528274781533e-07 -3.693651629083733e-07 -2.124144894639981e-06
7.415036542290192e-07 -7.655815374124098e-07 -3.552837490276913e-06 4.834668201659280e-06
7.168734123467122e-07 -8.489235180204827e-07 -4.611937577340392e-06 -6.163808991655324e-06
5.738288131738040e-07 -6.266547526113653e-07 4.381163533076338e-07 1.520100763288276e-06
6.123417086750553e-07 -6.979257388714942e-07 -2.283609137047970e-06 -2.102014424651110e-06
6.506381962013848e-07 -8.165957302106623e-07 -3.761879773542572e-06 -6.963856438302480e-06
6.708959156595646e-07 -9.626793111652300e-07 -7.346318578597091e-06 -5.356641272418111e-06
4.565009309030960e-07 -6.531877265009046e-07 -6.463981355273150e-06 -2.742234277060280e-06
4.838564436959606e-07 -8.270737482061310e-07 -4.907865208137294e-06 -1.985597450177173e-06
5.951444862714083e-07 -1.080780043360697e-06 -5.724313877189768e-06 -2.013207317754945e-06
4.606500417979169e-07 -1.207985013955374e-06 -6.164879303735847e-06 -6.930396077831267e-06
2.965290471971925e-07 -1.330845743569648e-06 -5.455756020208716e-06 -6.422994818059618e-06
2.974255718573456e-07 -8.791400371987899e-07 -7.031636199883616e-06 -3.484916073096856e-06
3.057664983119827e-07 -6.948311728562381e-07 -7.181142643501128e-06 -4.358263762624538e-06
3.350927548454802e-07 -1.103426333589597e-06 -6.317462514660121e-06 -4.957513155042547e-06
9.287142877970552e-08 -1.429197397009093e-06 -1.007240030541077e-05 -2.434943714845927e-06
-1.425187042002275e-07 -1.511277156894523e-06 -1.025838387043432e-05 -2.590668326563333e-06
1.225308313640159e-07 -9.273560407256778e-07 -7.148032669276122e-06 -3.414055830282229e-06
1.053138462927332e-07 -7.227583271792096e-07 -7.544895099260321e-06 -6.655280766227696e-06
-3.987794039447605e-07 -1.560473005018725e-06 -7.777373630295313e-06 -7.118270527297690e-06
-9.647557458773528e-08 -1.148255110275974e-06 -8.863314776124479e-06 -4.065186452670913e-06
-1.345354659613890e-07 -7.332320060260714e-07 -6.416509768578532e-06 -2.676308720155407e-06
-4.539730953119610e-07 -1.193616386991060e-06 -1.001335432668350e-05 -6.450918823328046e-06
-7.174799570044343e-07 -1.596499392323552e-06 -1.183899315071558e-05 -8.291646795159916e-06
-3.936770224547723e-07 -7.250536003283672e-07 -1.008176603446313e-05 -1.839200893991450e-06
-1.191316383329592e-06 -1.640366121119351e-06 -1.080171313667514e-05 -6.114639661333529e-06
-7.984207684449566e-07 -9.739462482885182e-07 -1.317313593942081e-05 -5.027208158225045e-06
-7.152793706597692e-07 -6.863080997525014e-07 -1.238836023898344e-05 -2.443437469076860e-06
-1.933785018174192e-06 -1.715988540051004e-06 -1.081057484188301e-05 -8.777835373872010e-06
-1.543725270143994e-06 -1.099235813311549e-06 -9.821830530873558e-06 -5.439399921101328e-06
-1.189903091596087e-06 -6.310046074320269e-07 -1.207160117997354e-05 -4.962199744184950e-06
-3.052478902292176e-06 -1.793782154853251e-06 -1.940843897588128e-05 -6.622974260601713e-06
-2.472152429542849e-06 -1.138136235617248e-06 -1.598058813000117e-05 -3.803279548676702e-06
-1.935932867754307e-06 -5.557620254119267e-07 -1.220360433559044e-05 -1.147554926400240e-06
-4.324038932640325e-06 -1.856866595270597e-06 -1.891915327825081e-05 -6.113800671802204e-06
-3.668641890545012e-06 -1.145348868096104e-06 -1.918522395017998e-05 -5.734913645347368e-06
-3.046388384054193e-06 -4.879289038420476e-07 -1.796256858900529e-05 -2.908012792496492e-06
-5.699503800437752e-06 -1.902624408059666e-06 -2.214800209543080e-05 -7.706738804908043e-06
-4.997310423323997e-06 -1.147586213054037e-06 -2.003231984266561e-05 -4.854743739070910e-06
-4.324496146194672e-06 -4.362038617420173e-07 -1.909176035122255e-05 -4.305426418522909e-06
-7.165399241225081e-06 -1.944382533714539e-06 -2.353596032645482e-05 -5.526983775013750e-06
-6.419303619689057e-06 -1.143583089357199e-06 -2.359520678415727e-05 -5.055598123535922e-06
-5.702423866099644e-06 -3.888961191322108e-07 -2.224815389366947e-05 -2.154923943267305e-06
-8.686848848085232e-06 -1.974264145417844e-06 -2.766526589655783e-05 -2.481010083137616e-06
-7.917197533202647e-06 -1.146070442436487e-06 -2.567084205173906e-05 -3.701577068272947e-06
-7.162693207330335e-06 -3.435679855708192e-07 -2.481547012245593e-05 -3.493014306939043e-06
-1.025111460683934e-05 -1.993905720294960e-06 -2.866876107999934e-05 -5.885697939602528e-06
-9.462898965031686e-06 -1.150739970219680e-06 -2.770909233198829e-05 -5.173608429349642e-06
-8.684988661774793e-06 -3.220925961108464e-07 -2.590173143162697e-05 -5.386851380396207e-06
-1.184622026894503e-05 -2.006190542278533e-06 -3.319651594049512e-05 -9.465219871632088e-06
-1.104536435132916e-05 -1.149146459325538e-06 -3.046034443458149e-05 -5.098327389091889e-06
-1.025299299205733e-05 -3.078598296571792e-07 -2.948922778166610e-05 -4.586294788671732e-06
-1.345433008971553e-05 -2.010600649531683e-06 -3.509791115661046e-05 -6.921527243066706e-06
-1.264789477450525e-05 -1.148278885024467e-06 -3.479748153198913e-05 -4.437020360497049e-06
-1.184502903354246e-05 -2.909870418853967e-07 -3.319018735442705e-05 -2.877779091736599e-07
-1.507596418285943e-05 -2.007300209504728e-06 -3.942604820946416e-05 -7.354281583877465e-06
-1.426590519631655e-05 -1.144359275518461e-06 -3.670499610425857e-05 -4.526332161532635e-06
-1.345694677449539e-05 -2.821818479436126e-07 -3.506215260349565e-05 -1.662442516865907e-06
-1.852987487081770e-05 -1.903996078952313e-06 -4.662755340883667e-05 -4.620336563425139e-06
-1.830436790147545e-05 -1.998598551734578e-06 -4.654169825173418e-05 -4.836885504701044e-06
-1.580255154096325e-05 -1.144098553213534e-06 -4.100040458761630e-05 -5.133555588311799e-06
-1.670385392227183e-05 -2.013193710617011e-06 -4.241067046992986e-05 -7.860340032901324e-06
-1.507549440069431e-05 -2.806178056063256e-07 -3.920763388260124e-05 -2.458803975448809e-06
-1.862315215640018e-05 -1.676812181169161e-06 -4.665581053787124e-05 -4.322493619328800e-06
-1.809214646197119e-05 -1.144539473904618e-06 -4.684046368332708e-05 -4.513986930181714e-06
-1.670368667647380e-05 -2.757813549640673e-07 -4.262438661344835e-05 -2.101385087871431e-06
-1.862355971244486e-05 -6.119325824670992e-07 -4.683722249599317e-05 -4.523942059123033e-06
-1.830472385799200e-05 -2.900162170278692e-07 -4.677368393982419e-05 -4.066706912958230e-06
-1.853028424994682e-05 -3.846523465285074e-07 -4.682955638701290e-05 -4.258443200628423e-06
