-7.245739975166030e-05 9.568158710395036e-06 4.905204471029509e-05 -5.364721245031983e-06
-7.273706420218384e-05 8.893119031430794e-06 4.909565894798888e-05 -4.908599088640143e-06
-7.273906651887578e-05 5.709678304238844e-06 4.920866908058552e-05 -3.982816038123000e-06
-7.245951086856974e-05 5.034290592807715e-06 4.920233682702666e-05 -3.636409107481913e-06
-7.178232615237797e-05 9.847762916603589e-06 4.888760571470069e-05 -5.641512289705961e-06
-7.051794694839111e-05 7.302234389982754e-06 4.870005713024269e-05 -4.484303361431823e-06
-7.178438693439723e-05 4.754539904969538e-06 4.912496156825841e-05 -3.413013282727566e-06
-6.703308958255949e-05 9.850136859414415e-06 4.433220066446608e-05 -8.128795692946445e-06
-6.703224440545137e-05 4.752459147295134e-06 4.505538878249293e-05 -1.628111621139053e-06
-6.439498852209298e-05 7.299383863235933e-06 4.166436245002310e-05 -5.191203048184750e-06
-6.224886525992426e-05 9.855358546385354e-06 4.202133397101547e-05 -5.520261435752054e-06
-6.224616490967684e-05 4.740685389727089e-06 4.136089060832447e-05 -4.132531909621081e-06
-5.984979675338816e-05 7.296125116332280e-06 4.064939283947952e-05 -4.866420854236471e-06
-5.745764714064718e-05 9.848474999706436e-06 3.621262558859892e-05 -1.013050412936551e-05
-5.746469538060565e-05 4.750837450648591e-06 3.590019738619087e-05 6.163419389000968e-07
-5.507768977245230e-05 7.303322332819289e-06 3.373779494977050e-05 -3.678214818859095e-06
-5.269717353055650e-05 9.852231823380225e-06 3.398493081472310e-05 -5.738120706156991e-06
-5.269606490152861e-05 4.753930155298751e-06 3.484720039103101e-05 -2.599031061764962e-06
-5.031542923682283e-05 7.302356224391212e-06 3.259103241463459e-05 -4.653005878368252e-06
-4.793524685696740e-05 9.848827943324312e-06 2.958444552191907e-05 -7.240862437475194e-06
-4.793486769072922e-05 4.750276947908080e-06 2.908281815346771e-05 -3.013773739436307e-06
-4.555637274815999e-05 7.297543118437264e-06 2.675039179864462e-05 -4.700611977158533e-06
-4.319028118627102e-05 9.830326205857193e-06 2.626883964802046e-05 -4.525829435614986e-06
-4.319056860466776e-05 4.763598641758597e-06 2.570570578346249e-05 -5.043952733526157e-06
-4.083094054021070e-05 7.298001819322026e-06 2.582447064865155e-05 -5.089182603791429e-06
-3.848242111173641e-05 9.808365370739362e-06 2.359903231387886e-05 -8.636124553083765e-06
-3.848798268063426e-05 4.794907138375493e-06 2.358872551418094e-05 -1.791733604645551e-06
-3.614806203161995e-05 7.305224076315508e-06 2.107514048883686e-05 -4.340083893407503e-06
-3.383661075697819e-05 9.766979341575945e-06 2.026414568708271e-05 -7.207843382486843e-06
-3.383433322744484e-05 4.838434933981940e-06 2.087994211002280e-05 -1.651659776324250e-06
-3.153144412780064e-05 7.303087966963364e-06 1.992056633236951e-05 -4.443188831590171e-06
-2.925716917379128e-05 9.724503997193852e-06 1.704347436158075e-05 -5.570445942344410e-06
-2.925401755769534e-05 4.880481823207752e-06 1.774318192862885e-05 -3.578628789475724e-06
-2.700032796964712e-05 7.300889296182216e-06 1.632486268828352e-05 -5.845918218952105e-06
-2.478180195720371e-05 9.662753679628505e-06 1.696291759812775e-05 -5.928691257014138e-06
-2.478136579451139e-05 4.936328212034113e-06 1.479696773645091e-05 -4.109213716835361e-06
-2.267300969419507e-05 7.296940227284536e-06 1.332255242802912e-05 -4.678426956489643e-06
-2.061185357335505e-05 9.579765233245667e-06 1.063494813994520e-05 -6.982146930776447e-06
-2.061563029732346e-05 5.023852543954725e-06 1.439698920509435e-05 -2.621162870034754e-06
-1.907724001524304e-05 7.477485821372576e-06 1.222389286410956e-05 -3.233862002598842e-06
-1.756030743189270e-05 9.507734812888175e-06 1.280575123835932e-05 -5.197319934444657e-06
-1.756452448115051e-05 5.119154972933618e-06 7.406490080522194e-06 -5.971800766836506e-06
-1.542742711788434e-05 9.432373676236559e-06 7.456122627017295e-06 -5.615358307729877e-06
-1.582158366970217e-05 8.041081076449212e-06 7.251818274194435e-06 -5.590084667647638e-06
-1.542298331872574e-05 5.168994840906521e-06 1.300193997593321e-05 -3.520123532759916e-07
-1.391252300456529e-05 5.223098205729110e-06 8.616756849524173e-06 -1.742698060362112e-06
1.970307465187514e-06 -2.255248618393261e-08 7.113951476808561e-06 -3.499667288462905e-05
1.980523227924537e-06 -1.260330665145154e-07 -3.224611182059080e-06 -5.832575500186641e-05
2.005966454637160e-06 -4.555710299477490e-07 -2.372034355059465e-05 5.583742148165894e-05
1.995742001743684e-06 -5.793221456896033e-07 -4.647537532610339e-05 -1.369839507615247e-05
-1.390945589148855e-05 9.384100543309998e-06 1.043482033015939e-05 -5.632906077668543e-06
-1.257067908492034e-05 9.258587408080900e-06 1.078907209216045e-05 -6.412891405898171e-06
-1.358971942708905e-05 6.793646098676848e-06 5.566530326581569e-06 -4.802218304713717e-06
-1.255628522365501e-05 5.163500202406613e-06 8.611034887147691e-06 -5.558257852528505e-06
1.931307415430833e-06 2.786331864596011e-08 -1.319063923532149e-05 7.202392743291589e-06
1.741766885615827e-06 -3.220896575384022e-07 4.156754494722380e-05 1.808073335231077e-05
1.945442277443797e-06 -6.474390340628316e-07 -7.305067839034584e-05 -7.101309614849619e-05
-1.213252123205491e-05 7.988369846001158e-06 9.512490249445714e-06 -6.551264206368021e-06
-1.127709211387524e-05 8.972027471430638e-06 8.722375137002942e-06 -6.034785551275487e-06
-1.006490706187317e-05 8.570012883030879e-06 9.125693215788054e-06 -3.122936716405213e-06
-1.173410476147400e-05 6.277398489159126e-06 8.417143904372313e-06 -6.698115089619983e-06
-1.128179397685514e-05 4.908888936160520e-06 5.633788661232203e-07 1.221767525197656e-06
1.239855794068779e-06 -1.450515343432002e-08 -1.793110663566109e-05 -1.106666979123023e-05
1.256163447032735e-06 -6.202261200950889e-07 -2.807138533520119e-06 1.309142458829066e-05
9.174645198848266e-07 -3.520016151311547e-07 9.848703192957002e-06 -2.238363580702423e-06
-8.944864846182758e-06 8.031838046986853e-06 6.629973860777146e-06 -1.154153254482102e-06
-9.895133682702628e-06 7.294927007714695e-06 8.332501385405771e-06 -3.197496109992383e-06
-1.030736434572549e-05 5.724636193595737e-06 7.659802032141322e-06 1.516558093918771e-06
-1.013436855296860e-05 4.473285873555943e-06 1.097873823798656e-05 -8.089418921195718e-06
5.864175766364274e-07 7.321191300562800e-08 -7.033041798074456e-06 5.210058142855847e-06
5.620525890188250e-07 -6.912626482054223e-07 -5.813003061780557e-06 2.956853420571870e-06
1.505545887760468e-07 -3.695407917405454e-07 1.422810144540749e-05 -1.414746683077891e-05
-7.910120135554234e-06 7.386803181936514e-06 3.744518300125943e-06 -1.901372691555536e-06
-7.003256880003796e-06 6.655334868530352e-06 -1.051223025906084e-06 -4.474837695854366e-06
-8.879064060008613e-06 5.489536866397599e-06 7.089199555014158e-06 -5.003674683557395e-06
-9.126107921296532e-06 3.845652614410270e-06 -3.067154840667004e-06 -3.349225473464472e-06
-3.240880935029307e-07 1.874223580782164e-07 -5.354278502554291e-06 7.641687715120184e-06
-3.132510267917750e-07 -8.180916810963028e-07 -4.910041346301801e-06 9.404626662797180e-06
-7.232389414798795e-06 5.563447112295745e-06 2.985479931441404e-06 -4.196328588483212e-06
-6.210797910299128e-06 5.836952138923049e-06 1.749230268112061e-06 -5.764217257580972e-06
-7.607262700249765e-06 4.371921910158651e-06 5.122751890675612e-06 -1.786177737091482e-06
-8.281115638842454e-06 3.095148488951156e-06 5.600600291230443e-06 -5.175546746583220e-06
-8.338920474732119e-07 -3.415652994086362e-07 2.967777199499370e-06 -1.864218985014378e-05
-1.464308584082237e-06 3.891613656156003e-07 4.612217454323089e-06 8.911418742947660e-06
-1.472764191638589e-06 -1.028751248833034e-06 -1.894764376933558e-06 8.646158042658789e-06
-5.519390430654945e-06 4.968839435808477e-06 3.919536551769739e-06 -2.285655648254997e-07
-4.964390767012371e-06 4.071669990988602e-06 2.995010380462721e-06 -5.001629800122256e-07
-4.536570347777902e-06 3.133336200539934e-06 4.140173631396424e-06 4.547394410283125e-07
-6.840322606054296e-06 3.332519326674838e-06 1.169880555577492e-06 -2.479674094647378e-06
-7.620979659311947e-06 2.279532223211271e-06 3.318313005002625e-06 7.760383978630789e-06
-1.965326726296503e-06 -3.136162220062654e-07 -1.507522105376562e-06 3.119547212444643e-06
-2.596011059631725e-06 5.618593683040550e-07 8.114897699871072e-06 -1.524768930258484e-06
-2.592928701715366e-06 -1.238791091868543e-06 4.019240273948139e-06 -1.830839129941318e-06
-5.467083203426016e-06 3.127391978443996e-06 1.076675961817491e-06 -2.389092919075419e-06
-4.215376633949752e-06 2.185814095835852e-06 6.306368182331754e-06 5.931346157036183e-06
-3.624649590706226e-06 7.385041157920250e-07 -2.779303161759884e-06 -8.085463648983848e-06
-3.893225497156723e-06 8.941079828558000e-07 -3.233458556349331e-07 -6.380403603963165e-06
-4.033062881497070e-06 1.219451162228031e-06 2.623003923408131e-06 -1.607746449796284e-06
-6.309287796420496e-06 2.153252101608389e-06 5.488778365439219e-06 -1.827822940895338e-06
-7.107313875124791e-06 1.398499985804454e-06 6.959358846864377e-06 -9.667238113413610e-06
-3.148397336588911e-06 -1.875569333304870e-07 -1.360772481747906e-07 5.542884909026614e-06
-3.622385339416252e-06 -1.376993464620480e-06 5.883349127417437e-06 -9.252835915273626e-06
-4.865306737082600e-06 1.505324664785037e-06 2.729985255925431e-06 1.195084686625354e-06
-3.918046311409258e-06 2.697781269048106e-07 -7.113840499067293e-07 4.084501382722116e-07
-4.254842795563747e-06 7.786273305366864e-07 2.332398898678032e-06 -3.002918718089313e-06
-5.933204174016331e-06 1.116557742739527e-06 1.464664830895775e-06 -2.653568773269281e-06
-6.778841932523198e-06 5.222182546095347e-07 -1.001212524087809e-06 -2.732266914388132e-06
-3.953067845012490e-06 -7.708269460101926e-07 -1.434964328711250e-06 4.209834549609659e-06
-3.927378786626852e-06 -1.523308723554597e-06 9.232951958862164e-06 -7.530119406604441e-06
-5.068809497820670e-06 9.805326879721168e-09 5.740067475036363e-06 2.769185634450984e-06
-6.673816636558522e-06 -3.404859886853839e-07 1.719549223241245e-06 -3.981025540177182e-06
-6.743219553054572e-06 -1.191332669561465e-06 7.079688271258440e-06 -4.007497585292276e-07
-4.569315477074550e-06 -1.324176921155243e-06 9.274333473837625e-07 3.353676769514602e-06
-4.107765558202630e-06 -1.839498206110141e-06 1.402526716777075e-05 -5.661607400502361e-06
-4.318881220340143e-06 -2.729925766925689e-06 1.044665255814387e-05 7.204841170132145e-07
-5.893431155226740e-06 -1.306678338638418e-06 4.487750649326688e-06 1.009978074239321e-06
-4.631638757558076e-06 -3.584054931935359e-06 3.223831234068072e-06 1.150217829792348e-05
-6.974328347571833e-06 -2.032458846934399e-06 6.586758816780337e-06 -5.174873546412023e-06
-5.114329672242492e-06 -2.763631836224830e-06 1.547527764231677e-06 2.532159278842530e-06
-6.282605968228748e-06 -2.826978663018964e-06 -2.066165647359896e-06 -3.886986964951170e-07
-5.053101222943294e-06 -4.390215948601522e-06 1.651593334344934e-06 1.436544608581714e-05
-7.357821667748085e-06 -2.820671802075366e-06 8.346889872055125e-06 1.103463233028201e-05
-7.018943543523491e-06 -3.612802509383771e-06 3.965535457565331e-06 3.217979352961672e-06
-6.225844498149456e-06 -4.100782384693857e-06 2.381609882923450e-06 -4.914962876022888e-06
-5.562758094006072e-06 -5.136077121334285e-06 4.500056843294861e-06 3.157346490333457e-06
-6.157989196354612e-06 -5.855277882308568e-06 6.581446156413214e-06 4.703918121124156e-06
-7.899145991659949e-06 -3.571766744302174e-06 4.318330778874795e-06 6.051185184777045e-06
-7.511367343298553e-06 -4.488880753259822e-06 2.668040229550185e-06 -2.184226881983406e-06
-7.038878954214367e-06 -5.572855524720401e-06 5.212442131836988e-06 1.280635841758029e-06
-6.831870712292646e-06 -6.492252596706071e-06 6.281956229553338e-06 4.090221410356723e-06
-8.561187399792393e-06 -4.205445931266169e-06 1.552648474699408e-05 6.514409607948225e-06
-8.379302852394525e-06 -5.566046195499204e-06 -6.800620279649373e-07 2.339354309700781e-06
-7.597913584028958e-06 -7.046272559770813e-06 3.683528802147780e-06 3.491266351533406e-06
-8.418195080014183e-06 -7.529082987065431e-06 5.738937471041338e-06 1.325954313498996e-06
-9.290371572342110e-06 -7.917741155252736e-06 7.587444385648094e-06 1.450007283566916e-06
-9.369829880690144e-06 -5.850259083325604e-06 -2.228723343197259e-06 7.538457795288109e-07
-9.364091010494404e-06 -4.731084233941330e-06 1.828077000160594e-06 1.900080621020027e-06
-9.168254812033287e-06 -6.960556287279745e-06 4.099065882166830e-06 2.717012511681657e-06
-1.021455669350366e-05 -8.196231002641421e-06 3.679106556147926e-06 3.718551300223751e-06
-1.118016688264099e-05 -8.376170407489591e-06 -4.295294522133148e-06 2.663534560250358e-06
-1.015903475769728e-05 -6.099366310601123e-06 6.918173320151895e-06 2.019226708078554e-06
-1.023111635895229e-05 -5.113198456993022e-06 7.280462841406225e-06 -1.607329701622227e-06
-1.216209055096775e-05 -8.447002822903666e-06 4.914461526262342e-06 7.394044580953128e-07
-1.106163844532292e-05 -6.996241497357479e-06 2.513563471563249e-06 1.322814081190167e-06
-1.117934168984429e-05 -5.357165408425581e-06 5.978813556889038e-06 2.876187753347817e-06
-1.238159223015912e-05 -7.140520420899599e-06 8.334475219527661e-06 3.278976128382789e-06
-1.325436893567488e-05 -8.458484827616821e-06 9.940010101494806e-07 -1.603856360615736e-07
-1.216097411604464e-05 -5.428494604962451e-06 -1.290538385648506e-07 3.004051047779393e-06
-1.476161712881959e-05 -8.465893270592621e-06 5.972847261072042e-06 7.251895977177466e-06
-1.356209637636225e-05 -6.404381254247056e-06 7.585980797764063e-06 -1.586319233139933e-07
-1.324857856278126e-05 -5.415529683873013e-06 5.792633118398250e-06 -5.790136011705558e-07
-1.686873225941172e-05 -8.485335415613979e-06 5.083372439493051e-06 2.005483429533307e-06
-1.582638873137520e-05 -6.813533698241797e-06 7.206769467504393e-06 -2.093226699945210e-07
-1.476569104791670e-05 -5.390811351372996e-06 4.603170914863560e-06 1.660733506417478e-06
-1.967235150587231e-05 -8.503162029495018e-06 3.710693820814866e-06 1.256757307977579e-06
-1.826555079867508e-05 -6.927038575050218e-06 6.152904479469661e-06 4.278641555619517e-06
-1.687151113875190e-05 -5.371578528486329e-06 6.064840000764120e-06 1.420720685606077e-06
-2.261520830735227e-05 -8.508635563944164e-06 7.123713955605293e-06 3.471062382119945e-06
-2.114024423929111e-05 -6.933941651645672e-06 4.535589960349799e-06 9.654961415493405e-07
-1.966847827817058e-05 -5.359627407919781e-06 4.552318328708551e-06 3.269149271529846e-06
-2.558098147345132e-05 -8.524040697970344e-06 6.834072543663774e-06 7.258792776810185e-07
-2.409521687869331e-05 -6.930715611286762e-06 7.448487452832222e-06 1.281545298191791e-06
-2.261887234422295e-05 -5.353295007898407e-06 7.803281656145460e-06 -6.000450376741135e-07
-2.856404162500408e-05 -8.534819880324875e-06 6.762362891869903e-06 1.845629236364314e-06
-2.706901263121554e-05 -6.931741418919827e-06 6.255788571211478e-06 2.944258532992322e-06
-2.557907991705823e-05 -5.338796113636816e-06 5.367981008544985e-06 4.185082707765660e-06
-3.157227836482058e-05 -8.544979310753730e-06 7.094845739426315e-06 1.221803572103602e-06
-3.006354517014202e-05 -6.928952215600243e-06 7.659606280895932e-06 1.999610669839306e-06
-2.856472734112003e-05 -5.326232226414516e-06 7.222753043933854e-06 2.976788226269993e-06
-3.459591187064801e-05 -8.559944567516633e-06 8.779766662957245e-06 1.678640009615926e-06
-3.308114409164063e-05 -6.930057603121234e-06 7.390687785860465e-06 1.661707319983476e-06
-3.157088773872468e-05 -5.312072421736614e-06 7.917783983449164e-06 2.503434731080967e-06
-3.766274520738193e-05 -8.579566490044059e-06 7.512080817866509e-06 2.036508193904447e-06
-3.612169304284158e-05 -6.925726431865448e-06 8.839557585368783e-06 1.622504656577382e-06
-3.459920666134891e-05 -5.297043887233295e-06 8.548301492154098e-06 2.140621192725659e-06
-4.075555496559715e-05 -8.587745585281641e-06 1.034319179890053e-05 5.668161166553961e-06
-3.920682623905354e-05 -6.925103243804471e-06 7.292331153870524e-06 2.198614043597478e-06
-3.766168697700517e-05 -5.269834422789925e-06 6.980579178011960e-06 2.285786583502525e-06
-4.386991501585019e-05 -8.596857436403827e-06 7.968562114986614e-06 9.365259132367841e-07
-4.230940818900470e-05 -6.923058508187188e-06 1.120708645221532e-05 2.586525747134595e-06
-4.075710856997183e-05 -5.260804769080029e-06 1.039150442103223e-05 -1.358106046697176e-06
-5.061596713615091e-05 -8.450414132854258e-06 1.174126389878593e-05 3.422652018700403e-06
-5.016391676874794e-05 -8.636462566551230e-06 1.158159117822353e-05 3.465750120897508e-06
-4.526718821442705e-05 -6.928098672934889e-06 8.359727743870925e-06 1.764929972312096e-06
-4.699665633615576e-05 -8.615643560513035e-06 1.177156399909497e-05 1.699848603146040e-06
-4.386735717663812e-05 -5.251899197058042e-06 9.026563858888157e-06 2.968610135785334e-06
-5.080328433168223e-05 -7.999942822489184e-06 1.177600320557556e-05 3.229147717287372e-06
-4.972990104449015e-05 -6.934091183755268e-06 1.088813755489331e-05 2.071371381792307e-06
-4.699505816533274e-05 -5.248647039756949e-06 1.121128170463258e-05 1.849146152196828e-06
-5.080147817199422e-05 -5.868882588458524e-06 1.100346430400322e-05 1.340981562259490e-06
-5.016206279016594e-05 -5.232561699589428e-06 1.073029130341734e-05 1.146568665668389e-06
-5.061407021152010e-05 -5.418574540039209e-06 1.091401497718022e-05 1.185520156054245e-06
