4.677432464701597e-05 -4.931797292535102e-06 3.881743453306733e-05 -5.115785664995561e-06
4.698516658462409e-05 -4.423306078554169e-06 3.896858289014046e-05 -4.821180994280283e-06
4.698565465442663e-05 -2.025496443522709e-06 3.888230738667080e-05 -3.988915752281166e-06
4.677494416557353e-05 -1.517531235895627e-06 3.872472666796293e-05 -3.676467161478527e-06
4.626539522937367e-05 -5.142273372615632e-06 3.847386308794482e-05 -5.237806889160116e-06
4.531280504051432e-05 -3.225085239999700e-06 3.779536436689840e-05 -4.300698697584460e-06
4.626635590229032e-05 -1.307355036017136e-06 3.837146763611018e-05 -3.537799737771650e-06
4.269396016906646e-05 -5.141382504331346e-06 3.549279925508293e-05 -5.330057864499426e-06
4.269647701126972e-05 -1.315152393686018e-06 3.535827784851063e-05 -2.588186369962119e-06
4.071791507407466e-05 -3.229802050459529e-06 3.470557007569351e-05 -3.748578531579289e-06
3.911083291108876e-05 -5.144343295595205e-06 3.323929940271487e-05 -5.333889146121971e-06
3.910877744692341e-05 -1.312527652081966e-06 3.334409477183416e-05 -2.241418465267296e-06
3.731906637076223e-05 -3.226947233612808e-06 3.091981068112436e-05 -3.805685599272986e-06
3.554711608121976e-05 -5.117823081843379e-06 2.917506222150206e-05 -3.816420289599398e-06
3.554482494044913e-05 -1.332457720148391e-06 2.978749050306995e-05 -4.364240778885980e-06
3.377867858624071e-05 -3.224079532796881e-06 2.880351828269743e-05 -4.267145297744801e-06
3.201638566337623e-05 -5.104613705263937e-06 2.647137974097549e-05 -6.571478172573782e-06
3.201699847214714e-05 -1.345480668242214e-06 2.658514691780390e-05 -1.862258929750477e-06
3.026123222927501e-05 -3.226366039656693e-06 2.563047710951551e-05 -3.952339080618080e-06
2.852739230631319e-05 -5.078270106063395e-06 2.480938961516290e-05 -5.489185289153552e-06
2.852485366964699e-05 -1.374338872993370e-06 2.487535397245111e-05 -2.081096263465411e-06
2.680301934397816e-05 -3.224829277845487e-06 2.417152969390909e-05 -3.677988336403037e-06
2.509914323750936e-05 -5.043780998442813e-06 2.108940642855403e-05 -6.741402006273156e-06
2.509816113549654e-05 -1.404875121596112e-06 2.201662870059328e-05 -7.113801254459998e-07
2.340381199531875e-05 -3.223090434511565e-06 1.972721078245005e-05 -4.355204680749325e-06
2.174017693021266e-05 -4.991069903077352e-06 2.003622521749327e-05 -4.769447961503088e-06
2.173888056774463e-05 -1.453847043754434e-06 1.915708009456835e-05 -3.163586890372172e-06
2.009522006126614e-05 -3.222856488406613e-06 1.929374200240716e-05 -4.060772652331876e-06
1.849543522864803e-05 -4.922877969833531e-06 1.738840756160933e-05 -6.284595073862944e-06
1.849746125417874e-05 -1.526458107937677e-06 1.812101101102728e-05 -2.567967576949085e-06
1.691846964177248e-05 -3.226737733133163e-06 1.662378855142867e-05 -4.349480988027160e-06
1.538366956218348e-05 -4.854360515102295e-06 1.661374472443741e-05 -4.870121462764179e-06
1.538239268022528e-05 -1.599024406831936e-06 1.628035548522672e-05 -2.883397429972210e-06
1.386734034699402e-05 -3.226228278669225e-06 1.514069581377906e-05 -3.433507556393412e-06
1.239394049960768e-05 -4.777009482158640e-06 1.254200952703969e-05 -4.639804646318123e-06
1.239938480616233e-05 -1.679391494453773e-06 1.242173980606788e-05 -1.337102511116041e-06
1.101001009109515e-05 -3.231234874716265e-06 1.144646203732924e-05 -3.804602953195363e-06
9.693323965882680e-06 -4.673790556866685e-06 1.219869853777347e-05 -6.119268377801239e-06
9.686678003639226e-06 -1.789596884541268e-06 1.272002300712002e-05 -3.846316599565774e-06
8.723764798887182e-06 -3.335284980720841e-06 1.228095584775165e-05 -4.592235962361277e-06
7.797469350310253e-06 -4.577436565950586e-06 1.017719025499208e-05 -5.533587585792847e-06
7.797887692581459e-06 -1.892326332291088e-06 9.940777177559827e-06 -1.516815429699432e-06
6.509822953364546e-06 -4.494731493987557e-06 7.325996999714010e-06 -3.512171350475594e-06
6.734977130067530e-06 -3.673982550883561e-06 7.400292903914812e-06 -3.440179537220317e-06
6.504330866674139e-06 -1.952265817507083e-06 8.918712161174536e-06 -3.309076088265578e-06
5.614237117445290e-06 -2.022370513651031e-06 9.664479222469695e-06 -6.095779504789615e-06
-5.098756160504604e-07 -1.728762616602615e-07 -5.971653695880048e-06 1.914144080058969e-05
-4.977779380837055e-07 -1.806836505664564e-07 2.215273321553543e-05 -3.238537816734930e-05
-5.423663994535834e-07 -1.139187788235640e-08 -1.502020090249865e-05 -3.338848639180849e-05
-5.570997636817994e-07 4.696900305178748e-09 -5.041719326907225e-05 1.918517756465461e-05
5.611851874297621e-06 -4.435044187515691e-06 6.984343689380423e-06 -2.874227383612572e-06
4.845932257322426e-06 -4.338543317473756e-06 6.098237347335434e-06 -5.454203497149552e-06
5.409881266722607e-06 -2.931263854509883e-06 8.347836256709093e-06 -4.877784258582924e-06
4.825478974030046e-06 -2.031856222300966e-06 6.739386822405819e-06 -5.849444800979053e-06
-5.431576753816467e-07 -1.701930356256514e-07 -8.820278670701462e-05 5.438226359061144e-05
-4.751425523612887e-07 -1.213919069711612e-07 5.217339428297863e-05 2.950668658562053e-06
-5.789919562652704e-07 1.777509458175609e-08 -5.806182034224168e-05 3.180038271104893e-05
4.586815299219750e-06 -3.604132972644395e-06 7.335731703835553e-06 -4.284447941707430e-06
4.119810082582555e-06 -4.145833651674987e-06 7.630529483207626e-06 -6.879714198344919e-06
3.465232086509124e-06 -3.898506482085872e-06 7.237984039065956e-06 -3.906402083262093e-06
4.359901707040971e-06 -2.659730426196179e-06 5.893990541573013e-06 -3.601621554198143e-06
4.114351901254878e-06 -1.930474850648036e-06 4.646043684762113e-06 -1.427416089833499e-06
-3.305078971812953e-07 -1.884301458433951e-07 -3.975217682288051e-06 -9.134287725888526e-06
-3.442562603516114e-07 -1.481077461044906e-08 -1.864739783975983e-05 -8.575231694139176e-06
-2.388289883019699e-07 -7.270841957953731e-08 1.534196823791454e-05 1.781084272633587e-05
2.894443727529285e-06 -3.573034266508810e-06 4.548162470288660e-06 -1.398597829952844e-06
3.364607055768905e-06 -3.199081016229531e-06 5.668925405413660e-06 -6.601386958483906e-07
3.585584075550740e-06 -2.372852288940620e-06 4.072256691830555e-06 -2.348593897307796e-06
3.491406102948996e-06 -1.742941756754558e-06 5.069376751749409e-06 -5.947919360319471e-07
-1.679217055188570e-07 -2.222966384737588e-07 -3.939086799885765e-06 -9.057684998982175e-06
-1.508462019859246e-07 -1.804363735289892e-08 -2.694654990376225e-06 -5.706439522907703e-06
-3.646813550696861e-08 -6.305457571622758e-08 3.143493410744307e-06 8.205483051968747e-06
2.389220506167864e-06 -3.216062148208546e-06 3.383518708397389e-06 -2.914616677361990e-06
1.978983306292955e-06 -2.832156186673156e-06 2.395097876373409e-06 -1.387900223585478e-06
2.855095020193465e-06 -2.260312885661190e-06 4.249184346684235e-06 -4.602259555173451e-06
2.974313694188370e-06 -1.480098577619166e-06 6.062672272974424e-06 -2.235862485424852e-06
8.350312396088280e-08 -2.314862454026802e-07 -1.117571656539603e-06 -7.778990124406640e-06
9.077893185652779e-08 1.376922574564511e-08 -2.573576449837174e-06 -5.629214451200581e-06
2.087400975156014e-06 -2.291702580294920e-06 2.311925551736221e-06 -1.674859025239497e-06
1.638037538727312e-06 -2.413372186209490e-06 2.966042350658350e-07 -5.127240766383581e-07
2.257413592712140e-06 -1.740251782041158e-06 4.815229194275174e-06 -2.172084715262104e-06
2.550478425608566e-06 -1.175017369741695e-06 -1.081741624691689e-07 5.450517558507670e-07
2.300676836975789e-07 -7.319487287531797e-08 3.569209054819849e-06 1.696784170448689e-05
3.742789996338171e-07 -2.851274450104119e-07 -3.614714149141694e-06 -1.070228750020747e-05
3.708094337482601e-07 6.642984384667950e-08 -3.220938321245822e-08 -2.103299917430839e-06
1.351059758195113e-06 -1.994671421405176e-06 -1.078090624927644e-06 -4.067586285654125e-06
1.155983957366479e-06 -1.606753635908940e-06 1.228954394187518e-06 -1.545500306350018e-06
1.037541922258317e-06 -1.215306466266527e-06 5.120647769603185e-06 1.600932579764845e-06
1.921837798180102e-06 -1.282567090366347e-06 4.718099763656090e-06 3.015078253939238e-07
2.222447122938164e-06 -8.628973374289979e-07 -3.076431478497980e-07 -3.957318833598227e-06
5.036381340292923e-07 -1.187661888279866e-07 -4.252763693265129e-06 6.267125715921166e-07
6.810822748670124e-07 -3.172509339409304e-07 3.699297514404059e-06 7.499113434606043e-06
6.708571128871979e-07 1.296834836672559e-07 8.756908954099725e-06 -3.660446971723787e-07
1.367912269879295e-06 -1.204738123387869e-06 3.416126830469489e-07 -3.149522810177127e-07
9.652260640647565e-07 -8.429433826858637e-07 5.159001028996087e-06 1.584228165614393e-06
9.027145882014126e-07 -3.660716919253713e-07 -9.010054221544023e-07 1.083721560969860e-05
9.664675239649226e-07 -4.199528157788969e-07 -2.643212381093370e-07 8.585423162266690e-06
9.835399738253559e-07 -5.239747923426665e-07 5.450107812678384e-07 4.063293042089767e-06
1.701386215586212e-06 -8.206076300000335e-07 2.728892291809030e-06 -2.499202925578386e-06
1.968628703604867e-06 -5.689283686039254e-07 2.491508020729115e-06 1.286685923332854e-06
8.069139928925756e-07 -1.524079493146757e-07 5.156150639599448e-07 -8.460905352906864e-06
9.547550920303584e-07 1.633158200932717e-07 -5.909852164931069e-06 1.468650232494968e-05
1.192622870944702e-06 -5.977980490227426e-07 -2.285251354260562e-06 -2.655555663534742e-06
9.846208490203891e-07 -2.453481437995263e-07 6.775548430236496e-07 2.581255699741540e-07
1.059309598796912e-06 -3.885498188049619e-07 -1.764640295998785e-06 3.955707252700194e-06
1.554107574678122e-06 -4.665909243786729e-07 5.227466012506632e-06 -1.949358198973321e-06
1.791141028637625e-06 -3.081700807375707e-07 6.361880584628005e-06 -1.609260041170452e-06
1.028615091852681e-06 1.540326277232195e-08 6.552138119648756e-06 -2.096679571849539e-06
1.054354909283673e-06 1.945494569740019e-07 -7.132903241134407e-06 1.246559144869473e-05
1.289007207122229e-06 -1.430407593546608e-07 1.800699454185893e-06 -5.822088759396499e-07
1.720947233435023e-06 -7.245102653751765e-08 2.603318234893378e-06 4.772837758066148e-06
1.666323335618202e-06 1.309934518321093e-07 7.093875182591052e-06 2.194446317881861e-06
1.195400263739140e-06 1.609843721092102e-07 5.437176603873781e-06 -2.809458022651700e-06
1.122394993307033e-06 2.546211366267291e-07 -1.152835896251029e-05 8.115732774399693e-06
1.218430821218113e-06 4.119327382889996e-07 -5.270754605930654e-06 2.301712269876953e-06
1.488964658980056e-06 1.823764143290659e-07 -1.863163941148254e-06 -1.162052736859124e-06
1.314127499008763e-06 5.051537164576558e-07 2.729252857478633e-06 2.482301048560937e-06
1.638499223666469e-06 3.076716436742353e-07 1.515721617125087e-05 -4.835557805500938e-07
1.352166265874668e-06 4.392761191711746e-07 7.435066343127671e-06 2.518670791543719e-08
1.522904063335436e-06 4.423454454113188e-07 -2.563757104989759e-06 5.618953969778091e-06
1.384848365772470e-06 5.651306771174492e-07 5.706945799936357e-07 2.854858865543620e-06
1.620187211330973e-06 4.323705685895352e-07 9.875571462683983e-06 -4.258166711095241e-06
1.575703406580089e-06 5.236090592606555e-07 -9.242609621332983e-07 3.971712144747940e-06
1.526618294019319e-06 5.564489876374610e-07 2.072753666056897e-06 4.352381098663590e-07
1.485729646839315e-06 5.942327728792293e-07 -4.313379229249589e-07 9.475595724919501e-06
1.535267990417553e-06 5.839961479935342e-07 1.537667043383103e-06 2.170385850468994e-06
1.598487081136100e-06 5.335501247123338e-07 7.912413064489375e-06 7.334539887536002e-07
1.585523220959985e-06 5.738280509498106e-07 2.342200896062094e-06 2.369616274233736e-06
1.574835868392652e-06 5.814753390517597e-07 4.324791266723812e-06 1.187251339210604e-07
1.570769442958174e-06 5.423121694492772e-07 2.870174616026942e-06 3.041955841578992e-06
1.559237167086286e-06 5.907522399118549e-07 5.252025703199661e-06 3.549821543779646e-06
1.563204906023500e-06 5.775895184968197e-07 4.079491734104295e-06 4.161822355104025e-06
1.583039398584153e-06 4.896447814250641e-07 4.432224966531658e-07 7.146953683067217e-06
1.544004920146971e-06 4.048023260990440e-07 1.703238934180555e-06 5.693082213352262e-06
1.480323094130532e-06 3.125243274772812e-07 4.343290162140946e-06 4.010306662671442e-06
1.484981612099655e-06 5.569865417155924e-07 3.035850462169682e-06 3.760978029831159e-06
1.493580738961854e-06 6.188399092261028e-07 3.493608024470093e-06 5.379816170348288e-06
1.505702255322519e-06 4.466436107709222e-07 3.783782136048424e-06 4.409098949054364e-06
1.374093789791598e-06 2.369705800650477e-07 4.327971887546457e-06 4.338799936396943e-06
1.225187131566768e-06 1.621324885942326e-07 6.028212224487262e-06 5.959707633947052e-06
1.395299823278870e-06 5.374937504448741e-07 3.678688420517937e-06 3.775635927589648e-06
1.381929683608761e-06 6.385346989299661e-07 2.415159866652248e-06 2.408689976396504e-06
1.047248801770036e-06 1.086247237923694e-07 8.394593034670985e-06 5.279205622854169e-06
1.268513809996570e-06 4.076929426045910e-07 5.266433737634448e-06 4.230865643434282e-06
1.238502688102403e-06 6.692848963054913e-07 6.545886756550653e-06 3.233291510181318e-06
1.010514183554597e-06 3.722052547565183e-07 6.737325126491397e-06 3.973596536571616e-06
8.045769844381769e-07 6.220229809940538e-08 7.856884344523020e-06 4.433330762861074e-06
1.059769823119370e-06 6.982762357822549e-07 5.330414169221154e-06 2.971713971466454e-06
4.455462275989909e-07 1.219451313536779e-08 9.079341448095212e-06 5.023846760012379e-06
7.535969252749451e-07 5.326717320459188e-07 8.278469570271800e-06 3.116101663714152e-06
8.130424091204244e-07 7.464557806652049e-07 7.785152268369731e-06 2.320931769732376e-06
-1.498377822713805e-07 -6.879830851495417e-08 1.041916908834073e-05 5.636378466439976e-06
1.688040028440130e-07 4.365588570753346e-07 9.586178712236615e-06 3.884885014165752e-06
4.478089746583853e-07 8.066865166741141e-07 9.668135025117450e-06 2.530796692279369e-06
-1.093120529368487e-06 -1.606279440608713e-07 1.246183116614941e-05 6.701874649650987e-06
-5.945051637889657e-07 4.042238470849417e-07 1.163000779532317e-05 4.481599845584262e-06
-1.496284545288108e-07 8.806697483423024e-07 9.698681421178790e-06 1.724741315298596e-06
-2.221519980068177e-06 -2.276216043029631e-07 1.572017886648647e-05 5.368828466355749e-06
-1.637215513290170e-06 4.058107263920542e-07 1.485785157330544e-05 2.616773045950725e-06
-1.093648257778525e-06 9.720761966286897e-07 1.496149571555461e-05 7.613605209063483e-07
-3.471593815052799e-06 -2.829331285790703e-07 1.598885672364439e-05 5.044489681043636e-06
-2.828416746295811e-06 4.137763955229780e-07 1.479699607947007e-05 5.030649136509130e-06
-2.226274117339364e-06 1.046157192889272e-06 1.314640952968427e-05 2.961483513853202e-06
-4.846591168169583e-06 -3.515555709326911e-07 1.988491340192566e-05 2.461546308411636e-06
-4.135368881313597e-06 4.135969738897614e-07 1.922232668785641e-05 3.306193951462619e-06
-3.469239797227436e-06 1.110539357243307e-06 1.770313065029462e-05 2.817504922233773e-06
-6.339375220081658e-06 -4.070013597958324e-07 2.126665601290901e-05 5.256374739259695e-06
-5.577078191504674e-06 4.107721827516689e-07 1.986236086068305e-05 4.359578135585371e-06
-4.846084519304257e-06 1.176370710415845e-06 1.942323328269391e-05 5.228055731702147e-06
-7.910204820542363e-06 -4.434546682305548e-07 2.237696654435315e-05 5.186768224800447e-06
-7.114329967780796e-06 4.113020090323667e-07 2.213422829813846e-05 3.410870807925558e-06
-6.340468850996424e-06 1.227774568796335e-06 2.153555581980978e-05 2.461337791239336e-06
-9.536018182579967e-06 -4.761651747540350e-07 2.337336072835612e-05 3.963426726981631e-06
-8.712936692152628e-06 4.101282163401672e-07 2.269853197750349e-05 3.941632040875380e-06
-7.909245185422961e-06 1.266051122260607e-06 2.205763221193684e-05 1.673414519783806e-06
-1.122643558567519e-05 -5.141958993320831e-07 2.647425635638204e-05 5.201534317700502e-06
-1.037041000341725e-05 4.061754408700416e-07 2.490090890533402e-05 4.043920466616716e-06
-9.534512904839904e-06 1.292490828487129e-06 2.341157557834200e-05 4.439305724303309e-06
-1.294516970321250e-05 -5.254891422829712e-07 2.639901198457477e-05 5.650992706329315e-06
-1.208314253987913e-05 4.050700064465928e-07 2.667380583563205e-05 3.322108633692091e-06
-1.122639683134213e-05 1.324882085686342e-06 2.677577727626406e-05 1.968853371719695e-06
-1.670042202387069e-05 -4.223585113253881e-07 3.029980624012786e-05 5.865366198124633e-06
-1.645343848080956e-05 -5.250651767796320e-07 3.002021271528658e-05 5.979917448523999e-06
-1.372763655164051e-05 4.050343477900956e-07 2.711272346741132e-05 3.719405978783209e-06
-1.470418612746394e-05 -5.302034643848365e-07 2.901036544240052e-05 5.606156954185427e-06
-1.294485089986848e-05 1.335589312698652e-06 2.623696260130886e-05 1.268704707904028e-06
-1.680267412265331e-05 -1.748045184736901e-07 3.041110899984443e-05 5.567411591669331e-06
-1.621859808804402e-05 4.077861745373514e-07 2.978448284706762e-05 4.632936931426395e-06
-1.470512719167082e-05 1.342058086265399e-06 2.873648497343175e-05 2.650619444017190e-06
-1.680290118624897e-05 9.907692037005336e-07 3.040080608413781e-05 3.743595953562906e-06
-1.645397013810144e-05 1.340611760930312e-06 2.992420949058926e-05 3.208211489503335e-06
-1.670074028614277e-05 1.238053945963530e-06 3.026572567253172e-05 3.364644870204333e-06
