9.956977708999551e-05 -1.538750050827038e-05 -7.368948974069640e-06 6.824187954405695e-07
9.994610568433105e-05 -1.447819115376646e-05 -7.851300028394339e-06 -9.963349411170658e-08
9.994539904401539e-05 -1.019254390943346e-05 -7.624210565143388e-06 -3.744663110904654e-06
9.956906251806819e-05 -9.283249578396204e-06 -7.179914979289584e-06 -4.163207239033287e-06
9.866107133171607e-05 -1.576430002675345e-05 -6.259085109017334e-06 9.131198840164317e-07
9.695500900897622e-05 -1.233449887438700e-05 -4.802901767073314e-06 -1.605511769759064e-06
9.866039854610739e-05 -8.906392378509420e-06 -6.257321062280670e-06 -4.191280979317450e-06
9.225174432394796e-05 -1.576290225898621e-05 -4.744070519326496e-06 -7.616904151125926e-07
9.225179691706745e-05 -8.901719196860088e-06 -5.849556626631587e-06 1.193330196346516e-06
8.871856114751515e-05 -1.233153428392138e-05 -6.607741695747853e-06 7.688161773278060e-07
8.586379925948566e-05 -1.574459727982531e-05 -7.044992601089615e-06 -9.453731918750310e-07
8.586350907492432e-05 -8.919183977255684e-06 -6.083959441648905e-06 4.058586544461673e-07
8.268042873193746e-05 -1.233169403540251e-05 -4.874857086351019e-06 -3.482914458783326e-07
7.949574614656264e-05 -1.574440891516298e-05 -4.584218884470321e-06 -2.417329719861435e-06
7.949239948701677e-05 -8.914536808018785e-06 -3.656955695666009e-06 1.107889460280249e-06
7.630724800038360e-05 -1.232532564209456e-05 -4.652356491388722e-06 -1.266518326182681e-06
7.313080097464514e-05 -1.572178784168663e-05 -3.972474645877429e-06 -6.738057031108228e-07
7.313187885839769e-05 -8.927559397626056e-06 -3.757261368899689e-06 -9.027060390266709e-07
6.996021993377782e-05 -1.232496199017085e-05 -1.747350872134777e-06 -8.322821901495926e-07
6.680352484402252e-05 -1.569428406971952e-05 -2.857645861767388e-06 9.861057927219531e-07
6.680051916338855e-05 -8.951118145124414e-06 -2.832424919406578e-06 -8.999394380576925e-07
6.364833253862204e-05 -1.231943703922438e-05 -4.826651041022781e-06 1.139129332878947e-07
6.051539525193485e-05 -1.565878902053940e-05 -4.671379046876284e-06 2.986300564182616e-06
6.051189807521852e-05 -8.974716539748638e-06 -4.519426629808113e-06 -2.263948159747058e-06
5.739018729314785e-05 -1.231428036164539e-05 -3.071962535438974e-06 2.099107090404948e-07
5.429614078364040e-05 -1.561687492659956e-05 -3.996368949374518e-06 -2.197046505202537e-06
5.429549901177138e-05 -9.012689239713310e-06 -1.992211059302237e-06 3.363652913426658e-07
5.122364843111950e-05 -1.231410098817550e-05 -2.791550727365648e-06 -2.008253917074087e-06
4.818264437662277e-05 -1.556471978165592e-05 -1.992709664574262e-06 1.023608398788185e-06
4.818694912913422e-05 -9.063141427033090e-06 -3.154179791699800e-06 -1.402571437318777e-06
4.515692165803272e-05 -1.231401987297226e-05 -1.899173990397631e-06 -2.824198451389328e-07
4.217175336840585e-05 -1.549361389171081e-05 -1.780126486639527e-07 -1.909323696728563e-07
4.216578940164404e-05 -9.124541354036564e-06 -1.274033818768037e-06 -1.059758870283460e-06
3.920262988635170e-05 -1.230690263706711e-05 -1.715767292379945e-06 -2.266397261802148e-07
3.628260150742257e-05 -1.541488903016122e-05 -2.108721245118636e-06 -5.946708707615763e-07
3.628426712081252e-05 -9.200629052930583e-06 -1.140234119661331e-06 -1.394462655690226e-08
3.350825854809852e-05 -1.230663103154827e-05 4.325854685355819e-07 8.317783063531663e-07
3.078030180790224e-05 -1.533660940649268e-05 -4.467624304129510e-07 1.705459958621249e-06
3.078087860940930e-05 -9.279637619514126e-06 -7.477223912073631e-07 -2.267479135387209e-06
2.874360910234258e-05 -1.254196540661887e-05 -9.483196654091170e-07 -2.214653783708683e-06
2.670772429988074e-05 -1.527259651430822e-05 -2.714426623281224e-06 1.709212309124581e-06
2.670090934158720e-05 -9.340066364283764e-06 7.261839040574453e-07 2.448963276570284e-06
2.380301285449126e-05 -1.521091924663452e-05 1.157380643036771e-07 -1.476230516294097e-06
2.435306516609825e-05 -1.329705287672215e-05 9.420765915133782e-07 -1.317982766226812e-06
2.379468990596358e-05 -9.379442369124165e-06 -1.651663540292003e-06 -5.011236840538478e-06
2.172115304355553e-05 -9.426094947601985e-06 3.395646232829314e-06 -3.877256043470102e-06
-3.385620554793800e-06 -8.761328993782318e-07 1.368001111822390e-05 -2.522828297985015e-06
-3.437874015109864e-06 -6.862703961511703e-07 -8.987300507101401e-06 -1.828782302963255e-05
-3.483213805230747e-06 -1.306262655451159e-07 9.019990948146939e-06 3.311680785080508e-05
-3.428412034077237e-06 9.426486257666567e-08 1.908228055356225e-05 4.988791387505056e-05
2.171448413031127e-05 -1.517293240516828e-05 1.997324428557813e-07 -1.711881901595236e-06
1.986940815516460e-05 -1.502494131376516e-05 9.531355367741691e-07 -1.769758834921308e-06
2.128933635612166e-05 -1.159017545092119e-05 5.268858584542293e-06 2.111878112409700e-06
1.985479961491493e-05 -9.310533146923230e-06 -1.654319859408943e-06 2.526894856941611e-07
-3.241461201401712e-06 -9.716183074210522e-07 2.416637163899833e-05 2.430235380211815e-05
-3.031964939637431e-06 -4.211960025254139e-07 -3.636915328671040e-05 -3.183163340332315e-05
-3.274038023039368e-06 2.018047506930377e-07 6.482460904657519e-05 2.773034619805321e-05
1.927377215226463e-05 -1.326751254018658e-05 1.824729184734290e-06 -1.346355807099125e-07
1.806895577231812e-05 -1.466404344018801e-05 6.087851921962618e-06 -2.465539549826214e-06
1.633910568492689e-05 -1.412239775253081e-05 2.221048874505329e-06 -1.877326075315915e-06
1.871703209428261e-05 -1.086092275662869e-05 -2.310154164630733e-06 2.718896493442559e-06
1.808681908821073e-05 -8.902934631191543e-06 5.783636290999248e-06 -9.932795992039438e-07
-2.132946785841155e-06 -9.610013313344341e-07 1.621188767064087e-05 1.406780453244704e-05
-2.158912703056448e-06 1.337933149350331e-07 -3.376405423906631e-06 9.367644517374499e-06
-1.580715568873742e-06 -3.965188859856446e-07 -8.728354699244555e-06 -2.042255985729897e-05
1.470660670873088e-05 -1.338738157402370e-05 3.872368671201123e-07 6.856156038413815e-07
1.610461813057320e-05 -1.231328264623108e-05 3.178940680167426e-08 1.554725419510979e-06
1.669429146534654e-05 -1.006502933367768e-05 -4.273762324831245e-07 -4.204385239022580e-06
1.644719608779231e-05 -8.206710263849656e-06 -3.332400503175968e-06 8.516784150615412e-06
-9.483205630561248e-07 -1.121937051831572e-06 -9.724058483937749e-07 2.765815294623704e-06
-9.306662428712892e-07 2.433600140143491e-07 9.501866103232833e-06 1.644513892655849e-05
-2.253504437168842e-07 -3.848146934868460e-07 -1.047506745756172e-05 -1.279145409738322e-05
1.318124783096600e-05 -1.248283758073388e-05 1.848393514022855e-06 -5.580767245013567e-07
1.181274104259597e-05 -1.143413154180182e-05 -2.918732870309884e-07 1.118981941182256e-06
1.462036751578678e-05 -9.711085026977557e-06 1.329614225767202e-07 -1.849897498799220e-06
1.500009374006831e-05 -7.247314165363350e-06 5.028744970653958e-06 -1.647928591526836e-06
6.104313499159603e-07 -1.327465470453975e-06 6.303801216384774e-06 6.803221903738303e-06
6.002928132309398e-07 4.514238100250232e-07 -2.274128401930059e-06 8.291684463094924e-07
1.215722391507685e-05 -9.829778700685744e-06 -7.978014753403738e-07 3.583532357393156e-07
1.058193147018791e-05 -1.024358678954439e-05 -5.335795565097758e-07 2.503346192164045e-06
1.273342916255796e-05 -8.030481289435641e-06 2.838230470297703e-06 -4.187525421029731e-06
1.374950319000791e-05 -6.069918714887035e-06 -4.771230977236497e-06 -3.134101995781054e-06
1.498973840271074e-06 -4.044648810452589e-07 -1.653822764360054e-06 -7.443250017088179e-07
2.577746290824266e-06 -1.649715153520247e-06 -6.740000012591809e-06 -4.666511151907261e-06
2.576640441309405e-06 7.739600382871700e-07 -2.271960861425743e-06 -4.009568801613954e-06
9.496990394095401e-06 -8.943016275707477e-06 1.773512630059800e-06 -2.122283983937995e-06
8.604171101670820e-06 -7.559937224761376e-06 2.122940032231258e-06 -1.896576369393353e-06
7.892666657243320e-06 -6.098532315490493e-06 3.818652841510316e-07 -6.453612417772768e-07
1.155300151774910e-05 -6.417829718845635e-06 6.204618281481316e-06 -7.664653575488282e-07
1.276025374198331e-05 -4.773340664141184e-06 -4.934728305439294e-06 -5.760301517163088e-06
3.435161673899175e-06 -4.463662616348128e-07 9.338999605919802e-06 5.707103995567777e-06
4.482220660833216e-06 -1.942220101380141e-06 -3.278180521448660e-06 -2.472862747595836e-06
4.484306984360314e-06 1.109867591484330e-06 -1.708553249669425e-06 -1.944175143881505e-06
9.391630888537872e-06 -6.094971135734999e-06 4.940964432540214e-06 1.408192181926945e-07
7.346895026832541e-06 -4.599799104829247e-06 -2.059490715646374e-06 -3.859728156633717e-07
6.234319460115152e-06 -2.222639135763212e-06 -9.666674215141275e-06 1.015186942679764e-05
6.727322085835896e-06 -2.489668916284857e-06 -1.298406654435737e-06 9.334407167526697e-06
6.994761988007848e-06 -3.038403216816791e-06 -5.610013958356807e-07 4.087437374559236e-06
1.072619418681258e-05 -4.567190178911181e-06 9.634633403062437e-07 -1.665847352800061e-06
1.200600977823786e-05 -3.350567482691319e-06 7.705770432692948e-07 1.175121917240811e-05
5.430886379772717e-06 -6.676829342125817e-07 5.615652010572841e-07 -5.873459972370249e-06
6.225682947486637e-06 1.351921496155305e-06 -4.430375655382957e-06 7.512190679397383e-06
8.387173209056137e-06 -3.524539840483388e-06 -1.263101517080488e-06 -2.127926383283273e-06
6.758284169711571e-06 -1.428571642731518e-06 4.570345022294105e-06 7.459890042748406e-06
7.352970148904749e-06 -2.300739231982584e-06 1.825417045419564e-06 7.131120146785633e-06
1.013155000412264e-05 -2.903835784991925e-06 4.450389551603711e-06 -9.856897288303593e-07
1.154359296205054e-05 -1.905443403351985e-06 1.034137860183874e-05 8.614999673042041e-06
6.797734351702929e-06 3.130038931523690e-07 7.745037500194788e-06 -5.094631078122853e-06
6.724238904887162e-06 1.608410496323164e-06 -5.960674651952250e-06 1.294714888096539e-05
8.694817421210328e-06 -1.047626783931658e-06 -1.035170281614917e-06 -6.985801581698639e-06
1.139215735738842e-05 -4.408158793144555e-07 1.172567079342700e-06 8.249635925450958e-06
1.155837454390553e-05 1.012152926985354e-06 -8.794249945918369e-06 1.422827348212240e-06
7.828121537664453e-06 1.252735621158315e-06 4.505796133411434e-06 4.472804887318468e-06
7.011567265712299e-06 2.166553524460598e-06 -1.182593923893238e-05 1.602467699691270e-05
7.350422833803682e-06 3.727036830193236e-06 -6.323208650528581e-06 1.297595840870095e-06
1.009685793304528e-05 1.194407930448465e-06 1.370744532038095e-06 3.572172764031017e-07
7.871655716696247e-06 5.256548629535834e-06 3.036146704317705e-06 -1.044572408787241e-05
1.202227854746481e-05 2.474627478346554e-06 -6.259224954569746e-06 2.047778130915800e-06
8.747241421324078e-06 3.773730281657096e-06 3.920189049346390e-06 -1.423828457409230e-06
1.081530574353131e-05 3.892407514359398e-06 8.215368148929383e-06 2.775657602620919e-07
8.589882646804131e-06 6.725221727793557e-06 3.064420342284698e-06 -1.133087490417596e-05
1.277609552931600e-05 3.881903267984289e-06 -1.899512605027384e-06 -2.586564996735851e-06
1.216728482118241e-05 5.316389918985257e-06 -7.369474228483732e-07 -5.063439177613319e-08
1.069860160251506e-05 6.213734730345187e-06 -1.451647540075879e-06 7.331574651961459e-06
9.476621180121413e-06 8.138815084485113e-06 -2.216850795738459e-06 6.692170836032727e-06
1.056989888459920e-05 9.489310106101678e-06 1.791180151574567e-06 -1.312723552292346e-06
1.382888084741681e-05 5.225533867396900e-06 3.344900941837054e-06 -6.886723092147571e-06
1.309375087488726e-05 6.935861090201551e-06 -9.621386161908191e-07 3.339894642526405e-06
1.220544718752803e-05 8.962486015265520e-06 4.366511775124994e-06 -6.050924846647524e-07
1.182132493614535e-05 1.072267536014252e-05 8.957300869246818e-06 1.816054925002313e-06
1.510216700838304e-05 6.387665120068158e-06 4.694010701657133e-06 -2.472478608534404e-06
1.473979581907702e-05 8.950670107507150e-06 3.089706830758912e-06 -2.002351096619170e-06
1.324545388756157e-05 1.180860620080886e-05 6.183873911228015e-06 7.188398205922889e-06
1.482549087157895e-05 1.276409792423901e-05 5.386435836956876e-06 7.076401982660729e-06
1.652218318355675e-05 1.355011863327897e-05 2.745198646000457e-06 2.924624371833457e-06
1.666470916073836e-05 9.504703314864129e-06 6.339236356279438e-06 3.943059569785283e-06
1.664325039080824e-05 7.362497493230265e-06 2.900371238145038e-06 4.580984467873025e-06
1.627512126434193e-05 1.165671331196473e-05 5.382196085264960e-06 3.507894844633889e-06
1.833706163439054e-05 1.412534364926094e-05 -3.772193136266512e-07 1.903312027620229e-06
2.024650114259790e-05 1.451087919956108e-05 5.293536171568144e-06 3.903415110839847e-06
1.821293174516357e-05 9.985827365038631e-06 2.057923255517285e-06 2.071780416391668e-06
1.835758612308392e-05 8.080116874809585e-06 3.743007753364913e-06 1.233146654557661e-05
2.218805260025309e-05 1.467836206521008e-05 3.625322595788914e-06 3.480502402048700e-06
1.999656043295754e-05 1.176603359237297e-05 2.535083835450003e-06 4.266897526302532e-06
2.022711136821631e-05 8.514733754862529e-06 1.227079123482124e-06 5.802600271458835e-07
2.261245231772632e-05 1.206758513062972e-05 1.119349177782297e-06 3.770329717879541e-06
2.439335307477871e-05 1.474191827019648e-05 8.735151291622314e-06 2.021587202510312e-06
2.217446392881745e-05 8.637024998716446e-06 9.562889776962559e-06 9.692143586364580e-07
2.745778762629918e-05 1.479147658893723e-05 6.207136381949436e-06 2.490979731473510e-06
2.501190707366407e-05 1.057961861932078e-05 2.555736574275643e-06 3.622726953935531e-06
2.438600987822491e-05 8.581159654885911e-06 4.746488656833443e-06 2.473698638871138e-06
3.180217203969019e-05 1.488802500153220e-05 1.025447498012599e-05 3.812686551177354e-06
2.962726996082864e-05 1.140946095214701e-05 7.151619188788114e-06 2.721099293964216e-06
2.746631632655916e-05 8.502712558613653e-06 8.930569876714812e-06 2.634430404712086e-07
3.770318781537984e-05 1.497762032620227e-05 8.389965455520972e-06 4.752016484525385e-06
3.472738216308187e-05 1.165339622736134e-05 7.657463468095619e-06 1.682773709449389e-06
3.180112803002371e-05 8.417026766036345e-06 1.002896651351014e-05 1.017686652978845e-06
4.400486557570324e-05 1.505874884756310e-05 1.114920933267864e-05 1.915318850222805e-06
4.083039825030220e-05 1.164994656435596e-05 1.106251477875956e-05 2.998048067135182e-06
3.770903503759945e-05 8.328167802542812e-06 8.922207971034723e-06 6.415002008353120e-07
5.042229922326603e-05 1.512216871707871e-05 1.363289366704611e-05 5.541987947855651e-06
4.719483820938682e-05 1.165342529909805e-05 1.224704823966394e-05 2.609407758344721e-06
4.400150365113043e-05 8.242029454038501e-06 1.126493239448209e-05 2.207349898193233e-06
5.695544421187626e-05 1.516796417066433e-05 1.468581888694008e-05 3.998708493605245e-06
5.367382743752097e-05 1.165006298007259e-05 1.358893141160668e-05 3.542700332107418e-06
5.042513283916876e-05 8.182667884965183e-06 1.318687030506369e-05 9.593269564173234e-07
6.354293498507790e-05 1.520382966773283e-05 1.737320737865032e-05 2.386835307306152e-06
6.023901057773306e-05 1.165544873384947e-05 1.625042138621822e-05 2.134092495249245e-06
5.695088256962718e-05 8.136549505382569e-06 1.503879065476355e-05 1.378435651776513e-06
7.019606504330588e-05 1.522522590923498e-05 1.887832411553604e-05 4.479673978488468e-06
6.686230894406556e-05 1.165525561120765e-05 1.814696013044671e-05 3.966219449944221e-06
6.354628284507121e-05 8.107334927854569e-06 1.611571875237872e-05 2.695305322592820e-06
7.686653468551999e-05 1.522726703440656e-05 2.094565286238985e-05 3.365910508609739e-06
7.353092133615775e-05 1.165648807153272e-05 1.998666969617909e-05 3.207622596002214e-06
7.019443689974575e-05 8.088005786960867e-06 2.001848527232623e-05 3.437806105373162e-06
8.356150505409266e-05 1.524665922902745e-05 2.474450727646979e-05 6.787441946136150e-06
8.020678708907134e-05 1.165693374900520e-05 2.201371303421469e-05 2.330136152343113e-06
7.686628534534842e-05 8.085341761531730e-06 2.104825166698315e-05 8.241218879006138e-07
9.024922399661193e-05 1.523605785022346e-05 2.768661796678937e-05 2.641143758740898e-06
8.691198218791212e-05 1.165927148494532e-05 2.721517628318734e-05 2.840409488830039e-06
8.356021800287105e-05 8.069418346417694e-06 2.409149056524168e-05 -1.070930224735929e-06
1.045413752907084e-04 1.483051504994085e-05 3.605909543447660e-05 5.086339410876332e-06
1.035945506443147e-04 1.522322633988139e-05 3.517003760730424e-05 5.422149437257540e-06
9.324149895725260e-05 1.165576918806797e-05 2.831412310439588e-05 2.679554940045117e-06
9.693127853474713e-05 1.522958168129247e-05 3.062738504628435e-05 3.993481997125870e-06
9.025210677772608e-05 8.078982049991799e-06 2.780069767483409e-05 2.765601120744073e-06
1.049334034097883e-04 1.388277931482088e-05 3.639419572715651e-05 4.191029277457835e-06
1.026938406413429e-04 1.164976695766803e-05 3.386319251943501e-05 1.875413036257281e-06
9.693238185883479e-05 8.076893775017757e-06 3.095318445912529e-05 1.575500556668867e-06
1.049311379385237e-04 9.417618040335725e-06 3.544484883521241e-05 -1.385991740071491e-07
1.035929514094844e-04 8.078546593855609e-06 3.453425656760775e-05 -7.860224119791438e-07
1.045391949863749e-04 8.470827246319715e-06 3.515546817894986e-05 -6.285390295997070e-07
