-7.496718717418823e-05 1.090313147727851e-05 4.597061476184198e-05 -1.752475066413170e-06
-7.526857430906791e-05 1.017701749458570e-05 4.570262467548842e-05 -2.460346185133157e-06
-7.527011770427756e-05 6.751438876803618e-06 4.582422271673226e-05 -7.670350639142553e-06
-7.496877795034607e-05 6.024826500078967e-06 4.607837477798380e-05 -8.198797283629001e-06
-7.423998029075062e-05 1.120365353785324e-05 4.668188928818440e-05 -1.530885363454696e-06
-7.287621143442083e-05 8.464215279656256e-06 4.730709550770260e-05 -4.837819391544566e-06
-7.424138851629644e-05 5.724054897931143e-06 4.670321462203860e-05 -8.317188993789226e-06
-6.912526609736008e-05 1.119661943438937e-05 4.323277177372740e-05 -5.162463559015583e-06
-6.912569968954006e-05 5.730500116372033e-06 4.303176659641456e-05 -2.881040553565595e-06
-6.630941955797577e-05 8.465199410586210e-06 4.253303064877610e-05 -4.088084029431061e-06
-6.402304186501240e-05 1.119805045789408e-05 4.128763726310608e-05 -9.008647350289754e-06
-6.402349208799887e-05 5.733900862374328e-06 4.155758646259516e-05 4.439293448866707e-08
-6.147139119940452e-05 8.466483695173722e-06 3.911213792300932e-05 -5.037091032467912e-06
-5.892612628471389e-05 1.118713848115191e-05 3.826516962074529e-05 -6.817518267673227e-06
-5.892651940076284e-05 5.743715788365154e-06 3.671439093695247e-05 -3.011670824034108e-06
-5.638328146716509e-05 8.465517016798070e-06 3.655871473199132e-05 -4.414804325139422e-06
-5.384625314589462e-05 1.117760336754303e-05 3.538971589926503e-05 -4.507930936032768e-06
-5.384503327246524e-05 5.750621915801190e-06 3.510678581790453e-05 -3.457820403706927e-06
-5.131630236162907e-05 8.462769774927880e-06 3.163740133441012e-05 -4.293839484308376e-06
-4.880883997411997e-05 1.114027133344257e-05 3.024725719585640e-05 -6.691159284956527e-06
-4.880878321307528e-05 5.783256461917552e-06 3.080390958928432e-05 -3.668228404737879e-06
-4.630893589000456e-05 8.463592722974679e-06 2.970209010976043e-05 -5.342539753448921e-06
-4.383789555675230e-05 1.109995594691380e-05 2.849967561115590e-05 -6.365931548285575e-06
-4.383742953281303e-05 5.830981229528187e-06 2.595548215810343e-05 -8.027811271176396e-07
-4.138309297056363e-05 8.467842914332004e-06 2.497562396865444e-05 -3.498253555668287e-06
-3.895428968085082e-05 1.105767900381388e-05 2.260828516019546e-05 -7.662911672563194e-06
-3.895667550317883e-05 5.877845867829560e-06 2.351482130508456e-05 -2.066316235242515e-06
-3.654027927502108e-05 8.465430397006423e-06 2.036479194952132e-05 -4.885580839666190e-06
-3.415857618675581e-05 1.099596186697370e-05 1.924882340287963e-05 -7.841558675309011e-06
-3.415724980875257e-05 5.930948507195488e-06 1.880138935338673e-05 3.170481501107665e-07
-3.179435761222750e-05 8.463066785295867e-06 1.775507550990082e-05 -3.378367542374480e-06
-2.948558191485993e-05 1.092074430250047e-05 1.467156017271207e-05 -5.919393775863233e-06
-2.948445101025430e-05 6.003659165149821e-06 1.675212651225829e-05 -3.062692064676128e-06
-2.720489893724843e-05 8.461747265642071e-06 1.609703997776618e-05 -4.850727859577668e-06
-2.496992103731608e-05 1.084217815610574e-05 1.636178700299093e-05 -4.975613625448199e-06
-2.497005804247281e-05 6.083183388448326e-06 1.361674519607471e-05 -2.632833808799133e-06
-2.284912182949168e-05 8.462700588081864e-06 1.012490573880082e-05 -5.716950983980742e-06
-2.078472069312460e-05 1.074559709793896e-05 8.354173629182690e-06 -3.619704987426119e-06
-2.078727122274637e-05 6.186515958627076e-06 1.086159643704347e-05 -3.368346139029137e-06
-1.925161236156112e-05 8.636897768282446e-06 9.722466313120804e-06 -1.860792985559847e-06
-1.775589566067749e-05 1.064494812804573e-05 1.292619022780512e-05 -5.182479274585390e-06
-1.774698687547902e-05 6.283876524397455e-06 8.001387068611665e-06 -8.494711184892952e-06
-1.563980344192670e-05 1.056080005834197e-05 8.987901602532432e-06 -4.383487359816891e-06
-1.602972647078937e-05 9.179082552062503e-06 9.232924590926925e-06 -2.883388137709930e-06
-1.563401084263807e-05 6.333336314419680e-06 1.278737620362112e-05 -4.684587084871927e-07
-1.413818990653680e-05 6.387423470789133e-06 6.774824930305973e-06 2.613078891071117e-06
2.115267895455525e-06 1.023584479218364e-06 2.459860393230147e-05 -3.063423460948340e-05
2.190226378622127e-06 8.755033767828878e-07 -2.735646291676645e-06 3.181362461742279e-05
2.139688470969840e-06 5.190064400626992e-07 -3.902703450841203e-05 -5.919209895323508e-05
2.062014339307213e-06 4.316613139791506e-07 -2.861268660620039e-05 -2.341403511598247e-05
-1.413309511320884e-05 1.051215304276384e-05 8.317021628158564e-06 -6.026659104886457e-06
-1.281154031012587e-05 1.039065452828040e-05 6.618685951667837e-06 -6.377455197793215e-06
-1.381938618368906e-05 7.946782460466172e-06 6.166962997206368e-06 -6.084746248523515e-06
-1.279267879094298e-05 6.328959371752171e-06 1.023960014428676e-05 3.978373418770920e-07
1.942029562858947e-06 1.085989756796314e-06 5.696985021344468e-05 -4.154572427344601e-05
1.856632585779051e-06 7.136046231611179e-07 -8.758766788220404e-06 2.729378254924085e-05
1.923269394092091e-06 3.983605649938358e-07 -8.727733155701155e-07 -8.502331795166262e-06
-1.238013319984645e-05 9.134223234759170e-06 6.257563415125667e-06 -5.431945521546334e-06
-1.153796883033568e-05 1.011216038899429e-05 -8.264515602408305e-07 -6.257446724365727e-06
-1.032966604117035e-05 9.717557761449689e-06 1.695898709204983e-06 -5.562273079792458e-06
-1.198156199749313e-05 7.435727138339455e-06 9.680738384944617e-06 -4.522600349499362e-06
-1.154339071566044e-05 6.075315628146602e-06 1.793495920160019e-06 -3.061246347174646e-06
1.303962011907979e-06 1.076905386028985e-06 -6.123185796328217e-06 -1.335057236558697e-05
1.297675734282659e-06 3.796631754266182e-07 8.190172521640184e-06 -6.047001177702807e-06
9.781340001437462e-07 7.208987961150751e-07 -7.236400032113425e-06 2.925046599177184e-05
-9.205281423750136e-06 9.186954727794740e-06 4.452428946526787e-06 -6.656650405322739e-06
-1.016158353865318e-05 8.445294944138384e-06 4.238036601848712e-06 -5.425888909919588e-06
-1.056903935778293e-05 6.889056186476047e-06 4.782537078616838e-06 -1.421333328617715e-07
-1.039303787037679e-05 5.619233394787790e-06 6.771207287433545e-06 -1.230526153782764e-05
5.519704960735686e-07 1.158016375481561e-06 2.873988395584520e-06 -1.028393211722731e-05
5.654550285964929e-07 3.293786721697972e-07 1.186922592554047e-06 -1.876420202221905e-05
1.235912131662028e-07 7.176520317384691e-07 1.103328202521121e-06 2.786962142109930e-05
-8.165190233412782e-06 8.546930962736215e-06 4.450599201759491e-06 -5.337391876016265e-06
-7.253080346371071e-06 7.814969075159826e-06 8.612756033131981e-06 -6.741627986764887e-06
-9.140546665134423e-06 6.646171520437686e-06 4.976113890207984e-06 -1.344156317498568e-06
-9.396015774098322e-06 4.987885759011166e-06 6.072358016003090e-06 -4.922863301896937e-06
-3.762608362288818e-07 1.298496541825516e-06 -2.411731821296577e-06 -1.485995820181636e-05
-3.854529375018233e-07 2.061629404794848e-07 2.568604954674197e-06 -7.931586831678192e-06
-7.480354974774905e-06 6.719947141775157e-06 6.665796105683605e-06 -5.842481731306417e-06
-6.444422459909285e-06 6.991991208069328e-06 8.141399429063782e-06 -6.976083276850330e-06
-7.858800091742288e-06 5.514568660918483e-06 6.126910741918037e-07 -1.381461317660278e-06
-8.531592738169875e-06 4.213008295731065e-06 1.211181532510871e-05 -2.242837034935485e-06
-9.287830275680539e-07 7.305402670607330e-07 -1.148512548542995e-06 5.938169314483480e-06
-1.579332218203711e-06 1.480061538180915e-06 8.046480529735935e-06 2.389147262736004e-06
-1.581681858163332e-06 9.291154450130455e-09 7.672933854453980e-06 2.620970937932636e-06
-5.738519135911174e-06 6.112766560740031e-06 5.216737538835292e-06 -1.227498377739657e-07
-5.179703482001384e-06 5.203526318327606e-06 6.513429461566957e-06 -2.454751462680748e-06
-4.747634420201417e-06 4.250097345134755e-06 3.669376270414647e-06 -3.994084476461224e-06
-7.089447645495168e-06 4.451465576831396e-06 -2.140876911641360e-06 -3.607312182837131e-06
-7.870031899935124e-06 3.396100603507200e-06 9.921677437908108e-06 5.828778214928048e-07
-2.105267536728656e-06 7.435917847293088e-07 -4.972055802148982e-06 -9.933298418938381e-06
-2.729579370812666e-06 1.648653804014367e-06 5.024387969304859e-06 1.892145313878634e-06
-2.736115043511122e-06 -1.989940953541569e-07 -3.101299228779877e-06 9.865198637362527e-09
-5.695163886442575e-06 4.243220411814461e-06 3.711017243505474e-06 -3.844554548644892e-06
-4.421056803809822e-06 3.288320458192191e-06 4.044567546188323e-06 6.750593238580979e-07
-3.785323735583243e-06 1.817261488396458e-06 1.335991754495739e-05 -5.777559960574030e-06
-4.075767444347676e-06 1.979472750538402e-06 5.471471338765406e-06 -9.935799075436988e-06
-4.227869557019709e-06 2.315592573064266e-06 7.341131875521719e-06 -5.837033607227729e-06
-6.549871184786843e-06 3.263930512905272e-06 3.880045865537094e-06 1.276341597111590e-06
-7.352390600955131e-06 2.500782048775826e-06 2.657354256743357e-06 -1.428647784639298e-05
-3.311871394209713e-06 8.795505460702502e-07 3.497130759732923e-06 6.894044099667434e-06
-3.799380993755758e-06 -3.401382444065900e-07 1.116547208400719e-05 -6.838572577688326e-06
-5.075486685066085e-06 2.610226281504551e-06 6.150923351665032e-06 3.857850448350286e-06
-4.102056856071760e-06 1.334629866642185e-06 -7.351464308297927e-06 -6.149211634029318e-06
-4.452957611841729e-06 1.862677812933329e-06 3.363505898314750e-06 -1.061542646886165e-05
-6.169596340002712e-06 2.222680862749454e-06 -1.966236650577160e-09 1.999996762682032e-06
-7.032524278245618e-06 1.620724719910376e-06 -3.545086940584315e-06 -3.206121257657824e-06
-4.140381470508872e-06 2.828696875463426e-07 -9.641853364131461e-06 8.066679481455858e-06
-4.105069915541300e-06 -4.930086930804748e-07 1.097414210468940e-05 -1.284122333930858e-05
-5.281795756233617e-06 1.086424097854888e-06 7.885391572099095e-06 6.986918741900993e-06
-6.922313498839601e-06 7.324638542714866e-07 5.011846122845475e-06 -5.693899696924890e-07
-6.993172236797370e-06 -1.384149699529462e-07 1.257451363958975e-05 -1.303518240176292e-06
-4.770601064264746e-06 -2.856640798604197e-07 2.365777701733798e-06 -4.296350154064662e-06
-4.285360964221985e-06 -8.198434315174458e-07 2.040676070002850e-05 -1.413507081651476e-05
-4.510379742182923e-06 -1.723933077785145e-06 1.239382738818267e-05 3.845927378629721e-06
-6.125853155563620e-06 -2.592364467422170e-07 3.084065182027641e-06 -1.902470923461728e-06
-4.843915128753055e-06 -2.590447293631126e-06 -1.870327085541244e-06 1.066704085566762e-05
-7.234732915479513e-06 -1.005048281621540e-06 1.258325570167548e-05 1.430386633331121e-06
-5.337855872080546e-06 -1.759238032419543e-06 -2.722107925852054e-07 5.677390134684104e-06
-6.527548472568603e-06 -1.833068304749156e-06 -2.912078181465945e-06 4.914433294022064e-06
-5.277741312273428e-06 -3.414024367277232e-06 -5.278641199370957e-06 7.752134996265139e-06
-7.632465547780760e-06 -1.823846422638601e-06 7.759754674209278e-06 -2.097338586245929e-06
-7.281978441208772e-06 -2.640408549005134e-06 6.661994800618933e-06 -1.177684758739311e-06
-6.472956209382459e-06 -3.135334058958009e-06 6.973952058895602e-06 -4.743004270571604e-06
-5.790046182340460e-06 -4.180204834021046e-06 7.146252184444105e-06 -5.584896241607058e-06
-6.399986437748845e-06 -4.891924630159484e-06 2.940653577575230e-06 1.387091387467335e-06
-8.180349888106348e-06 -2.594359885506680e-06 4.228450053506258e-06 4.760556282684289e-06
-7.779927975003238e-06 -3.526232786204270e-06 8.670600813625412e-06 1.862079356242673e-06
-7.298430892544102e-06 -4.609642307830691e-06 8.083259995812643e-07 3.928352970967018e-06
-7.089457051706129e-06 -5.528763479816679e-06 -4.974984086716943e-06 1.996112719421623e-06
-8.825657889073420e-06 -3.238508231958106e-06 -5.556430672061652e-06 4.274227533245808e-06
-8.635748385334181e-06 -4.605681037880572e-06 6.855660264705272e-06 6.982649167555100e-06
-7.846085876976956e-06 -6.084524828301141e-06 1.333287751628348e-06 2.390744165027081e-07
-8.673297014237123e-06 -6.564031655971503e-06 2.243240498723774e-06 9.783251847053449e-09
-9.548399836122335e-06 -6.941630100456337e-06 5.119338686962448e-06 4.023734833342082e-06
-9.626851770835776e-06 -4.894066314071711e-06 5.120885888039863e-06 3.263592269571235e-07
-9.616595446067396e-06 -3.775367677857562e-06 4.168718885277957e-06 -3.929692151869536e-06
-9.429478397661770e-06 -5.993123360330797e-06 4.638791337018233e-06 2.694153822327923e-06
-1.046462057097623e-05 -7.214044950042134e-06 8.481963063084319e-06 4.442074727655683e-06
-1.142348497645880e-05 -7.383049610720498e-06 4.429313906605149e-06 1.777463393476906e-06
-1.041288907721343e-05 -5.143233739794948e-06 8.250683054292880e-06 5.111016501315872e-06
-1.048095161581326e-05 -4.167852250714861e-06 5.367911837545946e-06 -1.025029197259391e-05
-1.238403522984960e-05 -7.440572373503934e-06 6.033552536468829e-06 1.484502310379351e-06
-1.130938958842172e-05 -6.033349027026808e-06 5.204562527840226e-06 2.168943339581772e-06
-1.142186909753459e-05 -4.419570701131717e-06 8.772558628159163e-06 5.907256540359137e-06
-1.259044274658924e-05 -6.172437145234027e-06 6.850582204910159e-06 7.060612646289562e-07
-1.344847433872288e-05 -7.447185299670353e-06 -4.011801115380560e-07 7.693751611171277e-06
-1.238636192609397e-05 -4.502651941013484e-06 -1.314455761045975e-06 1.190525966865787e-06
-1.490301847720903e-05 -7.445586504568920e-06 5.307619477585163e-06 5.764184636778441e-06
-1.374976372222899e-05 -5.456139677541728e-06 6.816099798629642e-06 2.463282755907586e-06
-1.344558048371414e-05 -4.497929154064331e-06 4.350661125322698e-06 8.806691470841290e-07
-1.691483977195676e-05 -7.449349765681518e-06 3.411282005902900e-06 3.580294228271662e-07
-1.592110706245630e-05 -5.855093000670346e-06 7.532345508131001e-06 1.497174432866047e-06
-1.490883182417972e-05 -4.488621223488439e-06 1.883016195452730e-06 1.430486464842966e-06
-1.955740961558971e-05 -7.451879712931101e-06 7.199884562104714e-06 -1.669111898602031e-07
-1.823603189962065e-05 -5.970749744550990e-06 6.686642253466061e-06 2.375399548448478e-06
-1.691312729187590e-05 -4.488978932316004e-06 5.196822971951546e-06 2.897561227962128e-06
-2.231819817933746e-05 -7.453900423704927e-06 6.154707069634884e-06 3.155377787336260e-06
-2.093626426865679e-05 -5.972837830340855e-06 5.638354509961001e-06 2.537872474704454e-06
-1.955834842338299e-05 -4.494072607906823e-06 5.630380496172967e-06 4.598916296305807e-06
-2.506930481902095e-05 -7.443458067983087e-06 7.496965088658738e-06 3.802509762628512e-06
-2.369854616367995e-05 -5.970445542265272e-06 5.984694689965481e-06 1.621755397244183e-06
-2.231884522066358e-05 -4.490712902406469e-06 7.250929700946482e-06 9.259293840644419e-07
-2.783300208165850e-05 -7.446103524462774e-06 6.658405514013386e-06 3.919631591896689e-07
-2.644696071821943e-05 -5.963687569143095e-06 8.767799812036844e-06 3.934751688188225e-06
-2.507299266492917e-05 -4.490126709621761e-06 6.112353832935239e-06 1.618205650527761e-06
-3.061705083540099e-05 -7.458370686581965e-06 8.087849286496810e-06 2.923543543549675e-06
-2.922203625231262e-05 -5.964608633400241e-06 6.556075169277976e-06 1.393244482323757e-06
-2.783057217444781e-05 -4.481000427782963e-06 8.104883327867148e-06 4.351411905307550e-06
-3.340621301699004e-05 -7.471158605180375e-06 7.407581912468366e-06 2.230877844484678e-06
-3.200971268427830e-05 -5.965706144761646e-06 8.059315589393216e-06 2.423707682232259e-06
-3.061852204200664e-05 -4.469171266518273e-06 7.924968528975200e-06 6.882975147068686e-07
-3.621863945224753e-05 -7.474253568853467e-06 9.674655467456983e-06 2.077651951377214e-06
-3.480983465715728e-05 -5.968950950393311e-06 7.868421015731103e-06 2.297171991077530e-06
-3.340507775051669e-05 -4.464296161236096e-06 7.435622788153655e-06 3.184875807609387e-06
-3.903137421719217e-05 -7.485525229641600e-06 9.842570632047592e-06 1.624419879371329e-06
-3.762313938293433e-05 -5.973162261262795e-06 1.088418432552731e-05 2.641548169677808e-06
-3.621625093249419e-05 -4.467471488665343e-06 8.854282418023087e-06 1.588277651160784e-06
-4.185752221736917e-05 -7.493616748621785e-06 1.035594533354978e-05 4.325153567745844e-06
-4.044072813452555e-05 -5.975201872837727e-06 8.605339868130839e-06 1.958166063199631e-06
-3.902999823706073e-05 -4.463737208585541e-06 1.069683299126283e-05 3.531731227310135e-06
-4.794991075209819e-05 -7.327820832210476e-06 1.374165650463972e-05 4.694111228753629e-06
-4.754748751965905e-05 -7.494325426749462e-06 1.284384770427576e-05 4.800990269063183e-06
-4.313654293965296e-05 -5.969501828190917e-06 1.220425379133429e-05 1.739718964825312e-06
-4.471157331576356e-05 -7.489107313846823e-06 1.004120197259535e-05 2.013850323363204e-06
-4.186217808866229e-05 -4.449915983270476e-06 1.058065172337071e-05 -7.811232792661258e-07
-4.811654026610320e-05 -6.925571528562684e-06 1.411623651596916e-05 4.163763270797380e-06
-4.716224469083181e-05 -5.975897762014428e-06 1.119536441865364e-05 2.567555993456934e-06
-4.470830079594732e-05 -4.453333103497963e-06 9.664061059351881e-06 3.072806500118229e-06
-4.811332218110226e-05 -5.028613759915110e-06 1.295594908552890e-05 1.433567335175412e-06
-4.754362821779238e-05 -4.459428560625753e-06 1.183853089411455e-05 1.187408736843825e-06
-4.794638660769475e-05 -4.626144322127576e-06 1.257477190652521e-05 1.184592150373340e-06
