6.927658930236132e-05 -1.192327942679921e-05 -4.255698750080299e-06 1.501562703346716e-06
6.951289930458234e-05 -1.135281513412985e-05 -4.176850769845917e-06 1.638085562429560e-06
6.951261100762229e-05 -8.661542200834952e-06 -4.044988498251868e-06 2.851517527948181e-06
6.927621228885425e-05 -8.090672364561390e-06 -4.111935596266538e-06 2.946087537707384e-06
6.870607071424430e-05 -1.215950570710889e-05 -4.440718745342695e-06 1.468834632127475e-06
6.763590494442115e-05 -1.000670758866101e-05 -4.583240561120675e-06 2.071496344088169e-06
6.870544797327746e-05 -7.854214037766938e-06 -4.274193110231698e-06 2.946106591548664e-06
6.469392133054481e-05 -1.215346518825877e-05 -3.805726362476837e-06 1.883007164580128e-06
6.469193005064134e-05 -7.854510320721704e-06 -3.618997078135942e-06 1.184473900058451e-06
6.247873356797952e-05 -1.000214781187276e-05 -4.612747592912222e-06 1.295989340084397e-06
6.068334723662522e-05 -1.214650306386687e-05 -5.110447267103569e-06 1.550464156630635e-06
6.068421185090091e-05 -7.858541320483355e-06 -5.333933210950850e-06 1.244038711442264e-06
5.867746340351876e-05 -1.000309707897136e-05 -4.858061489037116e-06 1.701000350010280e-06
5.666459164013232e-05 -1.215479738275571e-05 -3.988061693833994e-06 1.250067080381607e-06
5.666695878817194e-05 -7.854536357739553e-06 -3.745911631923503e-06 2.354585684692958e-06
5.465302319329902e-05 -1.000528490369806e-05 -3.435272095977330e-06 1.808083830065016e-06
5.263848911033811e-05 -1.216094919697396e-05 -3.512839863215709e-06 7.656188146174908e-07
5.263907240175199e-05 -7.849367566746890e-06 -3.429591835999112e-06 2.768898574604416e-06
5.062505680017510e-05 -1.000501729194229e-05 -5.048242341884529e-06 1.660790610247060e-06
4.861084435705961e-05 -1.216067145842482e-05 -5.307351424819783e-06 2.284655239473316e-06
4.861314764367235e-05 -7.849973673612561e-06 -4.745301877023096e-06 5.068657120557462e-07
4.660210913929588e-05 -1.000463705221371e-05 -5.577601426133820e-06 1.237264643029893e-06
4.460015951631091e-05 -1.215035841804509e-05 -5.275076551546331e-06 1.551351297875860e-06
4.459870859539009e-05 -7.854897232709094e-06 -5.433576583309959e-06 1.315036361860167e-06
4.259659774285171e-05 -1.000175134824296e-05 -4.611926703123694e-06 1.585076873021052e-06
4.058476544147074e-05 -1.215768236714043e-05 -3.138896837545855e-06 3.558038128008008e-06
4.058743492953363e-05 -7.848360772841067e-06 -3.349889044333919e-06 1.344482732743853e-07
3.857357621721268e-05 -1.000425672655399e-05 -3.370791369205662e-06 1.809949799533180e-06
3.656953657748426e-05 -1.214822554639054e-05 -4.972114871629950e-06 3.009520508912247e-06
3.656539084256919e-05 -7.854862541518689e-06 -3.907083836735615e-06 1.079248852674645e-07
3.456558008577703e-05 -9.998996885395857e-06 -5.017467281919959e-06 9.382515912951514e-07
3.256610023151846e-05 -1.213843832936259e-05 -4.713419646762873e-06 1.916193064878239e-06
3.256773598824051e-05 -7.854148973400759e-06 -5.683858400401698e-06 5.980169301649836e-07
3.057086726290702e-05 -9.993904070151823e-06 -4.816292997712273e-06 1.589452376439309e-06
2.858463962389057e-05 -1.212286984320740e-05 -4.659316938378284e-06 -1.485861991181614e-07
2.857623213084505e-05 -7.853015955430744e-06 -4.854629813555257e-06 2.932430986310360e-06
2.667000003476549e-05 -9.984777530987111e-06 -4.511249829184045e-06 1.627140241275705e-06
2.475224103066467e-05 -1.212377653066984e-05 -4.878379479909320e-06 -1.050475628991447e-06
2.476045486829169e-05 -7.856288027719894e-06 -4.617317919209089e-06 4.333634524799585e-06
2.332048837861429e-05 -1.015958657199818e-05 -4.868392908741037e-06 1.714557961784691e-06
2.186411674590830e-05 -1.211494246887391e-05 -4.573905466268059e-06 1.380822771513087e-06
2.186009301132036e-05 -7.863891365491423e-06 -3.756682056032636e-06 1.849860215335152e-06
1.976644905469389e-05 -1.210975889751123e-05 -4.065912235020092e-06 2.183167596764125e-06
2.017688048290130e-05 -1.071095553938034e-05 -4.338576379675312e-06 2.095901092351467e-06
1.976945363497759e-05 -7.866638441390471e-06 -3.482709567923357e-06 1.552644878612826e-06
1.824299226008197e-05 -7.863633265350447e-06 -3.713194437781358e-06 2.217145369656433e-06
-3.086557130986574e-06 -5.019896713900554e-07 2.175787342548999e-05 -2.831283990659030e-05
-3.132205229720095e-06 -3.574297210467963e-07 1.623832251331912e-05 5.283862672691438e-05
-3.199573137661841e-06 1.959044840170223e-07 5.358239744313726e-05 5.449580023874524e-06
-3.157116718808791e-06 3.392555874898726e-07 4.858163228395538e-05 -1.113245525956786e-05
1.823986012393144e-05 -1.210819617587844e-05 -1.823964136541891e-06 1.771986165244315e-06
1.685389327004857e-05 -1.202839781322959e-05 -1.670799710874808e-06 3.346208753896938e-06
1.793583674257946e-05 -9.458429585606382e-06 -3.142889963618138e-06 1.647849332803809e-06
1.685340645441977e-05 -7.737450922341913e-06 -4.057667791835074e-06 1.732428723798821e-06
-2.954463697470978e-06 -5.686737725470018e-07 2.659098136379987e-05 -6.577438566927066e-05
-2.629495469818749e-06 -3.900398993812739e-08 -3.783246637934814e-05 1.566131238807138e-06
-3.038952496869606e-06 4.101539711932103e-07 8.241166197403373e-06 -2.811584557728884e-06
1.641493015352908e-05 -1.072062818004883e-05 -3.008450693291471e-06 2.209342504910197e-06
1.548968420353161e-05 -1.179012992726583e-05 -3.266769163633421e-06 4.369652198136478e-06
1.415507723202118e-05 -1.139546717326898e-05 -4.059578925881910e-06 2.510961427377276e-06
1.599357155959835e-05 -8.900791061937319e-06 -3.584412992902234e-06 7.625590477127845e-07
1.550967363947464e-05 -7.374618989706850e-06 -3.418016600751632e-06 3.268538740577240e-07
-1.954442941906294e-06 -5.594964386522651e-07 6.310444633857320e-06 1.945538291386504e-05
-1.933848151807501e-06 4.617773523817191e-07 1.492071913748157e-05 -8.342115548259154e-08
-1.399835049570298e-06 -4.494534933577665e-08 -4.172113475966088e-06 -2.637212489591700e-05
1.287150543953693e-05 -1.085197404040878e-05 -3.305738277385691e-06 1.391298790750869e-06
1.397833690726438e-05 -1.001558905832542e-05 -3.235173286682937e-06 7.676077105797886e-07
1.443676436535285e-05 -8.271299379712668e-06 -2.491279057542013e-06 1.511448100756966e-06
1.424932896259980e-05 -6.787414627832921e-06 -3.539860716433818e-06 2.771384440156835e-07
-8.463594881818195e-07 -6.357987072013671e-07 3.192513135068089e-07 7.146459484571447e-06
-8.428326682151356e-07 5.496408705160457e-07 -1.972858355894335e-06 1.737587288223211e-05
-1.887084465516473e-07 -6.617620990197434e-08 -4.967181988563091e-06 -2.936256236038695e-05
1.165727632872241e-05 -1.016579449369056e-05 -3.763946429310519e-06 3.663103584705820e-06
1.053273347417403e-05 -9.353479487686027e-06 -4.024936565056698e-06 1.763922474526252e-06
1.280725060191477e-05 -7.988174241726947e-06 -3.097721677743150e-06 3.582840350226596e-06
1.310841503767272e-05 -5.997222175813183e-06 -5.465293159842498e-06 6.711826443656754e-07
5.404589549225983e-07 -8.474438762923048e-07 4.973674613368794e-06 1.775797860927363e-05
5.364903967188364e-07 7.319171719459993e-07 3.351609282372917e-06 1.462201372530393e-05
1.081679234198223e-05 -8.081840184238923e-06 -3.780113115715836e-06 9.772860949913747e-07
9.517050458755879e-06 -8.421308406093144e-06 -1.105974560620684e-06 -3.935199390776849e-07
1.129602070338765e-05 -6.628147501639734e-06 -4.997673106272105e-06 1.023445086507178e-06
1.212238263802363e-05 -5.025562242232397e-06 -2.051112911238233e-06 7.197852159163214e-07
1.344598661951212e-06 -8.549814331585580e-08 -9.060282744588586e-06 -2.961180166848307e-05
2.318024785623612e-06 -1.144776082626503e-06 8.632618144353127e-06 1.178586813673853e-05
2.315473232393094e-06 1.024109543415289e-06 1.844841012402937e-06 8.015542455696874e-06
8.615800471464932e-06 -7.381211483508238e-06 1.591182244834794e-06 -1.325668144653111e-07
7.838312362050927e-06 -6.238776904282557e-06 -1.855461407236846e-06 8.485774441429021e-08
7.198769919277385e-06 -5.018626777091251e-06 -6.653251264929116e-06 5.985347224305390e-08
1.031422068278701e-05 -5.298916183985393e-06 -2.724716335056367e-06 -1.974436770865732e-07
1.132059774097604e-05 -3.901841207618509e-06 2.979628901945210e-06 2.479527985891399e-06
3.091797246489101e-06 -5.885531842312431e-08 2.226669097972098e-06 4.982616004140059e-06
4.046090815072963e-06 -1.453539238131161e-06 -1.068972934212326e-05 -1.366413842360783e-05
4.044147567741335e-06 1.309161242927761e-06 -8.852208027226231e-06 -1.374167929152899e-06
8.491886588384631e-06 -5.023783420682499e-06 -4.247905589828324e-07 1.453993685034703e-06
6.700791312772053e-06 -3.744780947678090e-06 -8.092877061731668e-06 6.152802217712939e-07
5.629614541533993e-06 -1.680845748835890e-06 -2.457284193648335e-06 -1.305928271455784e-05
6.092641790194423e-06 -1.911115910914094e-06 -3.033611269028717e-06 -8.616794638600674e-06
6.349725324259856e-06 -2.391276523911458e-06 -4.235427988669161e-06 -3.236173366783636e-06
9.619352166448540e-06 -3.732515914198973e-06 -2.586329705422862e-06 1.289673247531286e-06
1.073403694105603e-05 -2.671749735267180e-06 2.763854666044525e-06 1.328489893922216e-06
4.906383777736250e-06 -2.680108557229867e-07 1.506053744719541e-07 6.419203286517127e-06
5.604582411156169e-06 1.545373053211779e-06 8.041918283631780e-06 -1.600674262385080e-05
7.597389471555460e-06 -2.830536453268829e-06 -1.816984775652038e-06 2.460615012426083e-06
6.118624628561725e-06 -9.552737745106727e-07 -2.007965834512170e-06 -6.001953786760410e-08
6.664264899475652e-06 -1.741443838969766e-06 -1.459310800882618e-06 -3.141907325767826e-06
9.116743529811871e-06 -2.300845664035320e-06 -5.035554603229414e-06 1.869304906069129e-06
1.038625525734395e-05 -1.387924244771184e-06 -1.095290972001591e-06 6.121830483511858e-06
6.129281005358660e-06 6.085839817068184e-07 -6.418559621788854e-06 1.323944930303286e-06
6.032262842386335e-06 1.788011892780127e-06 3.310175372469355e-06 -1.018489403851039e-05
7.853651145930738e-06 -6.644270977312299e-07 -3.605357694663222e-06 5.635350498661056e-07
1.027422064957869e-05 -7.454906945304419e-08 -9.904295810864930e-07 -4.837844667329175e-07
1.046852475469273e-05 1.234623036406857e-06 -5.224357139972897e-06 -1.138810259159839e-06
7.041466673238308e-06 1.454546494939852e-06 -3.194852187253556e-06 4.701659379574101e-06
6.269912441632155e-06 2.310104013949003e-06 4.910221124143083e-06 -2.479249941388755e-06
6.551635270541817e-06 3.759237598241231e-06 -2.595563199662460e-06 -9.025655137663810e-07
9.130585794908509e-06 1.378098599660483e-06 1.575717644545282e-06 1.142596222222991e-06
7.015724189373091e-06 5.223110773002776e-06 -6.300175962416197e-06 -2.662742961643077e-06
1.095536427723651e-05 2.577743559418383e-06 -1.083418899163691e-05 1.247446125403165e-06
7.863938415680882e-06 3.787656896969947e-06 -5.902739010195984e-06 -2.164623016780687e-06
9.830206515301310e-06 3.904456003570197e-06 5.116139154144315e-07 -4.685624611676059e-06
7.686759399106236e-06 6.648865569096474e-06 4.815017060747012e-07 -1.565688825177926e-06
1.172185448640428e-05 3.909984942508980e-06 -7.647153737299966e-06 3.331986457623391e-06
1.113586932606648e-05 5.269126190298198e-06 -1.435870058919324e-06 -3.486143408347258e-06
9.701729182706311e-06 6.142796005632459e-06 -3.618293406780948e-06 -8.786372160872349e-07
8.515360788042060e-06 8.050583152004254e-06 -1.637292128873976e-06 -5.445277911450815e-06
9.574615621915807e-06 9.395693501336431e-06 -1.589308955908524e-06 -1.904132678083782e-06
1.277674250921832e-05 5.165194717964473e-06 -5.770054363519009e-06 -2.037446841246242e-06
1.204195068687740e-05 6.853027619004904e-06 -3.036912989707909e-06 -1.955087666428602e-06
1.117265694941505e-05 8.871727943621233e-06 -3.097200113888951e-06 -3.950934627411114e-07
1.080037382611712e-05 1.066113569485322e-05 -1.170215601612205e-06 -2.752773843710237e-06
1.409106432629974e-05 6.304979464714881e-06 -4.608503502907934e-06 -2.518440115943324e-06
1.370343042311929e-05 8.871392562236446e-06 -4.983550545616330e-06 -2.341580264569343e-06
1.221035785022458e-05 1.178879767307469e-05 -1.970868844674376e-06 -4.979416571398318e-06
1.380500474532331e-05 1.278403656961871e-05 -2.141449698716479e-06 -3.573836713297888e-06
1.553850959254183e-05 1.362824726361991e-05 -4.022048683454304e-06 -4.180705812254529e-06
1.566978445557746e-05 9.435566485324456e-06 -4.181689174133794e-06 -1.959629107121658e-07
1.565032507142270e-05 7.268055796848966e-06 -5.424560845215784e-06 -1.729243771521718e-06
1.527080233140141e-05 1.165080949678768e-05 -3.383933961133832e-06 -2.352028835059371e-06
1.741949967292796e-05 1.425618946469930e-05 -5.802342673018600e-06 -5.376554330856657e-06
1.941261203451673e-05 1.468391280791886e-05 -7.259259278863371e-06 -5.644246400115996e-06
1.727801202628704e-05 9.922887945595253e-06 -4.246170840627371e-06 2.024866446764858e-07
1.743483348776576e-05 7.967825793339858e-06 -3.472154358796785e-06 2.266064478374535e-06
2.146923185655339e-05 1.487673638992665e-05 -7.416318151093849e-06 -4.978610756841836e-06
1.914304211526671e-05 1.178893781605657e-05 -6.979478860933427e-06 -3.116175059174099e-06
1.938790938752994e-05 8.368087366769018e-06 -6.112654210604986e-06 7.592935635033163e-07
2.191666681940759e-05 1.211113397406174e-05 -6.103294266214779e-06 -3.734381331339041e-06
2.381255998124829e-05 1.496495649981084e-05 -5.029440802011099e-06 -4.446470021066380e-06
2.144457286834701e-05 8.472083473189743e-06 -5.808911466839672e-06 -1.371109681450435e-06
2.710860408249210e-05 1.505539936298879e-05 -6.172246389396531e-06 -3.569387073607679e-06
2.446658699274990e-05 1.051596192641447e-05 -6.249100297199440e-06 -2.507793132986848e-06
2.380419222292827e-05 8.384697408824899e-06 -6.240896008868227e-06 -1.708683858680018e-06
3.181957230366440e-05 1.519506183853578e-05 -8.823894285272334e-06 -2.402909349545602e-06
2.944818068984385e-05 1.140364082464538e-05 -8.064830538217418e-06 -2.409639783303972e-06
2.710747294493053e-05 8.270086584593867e-06 -7.339393897517002e-06 -1.453524411916789e-06
3.829412127540269e-05 1.534561336198712e-05 -9.889391725390694e-06 -2.618788682868941e-06
3.501575832910494e-05 1.167292622596729e-05 -9.933295013398645e-06 -2.516144467073233e-06
3.182226858505857e-05 8.140312252958421e-06 -9.496336227151505e-06 -2.513037765623504e-06
4.529287627477023e-05 1.547832055315909e-05 -1.205592578599440e-05 -4.542561008533922e-06
4.175093412403074e-05 1.167676699184879e-05 -9.833862560444805e-06 -3.462185379717826e-06
3.829176796922783e-05 8.003633182556907e-06 -9.377353613362187e-06 -3.891976676004710e-06
5.250663556486674e-05 1.556906989391347e-05 -1.303739057287568e-05 -3.431490475947118e-06
4.887288586117157e-05 1.166894072611168e-05 -1.349946342801523e-05 -3.210534693013190e-06
4.529767878673863e-05 7.867100163642382e-06 -1.176760888701134e-05 -1.162308099880888e-06
5.987532362873662e-05 1.565843447851576e-05 -1.615192583865710e-05 -5.388073322977108e-06
5.616215953974620e-05 1.167283353862338e-05 -1.392646886813073e-05 -2.991419407501004e-06
5.250258536472134e-05 7.770364917944119e-06 -1.390649890753781e-05 -3.179544822576632e-06
6.740712295829460e-05 1.572952294522706e-05 -1.593296389593203e-05 -4.342703738065858e-06
6.361924206540017e-05 1.167006665028914e-05 -1.669204609255606e-05 -3.499323137540948e-06
5.987910580748119e-05 7.685418888130717e-06 -1.542356190130338e-05 -1.454563546531687e-06
7.503968321335670e-05 1.577706485369425e-05 -1.774817745886596e-05 -4.171973490975265e-06
7.120822729196063e-05 1.167327663567152e-05 -1.608878565021862e-05 -3.131419570290672e-06
6.740369595259734e-05 7.613261806060311e-06 -1.626342727976368e-05 -2.114291644517732e-06
8.274002429302646e-05 1.580108502048212e-05 -2.225072699802882e-05 -2.941709640758798e-06
7.888351787820151e-05 1.167257585339385e-05 -2.050473280577325e-05 -2.861619850891067e-06
7.504121037797481e-05 7.568978356563020e-06 -1.778786061914788e-05 -2.115134002470515e-06
9.047999085319101e-05 1.583176185551095e-05 -2.484221068332083e-05 -3.212607836797093e-06
8.660130037719644e-05 1.167397413689861e-05 -2.342540752110722e-05 -2.093584115271926e-06
8.273927764379888e-05 7.545133621923722e-06 -2.276825850380444e-05 -1.784189136601498e-06
9.824767739275780e-05 1.583828571315656e-05 -2.890949924045850e-05 -5.443945882187666e-06
9.436151979724230e-05 1.167578231504539e-05 -2.650220715268172e-05 -3.317574112154972e-06
9.047877834566698e-05 7.518434420151071e-06 -2.402424897272952e-05 -2.223964719305951e-06
1.149130301729250e-04 1.538508066908364e-05 -3.635082777145612e-05 -4.280411983413961e-06
1.138078176592455e-04 1.584259471657211e-05 -3.618040067276020e-05 -4.589970900289801e-06
1.017353782826538e-04 1.167331449355361e-05 -3.003406443353252e-05 -2.923196298387921e-06
1.060357724859277e-04 1.583735620585472e-05 -3.136786186442143e-05 -7.158452550489579e-06
9.824937958320580e-05 7.511053574707550e-06 -2.933867394930811e-05 -9.830154983868468e-07
1.153708194509121e-04 1.428012102815765e-05 -3.639693602519900e-05 -3.796603820150882e-06
1.127552747355515e-04 1.167363114410980e-05 -3.630370586781435e-05 -3.448611401193508e-06
1.060352852410640e-04 7.508520115162279e-06 -3.115859776204934e-05 1.288017198669578e-06
1.153706462240639e-04 9.067420290116830e-06 -3.617973036757970e-05 -3.349463308726581e-06
1.138074727839518e-04 7.504733978018292e-06 -3.589606312620749e-05 -2.483036731452590e-06
1.149128036447890e-04 7.962323330530162e-06 -3.610723689316824e-05 -2.823707839701030e-06
