6.899514569144876e-05 -1.219283018597698e-05 -1.102572471225248e-05 1.949105553681757e-06
6.922410443398128e-05 -1.163854670851248e-05 -1.117584202173610e-05 1.650633556010006e-06
6.922386674253400e-05 -9.024794391835096e-06 -1.087625084232161e-05 6.282999681559371e-09
6.899497802165736e-05 -8.471058165574522e-06 -1.069768445780323e-05 -2.922303134320256e-07
6.844195088917833e-05 -1.242252144153701e-05 -1.065946772903727e-05 2.034396463063780e-06
6.740802424933791e-05 -1.033212619137932e-05 -1.026877553990013e-05 6.958433428109577e-07
6.844207959463297e-05 -8.241666377301803e-06 -1.030292887275433e-05 -3.814674123879475e-07
6.456363355165858e-05 -1.242544979499735e-05 -1.108700115687350e-05 9.003445382587650e-07
6.456517404439965e-05 -8.244044920418733e-06 -1.090840433020850e-05 3.378844419663457e-07
6.240623023781961e-05 -1.033605348153285e-05 -1.003744221056870e-05 7.142292751914410e-07
6.065563336404046e-05 -1.242498288166126e-05 -1.015824713477589e-05 1.171157933197588e-06
6.065640204040871e-05 -8.248329031063254e-06 -1.037236533505007e-05 2.786966223432017e-07
5.870375615701873e-05 -1.033755243401662e-05 -1.078667094440515e-05 8.119470395467787e-07
5.675504295869234e-05 -1.242137067456344e-05 -9.962768175372058e-06 5.743205868566966e-07
5.675181093209013e-05 -8.250806502537025e-06 -9.704107919833120e-06 3.986966248967371e-07
5.480596430207844e-05 -1.033488713983018e-05 -8.948366765005578e-06 1.004613317630432e-06
5.286797189236268e-05 -1.241106104047785e-05 -8.793919635010667e-06 1.645148798674391e-06
5.286592479562531e-05 -8.256102918920944e-06 -8.275645458089325e-06 1.425788522230570e-06
5.093411710553759e-05 -1.033379556761199e-05 -9.429039311671786e-06 1.697468996053088e-06
4.900620115921140e-05 -1.240625237148876e-05 -9.172291217452799e-06 2.470366158149052e-06
4.900998439295940e-05 -8.266054437283882e-06 -8.372860508879312e-06 -1.030363533755733e-06
4.708170353863964e-05 -1.034046824929395e-05 -8.097791342414051e-06 -1.832126132798858e-09
4.515743810320371e-05 -1.240838615104511e-05 -6.876711389267160e-06 -3.300374228183261e-07
4.515357610572019e-05 -8.271717250189847e-06 -7.718256794188376e-06 8.057581267868340e-07
4.322739455060449e-05 -1.033664189792657e-05 -7.627431970175815e-06 1.422436795074337e-06
4.129464702387079e-05 -1.240627352528064e-05 -7.590465494466477e-06 2.389465050765569e-06
4.129263637750780e-05 -8.263842813179851e-06 -7.004152823106948e-06 -2.550831167747979e-07
3.935747078179996e-05 -1.033435997876794e-05 -5.769900967454263e-06 9.189927793606807e-07
3.742081276837959e-05 -1.241148553175144e-05 -5.378232634333573e-06 1.774881340387590e-06
3.742217053872124e-05 -8.259546064642622e-06 -5.086279008713137e-06 5.474664844022737e-07
3.548113488994776e-05 -1.033502230040881e-05 -6.094033142339260e-06 1.412007582917535e-06
3.351940550322961e-05 -1.243912433782889e-05 -4.750508252146277e-06 1.765728940057193e-06
3.352407249876058e-05 -8.234746385481411e-06 -4.574755524258179e-06 1.856720883551239e-07
3.155719464184518e-05 -1.033767215174314e-05 -2.477796230778595e-06 7.292415354961711e-07
2.958738710728107e-05 -1.245210038364993e-05 -2.930163298790425e-06 -3.620425902507210e-06
2.958174345918297e-05 -8.218510186913724e-06 -4.250963317146729e-06 2.786140652509887e-06
2.768617455231054e-05 -1.033659949858436e-05 -3.242558502014517e-06 7.841668429519722e-07
2.577297860340229e-05 -1.247970036959806e-05 -2.102037075013023e-06 1.588984330941493e-06
2.577930548759798e-05 -8.202754701460071e-06 -9.869741145851826e-07 1.368498495890245e-06
2.433945001094440e-05 -1.050996408979240e-05 -3.771857895138177e-06 2.618304121439339e-07
2.287523182464934e-05 -1.248386373967771e-05 -4.439522902846403e-06 1.795877423168783e-06
2.286778777131243e-05 -8.201853987234085e-06 -9.892932035628094e-07 -1.075642982540745e-06
2.075139774449472e-05 -1.249154065443306e-05 -8.700994583633042e-07 3.409062016306521e-06
2.116993017655792e-05 -1.107126973012870e-05 -4.859952846345374e-07 4.706838044901943e-06
2.075020812866893e-05 -8.183332393968908e-06 -4.285308931714673e-06 -2.562545799636567e-06
1.919129444174805e-05 -8.178047400652510e-06 -3.607798510957163e-06 7.224361348692227e-07
-3.315162086572647e-06 -4.434724156611818e-07 -3.081354976363872e-05 3.622322392077011e-05
-3.366529832904074e-06 -3.611066454665999e-07 7.065681006157910e-07 -2.566728609186622e-05
-3.338046633590341e-06 4.437080579268796e-07 -1.325875155240052e-05 -2.719858322922134e-05
-3.285375973816281e-06 4.867468026360804e-07 -1.872479600042852e-05 5.316206531170119e-06
1.919733891529591e-05 -1.249778115952885e-05 -4.266169945689944e-06 3.249237957695161e-08
1.777776862316109e-05 -1.242439022906451e-05 -2.061121331754321e-06 2.005872544055063e-06
1.887811087062128e-05 -9.800661757614365e-06 -8.022474662976013e-08 -2.389477783232901e-06
1.778176150989316e-05 -8.053213993372041e-06 -1.070193757261577e-06 6.137288285444300e-06
-3.202159794097855e-06 -4.669516838908860e-07 -3.950473964044175e-05 3.421772670656964e-05
-2.864304982485769e-06 5.774496019898947e-08 2.160605679563075e-05 -4.334306751190185e-06
-3.191683813405220e-06 4.977717291951248e-07 -9.138175598092727e-07 2.146126922010418e-05
1.732899446047542e-05 -1.109106853483583e-05 -1.054090847879629e-06 -3.659914050230703e-07
1.637398955987144e-05 -1.218973688954491e-05 -2.572503010155392e-06 2.677768894983873e-06
1.500748049685737e-05 -1.179725373290519e-05 -2.017581622621609e-06 9.388097590986243e-09
1.690409057368626e-05 -9.240260484820689e-06 -9.231702687403778e-08 5.456713765662971e-06
1.639845071003002e-05 -7.674194172585642e-06 -2.881006405733411e-06 -1.697270317443168e-06
-2.100464643726500e-06 -5.076923324852886e-07 5.406967145260142e-06 -1.291866324438868e-05
-2.065322435850987e-06 5.639403277786351e-07 -1.439344415540644e-05 -4.517359905763614e-06
-1.512676133050476e-06 4.224676577118481e-08 6.558289496076103e-06 2.772347637814147e-05
1.369008198186557e-05 -1.125244319760156e-05 -6.029603728586621e-07 -3.712678785088165e-06
1.483145948657839e-05 -1.038970785411945e-05 -3.388415155681456e-07 -6.397831643599624e-07
1.530502263339571e-05 -8.591072268376753e-06 -1.433772352495351e-06 1.897198559342407e-06
1.511819352038845e-05 -7.079446454559972e-06 -1.921816054108613e-06 -7.509974181703702e-06
-9.199993634973034e-07 -5.930461361597904e-07 -3.968391601041296e-06 -1.629555820017921e-05
-9.507592694350580e-07 6.895955170767792e-07 -1.442290003184720e-06 -1.111537417142005e-05
-2.213156967184882e-07 1.383044908796694e-08 4.689793375329335e-06 3.650663522442752e-05
1.243936055589856e-05 -1.055417349161874e-05 -1.961469474034740e-06 -2.207270568062580e-08
1.127704948737235e-05 -9.720324285713461e-06 2.192092891105494e-06 5.547583807011016e-07
1.362966579064223e-05 -8.310387057944196e-06 -1.756331040361219e-06 4.123553321026188e-06
1.393367619392263e-05 -6.249231854670543e-06 2.508290117256687e-06 -3.290528028598385e-07
5.467263991714274e-07 -8.133665818714478e-07 2.396011217852466e-06 -1.743195461970494e-05
5.667658727161230e-07 9.068064018725701e-07 -5.277300425190718e-06 -1.589818556075013e-05
1.157080498501223e-05 -8.408146372309924e-06 -5.469105191036266e-07 9.131327511009980e-07
1.021787591647422e-05 -8.760124215789739e-06 2.673443290944494e-06 -5.369095998861452e-07
1.206333817349166e-05 -6.898203314581270e-06 -5.668815252878871e-06 1.768343445822875e-06
1.292758552078228e-05 -5.229931254812703e-06 3.960823215256879e-06 3.991252305674376e-06
1.431529626389756e-06 3.457289545003199e-08 -1.123154907791195e-06 2.523171006829054e-05
2.470154706009654e-06 -1.126529700345760e-06 -1.217848719926490e-06 -1.278496240982079e-05
2.461978552222726e-06 1.238309369456674e-06 1.068921405838409e-05 -4.954203720328344e-06
9.272277819443281e-06 -7.680092269526861e-06 1.461709109942250e-06 -1.636144340938360e-06
8.452657939152282e-06 -6.500660989891932e-06 8.899842049197376e-07 4.098684683305060e-06
7.775362472054981e-06 -5.234125002541137e-06 1.346953732734113e-06 4.637521406672086e-06
1.104330629836939e-05 -5.522776344932391e-06 -5.739101839381052e-06 7.659059600527251e-07
1.211055927729932e-05 -4.054020497645094e-06 6.066046378954113e-06 -7.350234245633439e-06
3.303366590359295e-06 5.135288924454099e-08 -4.427034639973011e-06 -9.421684241040946e-06
4.332963853565861e-06 -1.433824961702037e-06 3.788274919022284e-06 9.145433942388622e-06
4.340269728748408e-06 1.555453793696272e-06 8.755948294905684e-07 4.497030791212842e-06
9.132132831986169e-06 -5.244281833553209e-06 4.328806399483440e-07 5.921618568305100e-06
7.245458826275016e-06 -3.891428858640095e-06 -1.543156566157272e-06 -8.881137561770670e-06
6.053688162244631e-06 -1.707531536067693e-06 1.531652733639480e-05 -4.142610214821751e-06
6.560348642939275e-06 -1.959592501264461e-06 -2.497190826168103e-06 -9.528988482251495e-07
6.850016702597492e-06 -2.470799295753187e-06 -9.703593847157760e-06 8.956134491993474e-07
1.033075105226370e-05 -3.888795528950450e-06 -3.773281199684148e-06 3.822608253095841e-07
1.151036512046796e-05 -2.777058756902517e-06 -2.979214211575755e-06 -6.517860054105757e-07
5.260154073415233e-06 -1.586831511573074e-07 -4.082839348103285e-06 -1.470554756042005e-06
6.007331134330070e-06 1.767680267179667e-06 -7.797638968826021e-06 8.755493824250880e-06
8.180851084787123e-06 -2.932944177442993e-06 5.208360431013277e-06 8.123048159857444e-07
6.574397395369700e-06 -9.190957619750225e-07 -2.840665388372340e-06 -1.499051431338766e-05
7.177295741419604e-06 -1.774273392271179e-06 -9.847528172192723e-06 -1.582806495663619e-06
9.796003955333981e-06 -2.364956156505789e-06 -1.267456979092523e-06 6.443685668519744e-06
1.114639097758277e-05 -1.406766647693945e-06 -6.685191161669675e-06 -3.765650431894455e-06
6.565601778982820e-06 7.715900501114069e-07 -1.630863256959694e-07 -1.814412162067319e-06
6.468306555825521e-06 2.023450057204989e-06 1.725971906261727e-06 1.217292472148420e-06
8.447693649134693e-06 -5.964459406276011e-07 7.744105198091750e-07 3.557709312656280e-06
1.105319284111284e-05 -9.205994527734567e-09 7.056716877765159e-07 -6.515195547442474e-06
1.130656548033087e-05 1.428019267596564e-06 3.594038524360504e-06 9.657685828645155e-08
7.541768755646458e-06 1.676648003686434e-06 3.501830243916555e-06 -6.406687884866469e-06
6.726563018483694e-06 2.591961889197784e-06 5.375559844655427e-06 -5.124142660010390e-06
7.014138303912969e-06 4.205499882482600e-06 2.705771620304338e-06 1.269768598690247e-06
9.830281211894690e-06 1.586978567056769e-06 -1.662945078584146e-06 2.146537221212671e-08
7.494450262747663e-06 5.846673101792902e-06 -1.244372421743364e-06 3.675133619897653e-06
1.185756935085458e-05 2.886648007456988e-06 -2.079092952848904e-06 3.308687292787962e-06
8.430951879715956e-06 4.239676842696229e-06 -4.328871857658796e-06 2.226255918998269e-06
1.060071317803510e-05 4.360744361507082e-06 -2.429151022629289e-06 -2.770099290687805e-06
8.219808929111211e-06 7.435963938164321e-06 1.187169251079022e-06 3.253378941303968e-06
1.271953701749463e-05 4.372202634119168e-06 -6.246312804836757e-06 -6.758390153292650e-06
1.206899664654247e-05 5.880360179921034e-06 1.737761294547066e-06 -1.036695545594223e-06
1.046908309427228e-05 6.844141908756245e-06 5.512909372935914e-07 2.657210307793717e-06
9.138718864068312e-06 9.000219964823783e-06 1.043274051385183e-06 -1.252451407372311e-05
1.031804893634523e-05 1.053045163083647e-05 -3.821427767463605e-06 2.202308854342553e-06
1.391772308100561e-05 5.767407942944211e-06 -7.687056947058071e-06 6.280468860687499e-06
1.309425655197823e-05 7.646730772568793e-06 3.891943778613665e-06 8.539864758482742e-07
1.211086467367820e-05 9.934578334856017e-06 -2.431182103562650e-06 2.489742416262701e-06
1.168599098722343e-05 1.196947058006156e-05 -8.718441770559862e-06 -1.784512895188619e-06
1.542595410513751e-05 7.031925872075906e-06 -1.996978107817871e-05 -4.209956350490101e-06
1.497328803404858e-05 9.936883604469979e-06 2.169576542197070e-06 -2.406232978428470e-06
1.327610779092254e-05 1.325415753468962e-05 9.878144790502390e-07 -1.020451118776897e-05
1.509504264268992e-05 1.439664282142987e-05 -7.756128014297938e-07 1.671380748963863e-08
1.707416732790188e-05 1.536769463243021e-05 -6.057144118568347e-06 1.948404178820935e-06
1.721160398502569e-05 1.057704905792038e-05 1.742745928946101e-06 -1.301304324777610e-07
1.719252579210258e-05 8.106772913545508e-06 -1.125605427599650e-06 -8.486726495848158e-06
1.676314731190020e-05 1.310794401215917e-05 -3.117002951741436e-06 4.913853372136152e-06
1.922203103418209e-05 1.609083933198362e-05 -1.834433450162228e-06 -5.384636353351410e-06
2.149994420479229e-05 1.658702628720919e-05 1.858032949496884e-06 -6.416606920875848e-06
1.906156496236762e-05 1.113460689948495e-05 -3.515548288036233e-06 3.322961799794726e-06
1.924022479775737e-05 8.890498008867820e-06 -5.524122794797370e-06 -5.870010498356467e-06
2.386072755903061e-05 1.681642040127694e-05 -6.660520414085309e-06 5.103336637109209e-07
2.119278572311197e-05 1.326405285368410e-05 -3.249342224219946e-06 -4.523690789687534e-06
2.148214610049811e-05 9.349433427978988e-06 -2.802443494757316e-06 2.294139999527795e-06
2.437615667421176e-05 1.363627610191173e-05 -3.794898573113880e-06 -5.625284817271962e-06
2.656101679927381e-05 1.692951851147846e-05 -1.224702648317862e-07 3.746002692371024e-06
2.382656568028261e-05 9.458110961947536e-06 -3.277660695059998e-06 -7.991876512988198e-07
3.038029727888940e-05 1.704604091551323e-05 -6.611154106974298e-06 -4.270658754447157e-06
2.732425992964911e-05 1.179404229325711e-05 -4.617502838915484e-06 -1.482821168793384e-07
2.656082001313110e-05 9.338526613019257e-06 -4.822931108829456e-06 -4.559385738226361e-07
3.583436891076376e-05 1.720560020036073e-05 -5.920672630731624e-06 -1.579509950763303e-06
3.309182204596845e-05 1.281844100899969e-05 -3.199783730442764e-06 2.605757613165743e-07
3.038307423343961e-05 9.196347979964860e-06 -1.163114927362968e-06 -4.406431072723501e-06
4.333306901181025e-05 1.737273363459714e-05 -6.334882557370433e-06 -2.818463931118982e-06
3.953889737154621e-05 1.312414171285729e-05 -6.909529826348615e-06 -4.174049138502589e-06
3.583899202520184e-05 9.037243763764060e-06 -6.695446989748229e-06 -1.278381638769044e-06
5.142500740670146e-05 1.752374195267115e-05 -8.284902192550562e-06 -2.730620121452434e-06
4.733116152231489e-05 1.312637693423555e-05 -7.065914669955188e-06 -1.236107793580446e-06
4.333177694343557e-05 8.876718414982825e-06 -5.919295865408166e-06 -1.518132049176490e-07
5.975881697596887e-05 1.762951212882886e-05 -8.523746757731760e-06 -1.622336602773976e-06
5.555946786803598e-05 1.312531331059293e-05 -8.383380555496113e-06 -1.878241476103474e-06
5.142704021859851e-05 8.729473584538942e-06 -7.352643064537912e-06 -4.634744582981604e-07
6.825771915847872e-05 1.772103668571342e-05 -9.878862449538848e-06 -4.059944543750704e-06
6.398122632025985e-05 1.312898190033108e-05 -8.558959413090293e-06 -1.582530107785640e-06
5.975507899865609e-05 8.623088390437175e-06 -9.612777293947596e-06 -5.381872534233481e-07
7.690200787212419e-05 1.778280718455533e-05 -1.097701952615983e-05 -8.417786925339907e-07
7.256060667417678e-05 1.312933315577607e-05 -1.190058154047851e-05 -2.716079448003944e-06
6.826021218122216e-05 8.538479023437677e-06 -9.000365918193119e-06 -9.007596948011315e-07
8.564423960997847e-05 1.782324555379348e-05 -1.090084209570018e-05 -3.506532615971009e-06
8.125895533188264e-05 1.312758676384733e-05 -9.345900744196212e-06 -1.634056564283001e-06
7.690195913052542e-05 8.475088362808076e-06 -1.161584377441452e-05 -3.035304587589702e-06
9.445761263481742e-05 1.785014012518936e-05 -1.169933691235687e-05 -1.496117660182214e-06
9.004354283269876e-05 1.312521060931466e-05 -1.242886229360894e-05 -1.599540340125399e-06
8.564593773866723e-05 8.428124001355724e-06 -1.025951985426900e-05 6.242389120915411e-07
1.033031120288651e-04 1.787227369321045e-05 -1.251495370013427e-05 -2.064240286581474e-06
9.887327858877628e-05 1.312863648164955e-05 -1.141523270567247e-05 -2.083295889865454e-06
9.445440405389856e-05 8.403609118100814e-06 -1.213409954167857e-05 -1.814233674328717e-06
1.121744619665104e-04 1.787817553898437e-05 -1.435078981228589e-05 -1.134776536061389e-07
1.077386881278273e-04 1.312775296379494e-05 -1.413092905351592e-05 -2.369396547567128e-06
1.033054768856316e-04 8.383591395977556e-06 -1.237038634432171e-05 -3.224917145077039e-06
1.312283774979160e-04 1.739066065487721e-05 -1.545690640393187e-05 -4.242731787651383e-08
1.299616277116264e-04 1.791465715454850e-05 -1.621303331969997e-05 -1.107846063492093e-07
1.161476628233334e-04 1.313365272117510e-05 -1.333817589846548e-05 -1.398420618491828e-06
1.210581382402266e-04 1.790023985840054e-05 -1.454824572219316e-05 -3.888258280434747e-06
1.121714097057107e-04 8.384783995893089e-06 -1.417965860421463e-05 -2.843118786522031e-06
1.317531986630710e-04 1.612480589564992e-05 -1.510998361564635e-05 -2.930671814571174e-07
1.287549372709318e-04 1.313743282507900e-05 -1.738901746275583e-05 -1.978903708157349e-06
1.210573188059479e-04 8.370930555384398e-06 -1.453876246683263e-05 1.096556607623006e-06
1.317558570523718e-04 1.014865749508076e-05 -1.519321159740132e-05 -3.778574307880715e-06
1.299636762965169e-04 8.357545782848801e-06 -1.624537431676027e-05 -3.839821619480312e-06
1.312309780350748e-04 8.881912121108139e-06 -1.553161261054054e-05 -3.952827446459782e-06
