6.686087026325869e-05 -1.047460987047988e-05 -8.552516315991892e-06 -7.103959149371057e-07
6.709068693647389e-05 -9.919968456167960e-06 -8.324766042368001e-06 -3.575586046254521e-07
6.709020964449733e-05 -7.306375824945126e-06 -8.448072288580437e-06 1.824366027719136e-06
6.686033580990739e-05 -6.751557692742624e-06 -8.697219167566985e-06 2.244766417256288e-06
6.630609076079539e-05 -1.070435003767024e-05 -9.075011122684551e-06 -7.950316634435389e-07
6.526479922485537e-05 -8.612565394298876e-06 -9.678937512303727e-06 8.598461485426651e-07
6.630543900919897e-05 -6.521694764211355e-06 -9.267671524273648e-06 2.369153285622242e-06
6.239432182267478e-05 -1.070660638161948e-05 -7.876448959992081e-06 1.471095313895911e-06
6.239370731530380e-05 -6.515650686719205e-06 -8.128775054954778e-06 1.007837926327844e-06
6.022948978681492e-05 -8.611445479542651e-06 -4.949282649389057e-06 1.403617160540110e-06
5.846675701732725e-05 -1.071801815419591e-05 -4.839568352515401e-06 1.326382541306222e-06
5.846919325232718e-05 -6.509201031497199e-06 -4.553335877877308e-06 1.236979213703515e-06
5.650409878374825e-05 -8.616307452250950e-06 -6.545251772861356e-06 1.404366556294443e-06
5.454964643474887e-05 -1.071313927141148e-05 -6.817739316561091e-06 3.357308285472871e-06
5.454978596198788e-05 -6.522043256349176e-06 -6.137739579152416e-06 -1.001691375021354e-06
5.259633858327947e-05 -8.618071429718671e-06 -5.319412123826693e-06 9.332892975436756e-07
5.063584473136617e-05 -1.072138458295805e-05 -4.595882249783300e-06 1.611565536565112e-06
5.063423696031592e-05 -6.513010965115309e-06 -4.223650363134783e-06 4.429488424625177e-07
4.866853988687264e-05 -8.616144911981952e-06 -4.195632307967970e-06 1.278543109003506e-06
4.670179427498409e-05 -1.072155084420016e-05 -2.901165507814717e-06 2.519289276476582e-06
4.670035380301602e-05 -6.509592646082337e-06 -2.584514329084398e-06 1.447803585868471e-06
4.473125921267872e-05 -8.615548027967397e-06 -2.298618148393550e-06 2.077114391924353e-06
4.275646239521912e-05 -1.072756452275704e-05 -4.014716015816081e-06 3.202119045317982e-07
4.275900150077414e-05 -6.506579314828705e-06 -2.996944362919925e-06 3.500802914174946e-06
4.078487505557044e-05 -8.619554170866807e-06 -4.889000959340155e-06 1.267300990502737e-06
3.881857543540021e-05 -1.072429792010331e-05 -3.717611514581064e-06 2.515122957352482e-06
3.881707143497622e-05 -6.515159825360233e-06 -4.217140533474512e-06 1.008098249712496e-07
3.685258401128345e-05 -8.620050911391841e-06 -3.292032859235766e-06 1.593965019059175e-06
3.488954132663477e-05 -1.072062968801248e-05 -4.119541681408597e-06 1.270952529308840e-06
3.489007027545328e-05 -6.521625966233116e-06 -3.335189378680325e-06 8.964640240102491e-07
3.293203810276673e-05 -8.621283601061681e-06 -3.909875120830549e-06 1.188916246774370e-06
3.098515388421011e-05 -1.070458667449273e-05 -2.911478162078263e-06 4.337156182149229e-06
3.098631092302073e-05 -6.537497005321917e-06 -3.699333169970522e-06 1.256359778731470e-07
2.904276701780075e-05 -8.620367209213109e-06 -3.795936869385570e-06 2.804052769837024e-06
2.710719929200760e-05 -1.068815859903372e-05 -5.311679170552594e-06 9.894015121165598e-07
2.710684400083219e-05 -6.549537579088287e-06 -5.569358397295302e-06 2.198357378659308e-06
2.525373452226330e-05 -8.619398016539652e-06 -5.498657839631225e-06 1.073575898476348e-06
2.341182911668155e-05 -1.067324524234912e-05 -5.055761269349037e-06 3.365234465516791e-07
2.341001703169786e-05 -6.566842118952872e-06 -2.663038065595987e-06 -1.590916208292217e-07
2.203533191534216e-05 -8.779530113383580e-06 -2.687674196149531e-06 6.131573921841430e-07
2.064238636891776e-05 -1.065578534565166e-05 -2.001248881010459e-06 5.400122599381822e-07
2.064633840376794e-05 -6.584036462558026e-06 -4.994228678042247e-06 1.649857983265083e-06
1.864636362403601e-05 -1.064370298391517e-05 -5.673255904186458e-06 2.150578895848811e-06
1.903482989005342e-05 -9.312038784337400e-06 -5.133170580969836e-06 3.809566806524785e-06
1.864097808278897e-05 -6.593538701593575e-06 -2.130223811584885e-06 9.784518062431812e-07
1.718628288950182e-05 -6.598551195995968e-06 -3.286112793875988e-06 4.414423009350606e-06
-2.903685968841573e-06 3.276399455765509e-07 -3.374391316048972e-06 -3.104376654452790e-05
-3.006837569000548e-06 5.060972753574677e-07 -4.230789510351645e-05 5.851718099693237e-05
-3.019277853537465e-06 9.837608670608373e-07 7.537062977425909e-06 8.222411643436218e-06
-2.920421131513109e-06 1.134375489765539e-06 1.659354392312775e-05 -1.028377785586992e-05
1.718904883848823e-05 -1.063405237186038e-05 -5.378522791349608e-06 1.106549295405491e-06
1.587088165192511e-05 -1.055217384126982e-05 -3.730793718164316e-06 1.860000086713190e-06
1.689209379740700e-05 -8.112426840252089e-06 -2.283455810539339e-06 7.534345309636282e-07
1.587083820588852e-05 -6.488060042637349e-06 -4.735474881563814e-06 5.509700416505800e-06
-2.691831055963878e-06 2.620878900386865e-07 3.974804823847119e-05 -4.674135485064611e-05
-2.569255024863313e-06 7.234629645541324e-07 -1.403177335518094e-05 8.250676112766819e-06
-2.724482236276936e-06 1.193253153505929e-06 2.690605925271497e-05 -3.233821288009994e-05
1.545141515105008e-05 -9.308044656005166e-06 -4.058236339639895e-06 -6.208753323544676e-07
1.457350121740926e-05 -1.032039194664805e-05 -3.469563030663896e-06 2.486124658710390e-06
1.331723530662188e-05 -9.947311276291338e-06 -4.714346323411668e-06 2.438845084104962e-06
1.505756049591165e-05 -7.589164907213058e-06 -5.896896010083665e-06 2.093855556016910e-06
1.460376836078285e-05 -6.158518160904133e-06 -5.685756158837258e-06 -4.679629101857746e-07
-1.850192720828041e-06 2.600681087917479e-07 -5.934157193025572e-06 4.231062584444136e-06
-1.822429379243544e-06 1.227009902769469e-06 1.571561707613243e-05 -2.923351017974048e-06
-1.361584891676908e-06 7.100564384254480e-07 -1.204868759921431e-05 -2.295328183961846e-06
1.212003239835981e-05 -9.433225638356675e-06 -3.534415103656769e-06 2.320859951182629e-06
1.315238841157589e-05 -8.648599241404145e-06 -3.963786826855459e-06 2.540223397351853e-06
1.359168140899721e-05 -7.005311066862922e-06 -3.526749653922892e-06 1.310837253677526e-06
1.342014887903491e-05 -5.619354838882905e-06 -3.235078302757176e-06 -1.877685065523532e-06
-8.014009669637131e-07 1.978777533283627e-07 1.275385007703366e-05 2.373397018199028e-06
-8.201233237941173e-07 1.318075777723632e-06 -6.862455685242165e-06 -3.300982929070967e-06
-2.197960002120009e-07 6.861074768420029e-07 4.023539397218956e-06 5.599345278211603e-06
1.099282720387413e-05 -8.792921670570925e-06 -2.448035304513727e-06 2.368157593482137e-06
9.940280096615304e-06 -8.033059032410385e-06 -3.841449131876406e-06 -9.552299473377011e-07
1.207135160942026e-05 -6.746908971334610e-06 -1.392261945582423e-06 3.139364448045136e-06
1.235413111906545e-05 -4.875667420427202e-06 -2.388762080270298e-06 1.430544362521860e-06
4.832660351977756e-07 -1.247826351504382e-08 -6.376925803686571e-06 -2.654963649533045e-06
4.877641552012708e-07 1.491017918074747e-06 2.395586734895872e-06 -1.026367858230415e-06
1.020916594805510e-05 -6.838229657903542e-06 -3.865661601192938e-06 -1.289218517252071e-06
8.984169212563765e-06 -7.159330665895218e-06 -3.353362767208338e-06 -2.852395108377345e-06
1.065990595172273e-05 -5.467590166444680e-06 -5.365529298736055e-06 1.581357038913605e-06
1.144044633925155e-05 -3.965209842382055e-06 1.197376976123966e-07 6.315814341971112e-07
1.241786288491766e-06 7.040247775359461e-07 4.201396531145592e-08 -1.851780787755285e-06
2.171569658365823e-06 -2.874836144241689e-07 -1.387922928016978e-06 1.184222853663850e-05
2.158138669905071e-06 1.747979278088261e-06 -5.013897832137643e-06 3.876371868540088e-06
8.134193369326902e-06 -6.177055965518158e-06 -3.158937838364188e-06 2.176449021369656e-06
7.400464402663141e-06 -5.104870974754748e-06 -3.525611130258175e-06 1.672283122392844e-06
6.794925823618040e-06 -3.959036142090504e-06 -5.907983021618670e-06 6.314933694238595e-07
9.733650245964168e-06 -4.221204133009776e-06 -5.028851089659720e-06 1.059955391764129e-06
1.068741258484292e-05 -2.906614916698374e-06 -3.977109256812637e-07 5.385636504653155e-07
2.895905828609650e-06 7.240349358919227e-07 1.244644505508598e-06 -3.207840083781504e-06
3.773527004737144e-06 -5.890845100187083e-07 -1.943483806457214e-07 -1.791361929405688e-06
3.785733729612577e-06 2.024610131009659e-06 -1.940876645712219e-06 2.843092282106948e-06
8.016978515707837e-06 -3.962980225191644e-06 -1.114216346161281e-06 1.816746818935469e-06
6.323736322434797e-06 -2.760159805040218e-06 -5.776401101862359e-06 -9.644546992856214e-08
5.296969270868893e-06 -8.104544107561896e-07 -1.143196289401561e-06 -6.710608971017115e-06
5.734761448954769e-06 -1.026217715048426e-06 -1.002489114856506e-06 -7.553005329374531e-06
5.980384772566960e-06 -1.477705754049088e-06 -9.314372627922305e-07 -5.667243475648226e-06
9.078429382030603e-06 -2.749508217021229e-06 -2.363263676678829e-07 -1.084140234056837e-06
1.013712663933182e-05 -1.748840996333630e-06 -1.174770480324860e-06 -9.043039171396458e-06
4.602012337738917e-06 5.452672418817073e-07 -4.272223955716417e-07 7.836700568401685e-06
5.265588046996754e-06 2.244468995503406e-06 5.512053615880990e-06 -1.386143694546978e-05
7.175242391073153e-06 -1.895846183150112e-06 -7.262754172832934e-07 1.034169448295820e-06
5.757283398325229e-06 -1.194120867005028e-07 -2.870489629003181e-06 1.334505686298179e-06
6.278292859480795e-06 -8.640167458726501e-07 2.588691757208860e-07 -4.168085280627994e-06
8.606943061969704e-06 -1.399289796224303e-06 -5.079284622423625e-06 -7.671007182525097e-07
9.814889929722758e-06 -5.304015844158799e-07 -4.856859385686947e-06 -2.990603236616653e-06
5.757954752712354e-06 1.365571402723267e-06 -5.864305977908627e-06 9.641079238435087e-07
5.669432802402693e-06 2.481447994155034e-06 9.412704718864131e-06 -1.561148817429525e-05
7.409673213659050e-06 1.510319057242593e-07 -4.973226686251631e-06 3.199636498108838e-06
9.712704888754736e-06 7.048832508129442e-07 4.874781016915072e-07 -5.290512180856567e-06
9.909136734791015e-06 1.956393706993207e-06 -5.292640524996001e-06 -3.412749811967050e-06
6.628632789757971e-06 2.172729697490864e-06 -7.096923653730345e-06 -2.423036219174140e-06
5.896409480657658e-06 2.992183987503395e-06 1.532446976844906e-05 -1.380671372412975e-05
6.159523420885107e-06 4.396579381620342e-06 1.124968030344624e-05 -2.491602265090436e-06
8.628660964265541e-06 2.092793553392432e-06 1.927013005051904e-06 4.299781067153793e-07
6.605916813687730e-06 5.800783344493444e-06 -1.182011010145583e-07 -1.291156489741423e-06
1.038611170861009e-05 3.255570469365901e-06 -1.482629068870142e-05 -1.197378014191774e-06
7.415531262638867e-06 4.424518129983872e-06 -7.680166712962069e-06 2.593286157485636e-06
9.313342196463865e-06 4.534205450736408e-06 2.325025279282912e-06 -5.195445891269360e-06
7.259742182532671e-06 7.168353857558549e-06 -5.734397004440761e-06 -3.880410761390483e-06
1.112551655637227e-05 4.546686927820438e-06 -8.458583445205307e-06 2.356236303425794e-06
1.056475682871057e-05 5.842165879201652e-06 3.532322055065374e-06 -4.114405037999500e-06
9.185353741409087e-06 6.681791465480119e-06 -2.394939222386053e-06 -1.590607626438463e-08
8.048536733450987e-06 8.510098088192628e-06 -6.480628423072206e-07 -1.217993501971194e-05
9.063547116396485e-06 9.810890373186315e-06 -2.775144044906719e-06 -2.931666561557259e-06
1.213199845804530e-05 5.743057406389177e-06 -5.105542897576055e-06 3.529230835481924e-07
1.142941943814816e-05 7.364183945055239e-06 1.093111218081539e-06 -2.014586265744124e-06
1.059457720634967e-05 9.308588627466102e-06 -4.497065877502632e-06 -5.798540151729510e-07
1.023876506277211e-05 1.102386985643614e-05 -4.929204320585132e-06 -2.484466963279440e-06
1.339634943747020e-05 6.840058603329520e-06 -5.422061628583675e-06 -3.128324365034017e-06
1.302200153584271e-05 9.304129944251757e-06 -3.632811678747180e-06 -4.163736416498191e-06
1.158780125116498e-05 1.210216710868196e-05 -8.601156872863639e-07 -6.300761101718415e-06
1.312116178718060e-05 1.305790093633310e-05 -3.627511084300457e-06 -4.533777554051114e-06
1.478402919835532e-05 1.385974903916843e-05 -6.811020743182311e-06 -7.948184820412604e-07
1.490927645165921e-05 9.848949288341447e-06 -4.817668650658452e-06 -2.959288533890343e-06
1.488943783530840e-05 7.768550877880976e-06 -5.158162773195678e-06 -5.862463484513898e-06
1.452946255548116e-05 1.197027090800657e-05 -6.498840019568114e-06 -2.646502129689504e-06
1.658753987100428e-05 1.445190024997860e-05 -4.404013208325203e-06 -5.219624627645741e-07
1.848575219958829e-05 1.485499576614177e-05 -3.719895592279340e-06 -4.044250067085414e-06
1.644993640847070e-05 1.031858086787766e-05 -4.604262835493322e-06 -2.066041530978339e-06
1.659799208825655e-05 8.449742765674275e-06 -3.934121265387627e-06 -2.157033804709149e-06
2.043240254706886e-05 1.504105136352920e-05 -5.051628458386957e-06 -5.326377856385569e-06
1.823078357630404e-05 1.210061683469454e-05 -3.470141319923481e-06 -2.991315929283935e-06
1.845862120309667e-05 8.841162216891089e-06 -6.514729619978213e-06 -1.135939033099086e-06
2.085584676937181e-05 1.241188648450495e-05 -5.053704052605808e-06 -3.503640331837407e-06
2.265476095289336e-05 1.513023865720433e-05 -7.166934725745035e-06 -4.369625504934817e-06
2.040817226159412e-05 8.945068720592808e-06 -5.476148231666982e-06 -9.600487717019956e-07
2.579126005170271e-05 1.521706247698410e-05 -9.393139214994775e-06 -4.900568065499758e-06
2.328033966821976e-05 1.089307617522212e-05 -9.055800327506216e-06 -2.463814248074507e-06
2.265070262588933e-05 8.862780170653986e-06 -8.351006496563955e-06 -1.715337809911962e-06
3.028007043659839e-05 1.535030180405370e-05 -8.008949877018018e-06 -6.180986310057410e-06
2.802213041073782e-05 1.173875331952568e-05 -7.955344435637890e-06 -4.786145256222932e-06
2.579735093930663e-05 8.755184540041153e-06 -8.771737340675583e-06 -4.184347160563997e-06
3.643895491578291e-05 1.549483388757897e-05 -1.229650704943060e-05 -4.708044495573163e-06
3.331941077439161e-05 1.200269854240926e-05 -1.070102815020417e-05 -3.268038770406711e-06
3.027661866965892e-05 8.638383943208025e-06 -9.262642852710612e-06 -1.135081325567026e-06
4.309598521358065e-05 1.562139386259493e-05 -1.227839071312350e-05 -4.410662833930598e-06
3.972863233240419e-05 1.200450395252255e-05 -1.163655459707217e-05 -3.770891880030615e-06
3.644021024515670e-05 8.513364767076614e-06 -1.039183329909554e-05 -2.751661129607884e-06
4.996927897693438e-05 1.573446346883131e-05 -1.679567727999103e-05 -4.624809038600463e-06
4.649838208076887e-05 1.200328500460959e-05 -1.494444325367673e-05 -2.728176134345519e-06
4.309575512568964e-05 8.385905895261376e-06 -1.364376455451514e-05 -1.287987628309026e-06
5.701639249504558e-05 1.582425241815681e-05 -1.646366261508572e-05 -5.228626395173590e-06
5.346540033053039e-05 1.200921654729178e-05 -1.665706200792357e-05 -4.530724596461919e-06
4.996673092592208e-05 8.277044032147273e-06 -1.587190528977971e-05 -2.414595292767630e-06
6.421373639509484e-05 1.588756991820330e-05 -2.024789403316086e-05 -3.354507368755173e-06
6.059479520545602e-05 1.200973561452793e-05 -1.778076993348684e-05 -3.611776785352172e-06
5.701796835787930e-05 8.196518583800348e-06 -1.690318566219190e-05 -3.170396271281785e-06
7.151463739593233e-05 1.594413392054010e-05 -2.400294683045707e-05 -3.767630015550101e-06
6.784725391827680e-05 1.200890069502528e-05 -2.264380039717335e-05 -3.932776718404800e-06
6.421304243967627e-05 8.129863247316120e-06 -1.960902216388460e-05 -3.296311314535680e-06
7.890977570407678e-05 1.598889544249693e-05 -2.557088166393546e-05 -7.332113023009803e-06
7.519786117907698e-05 1.201185421711779e-05 -2.469604984950853e-05 -3.670266098574148e-06
7.151365594851804e-05 8.075708473313385e-06 -2.473376286219351e-05 -4.459253329560513e-06
8.635965984155435e-05 1.600662340627615e-05 -2.598068979845878e-05 -7.417860751201810e-06
8.262979010457734e-05 1.201254864860715e-05 -2.510078057673888e-05 -4.007888279666671e-06
7.890989448097816e-05 8.036473767280697e-06 -2.496159035148598e-05 -2.381276505656956e-07
9.384161816735920e-05 1.602232023712778e-05 -3.155522646452283e-05 -5.167584344173759e-06
9.009534395570803e-05 1.201216953367163e-05 -2.933155894767280e-05 -4.026458830892636e-06
8.635919484986097e-05 8.017980026768491e-06 -2.622469816036782e-05 -5.894355912741038e-07
1.099244096734348e-04 1.560118369719856e-05 -3.396317368701897e-05 -3.086208526521469e-06
1.088560035703300e-04 1.604289400084944e-05 -3.405383106927229e-05 -3.284521560025809e-06
9.719861811292185e-05 1.201059340409079e-05 -3.137797117395717e-05 -4.192341009656283e-06
1.013349861451912e-04 1.602889103841513e-05 -3.093172668499251e-05 -6.585752341736556e-06
9.384312379959948e-05 8.000244557472712e-06 -3.141750761375072e-05 -3.139971138119590e-06
1.103670599448212e-04 1.453399715469011e-05 -3.391231013140733e-05 -2.887312151597492e-06
1.078359059615890e-04 1.201584895189381e-05 -3.459672107127617e-05 -3.452798051405227e-06
1.013329715154159e-04 7.995361572823069e-06 -3.116963899773333e-05 -1.331076905067783e-06
1.103664736628114e-04 9.498565187842856e-06 -3.410284163959820e-05 -3.833832179805203e-06
1.088547865458208e-04 7.988829679190294e-06 -3.430485611229799e-05 -3.503039720372160e-06
1.099236294854582e-04 8.430839901054495e-06 -3.417754730595011e-05 -3.673664900379782e-06
