-7.176706959086403e-05 1.089361261134069e-05 -3.947617353365142e-05 3.193221169908422e-06
-7.203073720346746e-05 1.025772897106801e-05 -3.932258924988200e-05 3.340508019784812e-06
-7.202974591465038e-05 7.259856394085217e-06 -3.862635231955354e-05 4.645557351392914e-06
-7.176589000963404e-05 6.623311065935133e-06 -3.875047183917657e-05 4.950631533137834e-06
-7.113065912553897e-05 1.115689604660968e-05 -3.977622066761089e-05 3.183559891304326e-06
-6.993564340471472e-05 8.757647828313671e-06 -3.918308698616670e-05 3.791637325521553e-06
-7.112903793059892e-05 6.359632180997783e-06 -3.909558912058831e-05 5.030155863596774e-06
-6.664753090853270e-05 1.115302908586927e-05 -3.587689673829020e-05 4.582641679960754e-06
-6.664408831501939e-05 6.353004313496402e-06 -3.592907110000274e-05 3.347815330220573e-06
-6.417409199634270e-05 8.750917448726723e-06 -3.439198348850165e-05 3.953144208346868e-06
-6.216532911966334e-05 1.115809446236066e-05 -3.310905207630486e-05 5.373259033108870e-06
-6.216782953216703e-05 6.347348579910277e-06 -3.349290862988869e-05 2.691545844200235e-06
-5.992852738674993e-05 8.753866835417486e-06 -3.263698300569668e-05 4.116415653816969e-06
-5.769972361696429e-05 1.114212978810765e-05 -3.182905865908912e-05 6.521278961404074e-06
-5.770079459324551e-05 6.366541405068996e-06 -3.025038954932636e-05 7.381077684029687e-07
-5.547349734138861e-05 8.755630722525835e-06 -2.801884641809865e-05 4.129846953302767e-06
-5.325650092333777e-05 1.112533515395231e-05 -2.721433798961063e-05 5.280229775966359e-06
-5.325574172498115e-05 6.386379894320706e-06 -2.777866485456966e-05 4.199431043485636e-06
-5.104750065878682e-05 8.756022762265965e-06 -2.790494880341164e-05 5.100816358900594e-06
-4.886016404004702e-05 1.109399706430352e-05 -2.747805735320738e-05 4.876588193074287e-06
-4.886009069038681e-05 6.413499951679554e-06 -2.581017925882852e-05 2.803170604224321e-06
-4.667712161270085e-05 8.751630288867678e-06 -2.291237261859026e-05 3.443757865691894e-06
-4.450698051676341e-05 1.106533604217977e-05 -2.125235781580501e-05 4.411192447041017e-06
-4.450583293588926e-05 6.431929784681124e-06 -2.217777288413264e-05 3.699078083107966e-06
-4.234569002346725e-05 8.746675532542613e-06 -2.136866902459098e-05 4.107810417116203e-06
-4.020677461505697e-05 1.102990517727405e-05 -1.995845369296992e-05 6.384591467445277e-06
-4.020767754724962e-05 6.462383775254704e-06 -1.861997593487646e-05 1.670650539891691e-06
-3.807848230111948e-05 8.748068262788876e-06 -1.750541889727919e-05 4.194185041242560e-06
-3.596962629445366e-05 1.100171558661788e-05 -1.619268500672697e-05 7.791770882269486e-06
-3.597010860919551e-05 6.495230165052853e-06 -1.635349130291289e-05 1.151740618392777e-06
-3.387377375776253e-05 8.749425639091153e-06 -1.553269440408628e-05 3.950121301956314e-06
-3.180772092763852e-05 1.096151106850501e-05 -1.525469468398201e-05 6.817447230246701e-06
-3.180084566865127e-05 6.529551126838249e-06 -1.665837115685858e-05 1.796686879031835e-06
-2.974646378031517e-05 8.739765991213940e-06 -1.370560207746818e-05 3.865765582492810e-06
-2.769841712301691e-05 1.092444408066812e-05 -1.038411461352869e-05 3.191309322140371e-06
-2.770311858571518e-05 6.552369390551440e-06 -1.023770966988426e-05 4.919572980458016e-06
-2.574291841975826e-05 8.739935055940160e-06 -9.965714585428594e-06 4.352468229515773e-06
-2.381390209701143e-05 1.088912011544238e-05 -1.176837974304957e-05 3.424578769013015e-06
-2.380941881751988e-05 6.588621284397400e-06 -8.892537777371700e-06 3.291508183259013e-06
-2.236977581351832e-05 8.904833788180419e-06 -9.090595914860217e-06 5.438716868852774e-06
-2.090737622948224e-05 1.087492671670376e-05 -7.685363436645513e-06 8.330066068201382e-06
-2.091318075106658e-05 6.618791471611620e-06 -1.082061946104942e-05 -3.564221380004129e-08
-1.881548951499116e-05 1.085702279510496e-05 -1.002055338811163e-05 5.766330300269648e-06
-1.921924554333627e-05 9.469314332711322e-06 -1.000762597704175e-05 2.916658218980792e-06
-1.881615803190038e-05 6.622979144753914e-06 -2.891036262501611e-06 1.797094773952936e-06
-1.729821308526295e-05 6.635906525764936e-06 -3.229814543804234e-06 2.155165994856157e-06
2.871568610426648e-06 -2.037688725355500e-07 -1.072345687351324e-05 3.300904319110139e-07
2.902951246360047e-06 -2.879199010447622e-07 -1.673800539327348e-05 -4.672652577805984e-05
2.907470315720915e-06 -9.668857044236203e-07 -2.391371851853276e-05 7.124995992772694e-05
2.881959423184742e-06 -1.033849840239488e-06 -7.645893930117242e-06 -2.563148377656493e-05
-1.730208870197769e-05 1.084478143638470e-05 -4.409746000589322e-06 7.038391615763100e-06
-1.592731830619158e-05 1.075368441961547e-05 -6.146282784407624e-06 3.400579537063510e-06
-1.698631743614872e-05 8.220321829305456e-06 -6.074119881838535e-06 7.090846885190870e-06
-1.592854002838870e-05 6.530772758206961e-06 -5.366946259323034e-06 -2.251089868431168e-07
2.784430749090363e-06 -1.720534021782152e-07 3.601762611253690e-05 5.394333719200571e-06
2.475573509075508e-06 -6.637983040944247e-07 6.314472533867408e-06 -4.280246664342285e-07
2.806180571519647e-06 -1.054732283759164e-06 -1.862719779097431e-05 -6.988111551969554e-05
-1.548747122494803e-05 9.457738277997575e-06 -6.650318963160218e-06 4.040096966673812e-06
-1.457337055675277e-05 1.050355094851881e-05 -5.367494458333885e-06 1.668216675313904e-06
-1.327388977494781e-05 1.011111429277367e-05 -4.249767633034179e-06 3.981195779594816e-06
-1.507905231946014e-05 7.678284776542510e-06 -6.906079335434059e-06 6.870912253367088e-07
-1.459441852105487e-05 6.190840467703784e-06 -6.166465692511142e-06 8.464926478479539e-06
1.802776727859007e-06 -1.621106048267379e-07 -5.261800780484273e-06 3.244185534027977e-06
1.787372312548654e-06 -1.136783636452982e-06 3.025702224842078e-06 1.900190745504039e-05
1.275736412328329e-06 -6.729945829175405e-07 -2.925145595302489e-07 -2.796767829666286e-05
-1.203948082746319e-05 9.573706175177755e-06 -4.734337702942187e-06 6.804097425078173e-06
-1.310233073327589e-05 8.765501002448495e-06 -5.548245393756273e-06 3.201886812832359e-06
-1.355212677366465e-05 7.062779145474868e-06 -3.800551831399772e-06 4.886199007749878e-06
-1.337344789211796e-05 5.653929335219167e-06 -1.152561545791173e-06 8.721716674775081e-06
7.740699393015181e-07 -9.357231719583707e-08 -5.571460207602344e-06 1.880166168283398e-05
7.673730597791418e-07 -1.225407463040733e-06 5.276450194530907e-06 1.244479888676896e-05
1.511034270615351e-07 -6.672038358654573e-07 3.526937626644951e-06 -3.144168294959588e-05
-1.087708057979200e-05 8.900537813269118e-06 -3.284449453740130e-06 2.343566851861399e-06
-9.815256402303347e-06 8.111579178710297e-06 -1.052655789062875e-05 2.761357063227868e-06
-1.197920266675369e-05 6.798931192321982e-06 -2.612135588206362e-06 -7.229359884673771e-07
-1.226242588285181e-05 4.897504617814605e-06 -1.041792820123158e-05 4.209482319598844e-06
-5.216201267775946e-07 9.505538273608121e-08 -5.887140744837344e-07 2.019229676396703e-05
-5.200167635667989e-07 -1.409825121306857e-06 -5.778368333147754e-06 2.008983662964234e-05
-1.008535122778875e-05 6.888159191647214e-06 -6.077386655465461e-06 3.984459150933068e-06
-8.856320310289097e-06 7.211228548913323e-06 -6.799701263360786e-06 4.882077008811045e-06
-1.053397714844807e-05 5.500447009464893e-06 -1.587933212681327e-07 2.825503785496410e-06
-1.132907902463625e-05 3.976919299430882e-06 -7.619447840345733e-06 -3.545101747221119e-06
-1.288470300435836e-06 -6.469929332985283e-07 1.834536236601358e-06 -2.841320760422927e-05
-2.183744142878924e-06 3.580754483422615e-07 -9.236126242680634e-07 1.042817440000337e-05
-2.185036174106427e-06 -1.670731260051242e-06 -8.687485128819280e-06 1.003881022930506e-05
-8.003874825168234e-06 6.215372737729355e-06 -1.069645360744414e-06 7.686292590850251e-06
-7.272726041743827e-06 5.137036675231580e-06 -4.096594339065435e-07 1.588209048372173e-06
-6.682289196903389e-06 3.987522423490077e-06 -2.034935056399052e-06 3.249929900012531e-07
-9.605010249764476e-06 4.248162300896858e-06 2.273146664991606e-07 6.129493568257158e-07
-1.056954653570986e-05 2.917963596772568e-06 -9.828539997117830e-06 1.076150095237716e-05
-2.893491190449959e-06 -6.503857642985837e-07 2.659366907209399e-06 1.022374267965474e-05
-3.780605214668019e-06 6.152166628878389e-07 8.658035942382678e-07 -1.216576666991177e-05
-3.782999820203845e-06 -1.946582901799131e-06 -4.011605558351094e-06 -2.692265211060759e-06
-7.886173627512072e-06 3.992866719951943e-06 -1.870988342907740e-06 -2.372415910869349e-06
-6.227664502360269e-06 2.779425672708165e-06 -1.132642839839058e-06 1.182514265966957e-05
-5.256054432031906e-06 8.601550072219249e-07 -1.874930734920220e-05 -3.831204434589631e-06
-5.678436918012064e-06 1.077828033070831e-06 -3.848054482029675e-06 -3.386562211023276e-06
-5.913819649524082e-06 1.520454292712796e-06 2.364519049283807e-06 -5.654287125065548e-07
-8.954121189103003e-06 2.764770631546009e-06 -1.638442805589585e-07 8.332379701633854e-07
-9.995904506289324e-06 1.778436043333832e-06 5.092112217636390e-08 2.862059747379674e-06
-4.570890805925894e-06 -4.734665180325681e-07 -1.564985488438834e-06 2.470835455231753e-08
-5.223411903310086e-06 -2.129123195551455e-06 1.858450296237180e-06 -8.331716255267940e-06
-7.061101773898569e-06 1.916016065669612e-06 -7.756770428026868e-06 1.621761668487005e-06
-5.695287872514337e-06 1.835551958243120e-07 -1.605275466046437e-06 8.107903751592938e-06
-6.203314487938102e-06 9.164474180762215e-07 3.154456146904249e-06 -8.664332048218133e-07
-8.473690832490651e-06 1.410553346658645e-06 -3.550515686908467e-06 -1.790580205821684e-06
-9.639174962983001e-06 5.831941332434891e-07 -6.482458679226344e-07 9.137420627828181e-06
-5.699448516483449e-06 -1.276402938889623e-06 -2.713106871894847e-06 8.772046381376435e-07
-5.632199772125610e-06 -2.341715699461076e-06 -2.017323319627762e-06 -1.354144048581108e-06
-7.304708986455945e-06 -1.171535251969938e-07 -8.188140901194452e-07 -4.671437535555725e-06
-9.543915450149518e-06 -6.212963326402324e-07 -5.908119159201088e-06 6.401711399220267e-06
-9.729986771524866e-06 -1.848097920633081e-06 -8.551595762754241e-06 2.063767808850708e-07
-6.544806276139374e-06 -2.050484744510329e-06 -5.578566722526202e-06 6.854524815685268e-06
-5.865099077228084e-06 -2.812333191641318e-06 -3.637517657424857e-06 3.646950017681836e-06
-6.130806067206263e-06 -4.155407721256191e-06 -3.242633227943985e-06 -2.555675387345050e-06
-8.483422034795008e-06 -1.990912792866154e-06 -9.505897662116857e-07 -2.974038592159496e-08
-6.552463508636805e-06 -5.505866932905372e-06 -3.147565354397971e-06 -4.685520052311041e-07
-1.015974785143032e-05 -3.080405826334400e-06 -4.960135513646724e-06 -5.930675745999573e-06
-7.316740737381136e-06 -4.192191130467616e-06 -2.251006992787335e-06 -2.963514070389479e-06
-9.115734346507770e-06 -4.296400395794236e-06 -2.566533903172569e-06 -1.307336551307391e-06
-7.169749109643615e-06 -6.803773130967720e-06 -4.322035777474785e-06 2.362588635370721e-06
-1.083675363124250e-05 -4.305924513858142e-06 5.890337857762185e-07 9.473379420832666e-06
-1.030417232406372e-05 -5.541852866563445e-06 -5.451828014752719e-06 3.179093912187817e-07
-9.016017827994203e-06 -6.324473504633910e-06 -4.248776842940126e-06 -4.014425026926558e-06
-7.940852671582965e-06 -8.058157190440865e-06 -2.412362761552245e-06 9.563389908758194e-06
-8.893364683769026e-06 -9.277733325307091e-06 2.090203764280095e-06 -3.234171605751827e-06
-1.177818766965361e-05 -5.456466791558156e-06 -1.854686879351474e-06 -5.135313329602528e-06
-1.112081900326939e-05 -6.970028296268981e-06 -1.043272051640257e-05 -5.192719099708739e-06
-1.033288311831478e-05 -8.802029749964107e-06 -6.917696579883995e-07 -5.542903373613740e-06
-9.992075095946990e-06 -1.040771123805339e-05 6.433258573631425e-06 3.857990820504690e-08
-1.297052935329144e-05 -6.485415874904274e-06 1.301575699189083e-05 1.097784702243859e-06
-1.262128061578229e-05 -8.802699711918438e-06 -1.053090487258995e-05 -2.172985804259891e-06
-1.127214344632947e-05 -1.141017303805612e-05 -1.828102144661103e-06 7.262368105753320e-06
-1.271285046655991e-05 -1.229606058687763e-05 6.744665652182030e-07 3.769436105594864e-07
-1.427084826445395e-05 -1.304199783152241e-05 2.451154371316928e-06 -4.020006297445191e-06
-1.438379709833899e-05 -9.303584860422373e-06 -8.052757400283804e-06 -1.369834739872225e-06
-1.437237156747877e-05 -7.354754216433341e-06 -6.227855811165190e-06 3.304199789622493e-06
-1.403179829740780e-05 -1.128356847935586e-05 -1.287395153095822e-07 -2.144895230857609e-06
-1.594477973551837e-05 -1.359476705691089e-05 -7.005291737744814e-06 -9.112819364836816e-08
-1.770447507794381e-05 -1.396534840842451e-05 -1.303190612091016e-05 2.418230771881624e-07
-1.582078426067417e-05 -9.741248309167800e-06 -8.113799638794472e-08 -3.404106738500147e-06
-1.595895546574948e-05 -7.984392209075827e-06 2.251611657520408e-06 3.902706543427170e-06
-1.952492799659744e-05 -1.412859671878225e-05 -7.549500299775949e-07 -5.349387452697835e-06
-1.747447703764209e-05 -1.139890520588507e-05 -6.190477153334725e-06 -1.095030610515657e-06
-1.769319247444166e-05 -8.363061685769351e-06 -3.934289945670387e-06 -2.567648043444755e-06
-1.992682676965880e-05 -1.168080755784767e-05 -1.474117339376156e-06 1.462693875829573e-06
-2.158458334594968e-05 -1.419158877346895e-05 -6.014232586419396e-06 -7.481903450825931e-06
-1.950654813958277e-05 -8.463477104465409e-06 -6.093121043627529e-06 -1.137588376921443e-06
-2.449303507653920e-05 -1.425873127169529e-05 -2.056544880413846e-06 4.452847100626452e-06
-2.217110969678927e-05 -1.026833266544887e-05 -3.363823617260428e-06 -1.678307008603884e-06
-2.158459873915740e-05 -8.391793139175420e-06 -3.915883408203337e-06 -2.380654701019453e-06
-2.862640408907784e-05 -1.436773105909904e-05 -4.254371291298425e-06 -3.652042198299457e-06
-2.655051978156073e-05 -1.105059912991693e-05 -2.325740722377961e-06 -3.352667323196942e-06
-2.449057660596500e-05 -8.299984827381220e-06 -4.550410017179829e-06 7.734122361758685e-07
-3.427722110928160e-05 -1.448460843160457e-05 -4.135236464435637e-06 -1.396278245663569e-06
-3.142005386821826e-05 -1.128672241881634e-05 -4.326972219644244e-06 -7.217780616858950e-07
-2.862423863543776e-05 -8.195202699531275e-06 -2.817217292799904e-07 -1.363910039034710e-06
-4.034667685963650e-05 -1.456796024881288e-05 -3.081753056246706e-06 -1.568020593968871e-06
-3.728443432090456e-05 -1.128313829985852e-05 -2.929931517538741e-06 -9.553979492221891e-07
-3.427872080983465e-05 -8.084099975076487e-06 -6.724354021474983e-06 -2.587582901084751e-06
-4.656854804633516e-05 -1.464965438400899e-05 -2.679025098823093e-06 -7.840250357158584e-07
-4.343216314783250e-05 -1.128499898330045e-05 -3.434399764350056e-06 -1.968202787078756e-06
-4.034445532452860e-05 -7.997084601924482e-06 -1.142846043151641e-06 -5.122970140871564e-07
-5.290698985933230e-05 -1.470223133104888e-05 -4.198375188019847e-06 -1.168851495349061e-06
-4.972370544891154e-05 -1.128536916412837e-05 -3.171289543989885e-06 -1.381776352643665e-06
-4.656979437127386e-05 -7.919732029654097e-06 -3.288473596869907e-06 -2.296586319778686e-06
-5.933991758372892e-05 -1.474623363951949e-05 -4.305228370377680e-06 -6.605197001951731e-08
-5.610660612587578e-05 -1.128446846326488e-05 -4.909100486270265e-06 -1.527475484601494e-06
-5.290597472674340e-05 -7.869546920495605e-06 -4.903636238551310e-06 -1.952112334748042e-06
-6.585720317006416e-05 -1.478247465052346e-05 -4.426914529653718e-06 -3.039656811697515e-06
-6.258756081362484e-05 -1.127909116544331e-05 -3.414675385027701e-06 -1.245083912900131e-06
-5.934239274628536e-05 -7.815355736533772e-06 -4.053324971031272e-06 -3.079963568035394e-06
-7.243581140371148e-05 -1.480964024770758e-05 -4.640128712811930e-06 -1.387850917958066e-06
-6.913749191069033e-05 -1.127990427136974e-05 -5.286624887790627e-06 -1.993302588124695e-06
-6.585554239933415e-05 -7.775806583543636e-06 -3.757362362570496e-06 2.729932717314545e-07
-7.904568055648957e-05 -1.481758209497862e-05 -5.115075679518511e-06 -2.969920931137675e-06
-7.573948062853610e-05 -1.127795845248925e-05 -4.201616413150911e-06 -7.287189500576911e-07
-7.243799674667552e-05 -7.747616136541132e-06 -5.761857707912399e-06 -1.037057050754242e-06
-8.568276930864147e-05 -1.483616266080565e-05 -3.964197909023460e-06 -1.902176898195830e-06
-8.235712138586975e-05 -1.127548446826134e-05 -5.476973946873479e-06 -1.817308486840839e-06
-7.904580592510366e-05 -7.737422289464155e-06 -4.167833594392654e-06 4.086920018826193e-07
-9.992822004686000e-05 -1.443985843833106e-05 -9.787587677197903e-07 2.121480348204741e-06
-9.898632275366413e-05 -1.483065172932879e-05 -2.187771090312406e-06 2.213591143485995e-06
-8.866352333052090e-05 -1.127349657163288e-05 -2.534897003272823e-06 -1.598619847962109e-06
-9.233650818075471e-05 -1.483830456926057e-05 -3.622868741190566e-06 -2.854665347353492e-06
-8.568277872957666e-05 -7.711084768459167e-06 -4.039586088718812e-06 -2.905999272284709e-06
-1.003183043159251e-04 -1.349715960906310e-05 -4.658721097262088e-07 1.440759966355590e-06
-9.808982255398004e-05 -1.127747151473691e-05 -4.319915548756863e-06 -1.302707262496635e-06
-9.233558868613030e-05 -7.711401688026110e-06 -3.884297500161680e-06 8.551906117976489e-07
-1.003175240155332e-04 -9.058621848773970e-06 -1.466303512895724e-06 -3.736656071149732e-06
-9.898531870906327e-05 -7.724836064037503e-06 -3.053670708806331e-06 -4.140575991583023e-06
-9.992735080725607e-05 -8.115757116196217e-06 -1.985986654717102e-06 -4.158538249989857e-06
