-3.032944292270016e-05 6.216369755653444e-06 -3.923341695678372e-05 3.235711241081058e-06
-3.041072499853850e-05 6.019997454850680e-06 -3.913528141792936e-05 3.264847266674871e-06
-3.040877186378573e-05 5.093656671945398e-06 -3.844608693099319e-05 5.500874386428680e-06
-3.032718202699196e-05 4.896476020779901e-06 -3.854350599641794e-05 5.847386219855822e-06
-3.013314088074209e-05 6.297726422947879e-06 -3.941171339983569e-05 3.304273769366594e-06
-2.976205937751915e-05 5.555258368706216e-06 -3.884294047241059e-05 4.420105008366816e-06
-3.013026007405143e-05 4.814638813589225e-06 -3.886565079542562e-05 5.937320769516860e-06
-2.874224267686462e-05 6.293373385841187e-06 -3.412201151647445e-05 6.581419600978754e-06
-2.873756527076797e-05 4.805683780856801e-06 -3.427883117505784e-05 3.459152566556905e-06
-2.797899915882685e-05 5.546445322995950e-06 -3.374517328116734e-05 4.629007033985985e-06
-2.736102836212970e-05 6.294011899604931e-06 -3.159159310754957e-05 8.128940118796021e-06
-2.736467862588074e-05 4.801109177655052e-06 -3.144177998896899e-05 8.991214452363968e-07
-2.666924766374089e-05 5.549442902901826e-06 -2.934202387066316e-05 4.819821745361390e-06
-2.595718857690924e-05 6.316020690902356e-06 -2.978562713354702e-05 6.649203034729204e-06
-2.595802673612143e-05 4.783492025286520e-06 -2.882471528135539e-05 2.880399801510956e-06
-2.524038717095719e-05 5.550704596639739e-06 -2.869180541524227e-05 3.830007052828167e-06
-2.452809214075350e-05 6.315838515761041e-06 -2.717618204558613e-05 4.557089857128164e-06
-2.453002514078030e-05 4.789452488750608e-06 -2.695621729828636e-05 3.878795293056830e-06
-2.381815417564165e-05 5.553487481004007e-06 -2.488031396419923e-05 4.561009080927438e-06
-2.309190219908677e-05 6.336920170399010e-06 -2.116447880874906e-05 6.318805963617233e-06
-2.309257340039626e-05 4.770508019487533e-06 -2.161257471553171e-05 4.042225557303358e-06
-2.235119714918405e-05 5.553522798889475e-06 -2.065499086167070e-05 4.739032966904488e-06
-2.159162021630952e-05 6.368765826440862e-06 -2.150121632196177e-05 5.560866078601651e-06
-2.159325612424657e-05 4.739650967848953e-06 -2.054713344124567e-05 2.586408103415259e-06
-2.083042474381351e-05 5.555246705013713e-06 -1.873489489482596e-05 2.846855863869837e-06
-2.004939248847404e-05 6.401477930750526e-06 -1.703189523913894e-05 2.276402131046313e-06
-2.005500941720863e-05 4.714031912904958e-06 -1.685129998786151e-05 4.938017691879731e-06
-1.926575112984956e-05 5.562321176032350e-06 -1.755479694945604e-05 4.891144253454498e-06
-1.846504438620777e-05 6.435010546062925e-06 -1.589901491452166e-05 7.257786329843980e-06
-1.845997250826657e-05 4.691517877326653e-06 -1.567399253624605e-05 3.668234119839517e-06
-1.764882857197269e-05 5.560774681857461e-06 -1.347360197088720e-05 4.508537957871821e-06
-1.681789447378874e-05 6.458487270754798e-06 -1.349840408316271e-05 5.774571492434129e-06
-1.681650525338261e-05 4.658989214172349e-06 -1.468160273612317e-05 2.418867791284725e-06
-1.597493177422823e-05 5.557094185460798e-06 -1.287610613421724e-05 5.367943289177879e-06
-1.510995281279800e-05 6.481408522264398e-06 -1.118853389231409e-05 6.302834750401307e-06
-1.511403719571692e-05 4.637199653169665e-06 -1.065272343188220e-05 3.610618523961028e-06
-1.427786013832386e-05 5.560724971084331e-06 -1.157266661280848e-05 2.150799265113346e-06
-1.343456268041740e-05 6.507233143509375e-06 -1.123802031244250e-05 4.143462229025965e-06
-1.343068396430979e-05 4.608843608562164e-06 -8.627748842443094e-06 2.947682699329922e-06
-1.279185871384016e-05 5.634123061737402e-06 -8.895798508903205e-06 6.234132626935366e-06
-1.212264210069766e-05 6.539634924261795e-06 -7.243384274596532e-06 5.228555097458319e-06
-1.213105422307375e-05 4.587194419172346e-06 -1.184168230674780e-05 4.786690888415039e-07
-1.115387043059928e-05 6.560513192470998e-06 -9.667441084776672e-06 7.172680766350511e-06
-1.135155416294722e-05 5.900082446861056e-06 -1.071561971606348e-05 5.440288013695176e-06
-1.115032939071082e-05 4.560780917533086e-06 -4.001814982272612e-06 5.876986681869915e-06
-1.042628109252316e-05 4.537405161705300e-06 -7.645190170749449e-06 6.893699620178133e-06
1.998943242906810e-06 2.379032965074721e-07 -2.990419740234310e-05 -3.865847463291360e-06
2.056133385197645e-06 7.742412674668494e-08 -1.918707557956289e-05 3.630849527319867e-05
2.008963096060490e-06 -1.949960196434293e-07 -2.235271887108719e-05 -6.882996398222803e-05
1.957823284955766e-06 -3.136058392750818e-07 -4.166806606149050e-05 -4.236606880801269e-05
-1.043469947108298e-05 6.582070130582914e-06 -4.698173300061005e-06 7.051704143571071e-06
-9.756014682490884e-06 6.558360414704337e-06 -3.703224979317648e-06 6.205536115452183e-06
-1.029037504769378e-05 5.311130488609830e-06 -8.957601677756365e-06 2.827824372480196e-06
-9.768664717812001e-06 4.456422451882279e-06 -5.741268165963297e-06 3.636518391151004e-06
1.867868224140120e-06 3.026144296416260e-07 -2.184687172672309e-05 -3.005182947325766e-05
1.778057000183288e-06 -7.886357724684170e-08 3.853073331629401e-05 3.716202149379791e-05
1.838930119548948e-06 -3.602294510704297e-07 -4.138806105111028e-05 -3.159719429511348e-05
-9.547110555015936e-06 5.926231036885335e-06 -4.468831815974418e-06 4.357630618363547e-06
-9.079406085466225e-06 6.459428341500766e-06 -6.426263562131508e-06 6.156712367371789e-06
-8.416118115404532e-06 6.285929559169615e-06 -2.468451537969208e-06 7.287740535146315e-06
-9.351223371557583e-06 5.029885398464364e-06 -4.923340635786755e-06 1.803162418822984e-06
-9.112968968078114e-06 4.266861687829456e-06 -1.357899024172298e-05 4.197527511718702e-06
1.265302881676056e-06 2.678805590616669e-07 -1.358784350130772e-05 -1.304530211101292e-05
1.252543563244004e-06 -3.653897698529075e-07 1.517299770519475e-06 -9.601654938439860e-06
9.526216636624865e-07 -8.784378582089894e-08 3.763011614279273e-06 1.560534646190444e-05
-7.762920877039219e-06 6.041689838765844e-06 -2.614825137233369e-06 6.212706284876391e-06
-8.339115444227287e-06 5.602769005800239e-06 -1.949200129586488e-06 4.497163049715890e-06
-8.574196108889293e-06 4.713284347377592e-06 -4.608513522727023e-06 7.270614508241520e-06
-8.481592406500239e-06 3.948586819356392e-06 -1.450582490752314e-06 -5.546720861636198e-06
5.622754192755213e-07 3.307363301013280e-07 4.871385297150800e-07 -3.550371376313754e-06
5.769285917696623e-07 -4.324538063795321e-07 -3.413798644453917e-06 -1.134941220527440e-05
1.725767988301773e-07 -1.017133460845804e-07 9.628182077789046e-06 1.178495149879823e-05
-7.131504204362199e-06 5.704172375753697e-06 -5.714798483776709e-06 5.586130377892508e-06
-6.537936902779506e-06 5.286654778132043e-06 -8.152295605322070e-06 2.364387334693643e-06
-7.736893285007821e-06 4.562948885320983e-06 -3.740564867334931e-06 3.639570524580017e-06
-7.907857601330622e-06 3.510248933912176e-06 -9.193771967559785e-06 2.771133341713246e-06
-2.871910574314396e-07 4.570575971741641e-07 -6.902554026218768e-06 -2.929216879977120e-06
-2.927873048382502e-07 -5.548698052914597e-07 -6.928804378887980e-07 -3.042024174301778e-06
-6.680386170496759e-06 4.620051497129676e-06 -6.013900152262477e-06 2.012218998743490e-06
-5.970219691265060e-06 4.802213191893762e-06 -3.809951035850296e-06 -8.641774424560639e-08
-6.927552876675758e-06 3.840002695892314e-06 -5.706393586478922e-06 4.989859553693587e-06
-7.392722882557864e-06 2.955016345033105e-06 1.813797082382308e-06 3.669919797304591e-07
-8.044379926313274e-07 -7.671321556491550e-08 -1.410853352916332e-06 -2.625416496315115e-06
-1.427434344039664e-06 6.384477628869174e-07 3.907251770474479e-06 8.698498695308514e-06
-1.433947970319514e-06 -7.504807164994429e-07 6.136794738481488e-06 6.305898742467721e-06
-5.456091769893371e-06 4.255715459574197e-06 -6.586036330227343e-07 3.792834641102181e-06
-5.000208328234019e-06 3.635679585120372e-06 -9.095832898912539e-07 3.482253479249224e-06
-4.606050399243878e-06 2.961716646856432e-06 -3.179708486118672e-06 3.720492570366165e-06
-6.397850995925436e-06 3.119455571621588e-06 -7.400403048619232e-06 1.773669638977303e-06
-6.988888266860932e-06 2.329476112984104e-06 -4.619778318907870e-07 8.499470200346049e-06
-1.921941498896164e-06 -5.216855672602522e-08 -7.618956276842038e-06 -1.186594294130041e-06
-2.522461142276564e-06 8.047558925358810e-07 6.492870267872104e-06 2.138753995299822e-06
-2.527160257874152e-06 -9.510309618913257e-07 -1.420291734466749e-06 1.038360377718510e-06
-5.362816883267107e-06 2.968569682766063e-06 -3.796505300576899e-06 2.270536188824463e-06
-4.290715446411711e-06 2.229563654607337e-06 -2.777229537472877e-06 6.353007376534344e-06
-3.565380701375164e-06 9.834705851148633e-07 3.287614400425982e-06 -6.730403692393247e-06
-3.862694729249947e-06 1.136136672905759e-06 -1.012407467180339e-06 -8.829751786570627e-06
-4.042104470554988e-06 1.431678949920975e-06 3.323199575115362e-07 -3.543964405153904e-06
-6.015404707464519e-06 2.222261219324609e-06 -9.528265294188756e-07 3.330436013616536e-06
-6.671853444001446e-06 1.597319968583736e-06 -1.148205797097908e-06 -1.216127539704183e-05
-3.075584999260207e-06 6.929258082284156e-08 -2.380152843869319e-06 8.974542724328085e-06
-3.502184972316834e-06 -1.074084927430363e-06 6.255897612648552e-06 -5.715858838041614e-06
-4.812126483751251e-06 1.691731936078251e-06 -2.145160369374387e-06 4.785712568005276e-06
-3.852891397250305e-06 5.307028166372810e-07 -8.812449921828565e-06 -3.827095325438541e-06
-4.220890278498122e-06 1.032125363076448e-06 -1.648278818079781e-06 -8.253984300904125e-06
-5.723471199371098e-06 1.361472943015462e-06 -5.554503099413822e-06 3.865051939866179e-07
-6.502515071177460e-06 8.202611351258469e-07 -8.807104388712786e-06 -3.583176190792025e-06
-3.829055808637462e-06 -4.780946157281380e-07 -1.012660775226869e-05 8.525037757629245e-06
-3.759035567407004e-06 -1.217506838931044e-06 8.898690124500370e-06 -9.815258599934366e-06
-4.953446251377316e-06 3.389780966903309e-07 1.757321675597186e-06 1.889823388425828e-06
-6.481493359857857e-06 -3.157013058946279e-09 -2.811625600649702e-06 -2.548907335178280e-06
-6.666027866791614e-06 -8.634948987025726e-07 9.733306609890530e-07 -4.263732752537892e-07
-4.399708897079608e-06 -1.001866110808662e-06 -2.645110716659696e-06 -5.750994919882984e-07
-3.901603986909140e-06 -1.552990548449687e-06 1.717479411247456e-05 -1.228080667976731e-05
-4.054642407805641e-06 -2.543387590232719e-06 1.015222507258939e-05 -2.238002010606582e-06
-5.772286757074572e-06 -9.503722620269149e-07 -4.048234986800766e-06 -5.763246511066519e-07
-4.328330109133644e-06 -3.569037726551109e-06 -4.510969636598385e-06 8.700986835355108e-06
-7.020875828390663e-06 -1.741432255320970e-06 -9.902535471555013e-07 -1.796837712803053e-06
-4.921961982099230e-06 -2.558347067728289e-06 -5.246152198987110e-06 -6.774831653512380e-07
-6.251105806477700e-06 -2.639607833283729e-06 -8.964854754300338e-06 -2.641732537200539e-06
-4.769225284348738e-06 -4.572339120340317e-06 -6.967774260120615e-06 1.157436517425282e-05
-7.573449421822753e-06 -2.628246053127240e-06 -3.556071469812381e-07 1.238031705447302e-06
-7.180613651728634e-06 -3.585663982377192e-06 -5.373461860729244e-07 -2.020221892188187e-06
-6.181157587962218e-06 -4.203434646098490e-06 -5.689651316827707e-07 -4.742575398582313e-06
-5.332713728620100e-06 -5.570966989032691e-06 4.216311984573129e-06 -2.231687262703343e-06
-6.066494076106040e-06 -6.556348742376050e-06 -3.027762664909141e-07 -2.579931253858789e-07
-8.359130737278439e-06 -3.509401536658646e-06 -4.119081023586123e-06 2.559473581872060e-06
-7.843297468508196e-06 -4.708349456720514e-06 -2.313030391331507e-06 -3.148186589293718e-06
-7.207415204824901e-06 -6.179060496144252e-06 -6.245961972572904e-06 -4.343943872960426e-07
-6.928314887183025e-06 -7.494132913095089e-06 -8.305548995920463e-06 -1.462244499585535e-06
-9.321480112721587e-06 -4.294889463737724e-06 -2.778733287090900e-06 1.787316236812578e-06
-9.067451782857186e-06 -6.187349175792699e-06 -3.733391456725386e-06 -6.067634836804314e-07
-7.961850375083098e-06 -8.335397581004361e-06 -3.585558616772215e-06 -3.825262708566908e-06
-9.142392238007671e-06 -9.096918916053730e-06 -3.826657794396964e-06 -5.933963101362389e-06
-1.043430280811709e-05 -9.755454247272806e-06 -3.013316692408268e-06 -2.762326617893868e-06
-1.053221040295659e-05 -6.597580962626778e-06 -7.132523922370219e-06 -5.018010817024576e-06
-1.051324421480789e-05 -4.982596584364917e-06 -4.394965659140642e-06 -6.354267465080025e-06
-1.022959383344629e-05 -8.257539296063462e-06 -5.044760960255549e-06 -2.477374718132898e-06
-1.184884148123500e-05 -1.024702373287985e-05 -4.533337594005055e-06 -6.369384683261231e-07
-1.336596375505190e-05 -1.058990628524558e-05 -1.376996990568031e-05 -2.952724280643910e-06
-1.173365657759049e-05 -6.960898601440235e-06 -3.783736582610004e-06 -1.140228459675721e-06
-1.184993700718342e-05 -5.476276145039490e-06 -4.444764361729012e-06 -1.119180732677286e-05
-1.492777117184629e-05 -1.075254463588663e-05 -6.286138570252092e-06 -4.603842615223546e-06
-1.314676957752795e-05 -8.376398797354185e-06 -9.033370321603884e-06 -2.414866629785495e-06
-1.333841088637625e-05 -5.771366404091546e-06 -5.072754771567515e-06 -4.323733815169414e-07
-1.526365862535318e-05 -8.621711799852700e-06 -4.951105538146900e-07 -3.613807439498843e-06
-1.672886530601154e-05 -1.084007516488523e-05 -1.173898363276989e-05 -4.541368651876837e-06
-1.490529161643431e-05 -5.837554245903284e-06 -9.205084080594239e-06 -2.500511470992817e-06
-1.929187060802852e-05 -1.091750971838584e-05 -8.398984206532408e-06 -1.892090837858961e-06
-1.723015983747271e-05 -7.391794969509025e-06 -4.339597608673240e-06 -3.094429535235690e-06
-1.672433692689181e-05 -5.752100127761191e-06 -6.337822020151311e-06 -2.641163123855942e-06
-2.298755899843073e-05 -1.104702656790178e-05 -1.000030065036581e-05 -3.920493085636577e-06
-2.112700453104829e-05 -8.078413383649868e-06 -7.112009648926732e-06 -4.481695987772431e-06
-1.929711821640228e-05 -5.635075406671424e-06 -1.131175769592705e-05 -1.258094602555816e-06
-2.808293840749016e-05 -1.118939845331327e-05 -1.230077033669009e-05 -4.012612924916170e-06
-2.549403536841674e-05 -8.287495198734873e-06 -9.428718742803233e-06 -1.352494400723632e-06
-2.298534385445267e-05 -5.518264960916198e-06 -8.863711056876854e-06 -2.617846190696685e-06
-3.362291010421623e-05 -1.129795127027372e-05 -1.024165832080668e-05 -4.465276870612110e-06
-3.081750759021208e-05 -8.288797900347016e-06 -1.180832463183206e-05 -3.762738880420608e-06
-2.808132174376650e-05 -5.386793908425048e-06 -1.121590980028398e-05 -2.538514326218772e-06
-3.935763796371383e-05 -1.139383082358383e-05 -1.335816369987337e-05 -3.570148346755861e-06
-3.646260664421872e-05 -8.284090366127989e-06 -1.221142188273051e-05 -2.112484641275728e-06
-3.362658898943089e-05 -5.275726946996006e-06 -1.147480282391901e-05 -2.444845364395954e-07
-4.523251392969823e-05 -1.147529814818835e-05 -1.237217208720280e-05 -3.000063087685565e-06
-4.227200933258889e-05 -8.287801373647211e-06 -1.272562626706002e-05 -2.694918198214699e-06
-3.935472784945777e-05 -5.176542399236415e-06 -1.177647923640409e-05 -1.639056357423232e-06
-5.123274430504764e-05 -1.152617194889837e-05 -1.501000973760955e-05 -4.238490072952763e-06
-4.821362055726152e-05 -8.291506544531054e-06 -1.320170211521864e-05 -1.626699291359220e-06
-4.523242190526970e-05 -5.105953711987778e-06 -1.466068986621914e-05 -1.600668607193335e-06
-5.732736192027266e-05 -1.156456879245212e-05 -1.461364682257808e-05 -2.257359349725927e-06
-5.426689489886967e-05 -8.289734396682657e-06 -1.595827560966820e-05 -3.579138780487489e-06
-5.123072628666783e-05 -5.056066864031652e-06 -1.292272475581802e-05 -1.950149955085954e-06
-6.350003282204398e-05 -1.160151420032180e-05 -1.532362983452631e-05 -5.663812018239554e-06
-6.040426042536535e-05 -8.282576258399502e-06 -1.347183333684317e-05 -2.431009872371082e-06
-5.733201201639488e-05 -5.005543609693311e-06 -1.545222585235184e-05 -3.729367289593688e-06
-6.971096642086374e-05 -1.162213685284596e-05 -1.640939836886515e-05 -2.555226508012227e-06
-6.659940365676106e-05 -8.286853639721603e-06 -1.682155704041848e-05 -3.000603869910645e-06
-6.349845367498886e-05 -4.968763101301611e-06 -1.520308569508268e-05 -2.829390653460004e-08
-7.594854206758666e-05 -1.163827232379490e-05 -2.063455895075696e-05 -5.442551761767612e-06
-7.282477579486717e-05 -8.292505953986721e-06 -1.767510044105619e-05 -3.212315886464829e-06
-6.970828174973005e-05 -4.957454339634223e-06 -1.633393509142828e-05 -3.713724214532111e-06
-8.935721481712427e-05 -1.127541999429897e-05 -2.297730296778837e-05 -3.969266594493877e-06
-8.846948571783182e-05 -1.164362788617759e-05 -2.263245024772041e-05 -3.886425259304979e-06
-7.875150533012451e-05 -8.293719517780650e-06 -2.169390910117270e-05 -2.302376068777322e-06
-8.221587070905638e-05 -1.164961424362467e-05 -1.954613784647872e-05 -1.466428562109560e-06
-7.594766770452449e-05 -4.948478408885377e-06 -2.114204787093289e-05 -2.798407025788286e-07
-8.972493407701944e-05 -1.038701064432973e-05 -2.317968655674610e-05 -3.989446102768312e-06
-8.762654580196118e-05 -8.293920976901250e-06 -2.195115385257797e-05 -3.343201208169139e-06
-8.221617407887080e-05 -4.936386932098318e-06 -1.908348556102109e-05 -2.822797283880548e-06
-8.972752403034251e-05 -6.199803800835765e-06 -2.398567535619235e-05 -2.547942203000795e-06
-8.847163972932653e-05 -4.942155134942294e-06 -2.308662903149170e-05 -2.025913417317268e-06
-8.935979535608835e-05 -5.310664737352306e-06 -2.372187502075304e-05 -2.139465932110686e-06
