-1.372453149465181e-04 1.925278714021536e-05 1.375895098106739e-05 -2.410114187120865e-06
-1.377945106643420e-04 1.792790786866846e-05 1.396518598890749e-05 -2.001277650123283e-06
-1.377948570080898e-04 1.168116829702497e-05 1.399429759076162e-05 4.400099583357352e-09
-1.372457437500189e-04 1.035666790029890e-05 1.379870178615506e-05 3.684098195847940e-07
-1.359196517768817e-04 1.980137713533787e-05 1.327928039158132e-05 -2.561580343041118e-06
-1.334335424145998e-04 1.480511455278288e-05 1.244123660317918e-05 -1.054390867830474e-06
-1.359203047069005e-04 9.808303810921956e-06 1.334865515917137e-05 4.946250484520741e-07
-1.265946515450401e-04 1.979466110534510e-05 1.084539119729676e-05 -2.002241320692026e-06
-1.265963839284628e-04 9.820997432151807e-06 1.104313503590793e-05 -6.563039216483264e-07
-1.214630281766703e-04 1.480926481512053e-05 1.104845289016487e-05 -1.487312557008593e-06
-1.173028097435961e-04 1.978474594635124e-05 1.107434067775131e-05 -1.947752073487627e-06
-1.173016051046415e-04 9.831982442348419e-06 1.109310032791614e-05 -1.304862096982453e-06
-1.126568947673364e-04 1.480641911622608e-05 1.068733478681017e-05 -1.341701769734566e-06
-1.080165091858331e-04 1.976981194959549e-05 9.993216661027998e-06 -1.771466789266247e-06
-1.080147908827717e-04 9.837948406541345e-06 9.979179905467667e-06 -5.880376313864576e-07
-1.033792973810388e-04 1.480188284933333e-05 9.305934602440572e-06 -6.014812226689476e-07
-9.875988317106293e-05 1.974261333149126e-05 9.399483711997753e-06 -5.430691136678498e-07
-9.876152440400141e-05 9.861946269629295e-06 9.990236686363318e-06 -5.790755136275304e-07
-9.415029298472506e-05 1.480350921217609e-05 9.722784635279461e-06 -4.837745085602232e-07
-8.955804267429162e-05 1.971278128194064e-05 8.942671441875112e-06 -1.501580412364689e-06
-8.956023123033312e-05 9.897699692005146e-06 1.010629371405678e-05 -1.455000368794197e-07
-8.497738155827279e-05 1.480655557226488e-05 8.281115601510443e-06 -1.407819157013728e-06
-8.042880671687543e-05 1.966029082430187e-05 6.995838921727779e-06 -2.221775013749625e-06
-8.042820279464175e-05 9.951775316305359e-06 7.342962127754158e-06 -5.022966798237407e-07
-7.590088950697112e-05 1.480506833783208e-05 6.322723929006049e-06 -1.490637989020581e-06
-7.142586724144165e-05 1.957807642874886e-05 6.663533948200055e-06 -1.015676798016562e-06
-7.142543624548990e-05 1.003004919152945e-05 6.234223139082053e-06 -8.667301321704891e-07
-6.697832637430187e-05 1.480352452616586e-05 6.564252726301781e-06 -7.354897676914349e-07
-6.259030948354689e-05 1.948088138493826e-05 5.664373035558927e-06 -1.657396497892650e-06
-6.259027772273699e-05 1.012507297634849e-05 5.904930581099791e-06 8.682915154366282e-08
-5.823307200903296e-05 1.480238778990111e-05 4.613141885165865e-06 -1.101344306455815e-06
-5.395043320300187e-05 1.935879451763424e-05 3.356591119262719e-06 -2.414336300167209e-06
-5.394859831764320e-05 1.024213869676221e-05 3.688686272252218e-06 -4.504259958208283e-07
-4.970751601815436e-05 1.479832668411889e-05 2.937739032844402e-06 -1.630619712747692e-06
-4.556192208435994e-05 1.920235589684555e-05 2.951307165191627e-06 -2.411589453130626e-06
-4.556085448771667e-05 1.039217588856915e-05 2.633038574469888e-06 -4.727984956485756e-07
-4.163010304321424e-05 1.479477202768834e-05 2.698628636694572e-06 -1.260120859924099e-06
-3.780289512440196e-05 1.902672574245995e-05 2.052543329951868e-06 -2.933002517825047e-06
-3.780126807635047e-05 1.057101233903133e-05 2.290793144742361e-06 2.422555536487941e-07
-3.495945672542539e-05 1.511467176383416e-05 1.716149493256105e-06 -1.622113520871187e-06
-3.215280030197375e-05 1.886868026731985e-05 1.520003100298272e-06 -2.681122025687493e-06
-3.214720446762826e-05 1.073133444003813e-05 1.592018033040469e-06 -2.664934286265874e-07
-2.818597317642603e-05 1.872777253265678e-05 1.802072004306041e-06 -1.787352253935951e-06
-2.891671561159041e-05 1.615028975136165e-05 1.511422126280694e-06 -1.902539080621416e-06
-2.817794225763445e-05 1.083554243785860e-05 1.367901503503059e-06 -5.950230401032938e-07
-2.537926755487892e-05 1.094980929446933e-05 9.634646298178928e-07 -1.044409808153881e-06
3.603835566695744e-06 1.334566355710524e-06 -4.144327670239003e-07 2.278787289799480e-05
3.672857912948883e-06 1.119357401784268e-06 2.464560949275721e-06 7.440283771602746e-06
3.681440791765898e-06 5.608218808685791e-07 -3.664395574549232e-05 -1.105929616180691e-04
3.619647951575122e-06 3.693878081813337e-07 -1.675081346054435e-05 8.984187527920893e-06
-2.536751767857656e-05 1.862537863799676e-05 1.780864860828823e-06 -1.100579055825665e-06
-2.290472100972180e-05 1.839367160439500e-05 6.198736143372070e-07 -6.824892029263835e-07
-2.477437655650425e-05 1.383489754066213e-05 7.506232014870687e-07 -1.258129844441846e-06
-2.287345721681790e-05 1.085674877267230e-05 -1.484259829890211e-07 -1.611327468671073e-06
3.421272968271194e-06 1.425980630949597e-06 4.488290470913079e-05 6.108253459453762e-06
3.074462129627148e-06 7.727950681619518e-07 -3.575552450648266e-05 2.465904463016181e-05
3.448380355062598e-06 2.858338138653955e-07 8.036934217962989e-05 5.460148389164245e-05
-2.209729164339857e-05 1.604771823554527e-05 -3.458931795521562e-08 -3.294994435985750e-07
-2.053024287111453e-05 1.786749081341138e-05 -3.190719471088748e-07 1.058883613703934e-07
-1.829809626191714e-05 1.712179913330373e-05 -6.220385045316317e-07 2.655495139391296e-07
-2.136178071133400e-05 1.290434502926532e-05 -7.255255134847860e-07 -1.638945731541861e-06
-2.054326078657833e-05 1.037741299180453e-05 -8.421408800951941e-07 -2.533261788388847e-06
2.272563122972093e-06 1.424024307017198e-06 5.339934044386417e-06 -1.841087816549719e-05
2.244797074703960e-06 2.587952450468252e-07 7.046392661953479e-06 -2.520407223263320e-05
1.653632157731708e-06 8.439453927594672e-07 -1.034967988966118e-05 2.782556586882388e-05
-1.623234687769971e-05 1.612124015660819e-05 -8.255606239023948e-08 3.253114727929235e-07
-1.798033632687442e-05 1.477335911077348e-05 -8.363214878624690e-07 -3.378556954056112e-07
-1.874184711970876e-05 1.188929129001376e-05 -9.249257939529823e-07 -2.376606009935760e-06
-1.842164035784239e-05 9.548705259506999e-06 -6.662086291162466e-07 -3.015695722764848e-06
9.854794145847951e-07 1.524112523804941e-06 4.637375433751285e-06 -6.728767210829369e-06
9.994780447184679e-07 1.226977716326203e-07 -7.377339106614135e-07 -1.035514610500998e-06
2.345837252137147e-07 8.494956121933548e-07 -1.845152655919680e-06 -7.609312699932673e-06
-1.432747109591153e-05 1.493790877199026e-05 9.110306315459669e-07 -6.975821549811523e-07
-1.264002019212618e-05 1.359102022987335e-05 3.538830227820948e-07 -1.383015720357154e-06
-1.610694843461104e-05 1.145345805252752e-05 6.199419976112544e-08 -2.654569948082144e-06
-1.655555728514511e-05 8.400318074574794e-06 -5.682960724631509e-07 -2.192861116694990e-06
-6.073045855902040e-07 1.790369160015675e-06 -5.709309780982656e-06 2.560360368440373e-08
-6.123094608810077e-07 -1.063658346431949e-07 2.434070668416952e-06 -3.754460899710703e-06
-1.306974416547420e-05 1.157814181660781e-05 1.397986658921335e-07 -1.936498793927944e-06
-1.118146556442376e-05 1.207923324855230e-05 -4.166258612024743e-07 -1.761087063039372e-06
-1.377291428098302e-05 9.377987276099715e-06 -2.250347507076525e-07 -1.449748395164380e-06
-1.498756586486334e-05 7.034599923752121e-06 -7.683051648742986e-07 -1.689472817863598e-06
-1.561048103973717e-06 8.408833060301958e-07 1.791745042952710e-06 -2.131432877283001e-06
-2.687154463299822e-06 2.117925358441413e-06 1.338501208572256e-06 5.744236221917650e-06
-2.684525809130681e-06 -4.362656971109312e-07 -5.402678326029652e-06 -5.149439503235729e-06
-9.916761332118847e-06 1.046497682508842e-05 -1.077244124592735e-06 -9.610928280231162e-07
-8.914703200617927e-06 8.816999424656154e-06 -6.305117599514992e-07 -9.055140020605013e-07
-8.150125465172492e-06 7.092955224463536e-06 -4.099620440003204e-07 -5.116678523410654e-07
-1.235446135437745e-05 7.451839001798268e-06 -2.114241626382072e-07 -1.162690339820252e-06
-1.374481705127457e-05 5.524510068377912e-06 -4.110211645453856e-07 -2.738719166730098e-06
-3.589370900409448e-06 8.465853739774008e-07 -1.454589941273103e-06 -1.697788179212384e-06
-4.702089411550483e-06 2.444530585445730e-06 6.645373394863405e-07 3.801291386293257e-06
-4.696273871949513e-06 -7.795411252783180e-07 4.507481650060462e-06 -5.114617109442055e-06
-9.842461886246747e-06 7.079805638354814e-06 -1.300440453373402e-07 -7.768061059232831e-07
-7.583659388595325e-06 5.354730393726200e-06 -2.841855894908714e-08 4.410203235083981e-07
-6.507851559729922e-06 2.722843991427981e-06 5.025877141183791e-07 2.216129712067814e-06
-7.018674966023572e-06 3.010964757431851e-06 2.370252036481202e-07 1.323022892541039e-06
-7.276550416408044e-06 3.608796004621795e-06 3.061165589582053e-07 6.193191717220016e-07
-1.137644132237061e-05 5.306260785680206e-06 3.480828404080804e-07 -2.261615282974743e-06
-1.281523570293938e-05 3.938662836340876e-06 2.782305060025424e-07 -3.448268469483474e-06
-5.697872237505248e-06 1.085676111189072e-06 2.273126130270941e-06 1.508525233858524e-07
-6.557550871852200e-06 -1.030355955129030e-06 2.706930679226959e-06 -2.429529390149850e-06
-8.760843537308078e-06 4.134122346605017e-06 1.310645498643632e-07 -4.928681204550186e-08
-7.074390068349691e-06 1.872659011116841e-06 -7.826089132547747e-08 1.163072218230600e-06
-7.683432759279019e-06 2.807341742631817e-06 2.364127681743382e-07 7.876980215795499e-07
-1.069401440929504e-05 3.449778232269350e-06 2.013058645535608e-07 -2.010837954227232e-06
-1.221999867461558e-05 2.355299441004106e-06 5.985621857874081e-07 -2.503570666442338e-06
-7.148243549366698e-06 4.760450097449540e-08 -3.542885288806273e-08 5.775555945015987e-07
-7.101104396688518e-06 -1.303920179944349e-06 8.677975716784972e-07 -1.031970596750781e-06
-9.130852069641949e-06 1.459103313955231e-06 -7.581414089487233e-08 1.071228596306292e-07
-1.199459936438009e-05 7.998880419703700e-07 7.481864564293413e-07 -1.466273281356784e-06
-1.207585782370777e-05 -7.014277989564065e-07 1.366170657148989e-06 -3.371663615687211e-07
-8.248740191050587e-06 -9.514770293519500e-07 -3.530786974370211e-07 7.678490712920774e-07
-7.424924808199818e-06 -1.877318455586919e-06 5.686247417029836e-07 -4.901768533486074e-08
-7.830897727627470e-06 -3.429928836943150e-06 2.123432590951445e-07 -4.265541360356625e-07
-1.059412088353317e-05 -9.101264037038428e-07 2.573858961747162e-07 -2.230909877722179e-08
-8.415015651709571e-06 -4.895615547223188e-06 -5.504008052623012e-08 -1.291474842463031e-06
-1.247166373021973e-05 -2.205572178211112e-06 1.783499001424985e-06 1.022795701517224e-07
-9.241079873268734e-06 -3.495740807014581e-06 -3.406377733711624e-07 -4.275016789077226e-07
-1.128283326271904e-05 -3.613233485514164e-06 1.279527382774993e-06 -3.336910099509215e-07
-9.156809546235024e-06 -6.279665703108062e-06 -2.533990881011216e-07 -2.013830194597761e-06
-1.313104940535062e-05 -3.617621000652305e-06 9.040810575538387e-07 -5.663174308709776e-07
-1.253317734579550e-05 -4.977039956907975e-06 5.336639621966565e-07 -1.413750961901041e-06
-1.117099648884467e-05 -5.812016761073107e-06 5.110194613405462e-07 -1.745808694264554e-06
-1.004912170665453e-05 -7.562496125157890e-06 -1.244446221977779e-08 -1.374528200958875e-06
-1.107629329747540e-05 -8.732241862379746e-06 -3.786677143685800e-08 -8.642498997113723e-07
-1.402186676807305e-05 -4.901736100862761e-06 -1.486085547630270e-07 -1.579457081826719e-06
-1.334703419184485e-05 -6.465617437692700e-06 -6.210573463790112e-08 -1.398455262301738e-06
-1.256089271830367e-05 -8.261906871098567e-06 1.460519626399494e-07 -8.531006685412042e-07
-1.222787246486565e-05 -9.774285816790315e-06 2.125250765180828e-07 -4.082262315769643e-07
-1.511410431818899e-05 -6.007166278709184e-06 2.902880607172385e-07 -1.070666376266412e-06
-1.477105477918537e-05 -8.244529609789903e-06 6.870839794969910e-07 -2.965972230958444e-08
-1.348582609239260e-05 -1.067835179034483e-05 1.074905755562042e-06 -6.677474042941144e-08
-1.483484442013155e-05 -1.143217467527459e-05 3.909201227192451e-07 -4.279099211907800e-07
-1.625922524657141e-05 -1.202598912509797e-05 3.861136366559923e-07 4.151631333393138e-07
-1.638434002703660e-05 -8.717345677433799e-06 3.537146171556786e-07 -3.208108033244635e-07
-1.637757707779066e-05 -6.901880950755700e-06 6.845755970200605e-07 -2.993406081278309e-07
-1.606728955682545e-05 -1.049866839632253e-05 5.886741205411271e-08 -3.606238968917662e-07
-1.774019242861519e-05 -1.245456617331087e-05 1.525101922853128e-06 1.112142143708607e-06
-1.925712236571939e-05 -1.271141287258937e-05 2.199127665594016e-06 1.253731594142756e-06
-1.765848772461438e-05 -9.121606980961938e-06 7.198066818984311e-07 -4.647727228557829e-07
-1.777391875768890e-05 -7.562158071741676e-06 7.310079732766830e-07 -7.109661661535216e-07
-2.079058518308578e-05 -1.279469146976825e-05 1.883748376093740e-06 1.247913850797005e-06
-1.909094084611763e-05 -1.055529366410295e-05 2.108113256850482e-06 5.149187801754327e-07
-1.926017535974269e-05 -7.970089070455265e-06 1.661642215428682e-06 -7.776477066890684e-07
-2.112833348558207e-05 -1.078400773321521e-05 1.568683301076590e-06 6.697292545533751e-07
-2.246532946613893e-05 -1.279130331875802e-05 4.333546972080193e-07 1.247035130175121e-06
-2.078930679426489e-05 -8.111960975271030e-06 1.870106037149836e-06 -4.095158787592426e-07
-2.475956099210306e-05 -1.279339440831117e-05 8.218699771520143e-07 1.091285241041406e-06
-2.294809996838434e-05 -9.646797084968349e-06 4.795207470787371e-07 -1.809337659931129e-07
-2.246120842864354e-05 -8.120283272627504e-06 7.602572479266805e-07 -4.936421863265234e-07
-2.793007190758492e-05 -1.280172391954115e-05 2.516237226166388e-06 9.384661438805951e-08
-2.635719189206499e-05 -1.027562878614972e-05 2.143517279654208e-06 -6.254283022052323e-07
-2.476009127797453e-05 -8.123658250623537e-06 1.529253994372935e-06 -1.428713309556233e-06
-3.212744375035143e-05 -1.280621125769256e-05 1.939684614184265e-06 7.262831562580225e-07
-3.002898000671376e-05 -1.046071568866310e-05 1.868945985310525e-06 3.653552450251138e-07
-2.792971298884704e-05 -8.116820825435682e-06 1.824226494282412e-06 -3.939702780973064e-07
-3.649505412762206e-05 -1.281489768415679e-05 2.682837683311453e-06 -6.873184140505354e-08
-3.430904825425201e-05 -1.046728345329605e-05 2.512957712974298e-06 5.631123762387759e-07
-3.212395338203500e-05 -8.121794321385297e-06 1.881860122642267e-06 5.086755625001226e-07
-4.088718207847554e-05 -1.282749312914609e-05 1.912912472032029e-06 -6.557893821462289e-07
-3.868634169251517e-05 -1.046763176637461e-05 2.671558293574556e-06 -2.417398463398522e-07
-3.649581903230137e-05 -8.120819173303921e-06 3.226243199909247e-06 2.921340673527666e-07
-4.530875945940925e-05 -1.284311470615952e-05 1.843686883896665e-06 1.094100505433020e-06
-4.309345972984672e-05 -1.046954773483736e-05 1.070917398182216e-06 4.908538260813133e-07
-4.088718980477386e-05 -8.108493147925351e-06 1.394421943839021e-06 7.940358866290356e-07
-4.973297123036612e-05 -1.285119113700473e-05 2.251358115687652e-06 -5.936378393225151e-07
-4.752038147319631e-05 -1.047917591882674e-05 2.800787041036693e-06 3.977709856729168e-07
-4.530438443410354e-05 -8.105291490431433e-06 1.898266987403203e-06 2.249668720654056e-08
-5.415521255140423e-05 -1.285528400998476e-05 7.865436002837404e-07 -4.489054297748676e-07
-5.194283160181512e-05 -1.048341157167233e-05 1.448499286688867e-06 -3.648751717387983e-07
-4.973161300291677e-05 -8.112813993492584e-06 2.739556738724461e-06 5.004078584721601e-07
-5.859563439751972e-05 -1.285967963654066e-05 1.032264284216461e-06 1.257065087372824e-06
-5.637313842721863e-05 -1.048114393409339e-05 3.281192560793736e-07 5.670219031153876e-07
-5.415685476094100e-05 -8.109469975143244e-06 3.005237092662971e-07 4.502143859979996e-07
-6.303399912865724e-05 -1.285858046390257e-05 1.664828647942636e-07 2.115525551736516e-07
-6.081668815642405e-05 -1.048239585007114e-05 1.101906329876639e-06 1.263611016896701e-06
-5.859499472832516e-05 -8.103122453716887e-06 6.490630444336432e-07 8.392115047061323e-07
-6.746874497535641e-05 -1.286305191962682e-05 -2.633845462930884e-07 -3.582679878382979e-07
-6.524892474971410e-05 -1.048560244519330e-05 -2.162730208378557e-07 -3.163287604048091e-08
-6.303245459056920e-05 -8.109694190423181e-06 8.092697044017268e-07 1.197883573238822e-06
-7.696204443178259e-05 -1.258610938500714e-05 -1.001527992054168e-06 -4.675979945292015e-07
-7.633510060625557e-05 -1.284630789219064e-05 -5.725678599845013e-07 -6.035789407222705e-07
-6.946160122491252e-05 -1.048477227946454e-05 6.121572210304635e-07 -8.143284147085663e-07
-7.191581892265772e-05 -1.285590533960940e-05 1.691463067224782e-06 -6.352601879950827e-07
-6.746927327884686e-05 -8.107918636982541e-06 9.005995699320176e-08 -7.630571561925281e-07
-7.722167143664325e-05 -1.195844791464297e-05 -1.187094638289425e-06 -1.070644284424963e-07
-7.573974299688305e-05 -1.048081042232640e-05 -1.959549513006870e-07 6.263496706905106e-07
-7.191705321120333e-05 -8.110207681409229e-06 1.134046192136211e-06 -6.485186943953463e-08
-7.722177613115244e-05 -9.002935630961717e-06 -1.290533288866744e-06 1.534732155916825e-06
-7.633556598609262e-05 -8.115593964618002e-06 -8.421142571745738e-07 1.801204641916702e-06
-7.696225132982905e-05 -8.375613323731084e-06 -1.154032757813289e-06 1.746138672175627e-06
