-9.194402406372897e-05 1.372541804604136e-05 -4.450459660151769e-05 5.930709016713026e-06
-9.229784174850269e-05 1.287064276051056e-05 -4.482048883521300e-05 5.281808934228606e-06
-9.229719062185240e-05 8.842373973379898e-06 -4.483602824638634e-05 2.066002448213593e-06
-9.194331751207991e-05 7.987582135954255e-06 -4.451762601716614e-05 1.385522849793493e-06
-9.108970456107758e-05 1.407961416464267e-05 -4.376911805038602e-05 6.179223583948572e-06
-8.948599240609324e-05 1.085607767221556e-05 -4.233057061200238e-05 3.633581767453572e-06
-9.108894170391264e-05 7.633358998279513e-06 -4.376774892857041e-05 1.118294729467342e-06
-8.506349776731211e-05 1.408370855222699e-05 -3.893033868558178e-05 5.334471807378244e-06
-8.506325506178430e-05 7.627916878149195e-06 -3.883154903765928e-05 1.419908978825611e-06
-8.173075275633541e-05 1.085674140483967e-05 -3.680839794223988e-05 3.162100548647622e-06
-7.902894798035137e-05 1.408341146486188e-05 -3.504381438154318e-05 4.611750555920545e-06
-7.903136266849819e-05 7.634263450756521e-06 -3.485600659408698e-05 1.218084022786821e-06
-7.601921662109433e-05 1.086023993550774e-05 -3.265140246513724e-05 2.930301575399367e-06
-7.301330211353608e-05 1.407596507340801e-05 -3.100339900255055e-05 3.848838868968549e-06
-7.301080277884615e-05 7.641380031219156e-06 -3.078356267811358e-05 2.204143175105394e-06
-7.000629216880885e-05 1.085615173500504e-05 -2.994057389305753e-05 3.422501570936584e-06
-6.700868359565951e-05 1.405692118601048e-05 -2.897742587589145e-05 4.545999191966310e-06
-6.700647873126054e-05 7.651318313456262e-06 -2.863432523310038e-05 2.898189595462239e-06
-6.401578646643191e-05 1.085324128267559e-05 -2.741850633162529e-05 3.922390661969785e-06
-6.103882888732673e-05 1.403234936523362e-05 -2.492388064619435e-05 6.258192321260514e-06
-6.104025119449841e-05 7.677334965133186e-06 -2.376778187313207e-05 9.715197671354825e-07
-5.807237715639715e-05 1.085632236265107e-05 -2.237340115796507e-05 3.047387301188074e-06
-5.512365555453458e-05 1.400443610939454e-05 -2.182424312692950e-05 5.084282755900116e-06
-5.512220536110185e-05 7.707262076562535e-06 -2.126067511122292e-05 6.851356153822227e-07
-5.218559933933242e-05 1.085447913417080e-05 -2.122932841510631e-05 2.695057952601942e-06
-4.927556165868895e-05 1.396149878955249e-05 -1.949817666170577e-05 6.152460089656542e-06
-4.927475876247681e-05 7.744864933168757e-06 -1.977732054696993e-05 -1.071704339960533e-07
-4.638082933151269e-05 1.085242220580113e-05 -1.749122714254838e-05 3.276945909405052e-06
-4.352191348276328e-05 1.390533755936031e-05 -1.642469090042074e-05 4.387829193577938e-06
-4.352274643694357e-05 7.800356054456042e-06 -1.631428636192979e-05 2.153578214838281e-06
-4.068434300105514e-05 1.085360862660139e-05 -1.550570231203506e-05 3.335097377628779e-06
-3.789255511082181e-05 1.383307354527222e-05 -1.437594146647575e-05 4.077682797216960e-06
-3.789262578770470e-05 7.875635016280226e-06 -1.475777330374331e-05 2.960293622975705e-06
-3.512280348973360e-05 1.085491419655552e-05 -1.328860964629682e-05 3.783694253621056e-06
-3.240093868087283e-05 1.375419547681489e-05 -1.200065323797430e-05 4.485843660398003e-06
-3.240195013338964e-05 7.958575614863553e-06 -1.173177522691893e-05 2.779014050647204e-06
-2.981459050043496e-05 1.085659623904145e-05 -1.096672181150852e-05 3.251949057415000e-06
-2.728439981147079e-05 1.366273194288896e-05 -1.109575125827484e-05 3.056332651805181e-06
-2.728324721701494e-05 8.056124551657445e-06 -1.042728019084462e-05 2.634626930643960e-06
-2.540172813502954e-05 1.107137968984731e-05 -1.042958204863216e-05 2.285935697080972e-06
-2.353022631680483e-05 1.358066919517443e-05 -8.799037388664250e-06 3.475127624382641e-06
-2.352829507638294e-05 8.141963111530637e-06 -9.697319015800693e-06 1.843189028386675e-06
-2.087553613479300e-05 1.350802197128819e-05 -6.819188773410405e-06 4.251065017062195e-06
-2.137160800134703e-05 1.177050648648839e-05 -7.388258394788457e-06 3.259762908350895e-06
-2.087389637794403e-05 8.197918079041836e-06 -7.636296372896449e-06 2.243890967233889e-06
-1.899041275556456e-05 8.255157727094684e-06 -6.533018097829685e-06 2.416324470860378e-06
2.942807911295008e-06 8.678663839615178e-07 3.281992878305647e-06 -7.570165598176451e-06
3.038516474091959e-06 6.583278256650414e-07 -1.634675572700876e-05 -5.653188701477729e-05
2.990841048089985e-06 1.523993048798136e-07 -2.995493554977592e-05 8.979746926904561e-05
2.915468492297603e-06 9.867448339122517e-08 -3.952450587887402e-05 5.988227849023543e-06
-1.898333757280685e-05 1.345870341494462e-05 -6.123622939458638e-06 5.200876152389103e-06
-1.731047618989684e-05 1.332087527670319e-05 -4.949714560403077e-06 5.896200570647404e-06
-1.859075505250447e-05 1.021130615399601e-05 -6.307066172182482e-06 3.688384158841385e-06
-1.729521874652725e-05 8.166507564018306e-06 -5.035935588326779e-06 2.379550015289112e-06
2.726100244916876e-06 9.487177267002488e-07 -7.370449815895253e-06 4.818830417804044e-05
2.538236591355281e-06 4.754989718086367e-07 3.902397894513834e-05 -1.064540717527587e-05
2.782551544416017e-06 8.869633815188280e-08 -5.086090601419363e-05 -6.451043638299763e-05
-1.676756029125759e-05 1.172764999785747e-05 -4.707508196380158e-06 5.067471706799710e-06
-1.568094989414607e-05 1.298798946952021e-05 -3.722820716261336e-06 5.970437505410728e-06
-1.412737654997405e-05 1.248986165977500e-05 -2.721698414220739e-06 4.816401522029500e-06
-1.626336488233218e-05 9.566170924352012e-06 -4.113709533064478e-06 3.289795591830368e-06
-1.569613624886980e-05 7.806101302409753e-06 -3.896946252511979e-06 2.434870671570997e-06
1.840748727496435e-06 9.335373053036770e-07 -1.286388235384126e-05 -4.516083763191461e-06
1.840790982365602e-06 -3.196463415662315e-08 -3.372566879655706e-06 2.639541801005327e-05
1.371211473486314e-06 5.092204661608107e-07 8.358603503864033e-06 -2.982579722018472e-05
-1.267669467699756e-05 1.181434368162060e-05 -3.307307399260521e-06 3.515316964615093e-06
-1.391182717741624e-05 1.086631554268674e-05 -2.553923695036464e-06 3.639635910208121e-06
-1.444470246535143e-05 8.854882609759388e-06 -3.411816392808198e-06 2.995083765855418e-06
-1.422686133373774e-05 7.198516329084409e-06 -4.116807474575100e-06 2.557929836928191e-06
8.035549512213114e-07 1.065751413719616e-06 -2.143081560195187e-06 1.346875797466790e-05
8.059719573005827e-07 -8.017542827238737e-08 -2.279712250992884e-06 8.346008758227716e-06
2.064014209049357e-07 4.693425652087526e-07 3.591146015740259e-06 -1.906317349423162e-05
-1.133034536702949e-05 1.100300861116492e-05 -4.833674159098783e-06 4.388693823948450e-06
-1.011929566827414e-05 1.006947220723941e-05 -3.147016309246711e-06 4.243048338914152e-06
-1.259910713181691e-05 8.547857735274384e-06 -4.581019616707481e-06 3.388737543720771e-06
-1.292942572542223e-05 6.361737196301231e-06 -3.934823802847827e-06 1.231097857472656e-06
-4.924741800208384e-07 1.265896761243599e-06 6.458659684988365e-07 -9.237669984784344e-07
-4.816454398362749e-07 -2.738992249878295e-07 -4.014857193741774e-06 8.347760119460825e-06
-1.042910552785927e-05 8.647308520050757e-06 -3.337840895839389e-06 3.201827408267983e-06
-9.044004199571855e-06 9.012125775086278e-06 -2.111822852844055e-06 3.481074280176483e-06
-1.094277315679354e-05 7.061686251119385e-06 -3.273469383760877e-06 1.126511590280802e-06
-1.183005647395140e-05 5.347183497007332e-06 -3.600101620972772e-06 8.879888597753059e-07
-1.260323655417411e-06 4.792745231754230e-07 -6.458465842216826e-07 4.148198168180502e-06
-2.166853508263832e-06 1.507890189806343e-06 -4.506347704747546e-07 -1.973607695335872e-06
-2.184528514790154e-06 -5.520559274836858e-07 4.590819506833761e-06 -9.801677364738053e-07
-8.100369482094326e-06 7.860670401589205e-06 -1.580852868793142e-06 1.005284538481867e-06
-7.323158011294959e-06 6.647880699062122e-06 -3.300470560952926e-06 1.574211910789504e-06
-6.711292517139484e-06 5.367877221180995e-06 -3.700070744057339e-06 2.259269911702410e-06
-9.902192010764662e-06 5.647391982248514e-06 -3.031085119176190e-06 1.133224548519568e-06
-1.094732378088795e-05 4.201497475133235e-06 -4.093679351469428e-06 2.514208893824569e-07
-2.908510201016789e-06 4.760394046198008e-07 -3.369668450212775e-06 -1.504316602294878e-06
-3.809454632569154e-06 1.773566189446995e-06 -1.613161185022977e-06 2.121218789725329e-06
-3.811770431879614e-06 -8.485571264256858e-07 -7.790160590745551e-06 5.165247832766954e-06
-8.011510188594774e-06 5.365182286474727e-06 -3.197134480645229e-06 2.022987133006870e-06
-6.247471943757010e-06 4.055925038668861e-06 -3.361257675510982e-06 2.446691137602541e-06
-5.305851296439894e-06 2.000831595503500e-06 6.830957708212474e-07 -1.433029947125464e-07
-5.733803116493730e-06 2.233022721979840e-06 -1.670306686578649e-06 -9.514035123404207e-07
-5.961159312634681e-06 2.707387579001097e-06 -2.314503164643247e-06 -5.690936053080419e-07
-9.175802394551147e-06 4.031650737471637e-06 -2.681820514378021e-06 4.016489440197407e-07
-1.029089341859955e-05 2.971560894423503e-06 -4.153911799789201e-06 -1.866302405612229e-06
-4.626671342179155e-06 6.620981463161286e-07 6.392984886337016e-10 -1.592292740257557e-06
-5.303697862605914e-06 -1.053954276519062e-06 9.032492601394235e-07 7.149941531013095e-07
-7.148489826064261e-06 3.127193107223223e-06 -3.351947871776080e-06 4.847180997233122e-07
-5.763932171556663e-06 1.313754515923059e-06 -2.620314375077400e-06 -2.882132569689574e-06
-6.273686376760633e-06 2.071973085708619e-06 -2.682967221377678e-06 -1.916298021983028e-06
-8.658382960450680e-06 2.592974063612895e-06 -2.065268535485985e-06 -3.306316294178603e-07
-9.883833121643268e-06 1.715420867521092e-06 -4.074813661044304e-06 -2.592087486818137e-06
-5.792791832478041e-06 -1.698804555251616e-07 -1.754410943511615e-06 -4.288391390056978e-07
-5.729917574982319e-06 -1.278089944124237e-06 2.203199527215829e-07 7.795064820092373e-07
-7.421316654276047e-06 1.006263549842326e-06 6.750593787944102e-08 -9.943736705032419e-07
-9.745450852332028e-06 4.569749222274414e-07 -3.642525789023225e-06 -3.936420773618469e-06
-9.873318302833662e-06 -7.846435717466104e-07 -2.281813927128008e-06 -2.688887341605510e-06
-6.672115558993290e-06 -9.796419106377503e-07 -7.854507601755325e-07 1.716437628598991e-06
-5.976746215639152e-06 -1.760124840015408e-06 7.938820867024962e-07 1.039311582267583e-06
-6.277973490466477e-06 -3.094385514815107e-06 -2.364049428566938e-07 -1.133901429300589e-06
-8.630186029457682e-06 -9.386104161557919e-07 -2.523377259813635e-06 -1.850069823074123e-06
-6.733984937787225e-06 -4.391765110520286e-06 -1.871647298398416e-06 -1.691010299856207e-06
-1.026398685168264e-05 -2.037500581877763e-06 -1.002888483584626e-06 -3.404695523663881e-06
-7.473538609927352e-06 -3.138900205453512e-06 -2.864671303531457e-06 -1.469591468237034e-06
-9.243937943809954e-06 -3.242880702992306e-06 -1.133993412525598e-06 -2.449440680077759e-06
-7.348262067897594e-06 -5.632183036136954e-06 -1.111126777221120e-06 -1.095888345030540e-06
-1.089945252883112e-05 -3.247128611020503e-06 -4.740962159952962e-07 -2.386623558020643e-06
-1.037993472752887e-05 -4.447300184527056e-06 -9.921242352410814e-07 -1.131546227853182e-06
-9.139249784322420e-06 -5.200485782758120e-06 -4.127205861849906e-07 -5.084353311007101e-07
-8.113079725005819e-06 -6.822621240814580e-06 3.884581254462373e-07 -7.461094901660456e-07
-9.041190152457631e-06 -7.938071183757193e-06 -6.320407339845745e-07 -2.046570723201403e-06
-1.176891901474718e-05 -4.370603706603013e-06 -2.792586968787501e-06 -1.388781980640873e-06
-1.114746244442559e-05 -5.805542424637277e-06 -3.059558383108477e-06 -1.172989551943413e-06
-1.041195222550763e-05 -7.495922048227594e-06 -2.436426612620735e-06 -1.486849219054334e-06
-1.009785231275667e-05 -8.958175858343222e-06 -2.144830891321726e-06 -2.557386363992147e-06
-1.283409073218464e-05 -5.360543293239306e-06 -4.728142311577222e-06 -1.454064088993909e-06
-1.251218955548440e-05 -7.486088045663114e-06 -4.824711566696299e-06 -6.655401927083855e-07
-1.128262302278576e-05 -9.855159562427432e-06 -4.282041508238202e-06 -2.450972322763873e-06
-1.258869914313759e-05 -1.062842054363433e-05 -1.950436319388172e-06 -5.722868699303631e-07
-1.398521508117525e-05 -1.125917163772428e-05 -1.481162395719112e-06 -2.396789939411579e-06
-1.409622409257135e-05 -7.950142829872963e-06 -2.132639853479470e-06 9.363041463539246e-07
-1.408120026835592e-05 -6.183204258043256e-06 -3.188109664850141e-06 -4.670673318822183e-07
-1.378362035397237e-05 -9.716122283143573e-06 -1.115262929016461e-06 -1.282400784909214e-07
-1.546657307095181e-05 -1.172146459536375e-05 -3.685969118549119e-06 -4.031779127313749e-06
-1.700833515521688e-05 -1.201672404894776e-05 -4.058258759617684e-06 -3.041150504014371e-06
-1.537169135450765e-05 -8.349959410042225e-06 -2.440093427858463e-06 4.833347941252074e-07
-1.548925252203752e-05 -6.795352915576773e-06 -1.793787050516254e-06 1.134886182746028e-06
-1.858210686289937e-05 -1.213386253754572e-05 -2.670073946168428e-06 -1.697165405588459e-06
-1.682100957845797e-05 -9.801097433645794e-06 -5.139958630104498e-06 -2.825747275151172e-06
-1.700327131864201e-05 -7.165992099170832e-06 -3.789129012759460e-06 -8.669025546510356e-07
-1.892718615219404e-05 -1.004176137570017e-05 -2.849829305106803e-06 -2.338176366226106e-06
-2.034723038927387e-05 -1.217011433607771e-05 -5.536786263429511e-07 -5.678205110898913e-07
-1.857231826502099e-05 -7.278510491124067e-06 -4.668503676795160e-06 -3.686406593872510e-06
-2.279930044986652e-05 -1.220886884740275e-05 -2.430125272628565e-06 -7.499798951971533e-07
-2.084812656719334e-05 -8.846759542802454e-06 -6.766697214326653e-07 -2.053105273743229e-06
-2.034304435386658e-05 -7.245276286001861e-06 -1.554109406939033e-06 -3.679461119964923e-06
-2.622856470348051e-05 -1.226715666164341e-05 -3.715589143507029e-06 -2.503333831024561e-06
-2.451548681402250e-05 -9.514981461024635e-06 -2.939154145270147e-06 -1.901884898295601e-06
-2.279572702459793e-05 -7.203241345551143e-06 -1.424099329017054e-06 -1.504581638738244e-06
-3.087534157068836e-05 -1.232882663358408e-05 -2.072097279883883e-06 -2.178474191587657e-06
-2.853296871697007e-05 -9.711503131660829e-06 -3.168312119090560e-06 -2.313385773507878e-06
-2.623030155450796e-05 -7.153601529366441e-06 -3.600526620241409e-06 -1.182753629964935e-06
-3.581795282397846e-05 -1.238054428354488e-05 -2.679366144475483e-06 -1.593300435778388e-06
-3.333249522147135e-05 -9.713119148372265e-06 -2.061637275051438e-06 -1.698957659710648e-06
-3.087554695249759e-05 -7.093922847879810e-06 -2.303453032434189e-06 -1.872632113965571e-06
-4.082850920275608e-05 -1.242556774681804e-05 -3.169810665233248e-06 -1.052576072509771e-06
-3.830952567031489e-05 -9.723302119514636e-06 -3.506288674544471e-06 -9.746355798852042e-07
-3.581245872495368e-05 -7.056143791917049e-06 -3.121137170841031e-06 -8.687291298885031e-07
-4.590041645551514e-05 -1.244727818548496e-05 -1.836281547182547e-06 -2.772189958078779e-06
-4.335822567961797e-05 -9.722587802766032e-06 -1.864058745226951e-06 -1.812216550244366e-06
-4.082985892697709e-05 -7.021962203448199e-06 -2.581838587412816e-06 -1.659755118977353e-06
-5.102732297151487e-05 -1.247881169625436e-05 -2.652656773633671e-06 -1.866345370748438e-06
-4.845291955630078e-05 -9.720507807666578e-06 -2.509113666231335e-06 -1.890797186093661e-06
-4.590208838025516e-05 -6.994655895373144e-06 -2.012997194457334e-06 -1.016477820472597e-06
-5.619709996372337e-05 -1.250177443698444e-05 -1.449513901625151e-06 -9.075623433073139e-07
-5.360679053947883e-05 -9.727863525074827e-06 -2.253362484481428e-06 -1.915950500173060e-06
-5.102351806020182e-05 -6.968921671354697e-06 -2.435012649712408e-06 -2.042861893049241e-06
-6.138081417116350e-05 -1.251418777363092e-05 -1.494333639513123e-06 -1.250161363728374e-06
-5.878646542667112e-05 -9.731592243289125e-06 -1.356583271975770e-06 -1.038953821631086e-06
-5.619613687449625e-05 -6.958689027896529e-06 -2.037829537836742e-06 -2.000508171456598e-06
-6.658493940299680e-05 -1.252505218973179e-05 -2.270722084759059e-06 -2.854789544043738e-06
-6.397931927399067e-05 -9.731316472315692e-06 -1.455060602199017e-06 -1.746692587167483e-06
-6.138135011454020e-05 -6.948829991298535e-06 -1.122019238681945e-06 -1.297148588888383e-06
-7.179708202781613e-05 -1.252983380140274e-05 -1.782662603847429e-06 -1.436878597913964e-06
-6.919076274830937e-05 -9.733337141398676e-06 -2.481306165982136e-06 -2.327451006240410e-06
-6.658435657304722e-05 -6.938975335846740e-06 -1.782935112661167e-06 -1.579018851805551e-06
-8.296444133813685e-05 -1.222621527473448e-05 -2.101474202748471e-06 -1.645670529559368e-06
-8.222313138000937e-05 -1.253337825932800e-05 -2.250733688845604e-06 -1.575894907877738e-06
-7.412995656532293e-05 -9.737577849139334e-06 -2.053025184192748e-06 -5.988394262540979e-07
-7.700799683860384e-05 -1.253472965869155e-05 -2.039719713034153e-06 -5.261271692143940e-07
-7.179502888410717e-05 -6.941383896607546e-06 -2.901091834435567e-06 -1.479779009131748e-06
-8.327148988132884e-05 -1.148473639166220e-05 -2.035771953495185e-06 -1.800239134019249e-06
-8.151816953517954e-05 -9.737435577940453e-06 -2.050262725511590e-06 -1.861072389160256e-06
-7.700843720631941e-05 -6.941583573753690e-06 -1.412607205910132e-06 -9.211199424228904e-07
-8.327180393711231e-05 -7.989731827966431e-06 -1.761745724831685e-06 -2.291092639010532e-06
-8.222358598956555e-05 -6.941253034767217e-06 -1.779299358274389e-06 -2.264950477207259e-06
-8.296480519551346e-05 -7.248352327702036e-06 -1.763440416299470e-06 -2.287390000436900e-06
