8.097276352510234e-05 -1.366744774531265e-05 -7.644268412478746e-06 1.736240988398949e-06
8.125036039750066e-05 -1.299818831001180e-05 -7.844269152666019e-06 1.360097554585572e-06
8.124936087611842e-05 -9.841734964771539e-06 -7.930984114772711e-06 -1.986764860932537e-07
8.097166140521865e-05 -9.172344531739646e-06 -7.759962482954376e-06 -4.580878496086570e-07
8.030276488228393e-05 -1.394450171114359e-05 -7.187758118094028e-06 1.881151525153262e-06
7.904355596580805e-05 -1.141917957218314e-05 -6.373746760286463e-06 6.955869238263704e-07
8.030151568618790e-05 -8.895189877000562e-06 -7.380134394814852e-06 -5.386793740058443e-07
7.557879292561102e-05 -1.393983556685810e-05 -4.120933463459136e-06 2.072807672762539e-06
7.557813588965299e-05 -8.896464074742030e-06 -4.681050045602367e-06 6.354578628645531e-07
7.297002420799043e-05 -1.141913648225945e-05 -4.689705205623472e-06 1.781413143587125e-06
7.085102331564904e-05 -1.394850481076224e-05 -4.539379939804574e-06 3.199647494742573e-06
7.085435549831454e-05 -8.895308532974263e-06 -4.321194770242061e-06 3.007434847056598e-08
6.849128792156617e-05 -1.142384358566805e-05 -3.723173746293184e-06 1.329694170888935e-06
6.612930482176959e-05 -1.395486214555046e-05 -3.187261812249479e-06 2.929552334131936e-06
6.612790116861877e-05 -8.890683091565435e-06 -2.359499070977786e-06 -1.690843794644957e-06
6.376496774946422e-05 -1.142052607469515e-05 -2.008367745796703e-06 1.125893860527633e-07
6.140033712229796e-05 -1.395046274943545e-05 -2.902781648284508e-06 6.525216189755311e-07
6.140154225144906e-05 -8.887951569095231e-06 -3.458933828943789e-06 2.293772878297364e-07
5.904009460167195e-05 -1.141845693368684e-05 -3.010188764682073e-06 8.691069582454172e-07
5.668943552502021e-05 -1.393501179702597e-05 -2.759592622597069e-06 9.203496704428462e-07
5.669105234546466e-05 -8.901725981140967e-06 -2.682590346616659e-06 9.941543674735428e-07
5.434461873808452e-05 -1.141916797370280e-05 -1.187757333323111e-06 8.339111069210126e-07
5.200225818822135e-05 -1.392808562920116e-05 -1.182331278313826e-06 1.877965901459176e-07
5.200459423108653e-05 -8.911687502982376e-06 -8.021286240774778e-07 1.359514290285136e-06
4.966474775961987e-05 -1.141998297653887e-05 -1.254350037757611e-06 9.022210541734633e-07
4.733335184783697e-05 -1.391668596392401e-05 -1.507809260378801e-06 1.712850523525539e-06
4.733025084929555e-05 -8.916024599713307e-06 -2.183492422053160e-06 1.154044319221950e-06
4.499913872842577e-05 -1.141256714748631e-05 -2.536258423622383e-06 1.551709668991782e-06
4.266624380475133e-05 -1.390769004439665e-05 -3.149205392489385e-06 1.758113005254005e-06
4.266331036865034e-05 -8.910564794015795e-06 -2.053072542367603e-06 9.377063911831344e-09
4.033094047038720e-05 -1.140632332688655e-05 -2.081220710888608e-06 7.135257870378477e-07
3.800517195706285e-05 -1.389605470314673e-05 -1.268792312723704e-06 1.930879495575205e-07
3.800642160128894e-05 -8.916997925118692e-06 -2.348680253594308e-06 2.066077370829422e-06
3.568629883398534e-05 -1.140751974615409e-05 -1.523224545185891e-06 1.113363086656053e-06
3.336644514281443e-05 -1.390127894815139e-05 -2.623706769770256e-06 -1.784829112606968e-06
3.336846728500474e-05 -8.918250137322939e-06 -1.604681887024739e-06 2.374668536693724e-06
3.114064141730053e-05 -1.141021558852935e-05 -2.796919640315612e-06 4.187102858976623e-07
2.891317466090185e-05 -1.389847296129604e-05 -9.290556351679249e-07 2.833786267857063e-06
2.890872478447670e-05 -8.917354553961085e-06 -3.104427593082426e-06 5.141964211620354e-07
2.723711781713826e-05 -1.159881961774216e-05 -1.751418837824827e-06 1.590831786070422e-06
2.553358436366216e-05 -1.388637787656436e-05 -3.187432389907453e-06 1.381766166543043e-06
2.553067775473259e-05 -8.919598810256052e-06 -1.646911861222084e-06 1.473483468331863e-06
2.308048842970222e-05 -1.388054327471430e-05 -1.986357541323916e-06 1.405899940755846e-06
2.355973003735416e-05 -1.224670388472454e-05 -2.264186530506843e-06 5.225959535110643e-07
2.308442985393289e-05 -8.922655571217492e-06 -1.063032382172662e-06 7.030265121358973e-07
2.130450052013947e-05 -8.923087059557531e-06 4.493720273403937e-07 9.091392002812346e-07
-3.657146926857330e-06 -2.493136583571589e-07 5.142357857931144e-05 -5.347064534174832e-05
-3.726234029532538e-06 -3.015116689421641e-09 2.958473988704479e-05 -1.629062820116847e-05
-3.667521022895744e-06 4.787295322312120e-07 2.488027741354844e-05 2.754377404708405e-06
-3.590882855009074e-06 7.360350209497441e-07 1.314152782422371e-05 1.212998392363462e-05
2.129976340070721e-05 -1.387932218381746e-05 8.492236954032326e-07 4.407278689603619e-07
1.968089774658307e-05 -1.378734721775682e-05 -1.079020463678444e-06 -3.231570669997045e-07
2.094438563207864e-05 -1.078419359482154e-05 7.943585612772373e-07 8.879324847319062e-07
1.968689350404076e-05 -8.781420706936525e-06 -2.181038648541304e-06 1.665261777129448e-06
-3.470608851365486e-06 -3.667057011357201e-07 3.875027818613791e-05 -3.808861693761537e-05
-3.172546334419019e-06 1.664334639682031e-07 -4.002412154983162e-05 1.559704838713040e-05
-3.390227920902206e-06 8.515573010794038e-07 1.575532031126370e-05 -5.026049923649816e-06
1.916900163917110e-05 -1.225901130329842e-05 -1.513242697436038e-06 6.382750582461297e-07
1.808651045464287e-05 -1.350939224650194e-05 -1.745884338718877e-06 8.056331436548992e-08
1.653311875377907e-05 -1.304993124868573e-05 -2.106544764631281e-06 3.943457401018467e-07
1.868186368502445e-05 -1.013945276369855e-05 -2.803260305486741e-06 2.037790867161984e-06
1.811791005095180e-05 -8.364786019893870e-06 -1.787065647212810e-06 -1.305721651109958e-07
-2.275987324001025e-06 -3.775964937312590e-07 8.772522596328249e-06 7.866696265904563e-06
-2.274800140395627e-06 8.113742172535032e-07 8.608954241000295e-06 -1.105948606217702e-05
-1.681370970203381e-06 1.952171002663542e-07 -3.363145874265455e-06 1.066345121631811e-05
1.504296787459077e-05 -1.241874989100441e-05 -2.050650842576213e-06 8.318169921043662e-08
1.632892238780302e-05 -1.144279833778193e-05 -2.306083574405511e-06 6.585373829289719e-07
1.686649148475139e-05 -9.411417734968356e-06 -1.063514499700747e-06 -2.295192074284736e-07
1.665282385952450e-05 -7.684200561736459e-06 6.110360873889260e-07 -2.349686316537014e-07
-9.976353654618594e-07 -4.846171838729828e-07 -1.264713164863298e-06 -1.896886140578607e-05
-1.014529512651996e-06 9.347487256813430e-07 2.295590808769213e-06 -8.828287811483338e-06
-2.687326345549633e-07 2.004460863722256e-07 -3.361682371589024e-06 3.793367550542152e-05
1.363664735658826e-05 -1.163023774279890e-05 -6.548342565269339e-07 -2.545774135969509e-06
1.232111007419318e-05 -1.068013413773301e-05 -6.109126493446830e-07 -5.315507167801818e-07
1.497337669488651e-05 -9.088093360928406e-06 1.301053868424693e-07 -1.367323814447053e-06
1.532505387912975e-05 -6.751628791658326e-06 9.391723945887776e-07 1.528610975368283e-06
6.066268132191390e-07 -7.306694249503949e-07 1.122435317012619e-06 -1.319888359359039e-05
6.049740547508863e-07 1.122531120384630e-06 1.037876167819638e-07 -1.933884994360487e-05
1.264978685706531e-05 -9.192218768163732e-06 -4.814415147565567e-07 6.554987844322630e-07
1.112830360915462e-05 -9.585249328516118e-06 -7.405875001466016e-08 1.274931829979844e-06
1.320393441950019e-05 -7.486726746273676e-06 5.126282230909495e-07 1.236442779066527e-06
1.417425229696559e-05 -5.608965415214440e-06 -3.472536955397927e-07 8.558134546817923e-07
1.543286010951909e-06 2.214464209201405e-07 4.386838208282052e-06 1.979703855563597e-05
2.669493667428505e-06 -1.080654593887768e-06 -9.811289794772499e-06 -1.146224069143359e-05
2.673222306564899e-06 1.462368403164806e-06 -7.426753904591829e-07 -2.112943723099260e-06
1.006922212944544e-05 -8.358523515643789e-06 6.721250533557377e-07 1.508966547485523e-07
9.168300550049366e-06 -7.036207209094453e-06 1.460926116719629e-06 5.180477468214154e-07
8.419510183269548e-06 -5.616513327856398e-06 9.024923151633372e-07 1.154009041748045e-06
1.206137151397768e-05 -5.935557882432034e-06 8.879484206206715e-07 1.073721907934100e-06
1.324145922507319e-05 -4.299087705732291e-06 -1.622058267438647e-06 7.325884691486778e-07
3.584683693591801e-06 1.847183600897929e-07 1.004608768420500e-06 -6.029091132526631e-06
4.703134242303911e-06 -1.397980554939922e-06 6.668739330152757e-06 2.627362692213053e-06
4.698462363835469e-06 1.837870526191768e-06 1.803619570695786e-06 -6.370030944247328e-07
9.931952386523603e-06 -5.624222657905832e-06 7.618301161567430e-07 2.540358841366895e-07
7.837226340042869e-06 -4.112756984886786e-06 -1.798748895589714e-06 -2.033904277525282e-07
6.561810719885753e-06 -1.697395731832424e-06 3.793419902276551e-07 7.711797519590167e-06
7.116677631010132e-06 -1.983089379154429e-06 -2.812896232159535e-06 6.954384842997915e-06
7.430080526393751e-06 -2.548038610473240e-06 -4.987255627059388e-06 4.678401334596734e-06
1.126162951767488e-05 -4.105831629511445e-06 1.707234524398403e-06 7.510163019817508e-07
1.255732553692241e-05 -2.874351771978987e-06 4.848167023651774e-07 4.437469056317187e-06
5.704087076841380e-06 -4.190696475397209e-08 -2.841076351901111e-06 -5.104638752041471e-06
6.526722794884459e-06 2.082886259604723e-06 -7.906943777709279e-06 1.371430638237494e-05
8.876240785247709e-06 -3.048295343577984e-06 -2.766925106009342e-06 1.641850974763562e-07
7.128153182867654e-06 -8.549404837880294e-07 -1.234249237403761e-06 -1.953556484379458e-06
7.789081987531642e-06 -1.787713717830416e-06 -5.421784175748506e-06 3.277747998452306e-06
1.066564367853163e-05 -2.420816573202590e-06 2.133302189501394e-06 2.610492585481654e-06
1.215160201987142e-05 -1.369182771445834e-06 1.429503380481155e-06 3.605361818301128e-06
7.131586625570500e-06 9.843808828367808e-07 3.727258431142865e-06 -6.224462701642027e-08
7.029627123775395e-06 2.360164331062840e-06 -3.493757489276714e-06 9.036893417182433e-06
9.179803528613977e-06 -4.955171286162673e-07 -2.356375250773351e-07 -2.410998551172199e-06
1.203994974007673e-05 1.703060186183710e-07 -7.136575430636937e-08 4.873579028879536e-06
1.228428601802707e-05 1.722810486562207e-06 -2.576868059596850e-07 2.322724238764282e-06
8.200966571206573e-06 1.977982622948772e-06 -2.141154676521665e-07 -2.906509280416217e-06
7.315305847080260e-06 2.978194464173284e-06 -5.931660167730504e-06 2.061391344731517e-06
7.651141994515304e-06 4.727637896369532e-06 -1.756903540400306e-06 6.165825375306615e-07
1.069454552089190e-05 1.898194771526344e-06 -1.334586647008250e-06 -2.416029826915921e-07
8.189922040670737e-06 6.473219281315120e-06 1.563797024815248e-06 1.277859018172010e-06
1.286061976200993e-05 3.312686043628452e-06 2.122932258090939e-06 1.458616841163592e-07
9.188273303714039e-06 4.771934742001102e-06 3.142076450925193e-07 1.543908778113098e-06
1.152376535433489e-05 4.900702321100394e-06 -1.489682041888826e-06 1.900864087109821e-06
8.966387468047342e-06 8.159330213207168e-06 -1.497119504005815e-07 5.068234026441712e-07
1.376543151611891e-05 4.899174096594588e-06 -9.591139806475852e-08 -1.729271673787985e-06
1.307349563546078e-05 6.516943137888609e-06 -2.480763648526928e-06 4.127591477163016e-08
1.137435664146297e-05 7.555174838327467e-06 -1.225329572835140e-06 3.772060472280512e-07
9.961147182257227e-06 9.823399390063650e-06 -5.401760385936532e-08 6.631587198181787e-07
1.121323435016510e-05 1.141970792418105e-05 -2.182547613233413e-07 3.394697439706276e-07
1.502201032256090e-05 6.393194983428124e-06 -2.374855907470013e-06 -1.449177653237763e-06
1.415000863692031e-05 8.392955858898589e-06 -2.480610006730455e-06 -8.841534149036292e-07
1.311054027048591e-05 1.079533844832441e-05 -3.716420830400185e-07 -1.850719483533376e-07
1.266438795295955e-05 1.292812524227151e-05 -3.045411842030048e-07 1.773322024245615e-06
1.659129147979803e-05 7.737715970797059e-06 -4.159694894613115e-07 -9.037488997190929e-07
1.612966755115984e-05 1.079663438780176e-05 1.908679130324412e-06 9.686075602361820e-07
1.434932303304115e-05 1.427335833734140e-05 1.165544329677695e-06 3.312769930300243e-06
1.625418978125088e-05 1.546093075939009e-05 -2.222246672963114e-07 1.291700828981206e-06
1.832447393575036e-05 1.647149472810981e-05 -7.090720508118791e-07 4.366251973436583e-07
1.847800474833838e-05 1.146907143379547e-05 1.585658368390445e-06 2.259161237105719e-07
1.845393889164437e-05 8.878666530950754e-06 2.419405621765061e-06 7.016155786143265e-07
1.800328008567968e-05 1.411101789226329e-05 -2.076968351634620e-07 7.929408917661776e-07
2.056949100370619e-05 1.722455801015781e-05 1.460730303485644e-07 -2.360017143485897e-07
2.295315035371754e-05 1.773721864344234e-05 1.703225394635759e-06 -2.255064144601237e-08
2.040230949402612e-05 1.205128938931858e-05 1.555954295675296e-06 1.215655935417305e-07
2.058936908683037e-05 9.712970624778757e-06 1.591081327760580e-06 1.212005298305382e-07
2.541383108250390e-05 1.796722913625641e-05 1.843630286824380e-06 4.240693169209640e-07
2.263033879513648e-05 1.427662778255327e-05 1.979777844079587e-06 9.744923586936559e-09
2.292355652729384e-05 1.019551864918663e-05 2.617185129264440e-06 1.222956448387040e-06
2.594600963057776e-05 1.466449806246748e-05 1.611116310812945e-06 1.483078498263601e-06
2.821066136919803e-05 1.807319751256923e-05 1.252560278510314e-06 1.255445295369840e-06
2.537767933810751e-05 1.032054238141466e-05 1.921837066490117e-06 2.473908167888188e-06
3.214473631126243e-05 1.817954194528984e-05 2.341109371105236e-06 1.777004745071193e-06
2.899364536605110e-05 1.276177625877085e-05 7.343561217192465e-07 3.157832260859964e-06
2.820159521446113e-05 1.021472873638327e-05 8.227537263569204e-07 3.091384267326710e-06
3.777115686798187e-05 1.833784066850762e-05 4.651958486945734e-06 1.940071940000206e-06
3.494322775375048e-05 1.381509995922054e-05 3.828496084641492e-06 1.319953774661711e-06
3.215230987798936e-05 1.007687665145000e-05 3.202982868166357e-06 1.293478776234275e-06
4.548923283753390e-05 1.851302707024669e-05 2.801880472353672e-06 1.092832729711148e-06
4.158023059891408e-05 1.413754465532229e-05 3.832348342615162e-06 2.126970889710126e-06
3.777046622347602e-05 9.925279641566907e-06 3.339190094465182e-06 3.569275375764327e-07
5.381934012299737e-05 1.864772913163238e-05 6.320122760593696e-06 2.180856091337999e-06
4.961237914845680e-05 1.413299196784739e-05 4.555509273269101e-06 -1.649295612538124e-07
4.549240559378721e-05 9.758585596175741e-06 5.164598676017505e-06 7.846653259225685e-07
6.236273026881079e-05 1.874734541097537e-05 5.509923786040829e-06 3.720615683196241e-06
5.806018286133248e-05 1.413035153855677e-05 5.045528743541810e-06 2.403193796042309e-06
5.381922967433288e-05 9.614459024371817e-06 3.735214717678601e-06 -6.116273838237384e-08
7.109353441817461e-05 1.884047683737480e-05 7.716394013488451e-06 -1.579600345440381e-07
6.669796705158013e-05 1.412878722257950e-05 7.658613300554700e-06 1.584225046144926e-06
6.236387178695899e-05 9.512521887192280e-06 6.428240006913514e-06 3.241654878898089e-07
7.998576815321024e-05 1.891692152590369e-05 7.689113695932808e-06 2.245916832211500e-06
7.551605614678794e-05 1.412558347516602e-05 7.303918705612651e-06 9.793549397701160e-07
7.109456670019581e-05 9.414059253685617e-06 7.835422460548693e-06 2.667032484050319e-06
8.899934149094787e-05 1.897104265686250e-05 9.254340432388624e-06 4.211697740847019e-06
8.447568023755168e-05 1.412590196769438e-05 7.909863977642691e-06 1.058207029467264e-06
7.998630613300217e-05 9.333499286145751e-06 7.603003943375885e-06 -3.643429173320043e-07
9.808686545847733e-05 1.901174704475815e-05 1.016127489727627e-05 5.553728115900090e-07
9.353235437876215e-05 1.413086575023873e-05 1.057821969798132e-05 1.605771058422883e-06
8.899582556568387e-05 9.286472734605360e-06 9.068714631660367e-06 -1.547279863303797e-06
1.072348323695121e-04 1.904680130350541e-05 1.073669052468091e-05 2.070943292105798e-06
1.026510930867930e-04 1.412750478225035e-05 9.883323754556940e-06 2.021042077184217e-06
9.809041417442528e-05 9.246645946811071e-06 9.956256537027662e-06 3.156961703417206e-06
1.164271132188393e-04 1.906297924372691e-05 1.131571824934544e-05 2.944957996890326e-06
1.118244565275765e-04 1.413111068199060e-05 1.130728045493176e-05 1.748903622539894e-06
1.072313293913404e-04 9.211787333028945e-06 1.090681027654381e-05 1.773976067852434e-06
1.361859594053090e-04 1.852871846877306e-05 1.207778994045110e-05 2.599024928873403e-06
1.348751631794657e-04 1.907102323710193e-05 1.191757979875878e-05 2.683959433281764e-06
1.205571415710502e-04 1.412731366087322e-05 1.089930905890770e-05 1.579096230764030e-06
1.256460080274987e-04 1.906067669635625e-05 1.029881737092430e-05 2.795683959836273e-06
1.164299981619431e-04 9.196158052669324e-06 1.139200733102452e-05 3.084448711184481e-07
1.367289618333350e-04 1.721881522145142e-05 1.214346826255979e-05 2.419381610354592e-06
1.336247194082276e-04 1.412885583145808e-05 1.175441807153298e-05 2.066062781577610e-06
1.256450899080543e-04 9.192793354052789e-06 1.012849179861338e-05 6.857348495738902e-07
1.367278926941456e-04 1.104011721525914e-05 1.209374992970660e-05 1.782806055520997e-06
1.348737834855459e-04 9.187593497909947e-06 1.181809245251737e-05 1.450323734083024e-06
1.361847655530831e-04 9.730034735938704e-06 1.201268414734040e-05 1.559815866892040e-06
