9.886497687746167e-05 -1.536190430674761e-05 -6.727055304762802e-06 -1.704947593646114e-07
9.923765137273685e-05 -1.446301138511638e-05 -6.317786204078470e-06 4.032288666460104e-07
9.923822212012305e-05 -1.022411325083698e-05 -6.519327910131012e-06 3.113276280659753e-06
9.886550880517296e-05 -9.324965505917901e-06 -6.891159404941460e-06 3.328888754483141e-06
9.796544822896584e-05 -1.573408337173460e-05 -7.653376946922638e-06 -3.087867842977970e-07
9.627919874429792e-05 -1.234411755677700e-05 -8.713303526965973e-06 1.413138122959699e-06
9.796580001786085e-05 -8.952703772130189e-06 -7.634649498831821e-06 3.265053105140636e-06
9.164008287248094e-05 -1.573308597167598e-05 -7.489158508649125e-06 1.358016161113144e-06
9.163895716480275e-05 -8.956029090481817e-06 -6.407238420568176e-06 -2.279528068663827e-06
8.814310472539296e-05 -1.234403067239727e-05 -4.901386745595341e-06 -1.018743947118038e-06
8.529903065478891e-05 -1.574087218713729e-05 -4.250379494205628e-06 1.019875045880329e-06
8.529906975836002e-05 -8.945309822146713e-06 -5.204826889555002e-06 -9.283755527664105e-07
8.212522675624641e-05 -1.234251493471639e-05 -6.229182428128766e-06 1.318734601144223e-07
7.896331505248904e-05 -1.572223100524333e-05 -6.064402994928954e-06 2.860887918009991e-06
7.896620626231319e-05 -8.965378838663834e-06 -6.866908798501248e-06 -2.124730072963473e-06
7.581079577254070e-05 -1.234683997519102e-05 -5.276688066450203e-06 8.362316637037027e-07
7.266388933891175e-05 -1.571347024183824e-05 -5.365758069305322e-06 8.401577003708014e-07
7.266163053746846e-05 -8.977918850349114e-06 -5.647705048448631e-06 -1.044830152667082e-07
6.951954352625843e-05 -1.234344795881888e-05 -7.066177276371146e-06 4.625628172127876e-07
6.638866731241946e-05 -1.569255264826160e-05 -5.439504775070933e-06 -9.514773641705083e-07
6.639012707072996e-05 -8.994129944722636e-06 -5.375416938033261e-06 3.970344657594330e-08
6.327058157719531e-05 -1.234434405387421e-05 -2.728368183392117e-06 -6.120532260904767e-07
6.017334907873319e-05 -1.565747557443725e-05 -2.169544417616110e-06 -2.960031641325747e-06
6.017567004700325e-05 -9.032562686990459e-06 -2.205133935450834e-06 1.107025214133760e-06
5.709148965712363e-05 -1.234568703374069e-05 -2.901990186698533e-06 -8.380441511981953e-07
5.403483011713271e-05 -1.560864151800399e-05 -1.229844380855010e-06 2.361714676568865e-06
5.403483393839481e-05 -9.078570680778655e-06 -3.221090406919813e-06 -1.653994112002338e-06
5.098649773796514e-05 -1.234256204100155e-05 -1.951463134956208e-06 1.439032860513389e-06
4.797637176404145e-05 -1.554794290488651e-05 -2.132742587949949e-06 -6.880708628263139e-07
4.797009447998666e-05 -9.132075229743557e-06 -1.182913191045833e-06 2.389538270024723e-08
4.498512373499248e-05 -1.233724600349497e-05 -1.536784470344373e-06 -1.821027652323696e-07
4.203410504195206e-05 -1.548830187137613e-05 -2.574953881104534e-06 2.971727760753227e-07
4.203799519292378e-05 -9.190459383057253e-06 -1.281850356406015e-06 -2.586017097755328e-07
3.910564764746220e-05 -1.233851937388402e-05 -2.238774841845522e-07 -4.056950100889204e-07
3.621816023603162e-05 -1.541959118045904e-05 8.198958175638458e-07 5.006278647692337e-07
3.621447755679965e-05 -9.250766908765408e-06 -2.555571612903823e-07 -9.888124904996325e-07
3.345973299564591e-05 -1.233239288375390e-05 -1.403096518126701e-06 -1.347015350466896e-06
3.074869157891729e-05 -1.533872943473773e-05 -1.854421483845223e-07 -1.747860522921744e-06
3.074565584842063e-05 -9.326039471829791e-06 4.326717100161851e-08 1.339442089376562e-06
2.873144211586054e-05 -1.255712267469545e-05 7.049799359041476e-07 1.911508421486919e-06
2.671559987056304e-05 -1.526285203990303e-05 2.871938036136344e-06 -1.514322820678661e-06
2.671729667007694e-05 -9.401502527312554e-06 -3.984373338783145e-07 -3.677686536880351e-06
2.384929639579853e-05 -1.520811414746956e-05 8.099327625388163e-07 1.532332498742659e-06
2.439198572443783e-05 -1.332269307465741e-05 -1.636654246786403e-07 8.051788079400457e-07
2.385059926758663e-05 -9.445548195383151e-06 2.769850772202191e-06 3.689120315167745e-06
2.179705830690932e-05 -9.485832612215027e-06 -1.877540964647016e-06 2.682502751950235e-06
-3.576329422068351e-06 -9.210556269421526e-07 -1.749418846463156e-05 1.624373747764112e-06
-3.662052420402204e-06 -7.787286567401311e-07 4.503732400990151e-06 1.643865781779722e-05
-3.615620540429893e-06 -8.848415883550152e-08 -1.166812565177335e-05 -3.227396571658136e-05
-3.531987232186046e-06 2.056644105172922e-08 -2.115378451996183e-05 -5.136188230672726e-05
2.179695363190455e-05 -1.516609888344984e-05 1.449657589148227e-06 1.848552335963419e-06
1.994890959336370e-05 -1.503160924907713e-05 6.368932300508400e-07 1.636400128968518e-06
2.136605727355232e-05 -1.161227620889576e-05 -3.734440236027421e-06 -2.553893272473236e-06
1.994025832339119e-05 -9.368466587657507e-06 3.363494028977007e-06 -1.411358300113022e-06
-3.390014422099184e-06 -9.632171458512721e-07 -2.713743605282841e-05 -2.413433057066539e-05
-3.009651533956476e-06 -4.232973343825459e-07 3.681542140031112e-05 3.178960676618518e-05
-3.354855804914146e-06 5.092620613668756e-08 -6.644096468403721e-05 -3.074791708913331e-05
1.935336936971944e-05 -1.328016149781991e-05 -2.327848371662908e-07 -1.183435718556908e-07
1.814478274898193e-05 -1.468017838306361e-05 -4.571312388092440e-06 2.142840692068586e-06
1.642278897503656e-05 -1.413727883558846e-05 -5.473830737440341e-07 1.579704414101589e-06
1.880068192099365e-05 -1.090385076835510e-05 3.983150699619994e-06 -3.577456727414355e-06
1.817290941155846e-05 -8.938626540999592e-06 -4.061829825145850e-06 2.794414024656912e-07
-2.231741006129669e-06 -1.018683216451292e-06 -1.818777207644844e-05 -1.522144223481127e-05
-2.208347181994983e-06 1.577304063298246e-07 2.387715845164049e-06 -8.888902689486883e-06
-1.611253590394539e-06 -4.507346583704278e-07 8.117594268829643e-06 1.933824440963003e-05
1.480468639998559e-05 -1.339715710361042e-05 1.574356956619504e-06 -8.811261956497448e-07
1.618551886982541e-05 -1.234571779263385e-05 1.586225378764223e-06 -2.203428347593429e-06
1.678339154488462e-05 -1.010577628868092e-05 2.209377823583055e-06 3.389446138994630e-06
1.654529937343877e-05 -8.236747000909382e-06 5.294466216160923e-06 -9.117518891541130e-06
-9.716483812145630e-07 -1.068986079740743e-06 5.058494851994386e-07 -1.706795852803899e-06
-9.889601977223149e-07 2.525450495690180e-07 -1.066774520023776e-05 -1.626143821546895e-05
-2.505576649538948e-07 -4.653360847377504e-07 9.970923032821450e-06 1.118102627235458e-05
1.329621418839990e-05 -1.250510131309970e-05 4.509336349007520e-07 1.128020772192943e-07
1.191147002542100e-05 -1.146252218278006e-05 2.266452946000368e-06 -1.686794759297534e-06
1.471884695232100e-05 -9.762648006783092e-06 1.836627307675498e-06 8.186379022232478e-07
1.508386627703764e-05 -7.281804469385897e-06 -3.353294231202025e-06 9.581225110319224e-07
5.698793332490184e-07 -1.314517966515574e-06 -7.114841549712621e-06 -6.544271824964480e-06
5.777565878292340e-07 4.863202847715081e-07 1.823403893913835e-06 -1.312389513672868e-07
1.226612676411572e-05 -9.864325310388157e-06 2.975858455218769e-06 -1.049285429610816e-06
1.069203838097821e-05 -1.027669553975786e-05 2.735717770195665e-06 -3.165521197961809e-06
1.285376476854278e-05 -8.074758149995175e-06 -4.315183499362753e-07 3.301988210292015e-06
1.385645244327741e-05 -6.133568671940629e-06 6.910216042686449e-06 1.861102854552290e-06
1.500122425788427e-06 -4.505792004707025e-07 1.676794474663058e-06 -1.779613868343666e-07
2.581801645677467e-06 -1.643237764076146e-06 6.821107109680770e-06 4.796058940806975e-06
2.578847642133788e-06 8.087284691630210e-07 2.316104877898770e-06 4.704937419138924e-06
9.621600851584370e-06 -8.978980636783710e-06 7.186965204763401e-07 1.402996762268046e-06
8.719612163880995e-06 -7.608545806558613e-06 1.858812108631258e-07 9.244047343930039e-07
7.993697969449879e-06 -6.149530662084716e-06 1.638760959986540e-06 -3.746056892166618e-07
1.166691345031449e-05 -6.470133759604872e-06 -3.926379630626575e-06 -2.796154574093226e-07
1.285520020756668e-05 -4.791130274347602e-06 6.833657616739048e-06 5.404509312645416e-06
3.458799449318878e-06 -4.191048815932961e-07 -8.866244097433892e-06 -5.161876394714536e-06
4.534202839458155e-06 -1.986801123232197e-06 4.317824093886498e-06 1.581242310438495e-06
4.531228518428612e-06 1.129629930131024e-06 2.646983930895146e-06 2.339421916801493e-06
9.501839059240037e-06 -6.152063098990660e-06 -2.736801018060392e-06 -1.282658484236360e-06
7.443064195532846e-06 -4.623536221611077e-06 3.982874089540266e-06 -8.876951961537811e-08
6.281850198907567e-06 -2.245259284744607e-06 1.061728899051464e-05 -1.060427240599620e-05
6.812657075120627e-06 -2.517613780764297e-06 3.005106439559962e-06 -9.893304457578738e-06
7.096904714584866e-06 -3.067935798594817e-06 2.603855928058987e-06 -4.678089010505339e-06
1.083916253879159e-05 -4.607977565567619e-06 1.295903698482616e-06 8.500996202059433e-07
1.213214519108801e-05 -3.374267067013663e-06 1.752131214888105e-06 -1.222521085906761e-05
5.491987235712991e-06 -6.499856201391386e-07 6.604519177833293e-07 6.227406253880844e-06
6.286975300997258e-06 1.361010615655477e-06 5.656222725860604e-06 -7.330408289428800e-06
8.483843598672053e-06 -3.555670787469781e-06 3.196509309109814e-06 1.505307443724489e-06
6.844020845028092e-06 -1.417867174670911e-06 -2.855611515473836e-06 -7.245800681728217e-06
7.461685149825762e-06 -2.324878558939609e-06 3.488829729468220e-07 -7.613906685880447e-06
1.024006521833068e-05 -2.939999212035133e-06 -2.280085266827246e-06 2.624211876728831e-07
1.168194429601597e-05 -1.898635528119024e-06 -7.574351922914090e-06 -8.478842168232220e-06
6.861895109978104e-06 3.266421311582887e-07 -6.461822334987367e-06 5.367395838169246e-06
6.778394520225097e-06 1.627798485661611e-06 7.043786959023137e-06 -1.255938909378733e-05
8.799400373648318e-06 -1.088137943363612e-06 3.126829330354934e-06 6.175578393069243e-06
1.152889321592405e-05 -4.278645971573259e-07 1.562150091554830e-06 -7.990610282385848e-06
1.169702016085877e-05 1.027720216290434e-06 1.156716228381541e-05 -1.111481562240416e-06
7.886427783638023e-06 1.274582548749721e-06 -3.339671213868362e-06 -4.035866335413603e-06
7.061489648803558e-06 2.202211288841072e-06 1.282438689984257e-05 -1.531152170980856e-05
7.412843760246137e-06 3.787214289941499e-06 7.571627180174856e-06 -9.404664523458939e-08
1.022745312109928e-05 1.202297511326145e-06 1.241159229170781e-06 -1.994256588101040e-07
7.948291792429636e-06 5.351105391576596e-06 -1.503425189732612e-06 1.233685932858312e-05
1.218841171667858e-05 2.513252231185557e-06 9.581888339661748e-06 -1.275283073976750e-06
8.837923370382393e-06 3.836115525403055e-06 -2.106550068176791e-06 2.671533332228901e-06
1.097751591602529e-05 3.957816512008875e-06 -4.971164699342269e-06 1.030614192534951e-06
8.681010137314853e-06 6.854529689138037e-06 -1.241870532065125e-06 1.391703413092018e-05
1.297182846407004e-05 3.973395140336452e-06 5.814171299857418e-06 4.416402443937811e-06
1.234216738059249e-05 5.408720300942031e-06 4.234598610864542e-06 1.897242031087674e-06
1.084046255059896e-05 6.326605857691916e-06 4.288866502040172e-06 -5.074152104821333e-06
9.602463333224920e-06 8.320697464236234e-06 4.733693857373845e-06 -3.054523240971774e-06
1.071973206213623e-05 9.686615918230819e-06 1.205483400325602e-06 5.258839795485557e-06
1.403657377504200e-05 5.302067827643085e-06 8.089576108696204e-07 8.417402296837455e-06
1.326695298024114e-05 7.062885096568842e-06 4.426180723551387e-06 -7.994145153954969e-07
1.237648106249648e-05 9.144657831013714e-06 -9.458342763274703e-07 4.248528799270370e-06
1.200002573352086e-05 1.096709738037753e-05 -5.383284920919361e-06 3.072385480328601e-06
1.538694287760581e-05 6.516141869062882e-06 1.001506682648726e-06 5.042013588423045e-06
1.496492512279957e-05 9.143471091777309e-06 1.412879243721303e-06 5.858370782609812e-06
1.345251054370607e-05 1.210256966903154e-05 -2.042740788186000e-06 -1.309128841941667e-06
1.507043260194449e-05 1.307241946822784e-05 -4.876012275289081e-07 -9.099711028883479e-07
1.681556324903028e-05 1.388567127464962e-05 3.122402662885678e-06 3.786428455435672e-06
1.694384822913374e-05 9.716457475529540e-06 -7.564549870848790e-07 2.920236425090896e-07
1.693198678614547e-05 7.526030238753374e-06 2.874356668016660e-06 -1.310329557428539e-06
1.655247856643134e-05 1.193031877731645e-05 1.649499553005959e-07 1.964214462711541e-06
1.867946250617543e-05 1.449212239857264e-05 7.225236751699447e-06 5.432262958485975e-06
2.063046845790070e-05 1.488507352686069e-05 2.385810135590272e-06 3.580471436224001e-06
1.855186394059837e-05 1.020637650925547e-05 4.720720653975121e-06 2.339202468429849e-06
1.870911875059526e-05 8.263825302023440e-06 3.287644796272523e-06 -8.657298000686585e-06
2.264933926507561e-05 1.504428163007043e-05 5.600410701687844e-06 3.837888895117695e-06
2.038814498441774e-05 1.205227320208524e-05 5.296607192516954e-06 1.457894667854763e-06
2.062273976104404e-05 8.686032337735648e-06 6.685488733729514e-06 2.845711629477203e-06
2.309156025138108e-05 1.236218496424198e-05 8.462809494561698e-06 2.121666954131170e-06
2.491029175068292e-05 1.509922436881625e-05 1.603622226265769e-06 5.124534769245066e-06
2.263089808665502e-05 8.809842401619296e-06 -4.342066197508583e-07 2.487133699779706e-06
2.809051736607319e-05 1.516785378257739e-05 6.447458412744087e-06 5.036564141533393e-06
2.555836489680141e-05 1.081150530696682e-05 8.373419889186684e-06 1.015006799287681e-06
2.491140391964937e-05 8.747791520554445e-06 5.761392171425444e-06 8.589386737034710e-07
3.256426435279620e-05 1.524994306535288e-05 4.987371281127311e-06 3.425674724939214e-06
3.032534622397448e-05 1.166392783890865e-05 6.809906075024937e-06 2.368238441334307e-06
2.808585543065040e-05 8.673107796498392e-06 3.460212204142075e-06 3.144461717133829e-06
3.862729778129557e-05 1.534910512224919e-05 1.009223386383572e-05 2.677679436774315e-06
3.556793762464347e-05 1.192346577311404e-05 9.153645763084545e-06 3.718617205661510e-06
3.256677179827585e-05 8.587712884689351e-06 5.283908851010995e-06 2.396035720001849e-06
4.509586130555400e-05 1.542265143320657e-05 1.067070526436953e-05 5.362732862055732e-06
4.183811514419467e-05 1.192699843700767e-05 9.091823097833747e-06 2.542989385845659e-06
3.862155214129622e-05 8.496804676474636e-06 9.328134103892321e-06 2.731237277578545e-06
5.170306441283516e-05 1.548572763321444e-05 1.198241012456082e-05 1.729190375034233e-06
4.837913828112829e-05 1.192518612703991e-05 1.143895319525416e-05 2.825808800757418e-06
4.509866853106134e-05 8.431785196297882e-06 1.067836520500916e-05 1.587764947259307e-06
5.839974086519777e-05 1.553907802389883e-05 1.420011417950510e-05 3.423568570678386e-06
5.503569526785751e-05 1.193039445537435e-05 1.364842519512427e-05 2.063929173932954e-06
5.169954089019945e-05 8.368621381587240e-06 1.230129071544669e-05 2.759742975919205e-06
6.520156765786898e-05 1.557894596856078e-05 1.579944607746619e-05 5.115490709326258e-06
6.178747018205732e-05 1.192600462518155e-05 1.471877070092206e-05 3.277025331812116e-06
5.840406434003930e-05 8.318292738614295e-06 1.402484475279512e-05 2.256429012661899e-06
7.205639726622234e-05 1.561430032913546e-05 1.832832034569325e-05 3.301814419770124e-06
6.861881841787144e-05 1.192773028165903e-05 1.698322934374200e-05 1.483273958944249e-06
6.519745315281202e-05 8.274270122813278e-06 1.690768740261894e-05 6.433985762417169e-07
7.898221166567718e-05 1.565177136495864e-05 2.136788674351963e-05 5.124176102416555e-06
7.550731619325366e-05 1.192613847900269e-05 1.954122744327351e-05 2.185385553194533e-06
7.205835408498471e-05 8.238442106512071e-06 1.725985843500657e-05 -4.290797141574598e-07
8.594529193379806e-05 1.565758036076298e-05 2.293123031983098e-05 1.430980688420440e-06
8.246302957103453e-05 1.192448753212352e-05 2.311113660268671e-05 3.020939510311923e-06
7.898291666970966e-05 8.199522789620529e-06 2.128437482240795e-05 1.459498673842417e-06
9.294714950820295e-05 1.567827934100261e-05 2.627189226420016e-05 6.203286056705059e-06
8.943680425759497e-05 1.192144228179351e-05 2.328126511074942e-05 2.403006447848123e-06
8.594665884298335e-05 8.188519744316375e-06 2.363732623727370e-05 3.452958182946116e-06
1.080089986433873e-04 1.528233561674407e-05 3.329337160419949e-05 3.950071913385549e-06
1.070092195647600e-04 1.569589210381124e-05 3.312334080048070e-05 4.031165841491734e-06
9.609116114234420e-05 1.192394140792855e-05 2.867912059892718e-05 2.683889457412720e-06
9.996643951839874e-05 1.568870560186024e-05 3.007583462681013e-05 5.188996414328755e-06
9.294464273031490e-05 8.167058943982570e-06 2.605002137509222e-05 -1.004063240862182e-06
1.084232805354341e-04 1.428352621808924e-05 3.340334678894697e-05 3.823908788988283e-06
1.060564382922465e-04 1.192842802511768e-05 3.338876049923485e-05 3.697808312539704e-06
9.996577341056337e-05 8.162974971079642e-06 2.971464657491867e-05 1.461233645643370e-07
1.084254319751954e-04 9.572440366327741e-06 3.444103189062133e-05 3.235045693806097e-06
1.070108668369892e-04 8.158952922773444e-06 3.382405198168461e-05 2.394148988754178e-06
1.080111041846025e-04 8.572855765495907e-06 3.428271585065617e-05 2.669109457579481e-06
