-1.386370001123633e-04 1.933113435989737e-05 3.886511050398131e-06 -4.028124486414539e-06
-1.391955952805951e-04 1.798138828210156e-05 4.199578116760703e-06 -3.684570295065635e-06
-1.391946919407891e-04 1.161931645461210e-05 4.043249232572794e-06 -2.397798497856101e-07
-1.386359864662485e-04 1.026929247159968e-05 3.695088947357958e-06 2.470115653266224e-07
-1.372881573792373e-04 1.989042443108495e-05 3.197824224541879e-06 -4.047522826185861e-06
-1.347570325579934e-04 1.479959822973704e-05 1.920963923689700e-06 -1.690928774249692e-06
-1.372869416307707e-04 9.709818508899130e-06 2.914429783700385e-06 3.508698019294557e-07
-1.277816930486158e-04 1.989152046872095e-05 3.644203701510935e-06 5.243191246988513e-07
-1.277798903727598e-04 9.701823609947182e-06 3.313336351354946e-06 -2.395678441794972e-06
-1.225301918583827e-04 1.479446216790716e-05 5.008419725918291e-06 -8.732344448672727e-07
-1.182803750211458e-04 1.987148338647685e-05 4.045918836222264e-06 -1.632405908249497e-06
-1.182813916493606e-04 9.716948763191161e-06 4.368139967879412e-06 -2.526134554387574e-07
-1.135434348655202e-04 1.479308960445775e-05 3.090087013932941e-06 -1.112695694787574e-06
-1.088146059184578e-04 1.985264248126324e-05 3.197661206915346e-06 -2.147986548533910e-06
-1.088117632034518e-04 9.728428740219465e-06 2.339575856125185e-06 6.936125758908207e-07
-1.040869230887453e-04 1.478704444371368e-05 3.324867888158471e-06 -8.536703472087601e-07
-9.937865002848262e-05 1.982225393267941e-05 3.557343274122950e-06 -5.078216239435238e-07
-9.937780424248842e-05 9.748881348417225e-06 3.648238191816664e-06 -2.950928158737654e-06
-9.467863975635473e-05 1.478448657835512e-05 2.985958719878743e-06 -2.228521851763295e-06
-9.000085603241792e-05 1.978056926424146e-05 2.627506442674647e-06 -9.672245099017834e-07
-9.000276660257838e-05 9.788020243050903e-06 1.069680097985137e-06 -2.897081592610175e-06
-8.533889841655631e-05 1.478364639058403e-05 1.979015652602785e-06 -7.417182515088753e-07
-8.072454331155171e-05 1.970473211227784e-05 1.559805777552025e-06 -1.192704669789020e-06
-8.072085104504848e-05 9.856908579768823e-06 1.846060188577408e-06 3.398820372056701e-07
-7.612994583479310e-05 1.477886363126125e-05 1.507623065876841e-06 -6.918776939181081e-07
-7.158719287236024e-05 1.962534545386156e-05 1.859083852463194e-06 -4.863609146480911e-07
-7.158699199742495e-05 9.932637512223996e-06 8.791795430383649e-07 -1.519662596615933e-06
-6.707607489087343e-05 1.477831513803125e-05 1.684524714601763e-06 -8.104203423095268e-07
-6.263412743226569e-05 1.951638610190075e-05 1.234294497524558e-06 -2.921415136306959e-06
-6.263683123658273e-05 1.004303613895241e-05 2.611319002618788e-06 -2.149222631255043e-06
-5.823130130018495e-05 1.478134022244560e-05 1.460977074365235e-06 -2.801306266728346e-06
-5.391121054555229e-05 1.937969647852951e-05 1.640444289533117e-06 -1.656499496804353e-06
-5.390881468926693e-05 1.017751772555472e-05 5.893434236321823e-07 -1.624735965488319e-06
-4.962990278363873e-05 1.477774029903277e-05 1.942892403284352e-06 -2.120611897517933e-07
-4.544606632296990e-05 1.921433570821787e-05 1.081215849414605e-06 -1.429499738997009e-06
-4.544619146521759e-05 1.033859598713831e-05 2.292442737770773e-06 -1.935193438492516e-07
-4.148032415915169e-05 1.477220323965791e-05 1.090607109259319e-07 -2.255330524549202e-06
-3.763305388435674e-05 1.901662685634367e-05 7.471370010938517e-07 1.839603854821617e-08
-3.762561218016877e-05 1.053105838083517e-05 -7.118555494557698e-07 -1.003822010200328e-06
-3.477421127606225e-05 1.509135745041775e-05 3.002257961968520e-07 3.039723968748480e-07
-3.196052550297504e-05 1.885190349965169e-05 3.031939929468601e-06 1.447202435333865e-06
-3.196145736117015e-05 1.069583169805150e-05 6.065547918827228e-07 -5.250461085254321e-06
-2.799555366552298e-05 1.871096193275482e-05 2.929079939284841e-06 -2.597877722106345e-06
-2.872747032717656e-05 1.612804417975452e-05 3.237459744718480e-06 -1.416823899379191e-06
-2.798921905502521e-05 1.080247825027084e-05 3.967434080033826e-06 -5.614981292381063e-07
-2.518922890066916e-05 1.091622867827457e-05 3.905741999112391e-06 -3.078938425932747e-06
3.542528540758933e-06 1.336165109598734e-06 -7.957124456239426e-06 2.677812908436103e-05
3.588358933409919e-06 1.177405039771801e-06 -1.690888410464197e-05 8.860645042346742e-05
3.640761730773176e-06 6.067498548063318e-07 -1.776674372365656e-05 -8.257052149930377e-05
3.589512644472645e-06 3.671373402638443e-07 -5.408003914541651e-06 4.556375268097015e-06
-2.517623093913768e-05 1.861287610549075e-05 3.492476178527650e-06 -2.213678900946077e-06
-2.271230629960739e-05 1.837570576340989e-05 3.122098221907524e-06 -1.968720265808400e-06
-2.458499634743525e-05 1.380867455445502e-05 1.613102013309084e-06 7.688378099993184e-07
-2.267827871229439e-05 1.081882115545720e-05 2.419722235525963e-06 -5.135367859784703e-06
3.408920804724847e-06 1.415393831575979e-06 4.204119218384378e-05 -1.737116583338945e-05
3.092779886139774e-06 9.293687492130708e-07 -3.136577712124016e-05 -1.520141960475300e-05
3.419432213503028e-06 2.613712557387319e-07 5.051570428715055e-05 4.228920048473712e-05
-2.190245487342487e-05 1.602625461019191e-05 2.626066208352904e-06 -2.070210717520332e-07
-2.033517144472336e-05 1.784194027153186e-05 3.494560068912920e-06 -1.838215407477407e-06
-1.810067320331267e-05 1.708908620493729e-05 2.449680430350014e-06 -1.880563330267353e-06
-2.116369552877822e-05 1.286843261700485e-05 2.720970387902888e-06 -2.368045991155489e-06
-2.034117191616712e-05 1.034649445468961e-05 5.758064082425896e-07 4.900877407553015e-06
2.234093033916038e-06 1.459880457922577e-06 7.257535494055140e-06 9.624142118581712e-06
2.255349684777669e-06 3.074074365735449e-07 1.067910483173066e-05 -3.612082931903564e-06
1.630104601580536e-06 9.206310525265231e-07 -2.057102229535406e-05 -1.961570009266384e-05
-1.604368078262121e-05 1.608097286840542e-05 2.779597931656420e-07 -9.787493268896432e-07
-1.778105557813695e-05 1.473882816313776e-05 1.447957407994788e-06 -1.213021962846292e-06
-1.854432269524246e-05 1.185678838397221e-05 1.608712148758825e-06 2.466147882962372e-06
-1.822882792672403e-05 9.539355353685691e-06 3.483521997452089e-06 3.371664996434922e-06
1.011370521743084e-06 1.579330023747291e-06 6.781688960433274e-06 2.393300920530333e-05
9.884792378584138e-07 1.999633746925809e-07 6.878551759030094e-06 1.689882030706157e-05
2.556965278886839e-07 9.287550886196665e-07 -7.212380947595203e-06 -3.830549131737907e-05
-1.415285555197907e-05 1.489699432785907e-05 -3.350682777832941e-07 -8.403241199467936e-07
-1.247875483068073e-05 1.355737140773628e-05 2.928159463383480e-06 5.665447137631695e-07
-1.592539917502903e-05 1.143005091947544e-05 1.137267018960648e-06 -3.552800154571857e-06
-1.637019979062683e-05 8.395679012117747e-06 -1.516641241147360e-06 -1.561359960992765e-06
-6.054197605895137e-07 1.817631645653673e-06 4.644440142335318e-06 1.554173931499430e-05
-5.917791393761697e-07 -1.073144788284724e-08 1.334648546131926e-06 2.082027353566672e-05
-1.290843924677439e-05 1.155554779982130e-05 2.951772433165580e-06 -8.420665930756117e-07
-1.103487212336099e-05 1.205521258448918e-05 1.789791535423201e-06 1.521797955069309e-06
-1.360821293953099e-05 9.366271806331262e-06 3.612435875630382e-06 -1.501148728899483e-06
-1.482136539749345e-05 7.041637709241807e-06 -3.290498551819493e-06 4.916633308447760e-07
-1.534322925909849e-06 9.160292478757005e-07 -3.563378007885617e-06 -1.907062206092016e-05
-2.643419478347437e-06 2.165454385017223e-06 7.676309922189958e-06 -1.688314894093925e-06
-2.646811058513052e-06 -3.390000401648315e-07 -2.448404121869209e-06 -2.003000850488253e-06
-9.782438690676573e-06 1.044602096974404e-05 4.635801914976858e-07 1.130185431601341e-06
-8.786152382843442e-06 8.802605725079650e-06 2.855390124021770e-06 -8.142625195575545e-07
-8.029856790194003e-06 7.088880027842177e-06 7.310927023820949e-06 -1.108301136055856e-06
-1.219248160413642e-05 7.451566847520843e-06 4.980935022424913e-06 -5.721744483538355e-07
-1.357878857392385e-05 5.537443475225647e-06 1.040787350079235e-06 7.504181805021858e-07
-3.547749417951475e-06 9.193361219966198e-07 3.067798933478225e-06 7.659556177399697e-06
-4.633666265425738e-06 2.490061391173820e-06 -1.115835591993510e-05 -4.038677558646656e-06
-4.628214281247666e-06 -6.805756415385290e-07 -2.154868128405526e-06 -7.275568354620999e-07
-9.706841459740368e-06 7.075100471673652e-06 8.011462708491354e-07 -2.848982243165153e-06
-7.468302150747696e-06 5.374473527364081e-06 9.400305605232035e-06 2.065737200095925e-06
-6.423694202250354e-06 2.774292826311144e-06 -1.547352043844917e-06 1.093270149893995e-06
-6.907176255815213e-06 3.044890202950127e-06 2.021279500136463e-07 2.717969371673828e-06
-7.148530236980563e-06 3.627997988857627e-06 2.432238852466112e-06 1.750390637502708e-06
-1.121803747916565e-05 5.323027906401375e-06 1.026626016960256e-06 -1.960464416522400e-06
-1.265132188179050e-05 3.964667709483680e-06 2.138133350132840e-06 5.159808000416626e-06
-5.613091937698112e-06 1.144354062851171e-06 6.666107616018527e-06 -2.771657398224699e-06
-6.463682872185969e-06 -9.403776708773395e-07 6.497504514425757e-06 -5.444693922876255e-06
-8.644435834355853e-06 4.157815675328094e-06 3.099904577728053e-07 -4.102026224803734e-06
-6.976191055021665e-06 1.937471994501162e-06 1.508289092551500e-06 2.807094847599489e-06
-7.556450786831420e-06 2.839648775650031e-06 7.390146225199536e-07 2.500053606767587e-06
-1.054783951999640e-05 3.484327258276208e-06 4.151192594427533e-06 -1.725475118438563e-06
-1.205788752765498e-05 2.392219756231906e-06 1.353947883118953e-06 1.854848853593358e-06
-7.056662906123250e-06 1.240796439067461e-07 6.056598440382458e-07 -1.172842071733205e-06
-7.008833731745980e-06 -1.209443831742297e-06 -7.184792488198748e-06 1.833434307047166e-06
-9.004252003668637e-06 1.517131477707707e-06 3.932650375681142e-06 2.832695894566339e-06
-1.182931497413314e-05 8.636303357819259e-07 -5.731688806981488e-06 -7.539745802960984e-07
-1.190715095515482e-05 -6.097050498327443e-07 2.718402416099184e-06 -7.630561507110683e-08
-8.138896148529692e-06 -8.601694259109186e-07 2.217513121390112e-06 5.952087181794229e-06
-7.325775411185057e-06 -1.768380561329015e-06 -1.388471503273849e-05 7.329334695455691e-06
-7.723150814149577e-06 -3.289480710912704e-06 -1.468677226254293e-05 1.323017437877767e-06
-1.045220341372812e-05 -8.144835378228838e-07 -4.842293103753057e-07 3.960958072415792e-07
-8.304987224664463e-06 -4.732029217241738e-06 -2.116826313385369e-06 2.185127108210024e-06
-1.229775058636329e-05 -2.082328960993014e-06 1.013839880057617e-05 -5.810912076185761e-06
-9.114303652651950e-06 -3.352250373338326e-06 7.909356673929840e-06 -3.998723837290657e-06
-1.113230913231503e-05 -3.457954468372829e-06 -7.840004841319792e-06 3.589461755232112e-06
-9.048511146317664e-06 -6.092973403527204e-06 8.449084780341190e-06 5.343052720240644e-06
-1.294677054970044e-05 -3.473166870531914e-06 7.047024281958994e-06 3.396476729249849e-06
-1.235932475716770e-05 -4.795986751646423e-06 -6.670645228468109e-06 5.506863592704005e-06
-1.100947240202321e-05 -5.618497333859671e-06 -1.526520872352715e-07 -6.384179122371089e-06
-9.902725086371320e-06 -7.338864059351260e-06 -4.531982002423014e-06 1.487405837313565e-05
-1.091522835173424e-05 -8.514727628471593e-06 2.337301217022560e-06 3.119889663755801e-06
-1.381943526766532e-05 -4.722445284277153e-06 9.005428882013506e-06 1.980182336606143e-06
-1.315880623704545e-05 -6.258194198108596e-06 -8.400352046484030e-07 -1.243104981623955e-06
-1.238339904139031e-05 -8.044610919363278e-06 6.704834626583861e-06 -7.244885643337865e-07
-1.205478202955308e-05 -9.547989179924217e-06 9.866881981777710e-06 7.285808187418449e-08
-1.491292966631243e-05 -5.800576562662243e-06 1.391403125161113e-05 2.264891148981327e-06
-1.457043266502434e-05 -8.015732070345904e-06 -1.200496433755056e-06 2.616974095857625e-06
-1.329610033554868e-05 -1.044240362845889e-05 -1.009676103866379e-06 3.421700231622750e-06
-1.463746517048288e-05 -1.120783828000215e-05 2.157327860040238e-06 1.615421060934172e-06
-1.605342456028121e-05 -1.180382413937171e-05 6.554432540082117e-06 -2.435642409087573e-07
-1.618157755259308e-05 -8.486256366416673e-06 -7.065043108490094e-07 -1.152481451539583e-06
-1.617640611725360e-05 -6.677988600616585e-06 1.994989761778716e-06 3.522979708568570e-06
-1.586207964825080e-05 -1.027562775454714e-05 4.048320892942193e-06 -1.156332742782801e-06
-1.753982481576086e-05 -1.222633252659596e-05 3.088159002741388e-06 3.114373270274531e-06
-1.905867418963656e-05 -1.248486010464260e-05 -4.401847518814222e-07 4.975385356067711e-06
-1.745605701124892e-05 -8.888055873197701e-06 3.443443573049218e-06 -3.509665553034805e-06
-1.757289089999620e-05 -7.329397175125541e-06 2.462165519404927e-06 -2.268309314793218e-06
-2.058812216130729e-05 -1.257830814418879e-05 1.788907878839954e-06 1.975146606120385e-06
-1.889003438559741e-05 -1.032216898462623e-05 3.378750612093075e-06 2.488271930249921e-06
-1.905892033496938e-05 -7.727706209846933e-06 3.767580490337014e-06 -1.880263644201451e-06
-2.093196309586483e-05 -1.055286924531896e-05 9.150838434047515e-08 3.731101599569647e-06
-2.228012927096091e-05 -1.257802149993013e-05 -1.818425919475923e-06 -1.987401239992941e-06
-2.059141857649957e-05 -7.863263027996265e-06 1.255463781971675e-07 3.483250921600405e-06
-2.460145290255300e-05 -1.257651626385009e-05 2.285342557807547e-06 1.686768487458571e-06
-2.276779696157119e-05 -9.402992032459688e-06 2.036432544002334e-06 3.861671889241437e-07
-2.227742713809061e-05 -7.862786489776290e-06 2.382686790571052e-06 1.778182246377946e-06
-2.782434854830494e-05 -1.257891150825046e-05 3.548938537420257e-06 6.999684178478103e-07
-2.623006433794568e-05 -1.002979939386904e-05 3.105641568135974e-06 7.097680656135448e-07
-2.461301551547648e-05 -7.856586697038712e-06 2.904974709092007e-06 2.469997597712295e-06
-3.206008798238653e-05 -1.257368931845009e-05 3.101266013200242e-06 1.612380174628081e-06
-2.994610709689832e-05 -1.021919273197380e-05 4.696233641480810e-06 1.312131719403943e-06
-2.781910928488957e-05 -7.851479556318348e-06 4.495046334838667e-06 1.206049946038821e-06
-3.646609850626794e-05 -1.256970035842436e-05 4.234627501766983e-06 1.055931932713981e-06
-3.426523191692196e-05 -1.021324390109045e-05 2.370575390885804e-06 8.204054892618840e-08
-3.206708664318573e-05 -7.863066459583924e-06 3.318790722516783e-06 -1.647033673620036e-07
-4.085270258142818e-05 -1.255934351653586e-05 3.963110011340853e-06 1.764611032646369e-07
-3.866227420320547e-05 -1.020933755389322e-05 4.856832471039644e-06 1.177393850318949e-06
-3.646606723587002e-05 -7.850932298100549e-06 2.885855530881750e-06 1.696519167675465e-07
-4.522185022076762e-05 -1.253716679081958e-05 4.937603741401497e-06 3.367722339434512e-06
-4.304209148798709e-05 -1.021197818996002e-05 3.842331425548869e-06 6.917205435766823e-07
-4.085098572336319e-05 -7.861426476286623e-06 5.170318276533656e-06 2.172697296556742e-06
-4.954089831261291e-05 -1.251283223797680e-05 4.978660775587807e-06 1.784651367980870e-06
-4.739149143328562e-05 -1.021357676312109e-05 5.385176834060728e-06 2.031279291424991e-06
-4.522086198191177e-05 -7.888915496425259e-06 4.174392533431166e-06 -8.054804451807043e-07
-5.381813487154561e-05 -1.249061611279472e-05 6.408599927945923e-06 -5.830888974788940e-08
-5.168550656606823e-05 -1.020973392303442e-05 5.717286018101542e-06 6.077388985951017e-07
-4.954459539308540e-05 -7.911026651766424e-06 5.827911878881438e-06 1.580901928142984e-06
-5.804992958681527e-05 -1.246126502001725e-05 6.357620623620064e-06 6.545591651043825e-07
-5.594281832474422e-05 -1.020854223803414e-05 6.204886635685150e-06 4.828357213678079e-07
-5.381664765512727e-05 -7.927189573379803e-06 5.708714078152350e-06 4.025231909664239e-07
-6.225189649277964e-05 -1.245874618792054e-05 8.522461604663006e-06 5.322575789960632e-07
-6.015241468133472e-05 -1.021048874162718e-05 7.811448903934746e-06 7.651602493545627e-07
-5.804976988950120e-05 -7.955864733227658e-06 7.073305578307450e-06 1.067067201920927e-06
-6.642695607039720e-05 -1.244630825080434e-05 7.745522777903894e-06 2.080744674559507e-06
-6.434430674663366e-05 -1.021309677571112e-05 7.570867361994176e-06 1.562245471457993e-06
-6.225060902334476e-05 -7.967196869123493e-06 7.752967460372657e-06 2.366462964305451e-06
-7.533459923470281e-05 -1.218448956104468e-05 1.110843606183210e-05 1.295718913489621e-06
-7.474716279197733e-05 -1.242860572434278e-05 1.106045602072020e-05 1.314818641893943e-06
-6.829480528558426e-05 -1.020925858361456e-05 8.989184818584114e-06 8.616752467361026e-07
-7.059756474419697e-05 -1.243811485839110e-05 1.027967242569192e-05 1.328428183979667e-06
-6.642863658905736e-05 -7.976153834314253e-06 8.133792135526848e-06 3.361529090396138e-09
-7.557782221664838e-05 -1.159594135661513e-05 1.111620754932808e-05 1.242338662078355e-06
-7.418893821689576e-05 -1.021058682538126e-05 1.085144520241831e-05 1.159730512053347e-06
-7.059709850806785e-05 -7.979888908597657e-06 1.018400868915913e-05 5.419686897143588e-07
-7.557723827212216e-05 -8.826009352996193e-06 1.059019769921042e-05 1.413647306727881e-06
-7.474643196704690e-05 -7.993153052279049e-06 1.057207268997713e-05 1.461390968611096e-06
-7.533395560152336e-05 -8.237357431486384e-06 1.057161409493952e-05 1.452329711774697e-06
