-1.175325113643897e-04 1.616153310450098e-05 3.149417521915613e-05 -1.856811966094798e-06
-1.180010055011815e-04 1.503077953292800e-05 3.124126491404589e-05 -2.321372089002316e-06
-1.180007141992006e-04 9.701110779633172e-06 3.113167211503624e-05 -5.655406424272638e-06
-1.175322355014266e-04 8.570578613050674e-06 3.136194031896072e-05 -6.035195254414297e-06
-1.164015392557628e-04 1.662989753982711e-05 3.210014415256518e-05 -1.749963675205461e-06
-1.142790868294659e-04 1.236583963784172e-05 3.206251479487834e-05 -3.857418265845423e-06
-1.164013691957194e-04 8.102325568874946e-06 3.191249395049714e-05 -6.092036835751854e-06
-1.084313911267440e-04 1.663129269153164e-05 2.749250977814793e-05 -4.157868756658390e-06
-1.084326893397378e-04 8.103230358373447e-06 2.705811293842511e-05 -2.480472151873164e-06
-1.040318435881504e-04 1.236928004989185e-05 2.646600173656250e-05 -3.122737534881306e-06
-1.004609740001205e-04 1.663462546015042e-05 2.728084689155306e-05 -2.989258644991372e-06
-1.004623559438461e-04 8.106708227051571e-06 2.768294660126627e-05 -3.854261086040186e-06
-9.647808157985505e-05 1.237159582813212e-05 2.829784553080892e-05 -3.826298379518582e-06
-9.250269109909209e-05 1.662459586266526e-05 2.648885547721788e-05 -5.849044559959847e-06
-9.249899497397049e-05 8.115084805746455e-06 2.645775631996173e-05 -2.050252582536738e-06
-8.853002375928184e-05 1.236849209486669e-05 2.319535253753841e-05 -4.007077773368132e-06
-8.457534348340538e-05 1.659885109655219e-05 2.216930802167736e-05 -4.442771052872698e-06
-8.457673599330616e-05 8.141744210916509e-06 2.117462466274566e-05 -2.286594643186164e-06
-8.063326827930217e-05 1.237275959480823e-05 2.069947679635590e-05 -2.934624578138371e-06
-7.671719082685470e-05 1.655945569185093e-05 2.103567312906565e-05 -3.968109988588564e-06
-7.671602336883209e-05 8.187902013988397e-06 2.086527770992434e-05 -1.891573651356408e-06
-7.281196267564232e-05 1.237315149719099e-05 1.989073916562694e-05 -3.171340731262854e-06
-6.893575838650358e-05 1.650934382906417e-05 1.836473149312933e-05 -5.320958924561839e-06
-6.893204100199426e-05 8.231999600303679e-06 1.857634897271579e-05 -1.986961172814829e-06
-6.507081044199620e-05 1.236812154239191e-05 1.645096998746737e-05 -3.862116612702907e-06
-6.124785579471179e-05 1.644338182047101e-05 1.500830208791449e-05 -5.557122116247402e-06
-6.124852704552382e-05 8.292938641586706e-06 1.506502781288881e-05 -2.237699096612077e-06
-5.745111119026030e-05 1.236817103262061e-05 1.429487711835680e-05 -3.652995717698558e-06
-5.370915151211701e-05 1.635874963446704e-05 1.410980056518781e-05 -4.849742455025840e-06
-5.370860293734326e-05 8.376568460226234e-06 1.326945383129415e-05 -1.133417015005300e-06
-4.999336628456620e-05 1.236678630926803e-05 1.264785830274421e-05 -2.157364856289900e-06
-4.633606185422762e-05 1.626156213730001e-05 1.051031723808008e-05 -4.922239514584494e-06
-4.633639707795794e-05 8.472038847283044e-06 1.119254471721736e-05 8.609889196832019e-08
-4.271110395636549e-05 1.236704837810193e-05 9.232029667543154e-06 -3.209393468485860e-06
-3.916150773266926e-05 1.614078200995772e-05 8.817862825066991e-06 -4.489776788502270e-06
-3.915975279303582e-05 8.592488419751824e-06 8.775131028081986e-06 -3.169166663539444e-06
-3.578883976516186e-05 1.236425526574142e-05 8.170507003466621e-06 -3.732752393751267e-06
-3.249593525497389e-05 1.600450029108423e-05 7.196414500337410e-06 -3.760240325352736e-06
-3.249796269116380e-05 8.734091568775162e-06 6.721922684749692e-06 -2.633937913524282e-06
-3.005453638430116e-05 1.264416683816025e-05 5.954484220917135e-06 -3.413494722990620e-06
-2.765188836556957e-05 1.586616414565596e-05 4.811511727461136e-06 -4.995058121358934e-06
-2.764722192349662e-05 8.878071678739489e-06 5.377047327995759e-06 -1.553055927033124e-06
-2.426015946800988e-05 1.574331672663124e-05 5.262981702973694e-06 -4.538243735153049e-06
-2.488531299366521e-05 1.353326414555018e-05 4.913331395622152e-06 -4.705880934342212e-06
-2.425176991952200e-05 8.967477501539915e-06 4.449876344043520e-06 -7.803729406662896e-07
-2.185192548781953e-05 9.065439706046087e-06 3.935083540853812e-06 -1.241556553290117e-06
3.123750333237438e-06 7.387601710790258e-07 -1.803523700976815e-05 5.337450442523692e-06
3.165993854295821e-06 5.222233400734737e-07 -2.915615870655407e-05 -4.502851565528552e-05
3.172687138173449e-06 5.027949149601740e-08 -1.134404631173842e-05 3.526233715798730e-05
3.131425441654119e-06 -1.397428377589552e-07 -9.288079274318153e-06 2.246030384674944e-05
-2.184479157651204e-05 1.565628712351464e-05 5.070855628466976e-06 -3.651081304759088e-06
-1.972908765413106e-05 1.546001151561851e-05 4.808439396442652e-06 -3.130967728920804e-06
-2.133375967857597e-05 1.154378608237826e-05 3.686737598225247e-06 -2.782625137755967e-06
-1.970051565040125e-05 8.983543319402688e-06 4.443266477258274e-06 -2.123737854575212e-06
2.987288642516195e-06 8.520935819333861e-07 -5.123541082207656e-05 5.785220487327940e-05
2.778550574689283e-06 3.641253018423000e-07 3.238832569112454e-05 -2.333711713165749e-05
3.017752346331689e-06 -2.370300819500167e-07 2.893646938407939e-06 -2.313829229903958e-06
-1.903634665022505e-05 1.344451584580935e-05 4.591561323822428e-06 -2.845356440177988e-06
-1.768876854684479e-05 1.501089266825037e-05 5.208669360597845e-06 -2.836733561114464e-06
-1.576730951324367e-05 1.436906349650025e-05 5.601976503170343e-06 -3.243718597351367e-06
-1.840279992131424e-05 1.074177885682454e-05 4.682682976735992e-06 -3.055930648604538e-06
-1.769728138152068e-05 8.566982877100073e-06 4.540163803259097e-06 -2.681526751797441e-06
1.997725719897874e-06 7.804534628408670e-07 2.575298501896697e-06 -1.269152929308912e-06
2.011675862954122e-06 -1.990137938998429e-07 -2.431370253711466e-05 1.536132147166210e-05
1.496472043664626e-06 3.356918171235367e-07 7.788873543654733e-06 -2.166296585845994e-05
-1.398752087070477e-05 1.350702176813767e-05 3.690997156592051e-06 -3.871725427595009e-06
-1.549357541048686e-05 1.234641667311176e-05 5.764711192175859e-06 -2.845665010895255e-06
-1.614729214172700e-05 9.865596902216581e-06 4.807296011602107e-06 -2.662936812716014e-06
-1.587019492285442e-05 7.849474924400500e-06 3.791314006314629e-06 -2.856214676931221e-06
9.323507900608521e-07 9.145719672621288e-07 -9.075578591498008e-06 1.513099637288432e-05
9.151804582656377e-07 -3.171933876793262e-07 8.407649222050466e-06 7.688269133307018e-06
2.933097392174392e-07 2.907734101045983e-07 1.378676949976824e-06 -3.310578243402719e-05
-1.234575482775949e-05 1.248508183990746e-05 9.012433929507639e-07 -2.754183005343752e-06
-1.089980674782833e-05 1.132771517906402e-05 9.609853435987340e-07 -2.259500003873008e-06
-1.387823093982985e-05 9.487432219394656e-06 2.639622218239951e-06 -1.959574318378349e-06
-1.426907585066502e-05 6.861759431438185e-06 2.048091505789589e-06 -2.473943772205472e-06
-4.719560158953303e-07 1.105869619962407e-06 4.139787714697557e-06 1.238656303904011e-05
-4.574538681589058e-07 -4.982399304483957e-07 -4.234170098559032e-06 1.624224672777999e-05
-1.127039292346661e-05 9.597148589273540e-06 1.073660307831785e-06 -1.693658612949864e-06
-9.639779070693383e-06 1.002915239996145e-05 2.237254629461907e-06 -1.373037668826380e-06
-1.187771293790546e-05 7.705609246240881e-06 7.781496852384326e-07 -1.877209324323640e-06
-1.292637495685384e-05 5.683510191269057e-06 2.628660158027183e-06 -2.363642504360479e-06
-1.275857978730933e-06 2.790902915202767e-07 -4.170346419787348e-06 -1.466869300493210e-05
-2.246435875601163e-06 1.413159881838764e-06 4.970655017167775e-06 3.216507585897469e-07
-2.258359228628526e-06 -7.858833567620565e-07 5.930932117355669e-06 -6.919153857661164e-07
-8.543587098170717e-06 8.644069561952568e-06 3.176258968580684e-06 -2.420719474286292e-07
-7.668289254764025e-06 7.219450697759810e-06 1.412189238142559e-06 -2.546531585861196e-06
-7.005741392425300e-06 5.729446732855376e-06 -7.407121955226273e-07 -4.088162423219658e-06
-1.064931478332423e-05 6.042073994309271e-06 1.594529724016443e-06 -3.725855201200282e-06
-1.185101567282210e-05 4.370500664767816e-06 3.070766336684357e-06 -6.478894494640149e-07
-3.043329514871080e-06 3.208849635344542e-07 1.908040689225381e-06 3.385407564931238e-06
-4.010258827487969e-06 1.683104859047995e-06 -7.254541075705878e-08 8.842631871208105e-07
-3.998505215086986e-06 -1.097582829252721e-06 -4.707531592881141e-06 4.486569048404029e-06
-8.469189835689577e-06 5.718500200549925e-06 6.755233653557271e-07 -3.774125293303101e-06
-6.516220319962856e-06 4.226339711256882e-06 -3.642184021932390e-07 -4.395815351646719e-07
-5.577456173483765e-06 1.940310365502414e-06 -1.091000399735800e-06 -9.520563888497638e-06
-6.021938251567305e-06 2.196601713751951e-06 1.726120541270085e-06 -9.674004303505824e-06
-6.247934995221165e-06 2.717955661745184e-06 3.443624643100840e-06 -6.698741884622028e-06
-9.802833019318390e-06 4.182374094828229e-06 3.710815055207760e-07 -7.192236601626115e-07
-1.105028469129226e-05 3.002212770803695e-06 2.859926642042069e-07 -3.408917134971626e-06
-4.866250919144770e-06 5.238856971250964e-07 3.916340035285772e-07 1.869941910751620e-07
-5.611382791645244e-06 -1.319507058114168e-06 6.415629752529208e-06 -7.701580395555467e-06
-7.533219667401087e-06 3.173446022922296e-06 2.998895649910950e-07 -7.727299550717680e-07
-6.065111525214441e-06 1.211368256188739e-06 -7.696765042127043e-08 -3.652266129480693e-06
-6.597724562874235e-06 2.023659167167030e-06 3.552442209963323e-06 -6.841499299024558e-06
-9.216634139334898e-06 2.580203577452084e-06 -3.701892483345307e-08 -1.058374911041276e-06
-1.054869238406624e-05 1.630887193681865e-06 3.653704911630039e-07 -3.533261932949501e-06
-6.126376949464157e-06 -3.786217869612795e-07 -1.691247546051418e-06 -4.705132619243252e-07
-6.080567202230597e-06 -1.555401706431683e-06 3.848197964951656e-06 -5.817866755341921e-06
-7.856676949599982e-06 8.486294519515923e-07 3.366221280994033e-06 2.071823350001062e-06
-1.036326593672524e-05 2.708791674111064e-07 2.872454836483531e-06 -4.595698006625743e-06
-1.044759130067797e-05 -1.038976721212111e-06 2.939421425250922e-06 -3.650720312770871e-06
-7.077022891283030e-06 -1.246679129914316e-06 1.027676414594515e-06 1.796881358701290e-06
-6.357080847402046e-06 -2.055166130761551e-06 5.480723223947475e-06 -2.515056662040940e-06
-6.702986434839966e-06 -3.430698570182766e-06 2.526875193777071e-06 -1.963882332879032e-06
-9.142357350262083e-06 -1.217100146848910e-06 3.161863629650061e-06 -1.148198397001686e-06
-7.202922985076848e-06 -4.740824747437932e-06 -2.283219511665732e-07 -1.122639091803952e-06
-1.080992541894263e-05 -2.352482247562781e-06 6.316251100006894e-07 -1.998876105876234e-06
-7.943190381096381e-06 -3.487663032845286e-06 5.090766606846767e-07 -2.297097827753420e-06
-9.754913190905876e-06 -3.592854746704997e-06 2.485578099220397e-06 -1.853269470370674e-06
-7.842811847841875e-06 -5.979409132050030e-06 1.956875338948510e-06 9.093957370481304e-07
-1.140885701472735e-05 -3.593669682524832e-06 8.243865711287437e-07 7.757629854294750e-07
-1.087601152481684e-05 -4.803975273340609e-06 2.487205684724842e-06 5.962322889892638e-07
-9.646189876835169e-06 -5.554295879358737e-06 4.083890953901876e-06 5.281805749052467e-07
-8.627498598431274e-06 -7.150275996458248e-06 3.236367659404023e-06 2.081937605403387e-06
-9.549407308429044e-06 -8.229661771861950e-06 2.087263006796416e-06 1.864954914085989e-06
-1.223195592525569e-05 -4.731228248907584e-06 1.814843404844290e-06 8.426368347380080e-07
-1.161905237038123e-05 -6.148310218081597e-06 2.025956869005305e-06 4.963801746279380e-07
-1.089787935607630e-05 -7.797913460923872e-06 1.573927596225518e-06 1.751377599996130e-06
-1.059115593545137e-05 -9.202027058067214e-06 1.542390968046925e-06 2.197017193066346e-06
-1.325294592560277e-05 -5.722709471935939e-06 3.149392649744456e-06 -1.945893342526892e-07
-1.293958860984877e-05 -7.783865289453080e-06 2.252988579219025e-06 1.641224577492841e-06
-1.174688427998304e-05 -1.005035319448819e-05 2.847928040568885e-06 2.488628745302845e-06
-1.300323025351930e-05 -1.076654684474323e-05 2.534934796103677e-06 1.481612597472063e-06
-1.433831747801736e-05 -1.134132735040095e-05 1.912009928375646e-06 1.187968642054367e-06
-1.444835441837158e-05 -8.222420614645097e-06 2.462252459744515e-06 6.329559135131902e-07
-1.443964530051893e-05 -6.534256140539214e-06 3.134324297892058e-06 -5.538210113186680e-07
-1.415227151714557e-05 -9.893123868234454e-06 2.031544231065622e-06 1.733296300571250e-06
-1.573637349561638e-05 -1.175992518661733e-05 9.134918022774433e-07 1.379761925371539e-06
-1.717667686384261e-05 -1.201946984028201e-05 9.237700843457504e-07 1.464080474319420e-06
-1.564900555508440e-05 -8.598251420409916e-06 2.704967084761154e-06 3.578469326402276e-07
-1.576023036346865e-05 -7.129363008933047e-06 3.149484308281406e-06 -6.880352664785557e-07
-1.864490734106501e-05 -1.211167619989665e-05 9.445595861111003e-07 1.614166165658572e-06
-1.701000322018536e-05 -9.957793094903264e-06 1.693876077286126e-06 1.188413929003625e-06
-1.717903505880567e-05 -7.489044930923520e-06 2.566060004896865e-06 1.581272973988774e-07
-1.897380288359625e-05 -1.017227018892431e-05 1.889547857259842e-06 1.289056294530794e-06
-2.027759560031014e-05 -1.211703643906842e-05 3.090254205603291e-06 1.663494685049557e-06
-1.864973305859282e-05 -7.603990997157133e-06 3.033563055494437e-06 1.044313071472487e-06
-2.252815489512323e-05 -1.212116727925620e-05 4.955325668809970e-06 6.848996141363100e-07
-2.075103159524732e-05 -9.065830014439312e-06 4.848522466316295e-06 5.045386715656651e-07
-2.028091801034164e-05 -7.591489487409769e-06 4.844919541185372e-06 5.880177821357570e-07
-2.561661298643322e-05 -1.213141792818128e-05 2.076951005394059e-06 1.051013729713482e-06
-2.408526404948508e-05 -9.676967834125572e-06 2.595416207151329e-06 7.170716142326331e-07
-2.252213479143905e-05 -7.581392050139224e-06 3.488788942746639e-06 3.408139846436249e-07
-2.969995926832270e-05 -1.212416185382506e-05 3.430946709892371e-06 -9.466614015402065e-07
-2.766130324343794e-05 -9.849697907751720e-06 3.035962943863234e-06 5.083212724095777e-07
-2.562087356239871e-05 -7.572192314686435e-06 2.064634757575281e-06 -3.881300279697113e-07
-3.393988897865287e-05 -1.212072396178638e-05 2.884258591321879e-06 -6.341458187639007e-07
-3.181935783546058e-05 -9.851639345842806e-06 3.421598045884812e-06 9.241585174040065e-07
-2.969574932442376e-05 -7.574993062662405e-06 3.418500281717614e-06 2.590242400206751e-06
-3.818640986674250e-05 -1.211015655485769e-05 2.166258494472527e-06 1.633729096264833e-06
-3.606725400925604e-05 -9.844359672360396e-06 1.649566282790478e-06 5.942513893525764e-07
-3.394595385013100e-05 -7.575936581254313e-06 2.675670762466291e-06 2.035846605438059e-06
-4.239209236336660e-05 -1.209369647213525e-05 2.401443733153362e-06 -1.985303018127742e-06
-4.029456233584069e-05 -9.845538785277533e-06 3.117195551922030e-06 6.322808110671414e-07
-3.818314988442305e-05 -7.578645763805368e-06 1.980818421058914e-06 -5.371568719327186e-07
-4.657100258061140e-05 -1.207003452357443e-05 1.954080473860539e-06 -7.030183262735234e-07
-4.448818982278491e-05 -9.842496696069679e-06 1.945457631492319e-06 1.224786399380470e-07
-4.239492439577361e-05 -7.594494240702890e-06 2.843141210438706e-06 2.704945464975618e-06
-5.073336386180626e-05 -1.207139109090811e-05 2.316220043701548e-06 2.822857572583603e-06
-4.865071392314287e-05 -9.843113635758112e-06 1.376885141471535e-06 7.727951164818799e-07
-4.656940647085959e-05 -7.615446582615339e-06 1.395114513607219e-06 1.565958246125657e-06
-5.489304463202821e-05 -1.206334543021029e-05 3.271179285291257e-06 9.570394110669523e-07
-5.281706469077555e-05 -9.837738861427393e-06 3.394449969710775e-06 5.986504903727604e-07
-5.073531661043545e-05 -7.610699162857670e-06 2.686241776730462e-06 -1.424900855467984e-06
-5.904035005395721e-05 -1.205944986233450e-05 2.535389173390218e-06 5.490232711125972e-07
-5.696799107536267e-05 -9.831261067653426e-06 2.803669733376375e-06 1.002822584880595e-06
-5.489721788325521e-05 -7.603894898232101e-06 2.772378382658236e-06 7.310723456534694e-07
-6.318501228782317e-05 -1.206497162597577e-05 3.908284350147264e-06 1.917109678108737e-06
-6.111017127411661e-05 -9.840012884666694e-06 3.010693820103313e-06 1.454905597602965e-07
-5.903470880161810e-05 -7.611070653645428e-06 3.269571007456380e-06 5.421435001395985e-07
-7.208931071467874e-05 -1.182420850355430e-05 3.929876936550392e-06 -8.674297298763386e-07
-7.149799506899919e-05 -1.206876108654543e-05 4.194908485343221e-06 -8.105405199048441e-07
-6.504409891737463e-05 -9.840997785827742e-06 4.189859956749303e-06 9.441226413966043e-07
-6.733315239090816e-05 -1.206366198096760e-05 4.946636353383423e-06 2.240494448952516e-06
-6.318583085750706e-05 -7.617572380641563e-06 3.253860564022891e-06 -9.421505588807027e-07
-7.233428474985046e-05 -1.123346659761848e-05 3.808370591082095e-06 -8.209417714317941e-07
-7.093357553282789e-05 -9.840226112985602e-06 5.047206267433255e-06 4.509934322999364e-08
-6.733338774980877e-05 -7.616712933076061e-06 5.343838967683600e-06 -5.358361732993859e-07
-7.233370810274124e-05 -8.447549784012550e-06 4.061542297670570e-06 6.005279571099494e-07
-7.149745284222483e-05 -7.612386003047409e-06 4.575022705029355e-06 7.425898244378656e-07
-7.208872143841391e-05 -7.856909641821640e-06 4.227128067558882e-06 7.408315888509785e-07
