-1.114079312619419e-04 1.583448440885033e-05 3.569432555964931e-05 -4.155602487208555e-06
-1.118449612693821e-04 1.477952670721744e-05 3.586584905338381e-05 -3.735671801129482e-06
-1.118449626162141e-04 9.806078066677592e-06 3.586543318774037e-05 -1.768951851426234e-06
-1.114079319193181e-04 8.751111947361523e-06 3.569412392704875e-05 -1.351644343329879e-06
-1.103528778338736e-04 1.627144214661031e-05 3.527898576254751e-05 -4.330755364138377e-06
-1.083737233079840e-04 1.229279791063829e-05 3.450097957166811e-05 -2.753495785897848e-06
-1.103528751797734e-04 8.314149144218326e-06 3.527981188101441e-05 -1.178054461117650e-06
-1.029237562317317e-04 1.626997016688103e-05 3.230886337954303e-05 -4.384107783213201e-06
-1.029236980379541e-04 8.315426168425638e-06 3.232815854111093e-05 -1.164638255469697e-06
-9.882340634961220e-05 1.229251412256387e-05 3.062680197487702e-05 -2.801852495415643e-06
-9.549945937279499e-05 1.626321735916991e-05 2.928005717641958e-05 -4.424385723499214e-06
-9.549925529137482e-05 8.321251978703337e-06 2.924282346158311e-05 -1.217983721937974e-06
-9.179163512717351e-05 1.229181818876994e-05 2.771390265739442e-05 -2.802069552328287e-06
-8.809277668072554e-05 1.624807804331658e-05 2.595809041323010e-05 -4.318814742981016e-06
-8.809231461756117e-05 8.334667514467332e-06 2.634773880245791e-05 -1.378763508076732e-06
-8.439882213375665e-05 1.229083126991584e-05 2.491449566154026e-05 -2.799945044799534e-06
-8.072117226642797e-05 1.622276899903038e-05 2.297498679051304e-05 -4.158147784480086e-06
-8.072049184983320e-05 8.357802314662298e-06 2.377332077696195e-05 -1.459538145036423e-06
-7.705122531435699e-05 1.228966615802170e-05 2.240486326643676e-05 -2.769566929632960e-06
-7.340436606882927e-05 1.618712770409421e-05 2.051453932475162e-05 -4.046884167420021e-06
-7.340357697335046e-05 8.390742026970502e-06 2.131242746498214e-05 -1.412530598949863e-06
-6.976810821413072e-05 1.228817059777506e-05 1.996717797573003e-05 -2.737307933023560e-06
-6.616074667267397e-05 1.614143523792748e-05 1.846042733559960e-05 -3.952103564041611e-06
-6.615997303702933e-05 8.432966838207932e-06 1.884774023866193e-05 -1.418358925256133e-06
-6.256709414853533e-05 1.228623430217114e-05 1.762886651759652e-05 -2.727086149940632e-06
-5.900775875007052e-05 1.608562007383513e-05 1.659228029996802e-05 -3.847405086065707e-06
-5.900707439468587e-05 8.484628318260605e-06 1.654971567096974e-05 -1.553558633761793e-06
-5.546552788731304e-05 1.228405157546680e-05 1.550762190142830e-05 -2.711893493009615e-06
-5.196431575635163e-05 1.601850063220169e-05 1.452209959713210e-05 -3.761700925698929e-06
-5.196365649254308e-05 8.547512751834101e-06 1.453304404107883e-05 -1.686967925006135e-06
-4.848393448813449e-05 1.228197621551493e-05 1.358452213013196e-05 -2.726254643272836e-06
-4.505308523356459e-05 1.593785486428868e-05 1.267866430766872e-05 -3.698844054371034e-06
-4.505241789723886e-05 8.624040715611157e-06 1.266841302870450e-05 -1.732794436805410e-06
-4.164745651950571e-05 1.227981263198903e-05 1.177022293547367e-05 -2.702729480105125e-06
-3.830092701690302e-05 1.584075914488915e-05 1.088412019371293e-05 -3.654540031251180e-06
-3.829989058940854e-05 8.717041016267918e-06 1.087408665822056e-05 -1.721396717669435e-06
-3.511713417055358e-05 1.227677560833064e-05 1.002397984413524e-05 -2.674341196438725e-06
-3.200036529171896e-05 1.572714628209788e-05 9.150597435226659e-06 -3.659984437589968e-06
-3.199872423221145e-05 8.830325024043219e-06 9.143753607053858e-06 -1.667803936197550e-06
-2.968091871971315e-05 1.253814915330753e-05 8.472630730197012e-06 -2.735558107825023e-06
-2.738014962364254e-05 1.561944240502479e-05 7.745813315220820e-06 -3.686021321753996e-06
-2.737635693558486e-05 8.938031621745387e-06 7.744185268511877e-06 -1.625369854657080e-06
-2.411990660808205e-05 1.552328649365765e-05 6.693418333558723e-06 -3.664578037199958e-06
-2.472689599071304e-05 1.339337075802313e-05 6.889149181876952e-06 -2.997891118955210e-06
-2.411392104798887e-05 9.008192936417159e-06 6.682198035962897e-06 -1.633244617195746e-06
-2.180111016206377e-05 9.084961623270394e-06 5.933409279810506e-06 -1.677905216250530e-06
3.214766051703556e-06 7.301932008480986e-07 -7.973244247176894e-07 3.749665668339824e-07
3.279002818284187e-06 5.755912718424702e-07 -8.227492741186255e-07 4.359540399048712e-07
3.278619980174674e-06 1.747754458033135e-10 -8.232377558480696e-07 6.634909031228876e-07
3.214736354499197e-06 -1.520752501553462e-07 -7.981781359937042e-07 7.237571379664405e-07
-2.179504436538399e-05 1.545428002000368e-05 5.931661743834242e-06 -3.622749601934594e-06
-1.974544898959350e-05 1.527408443855237e-05 5.301007821299324e-06 -3.535388513742018e-06
-2.130761123775534e-05 1.147778678590972e-05 5.764633460621918e-06 -2.403975744456903e-06
-1.972160556729548e-05 8.988006116106561e-06 5.281391699227150e-06 -1.694847116043404e-06
3.060864380150156e-06 7.941995409057987e-07 -7.364187391653340e-07 3.498089829432875e-07
2.905919130734511e-06 1.632352357630644e-07 -6.741684866589851e-07 5.987521331620173e-07
3.062335452658382e-06 -2.154973074090125e-07 -7.379218726948993e-07 7.484546968526713e-07
-1.907693173652527e-05 1.332329580644023e-05 5.085388790778878e-06 -2.942238575340842e-06
-1.776048706869289e-05 1.484994181885843e-05 4.729047592660237e-06 -3.358023329247283e-06
-1.588162422969735e-05 1.423195743711928e-05 4.236054068768826e-06 -3.150462647743715e-06
-1.846066216693597e-05 1.069396534044624e-05 4.905184938476343e-06 -2.194588269064738e-06
-1.777167346477508e-05 8.568713848823653e-06 4.725385297731648e-06 -1.647215820272209e-06
2.018114425540995e-06 8.118891457188142e-07 -3.195395804333177e-07 3.401726066656142e-07
2.017750105760308e-06 -2.323159377280825e-07 -3.239374193568496e-07 7.399298366275451e-07
1.477796209532529e-06 2.904701826181601e-07 -1.142532940354785e-07 5.298222731187009e-07
-1.413832301628552e-05 1.339885476648407e-05 3.819446179977149e-06 -2.887111438442892e-06
-1.561624687314453e-05 1.226184930500426e-05 4.156313547444102e-06 -2.610690764503983e-06
-1.625708929612073e-05 9.836818515567162e-06 4.330946994394785e-06 -1.991025721933588e-06
-1.598850133499950e-05 7.857832328031202e-06 4.277059967465493e-06 -1.531880082747496e-06
8.926829266030363e-07 9.086412121691552e-07 1.024229741238992e-07 3.044493323169494e-07
8.934158110490295e-07 -3.255725643414444e-07 9.307071361954162e-08 7.259593057508726e-07
2.289333602623301e-07 2.926590078992564e-07 3.184841732614122e-07 4.978986706346554e-07
-1.252708843664982e-05 1.240764114969408e-05 3.466444632569250e-06 -2.627869535802470e-06
-1.109390979554995e-05 1.127628103742984e-05 3.179290664119929e-06 -2.360716961762042e-06
-1.403446091446261e-05 9.467852003672199e-06 3.817258788786553e-06 -1.924996844854918e-06
-1.441768603111095e-05 6.877472948130080e-06 3.930674631877105e-06 -1.340259048943957e-06
-5.322999526756562e-07 1.117090250902436e-06 5.597166231359205e-07 2.335252769364250e-07
-5.316689436751648e-07 -5.294098245946928e-07 5.473589881977566e-07 7.214546792154238e-07
-1.145860215451684e-05 9.576171029850802e-06 3.268357041231219e-06 -1.969891641967591e-06
-9.845153851487222e-06 1.000290647741585e-05 2.920090201736661e-06 -2.069811831128388e-06
-1.205735035017168e-05 7.706692544272889e-06 3.419761111844393e-06 -1.547075073351805e-06
-1.309388933892994e-05 5.704096145392471e-06 3.670154225518191e-06 -1.089140964648541e-06
-1.368672213083905e-06 2.952175612161600e-07 7.931951249134948e-07 4.571036191541114e-07
-2.362720878964388e-06 1.417538837404109e-06 1.071329258668610e-06 1.295637117159509e-07
-2.360232548209236e-06 -8.270588451343343e-07 1.056905471738416e-06 7.420869211747984e-07
-8.758051244622527e-06 8.634935181102407e-06 2.694552204985704e-06 -1.778608269811758e-06
-7.885807426009043e-06 7.225529080538714e-06 2.493657861034615e-06 -1.455739489070351e-06
-7.214006423714762e-06 5.747182378283885e-06 2.319440020625459e-06 -1.103944610736699e-06
-1.084334443826712e-05 6.058922092459359e-06 3.178775226787437e-06 -1.181001591640388e-06
-1.204009030672061e-05 4.398912428358780e-06 3.472443190517604e-06 -7.715297181884844e-07
-3.160210707786217e-06 3.008794374464469e-07 1.278967701771144e-06 4.179661229964412e-07
-4.138421601556906e-06 1.712488196479987e-06 1.542694634718971e-06 2.590876204670238e-08
-4.138439034707293e-06 -1.131630793017769e-06 1.530172318735126e-06 7.853647381120819e-07
-8.680554926912151e-06 5.738187408953086e-06 2.684780900762158e-06 -1.107438111876752e-06
-6.713116592998445e-06 4.248425974859140e-06 2.188612097486884e-06 -7.153180172770180e-07
-5.737867665400295e-06 1.961442792695465e-06 1.949545200638717e-06 -6.196366015133522e-08
-6.195710100945587e-06 2.214300725813329e-06 2.059919522413612e-06 -1.398844920164693e-07
-6.430452343800367e-06 2.735726158959574e-06 2.114156744985039e-06 -2.960172677198664e-07
-1.000403880527879e-05 4.210180276301136e-06 3.006843870781316e-06 -7.202843234378711e-07
-1.125368186251526e-05 3.023498168324226e-06 3.324534468090995e-06 -4.005889704747825e-07
-5.016341371081201e-06 5.104097839981946e-07 1.767214417023868e-06 3.323031215982153e-07
-5.767429227424509e-06 -1.353110349472897e-06 1.974926213030480e-06 8.243346434697370e-07
-7.731482034649449e-06 3.194414712259848e-06 2.451158082993622e-06 -4.342430768286280e-07
-6.239169285115196e-06 1.210070708958865e-06 2.078336212300474e-06 1.360593490168371e-07
-6.782948198799371e-06 2.035044376725918e-06 2.209113627157514e-06 -9.556883558010998e-08
-9.414663811191933e-06 2.599616931243324e-06 2.872188554852036e-06 -2.757820529605262e-07
-1.075534778858706e-05 1.640520147304694e-06 3.220236616698188e-06 -1.541775341014274e-09
-6.291851848989418e-06 -4.008191442565245e-07 2.109212358226980e-06 5.687054365061133e-07
-6.240417619374533e-06 -1.593128202613388e-06 2.119279983924719e-06 8.842457731063610e-07
-8.047936856473424e-06 8.562725061649684e-07 2.533067051955287e-06 2.319403617473322e-07
-1.057251189410028e-05 2.734279776732622e-07 3.170556608426124e-06 3.963149796044415e-07
-1.066698282047479e-05 -1.054089062606458e-06 3.151698435086172e-06 7.596491908856936e-07
-7.255234074753182e-06 -1.276600618061831e-06 2.373997527152349e-06 8.100547777485457e-07
-6.519154694886397e-06 -2.101814222666100e-06 2.211705219788948e-06 1.002741523938994e-06
-6.866384117365316e-06 -3.493764896508066e-06 2.352354900706745e-06 1.301346160024221e-06
-9.346026671220245e-06 -1.232668166804963e-06 2.854750894691338e-06 8.208809559172941e-07
-7.373212431171855e-06 -4.827192481873356e-06 2.529537403666743e-06 1.511095411482495e-06
-1.104269263190485e-05 -2.387855630262398e-06 3.166022710351202e-06 1.102725887086731e-06
-8.128880377399371e-06 -3.547229252278073e-06 2.629455224427743e-06 1.335619834469198e-06
-9.973150630967422e-06 -3.651057333059250e-06 2.960242847132047e-06 1.367848285285553e-06
-8.029802863209462e-06 -6.092957283881966e-06 2.702079162128468e-06 1.683168951301880e-06
-1.166298776984247e-05 -3.652585809903699e-06 3.178649950335867e-06 1.377936950183199e-06
-1.112183830245265e-05 -4.888438562073660e-06 3.085156600463709e-06 1.570939882444374e-06
-9.865846045623606e-06 -5.657755952259668e-06 2.963753962895303e-06 1.652967653941089e-06
-8.828910257996100e-06 -7.287684244775537e-06 2.868656055646198e-06 1.758037655261923e-06
-9.770316331678741e-06 -8.392814312676819e-06 2.980117527623527e-06 1.767570016865409e-06
-1.251212267613947e-05 -4.812311543916430e-06 3.153535333283391e-06 1.587753799279479e-06
-1.188419424189499e-05 -6.263413781690289e-06 3.111744689252957e-06 1.700447051669106e-06
-1.114800013189992e-05 -7.951473834321615e-06 3.081390794628708e-06 1.751173695463281e-06
-1.083511656061558e-05 -9.394163824862844e-06 3.070824813171718e-06 1.716015274835151e-06
-1.356088622330533e-05 -5.823545236833176e-06 3.096250833681936e-06 1.716644246760887e-06
-1.323823404984160e-05 -7.938307475399462e-06 3.081268473174302e-06 1.732179781275648e-06
-1.201779755895388e-05 -1.026992806148893e-05 3.093959679663123e-06 1.646745585835923e-06
-1.330574959556604e-05 -1.101277246614696e-05 3.041278240756177e-06 1.546603166320014e-06
-1.467684310480199e-05 -1.161230820869381e-05 2.954696459121589e-06 1.436936676037484e-06
-1.479225068179162e-05 -8.389250903010833e-06 2.973187778444394e-06 1.711235715830679e-06
-1.478311508308556e-05 -6.652162498207602e-06 2.993970836728235e-06 1.774792733186456e-06
-1.448425944325308e-05 -1.011484738393233e-05 2.992187096932045e-06 1.591931105741663e-06
-1.611905546454696e-05 -1.204977063307631e-05 2.802447233676298e-06 1.354432196268930e-06
-1.761233475104007e-05 -1.232394383903048e-05 2.624724614367169e-06 1.295661484077492e-06
-1.603158276193436e-05 -8.776251843455265e-06 2.842712636302308e-06 1.688465692018435e-06
-1.614728355461002e-05 -7.261408103767176e-06 2.834439256166234e-06 1.808397196091254e-06
-1.913259830502282e-05 -1.242552717758525e-05 2.423155083126041e-06 1.268275401329013e-06
-1.743692276921943e-05 -1.018395836540877e-05 2.664044161052104e-06 1.545841089042334e-06
-1.761072226024346e-05 -7.629293323681717e-06 2.641648755043408e-06 1.827617024130463e-06
-1.946776873247417e-05 -1.041261952305277e-05 2.377786466967026e-06 1.517043084690837e-06
-2.082156522178683e-05 -1.244314788430977e-05 2.189183668373218e-06 1.268039515661337e-06
-1.912795813867004e-05 -7.746525508953961e-06 2.430839953567694e-06 1.838559359197054e-06
-2.316007887743969e-05 -1.246061701505030e-05 1.874818618200472e-06 1.286391748287508e-06
-2.130752964408711e-05 -9.264117659327766e-06 2.116697823140956e-06 1.661183856317437e-06
-2.082094420041100e-05 -7.728254937542922e-06 2.184568361381611e-06 1.855700868215892e-06
-2.640952994841119e-05 -1.248745684825986e-05 1.501394544616643e-06 1.347426039042896e-06
-2.479411424054703e-05 -9.897053597676822e-06 1.665800887873371e-06 1.593729411913102e-06
-2.316093750541594e-05 -7.704470852760723e-06 1.870864044402720e-06 1.849845829579701e-06
-3.074934605510054e-05 -1.251629936661486e-05 1.153182361823683e-06 1.449752758224044e-06
-2.857120051241789e-05 -1.008267415150691e-05 1.297540992947474e-06 1.588835411096864e-06
-2.641009228703301e-05 -7.677241284127267e-06 1.495566446133323e-06 1.811163457779469e-06
-3.532088825472220e-05 -1.254101855879970e-05 9.635266055255844e-07 1.560119590738873e-06
-3.302743872283725e-05 -1.008153967858950e-05 1.025787324354617e-06 1.607640120304209e-06
-3.074972806921588e-05 -7.647610837878602e-06 1.146984278302740e-06 1.745815720727953e-06
-3.993651438872061e-05 -1.256275159604964e-05 9.436060875867613e-07 1.660493713362933e-06
-3.762180819398430e-05 -1.008064984018673e-05 9.237678128852670e-07 1.627553083444941e-06
-3.532117114318260e-05 -7.621134307350304e-06 9.570482621317166e-07 1.675071888491770e-06
-4.459178365115781e-05 -1.258223408168129e-05 1.061886224254258e-06 1.734274241912986e-06
-4.225793998739995e-05 -1.007987733130021e-05 9.811074402227806e-07 1.646770055293894e-06
-3.993676372643257e-05 -7.597754635298923e-06 9.373731985018146e-07 1.614031409290555e-06
-4.928275773747916e-05 -1.259961790043298e-05 1.253724162634093e-06 1.764749812762375e-06
-4.693169844562583e-05 -1.007922808055672e-05 1.150085375735880e-06 1.664279840143635e-06
-4.459199237788632e-05 -7.576850758925797e-06 1.056219652589557e-06 1.577120265437424e-06
-5.400522446756152e-05 -1.261454597888410e-05 1.426147606958319e-06 1.743361325932678e-06
-5.163918796557705e-05 -1.007870360770446e-05 1.349394719817627e-06 1.679388991195297e-06
-4.928292589989003e-05 -7.558293675781392e-06 1.248848906110435e-06 1.579349157737912e-06
-5.875383573964376e-05 -1.262640901915214e-05 1.483024011676626e-06 1.677788397301834e-06
-5.637572006593257e-05 -1.007829746873914e-05 1.478769694952504e-06 1.691743409094396e-06
-5.400535425864511e-05 -7.542436613619579e-06 1.422174825252422e-06 1.628233430250908e-06
-6.352201256515937e-05 -1.263476937146938e-05 1.361310768108286e-06 1.591774631683623e-06
-6.113527024883871e-05 -1.007799729204185e-05 1.452818012058243e-06 1.701285449870548e-06
-5.875393133591772e-05 -7.529869573017287e-06 1.479967040413482e-06 1.715692713917726e-06
-6.830267111318546e-05 -1.263971476323913e-05 1.057638168825385e-06 1.514802013757613e-06
-6.591084048466389e-05 -1.007778813998102e-05 1.235697287155626e-06 1.708166587999756e-06
-6.352207891360364e-05 -7.521002324838370e-06 1.359115542308272e-06 1.818095254861003e-06
-7.855851833427622e-05 -1.236060968925680e-05 6.186541866484994e-08 1.485662760082970e-06
-7.787844024805365e-05 -1.264229734262747e-05 1.304074664923485e-07 1.457599525501551e-06
-7.044637489101553e-05 -1.007766055654933e-05 8.762767331140755e-07 1.712469168927458e-06
-7.308968895381745e-05 -1.264189521174636e-05 6.212079411051979e-07 1.468240902552691e-06
-6.830271328056136e-05 -7.515716960435047e-06 1.056208077774620e-06 1.906391759047046e-06
-7.884021727779000e-05 -1.168054734518542e-05 3.342901881429748e-08 1.553697065856504e-06
-7.723087882361829e-05 -1.007757661591776e-05 1.983620518046502e-07 1.715346481749489e-06
-7.308970812615265e-05 -7.513336896155420e-06 6.205471557258971e-07 1.959739852802031e-06
-7.884021812023574e-05 -8.474603526915906e-06 3.339949234759185e-08 1.877078127112257e-06
-7.787844686838076e-05 -7.512861867429973e-06 1.301789319844364e-07 1.972888533576711e-06
-7.855852079228174e-05 -7.794546665941276e-06 6.177971635776639e-08 1.944923416644837e-06
