8.273475300352455e-05 -1.067148631651393e-05 1.765725080610085e-05 -2.789597018386425e-06
8.307487075385864e-05 -9.850137563647643e-06 1.731691038023718e-05 -3.201551588607712e-06
8.307492692873697e-05 -5.979798453972413e-06 1.720894827645222e-05 -5.411270830856629e-06
8.273482737304644e-05 -5.158540252948716e-06 1.750871356240612e-05 -5.657117431088086e-06
8.191360941435374e-05 -1.101179001903787e-05 1.839794640099604e-05 -2.710871795141795e-06
8.037314841446366e-05 -7.915062070813248e-06 1.911370515601079e-05 -4.146012548610304e-06
8.191373653299719e-05 -4.818287773002252e-06 1.813973477940412e-05 -5.645826359791413e-06
7.612660177480689e-05 -1.101459894505037e-05 1.805114204161659e-05 -4.549181881969899e-06
7.612700772503784e-05 -4.816658737752409e-06 1.729363724594909e-05 -2.068427899962584e-06
7.293179082346922e-05 -7.915876588943693e-06 1.590133352351634e-05 -2.923640319948014e-06
7.034203963538991e-05 -1.100733852505758e-05 1.581958995840417e-05 -3.145234469032451e-06
7.034186086304910e-05 -4.823932912023311e-06 1.644625879733980e-05 -3.543118474535195e-06
6.745271515398771e-05 -7.914748173791810e-06 1.622236069418021e-05 -3.755117042218466e-06
6.457155196150381e-05 -1.099202797699342e-05 1.323411421540703e-05 -7.770603138469731e-06
6.457253481241659e-05 -4.836891244286352e-06 1.383972643428347e-05 -6.971539977883968e-07
6.169606824095149e-05 -7.914077408753589e-06 1.092503207763502e-05 -4.497098390005571e-06
5.882846841876047e-05 -1.097790518205536e-05 1.265302290235895e-05 -3.536106484948478e-06
5.882884895943643e-05 -4.848825735865077e-06 1.234756032209641e-05 -4.519866412289866e-06
5.597025549099146e-05 -7.912151833980618e-06 1.350199732371190e-05 -3.470212046137989e-06
5.313490910365395e-05 -1.094155823411926e-05 1.277446420755307e-05 -4.020326088359472e-06
5.313502724076665e-05 -4.879360858901974e-06 1.349931856964315e-05 -2.349714024317864e-06
5.031138324856818e-05 -7.909145321742079e-06 1.080806822537629e-05 -3.471763109707834e-06
4.751029996614779e-05 -1.089921919095659e-05 9.571872122547974e-06 -3.620290896629170e-06
4.751073527077245e-05 -4.914966649752466e-06 9.434342961765392e-06 -3.226942404105645e-06
4.472286277551862e-05 -7.906423184582917e-06 8.479403574840858e-06 -3.482540299920543e-06
4.197173907299530e-05 -1.083825011152513e-05 7.641572454542919e-06 -4.175250912199890e-06
4.196953656271097e-05 -4.970499326550807e-06 8.621116945075036e-06 -3.823041753704395e-06
3.923752080640487e-05 -7.903096778875402e-06 8.239702726902561e-06 -3.912072056798887e-06
3.655098381250898e-05 -1.076251707139493e-05 8.979562298789590e-06 -4.039368250325524e-06
3.655233225916514e-05 -5.044205584960979e-06 8.214762597820510e-06 -2.810963500205685e-06
3.389435660824679e-05 -7.902540083803641e-06 8.865174004728636e-06 -2.967470885019765e-06
3.129545567400584e-05 -1.066756168954143e-05 7.460012807793316e-06 -5.086315858755032e-06
3.129393502667105e-05 -5.133284110163205e-06 7.902778838977218e-06 -1.215953229689211e-06
2.871938336841959e-05 -7.898620529848074e-06 6.420935165885176e-06 -3.575838227032576e-06
2.620554697614563e-05 -1.056341921874243e-05 7.726430013852737e-06 -4.752220834469144e-06
2.620353132959478e-05 -5.232656170868537e-06 6.098033519729400e-06 -2.904373096003117e-06
2.382781634184169e-05 -7.896943609593705e-06 7.737047469136637e-06 -2.467885869933490e-06
2.152987728477634e-05 -1.043834540007173e-05 6.196312076198669e-06 -3.120953711107275e-06
2.153156533909876e-05 -5.366140215059731e-06 8.620494184293280e-06 -3.363085423708689e-06
1.982827314005832e-05 -8.089915269448105e-06 6.232358613498081e-06 -4.054413661963898e-06
1.815591157810410e-05 -1.032568064088829e-05 6.186906988016072e-06 -3.482511250939075e-06
1.815079082024266e-05 -5.472798919907894e-06 5.076781092569661e-06 -3.882053922063377e-06
1.579835579227279e-05 -1.022834126842044e-05 5.872328047820511e-06 -4.362897874157008e-06
1.622935495762289e-05 -8.699659260532251e-06 6.265950294828374e-06 -2.898774602229740e-06
1.579678992568094e-05 -5.548233900478347e-06 5.841062444220808e-06 -4.670156835691750e-06
1.414112113755926e-05 -5.625092308166864e-06 4.881608929735286e-06 -1.489153211297145e-06
-1.906475323160313e-06 -3.159023425330002e-07 -1.419558218394570e-05 -1.076584630171292e-05
-1.946344605423141e-06 -2.471162355267785e-07 -4.949278556370215e-05 4.482124306147746e-05
-1.954569389522564e-06 4.955064836677716e-08 -1.856014429217498e-06 1.667954821988489e-05
-1.906120923253182e-06 1.729102403930767e-07 4.374074809286811e-05 -2.412456581131546e-05
1.412892471608409e-05 -1.016113559166399e-05 4.898918542688630e-06 -5.039768938362816e-06
1.267464927200685e-05 -1.001918335688763e-05 6.178010687064272e-06 -2.808781877484559e-06
1.377991198155704e-05 -7.331279450200600e-06 6.291095390894121e-06 -3.143231178374619e-06
1.264894346239789e-05 -5.576282298707772e-06 4.323272020778619e-06 3.343771145047680e-07
-1.807831837452527e-06 -3.434756633699567e-07 8.705941233304556e-05 -4.723678129555633e-05
-1.614251822546459e-06 -7.284850793475315e-08 -4.878422569525948e-05 8.484435006881079e-06
-1.778798666867190e-06 2.209690307408354e-07 7.492221586321416e-05 -3.442868468927264e-05
1.219612884378339e-05 -8.633998227528617e-06 5.257406186248911e-06 -4.686160500379404e-06
1.128083117221664e-05 -9.698461218219923e-06 6.819675224836279e-06 -9.714063572533285e-07
9.971891116023455e-06 -9.244061030765529e-06 5.984325032389582e-06 -1.643003203662003e-06
1.175391076670760e-05 -6.781201702851592e-06 4.060019011861044e-06 -2.097912726347653e-06
1.127189348440671e-05 -5.310323730582167e-06 5.175558207244407e-06 -4.267903094788333e-06
-1.188889691349737e-06 -3.872062682161390e-07 -6.938074936413581e-07 9.220306793659833e-06
-1.184605338869612e-06 2.094968791795414e-07 1.761396134534691e-05 6.814950060254104e-06
-8.695239539584160e-07 -9.814705177821172e-08 -1.866716109752487e-05 -3.042634735080038e-05
8.775184761603669e-06 -8.639066853692919e-06 5.973204192637960e-06 -2.093367822595424e-06
9.778633488338259e-06 -7.863073752209654e-06 5.966001253972982e-06 -3.390312502629902e-06
1.021970967995070e-05 -6.194507454699408e-06 5.979179301982043e-06 -4.059101182153946e-06
1.003400350183935e-05 -4.855036975241709e-06 4.543529535479897e-06 -6.530699811790375e-06
-5.175820965571108e-07 -4.307922194540263e-07 1.186917627482901e-05 1.544142910652535e-05
-5.297681738800294e-07 2.929083000370490e-07 2.025946754755742e-06 1.337089832803393e-05
-1.392301343993998e-07 -1.085092753495471e-07 -4.897166706492404e-06 -2.709433721338945e-05
7.684155317885839e-06 -7.945879066401873e-06 4.926495559885395e-06 -4.582740043399191e-07
6.726677583959010e-06 -7.171586355717529e-06 1.245839052389350e-06 -3.571440163406796e-06
8.702925234865995e-06 -5.950916154123707e-06 5.250287145589066e-06 -2.382173743840602e-06
8.957060613184152e-06 -4.213237394415956e-06 7.471830047513433e-07 -3.214123226030526e-06
3.132213435508847e-07 -5.622293017670661e-07 1.013301372373793e-06 6.583370155680908e-06
3.145169768649892e-07 4.256997842540819e-07 1.840503430840284e-06 1.719385880393749e-05
6.973306037442556e-06 -6.022074587489678e-06 2.182987965164422e-06 -4.256412974995126e-06
5.907802382422112e-06 -6.307509812505950e-06 3.306414817009076e-06 -6.421377263992443e-06
7.375995420442709e-06 -4.771644042081347e-06 1.552708501056057e-06 -2.149065043388401e-06
8.058542797074911e-06 -3.450561326532755e-06 5.892510725649045e-06 -5.399172017807361e-06
7.996424980102060e-07 -8.227120632530457e-08 -7.265539573433779e-06 -2.348598648494483e-05
1.401702831940940e-06 -7.489319841956142e-07 8.287225527416746e-06 1.222547702126845e-05
1.391073819588196e-06 5.923735517022778e-07 3.899560447273433e-06 1.126496626444870e-05
5.201988420940048e-06 -5.391425135403158e-06 5.717389606737237e-06 -3.473762813692439e-06
4.651925267825623e-06 -4.455754976707493e-06 4.341278335457025e-06 -2.810568961153731e-06
4.242657287771818e-06 -3.483152698945461e-06 5.256070652972725e-07 -3.197828592462588e-06
6.574555872195221e-06 -3.684297291120783e-06 3.505414299245036e-07 -3.630625360018339e-06
7.347958183920316e-06 -2.614923783081429e-06 6.003305427492002e-06 -3.466495139003040e-07
1.868266830270895e-06 -8.099242942469036e-08 7.935733462332851e-06 7.742681803085281e-06
2.444571879181894e-06 -9.447693512511010e-07 -7.346848243281072e-06 -1.291759720458319e-05
2.454730241144460e-06 7.581724120627493e-07 -6.954197122832995e-06 8.865437400638969e-08
5.173320637052558e-06 -3.473579250167684e-06 6.012084084561504e-06 -1.238434731474704e-06
3.941141417710790e-06 -2.522303732200468e-06 -9.123678567832284e-07 -5.341242843078799e-06
3.403225654058149e-06 -1.082068059818536e-06 4.647837025836189e-06 -1.014293469347882e-05
3.658564093435995e-06 -1.228779524376330e-06 -9.127648991704038e-07 -3.746662229623212e-06
3.781369149630470e-06 -1.551331186612513e-06 -4.273286062185332e-06 1.075046652778999e-06
6.019678499814861e-06 -2.494410239200031e-06 -1.319195134498790e-07 -1.712538411342686e-06
6.819067781217906e-06 -1.737188067255937e-06 5.825122365095061e-06 -4.895884061944271e-07
2.981390794818984e-06 -2.193032326697176e-07 3.003316451282391e-06 1.283617696213571e-05
3.437634343393294e-06 9.079341419649481e-07 6.415751027832207e-06 -1.110054859568475e-05
4.591913617865460e-06 -1.848343936990398e-06 9.527862716499405e-06 2.936993073975319e-07
3.703260195355868e-06 -6.346002161243638e-07 2.636439564954196e-06 4.037967586646320e-07
4.007631012652824e-06 -1.120868975431202e-06 3.926006367179616e-08 8.095542897954351e-07
5.648193637615182e-06 -1.481727511266866e-06 9.686739728167955e-07 -3.342159650508141e-06
6.478850160723469e-06 -8.768909898024418e-07 5.230218077316996e-06 6.289426703254404e-06
3.758530766054930e-06 3.300204061504096e-07 -2.016622418696910e-06 2.498282178231198e-06
3.727712611805390e-06 1.056738954746851e-06 5.914496163588250e-06 -6.413598756588284e-06
4.797709043393223e-06 -4.125455479595820e-07 2.581117617853201e-06 -4.422701951135890e-06
6.329875594232690e-06 -4.250522409801877e-08 2.941610058294414e-06 1.628814946904507e-06
6.346356627360931e-06 7.344895424286564e-07 -2.927792459968593e-06 -8.231563340252087e-07
4.352115067518376e-06 8.628606329308669e-07 2.685023050266115e-06 4.312205424814967e-06
3.899092961889741e-06 1.356847243537702e-06 7.800534359151127e-06 -4.140505824675170e-07
4.125983895830379e-06 2.145265620051662e-06 7.704347613589050e-07 5.452015387399027e-07
5.572926013458588e-06 8.443381546046708e-07 6.884428793505828e-06 -6.341529399839107e-07
4.456254261108972e-06 2.883174984198725e-06 -6.687053804385339e-07 1.046853887907167e-06
6.540156380034979e-06 1.518836995694242e-06 -5.972144927771477e-06 3.273193274623350e-06
4.881175850618160e-06 2.176193822077173e-06 -2.306944260535647e-07 -1.017248512758470e-06
5.918191386988566e-06 2.239756920120096e-06 9.558010969665030e-06 -3.712230084635791e-06
4.852833275262028e-06 3.578462496764027e-06 9.888399510362642e-06 5.063215546534257e-06
6.853839523397523e-06 2.240143783183918e-06 1.238486134119226e-06 8.815631147114174e-06
6.537535535903646e-06 2.924046207779851e-06 7.910304727025421e-06 -7.688289161082361e-08
5.852414252770330e-06 3.341064373559048e-06 8.423319144858525e-07 4.804459248549256e-06
5.290710490000074e-06 4.209392066031233e-06 1.881095512999395e-06 -2.892470739520242e-06
5.811316243462723e-06 4.778265491359422e-06 3.035782772501650e-06 4.895908740121011e-06
7.276121796378386e-06 2.885466206947304e-06 1.478513120088156e-06 1.799533652200987e-06
6.936940587673810e-06 3.665678682577049e-06 4.563105468331071e-06 3.092758680235116e-06
6.552977400870428e-06 4.544966533335573e-06 3.319928304593101e-06 5.670700902652602e-06
6.391737875994777e-06 5.277379903571636e-06 5.903607968098928e-06 4.176631388773943e-06
7.801503387501674e-06 3.447964654239222e-06 5.150560507240055e-06 1.973222467269585e-06
7.630538446851813e-06 4.534985573268243e-06 4.217764912780383e-06 3.622376742299958e-07
7.004764309275837e-06 5.708929666533027e-06 6.598046296214576e-06 1.203169262521088e-06
7.656234927917856e-06 6.062542685995195e-06 7.234685893414742e-06 7.108759944067226e-06
8.335261357884376e-06 6.325190578855475e-06 5.017330894081799e-06 8.103243987404465e-06
8.399501255629300e-06 4.765488313523730e-06 7.402181049268772e-06 3.190128910740467e-06
8.397635878835695e-06 3.896526158779156e-06 6.236776683229524e-06 1.254429810294328e-06
8.250477906150199e-06 5.613597054390377e-06 6.464769264954666e-06 6.477633214714882e-06
9.028148709061247e-06 6.511070236279154e-06 4.935064504917861e-06 6.375028305895702e-06
9.729990582921572e-06 6.618867908943037e-06 4.949734656048946e-06 5.043640673326480e-06
8.996800160970438e-06 4.959939287616089e-06 7.488175021508300e-06 4.276719594914545e-06
9.048627118773186e-06 4.226958193374851e-06 8.486895020665345e-06 5.785759200371036e-06
1.043421262954192e-05 6.648569714539533e-06 6.328844072371400e-06 5.762909071510383e-06
9.659222668921899e-06 5.626769336297193e-06 5.535897868549138e-06 4.262801765643515e-06
9.735386859872381e-06 4.431328910892746e-06 5.225530611658159e-06 3.794475456903994e-06
1.058931434330730e-05 5.729004948524765e-06 9.095876402767797e-06 3.899566534797807e-06
1.119684108179039e-05 6.637588230680662e-06 1.122630415641867e-05 5.021686393063847e-06
1.043437271590929e-05 4.503705297877484e-06 9.277693753598335e-06 2.671728204486969e-06
1.223730730570631e-05 6.631474251426917e-06 1.060927641791637e-05 4.718174257333663e-06
1.141651543748396e-05 5.209664411414092e-06 9.173004171800814e-06 3.249772289627667e-06
1.119298356253929e-05 4.513935770891894e-06 8.925988914689702e-06 2.571558463826780e-06
1.365866587320788e-05 6.620661879901401e-06 1.259051404445823e-05 5.651196431848504e-06
1.295839639911732e-05 5.496665893878355e-06 1.105915823803422e-05 3.881697958985246e-06
1.223726532459449e-05 4.525040853899954e-06 9.213811417497335e-06 2.488101533763794e-06
1.550155005796874e-05 6.603501407640411e-06 1.534423342221745e-05 5.727872776475231e-06
1.458673555454573e-05 5.578642146487057e-06 1.383597273198866e-05 3.327538218766308e-06
1.365724546187109e-05 4.536937571501871e-06 1.273533571865648e-05 2.669985030255652e-06
1.739612986877345e-05 6.589882173920431e-06 1.606057007814770e-05 5.457176870231394e-06
1.645342354987944e-05 5.574896232084457e-06 1.586828816361308e-05 4.610754957991335e-06
1.550739981970114e-05 4.549502633321621e-06 1.436238115528552e-05 1.326494903816853e-06
1.927150856316416e-05 6.577273087731145e-06 1.920391906294347e-05 4.215405667974473e-06
1.833399806397519e-05 5.580995990298950e-06 1.783592465371661e-05 3.206708647618395e-06
1.738993382574497e-05 4.567892408171117e-06 1.763480820719138e-05 2.514750157959689e-06
2.112680487057322e-05 6.548097751399375e-06 2.230151589243529e-05 4.958122606953965e-06
2.020963009992415e-05 5.574675998770326e-06 2.002875144168899e-05 4.254255315293596e-06
1.927586043281597e-05 4.578772028726165e-06 1.771748656675350e-05 3.862766321088743e-06
2.293630971610860e-05 6.539053834410539e-06 2.388510969922974e-05 4.703051712531872e-06
2.203513163004383e-05 5.574657499355496e-06 2.380783685896737e-05 4.231328278346900e-06
2.112674941502048e-05 4.600507470464090e-06 2.247238497628733e-05 3.348326099685708e-06
2.472325765025102e-05 6.525210995911836e-06 2.725280943286813e-05 5.046739585808761e-06
2.383425575083029e-05 5.573722532956689e-06 2.516145794635918e-05 3.850353676579492e-06
2.293702973898752e-05 4.609481616402322e-06 2.452789189490424e-05 3.973083793398257e-06
2.646963380401012e-05 6.502103093148068e-06 2.995576070454094e-05 5.524162540144755e-06
2.560345299446683e-05 5.577838384350357e-06 2.857034280276436e-05 3.740977489292061e-06
2.472081377295819e-05 4.625012908822986e-06 2.695228721115738e-05 2.306767811665598e-06
2.818512757624932e-05 6.490394443847722e-06 3.496850261575382e-05 7.826553043285940e-06
2.733194916620729e-05 5.578841773653921e-06 3.209222464245071e-05 4.129974689174717e-06
2.646958197395793e-05 4.655922920728857e-06 2.976361418218527e-05 2.276520336719851e-06
2.986516405846263e-05 6.475716677086454e-06 3.443389968332017e-05 4.854190798558702e-06
2.903062048688302e-05 5.575126311464993e-06 3.594364299311073e-05 3.582660439308355e-06
2.818688654649986e-05 4.663459153730118e-06 3.542825810104399e-05 5.295325554381130e-08
3.341052842214901e-05 6.366293829753920e-06 4.298741683426802e-05 5.539220015529400e-06
3.317588437091337e-05 6.463552511607766e-06 4.288384335137242e-05 5.682520898613875e-06
3.061285201167787e-05 5.575093651050499e-06 3.511947343406167e-05 3.966648942315988e-06
3.153101997990903e-05 6.464942635390235e-06 3.975085505852194e-05 6.284897597905764e-06
2.986492136334451e-05 4.673806141473715e-06 3.409742838388790e-05 2.471348901135759e-06
3.350768973058871e-05 6.131456662671909e-06 4.301505499023911e-05 5.283588128104968e-06
3.295340780154276e-05 5.577424271220642e-06 4.278568970884235e-05 4.723287629042643e-06
3.153028022363803e-05 4.687312519746160e-06 3.954752108633847e-05 2.510057412571533e-06
3.350762458606146e-05 5.023513432083297e-06 4.302554182920643e-05 4.142705770768519e-06
3.317561126886888e-05 4.691119853021317e-06 4.285006378362143e-05 3.675233676731775e-06
3.341040402652006e-05 4.788481219786653e-06 4.298610489603879e-05 3.841481707072873e-06
