5.777298350453542e-05 -8.128256774425370e-06 -1.202713857397527e-05 7.385272929014246e-07
5.799736472993208e-05 -7.586361418631834e-06 -1.179828660600734e-05 8.726390359263399e-07
5.799726556065394e-05 -5.031993490535969e-06 -1.208172702573738e-05 2.225123764900996e-06
5.777289094857305e-05 -4.490198055267649e-06 -1.234448677870177e-05 2.428851275528549e-06
5.723120882088193e-05 -8.352710795907366e-06 -1.249813334893106e-05 7.675463193519217e-07
5.621641287203093e-05 -6.309211248731057e-06 -1.389043957916347e-05 1.755311292063951e-06
5.723116258258610e-05 -4.265798577080509e-06 -1.287330488651744e-05 2.444843222219433e-06
5.342190807148273e-05 -8.355590273794492e-06 -1.476949090480238e-05 3.885477856703532e-06
5.342236885192920e-05 -4.263898490463584e-06 -1.520423854601364e-05 8.481990972710404e-07
5.131095665098241e-05 -6.309827013986607e-06 -1.344912756719076e-05 2.704261210509007e-06
4.959075543667114e-05 -8.369339922650080e-06 -1.271167546203832e-05 3.595377612948409e-06
4.958993417426158e-05 -4.248742581564101e-06 -1.256496645758912e-05 1.731844252377513e-06
4.766943084463104e-05 -6.307605875546717e-06 -1.198422848069363e-05 2.839494588629659e-06
4.574898343189898e-05 -8.371256818685423e-06 -1.208679509241531e-05 2.353570377490137e-06
4.574925458912932e-05 -4.243662943902790e-06 -1.210863358050357e-05 3.515357685911436e-06
4.382851908523819e-05 -6.308259403611687e-06 -1.220645476112880e-05 2.990180907313683e-06
4.189863770811704e-05 -8.378609131213782e-06 -1.276980774190621e-05 1.405439568925880e-06
4.190452384851701e-05 -4.245496962743734e-06 -1.177844737506015e-05 3.380584900070991e-06
3.996958385476487e-05 -6.315224077856821e-06 -1.155667201603384e-05 1.879711231477092e-06
3.803556281981609e-05 -8.377834572958665e-06 -1.005025240895226e-05 2.040374944530261e-06
3.803401302314066e-05 -4.249071770224976e-06 -1.038162883489323e-05 2.105479874357900e-06
3.610238744911048e-05 -6.310929471209451e-06 -9.496064831635639e-06 2.460744342933796e-06
3.417601903344448e-05 -8.364881023318185e-06 -1.017105549658171e-05 2.206587197900372e-06
3.417552187886393e-05 -4.252053952735847e-06 -9.945660719971601e-06 3.543431232963578e-06
3.225373822599444e-05 -6.307349259547735e-06 -1.038424927702696e-05 3.077325149040732e-06
3.033832538591857e-05 -8.353048986922645e-06 -9.046352458492303e-06 4.824420827171083e-06
3.034063347364765e-05 -4.264391456924170e-06 -9.048476207028214e-06 1.250899526641990e-06
2.843227101702501e-05 -6.311611439078521e-06 -7.990059453591735e-06 2.468708051960638e-06
2.654556157577723e-05 -8.324279831158820e-06 -8.876204955028683e-06 2.800486616286325e-06
2.654619874042589e-05 -4.303313275019937e-06 -7.791007908056284e-06 5.397160357177157e-07
2.467076651890978e-05 -6.314496139284071e-06 -8.799633297177433e-06 1.602539221750052e-06
2.282429212177006e-05 -8.275640655426328e-06 -7.631028071477214e-06 2.758306461237670e-06
2.282412708974812e-05 -4.352259753591275e-06 -9.218995989476581e-06 2.126638804241971e-06
2.099081281004063e-05 -6.312149115856264e-06 -6.905034021662107e-06 2.922541825653028e-06
1.919178154913024e-05 -8.216714426760719e-06 -6.683755779481260e-06 1.272047202349713e-06
1.918888668623425e-05 -4.403449877840314e-06 -5.741786624297876e-06 3.617476441084552e-06
1.748377454427615e-05 -6.307084534971477e-06 -6.162343947635775e-06 2.218985321931017e-06
1.582927190778822e-05 -8.132311561364322e-06 -4.443621868609800e-06 4.326556945056342e-06
1.583013538990813e-05 -4.489162157993993e-06 -6.277497478932986e-06 2.218411723718679e-06
1.460567120509326e-05 -6.448348083929517e-06 -5.265388693599458e-06 3.382154457329885e-06
1.340444277402845e-05 -8.057981884365421e-06 -7.079341098336506e-06 2.831270657545534e-06
1.340142214824785e-05 -4.568120664873980e-06 -5.334860672641402e-06 2.203961764214780e-06
1.170703319046045e-05 -7.996545321363650e-06 -6.715078802650555e-06 2.456412469749681e-06
1.202013956153760e-05 -6.891829594917992e-06 -6.851674419135487e-06 1.690450115919311e-06
1.170825281370764e-05 -4.617091683818889e-06 -4.429575393170058e-06 2.806976377867672e-07
1.051317003785310e-05 -4.668610426337331e-06 -4.097594043986283e-06 9.635566969463651e-07
-1.435234695671638e-06 -7.169131229143739e-07 9.083086287573382e-06 -2.334362632098034e-05
-1.466292291562553e-06 -6.531496630269179e-07 3.341379873949563e-05 -1.279453757194105e-04
-1.452789519456161e-06 -3.624432433241433e-07 -5.130894384476304e-06 6.556951182649374e-05
-1.420318097282284e-06 -3.028638886991548e-07 -5.285498132945369e-06 -4.257045616050959e-05
1.050131679837791e-05 -7.953153046912112e-06 -3.503142161236797e-06 2.053702789963323e-06
9.454415769946422e-06 -7.851268066280645e-06 -4.290880478447952e-06 3.515686176199410e-06
1.025316271143061e-05 -5.903315357008893e-06 -3.837548414014326e-06 1.197229635588769e-06
9.440293013930383e-06 -4.630046453903631e-06 -7.998729108465001e-06 1.598888731166763e-06
-1.368592539742111e-06 -7.410243923839496e-07 -5.268557068126528e-06 3.943894422181128e-06
-1.302582200748218e-06 -4.946702299400724e-07 2.079714265804908e-05 4.206686090130319e-05
-1.352657696571406e-06 -2.806656768969979e-07 -5.758185316526614e-05 -7.447389938303235e-05
9.110780466618861e-06 -6.849370159756131e-06 -5.599385620674859e-06 3.306266881280869e-06
8.447063232048577e-06 -7.622136200242003e-06 -4.783478549231819e-06 5.388627903972796e-06
7.496688390377049e-06 -7.295990328319483e-06 -4.715286238672271e-06 4.921519235440219e-06
8.794352001150002e-06 -5.503259540627182e-06 -7.917521859148994e-06 2.347648124587644e-06
8.445582019849174e-06 -4.430370431327520e-06 -6.570336058200765e-06 -3.843894539475849e-07
-9.223796845649785e-07 -7.426710237757191e-07 -8.643263361485852e-06 -2.058275482968388e-05
-8.916366905958000e-07 -2.818857659787253e-07 1.128875429318503e-06 -5.538814720423765e-08
-6.758671529652021e-07 -4.756722672472653e-07 1.486509432181383e-05 1.604620700118765e-05
6.621093088388388e-06 -6.862200256682663e-06 -3.531236995138977e-06 4.258216321576573e-06
7.358170522678177e-06 -6.292813996027569e-06 -4.766325573963453e-06 3.194204974617048e-06
7.679822889292128e-06 -5.073199384157494e-06 -4.294467178636116e-06 7.016028516695822e-07
7.544198314277592e-06 -4.086343301465144e-06 -3.234658120047045e-06 -7.047502443015640e-07
-4.060672714077391e-07 -7.738479957030416e-07 -1.144778078063375e-05 -1.183996200300236e-05
-4.300057456117896e-07 -2.158692838976506e-07 -4.229505673624867e-06 -7.063225780719944e-06
-1.286172903226890e-07 -4.573445431082126e-07 1.147097072059106e-05 7.862759324556965e-06
5.819074097669854e-06 -6.360060448092996e-06 -1.994828965959648e-06 3.034545775072090e-06
5.113135159514747e-06 -5.791370074959026e-06 -4.714462386077226e-06 3.285492734720184e-06
6.566734862437045e-06 -4.891785584338149e-06 -2.034116729014003e-06 9.282209318576502e-07
6.756034567187572e-06 -3.608538453768098e-06 -4.590412459178392e-06 2.947252829665382e-07
2.096761932925010e-07 -8.757567990367504e-07 -5.033736857687075e-06 4.061197191669408e-06
2.197036055410279e-07 -1.545198435268660e-07 -2.869479712691058e-07 -2.825004952553616e-07
5.293416064746926e-06 -4.944680634425758e-06 -4.741343073659142e-06 3.256442388330498e-06
4.503527801055576e-06 -5.154305145425667e-06 -4.183085816277465e-06 3.366667719790079e-06
5.588501334173599e-06 -4.021651157791229e-06 -5.602343766620590e-06 2.685583624493763e-06
6.094159564433969e-06 -3.043004360624160e-06 -8.745705810325572e-06 9.053621957828390e-07
5.962448573608607e-07 -4.658655745658929e-07 1.195806332545966e-06 -1.537052825234154e-05
1.035239176216631e-06 -1.014137194958336e-06 1.353390184283626e-06 8.016190515996892e-06
1.034007739825571e-06 -8.730552945947633e-10 -4.182807477649262e-06 6.257553134140264e-06
3.976110854614854e-06 -4.477078029239859e-06 -2.849408527746760e-06 3.826469742551398e-06
3.565016228435623e-06 -3.786515256779698e-06 -4.835705561998208e-07 2.312195765482432e-06
3.255932655485283e-06 -3.066330162567312e-06 -2.135328440451617e-06 4.734476057655389e-07
4.993836296050715e-06 -3.216143686004953e-06 -6.079427531497765e-06 2.255863688248919e-06
5.566211407140646e-06 -2.418601339271639e-06 -6.684194433474210e-06 -1.533177804832058e-06
1.404384431308170e-06 -5.144204428379927e-07 -2.413813624093448e-06 9.173017840715833e-06
1.861132720454497e-06 -1.143011840700471e-06 1.265559785274809e-06 -9.495731379612578e-06
1.857825803356625e-06 1.490335954361289e-07 1.461430138057818e-06 -1.215093347786610e-05
3.950597635995317e-06 -3.061102566716088e-06 -1.208109362432046e-06 6.830530037293056e-07
3.025773051317432e-06 -2.348856234630078e-06 -5.420631323130392e-06 -3.788107474476741e-06
2.591691339538836e-06 -1.261260145048951e-06 -3.490504126857061e-06 2.600385716955094e-06
2.797721145135309e-06 -1.381284356787822e-06 -5.882325677627072e-06 6.764389439664152e-06
2.900197134672698e-06 -1.628368440290263e-06 -8.560780298887711e-06 5.944436940086655e-06
4.585425816330076e-06 -2.328583686610708e-06 -4.857093939864377e-06 -2.192276928482279e-06
5.175464993537561e-06 -1.766176948563944e-06 -1.423032811557305e-06 3.491334846807821e-06
2.254988165073279e-06 -6.093307834260243e-07 5.296854653044460e-07 1.479327521672857e-06
2.603033651089504e-06 2.761205824624842e-07 -6.152560242581867e-06 2.953120151369973e-07
3.506363976332143e-06 -1.848056574607774e-06 -1.722426070928872e-06 -1.017502494340760e-07
2.821670228102919e-06 -9.273934216607906e-07 -4.599283207303720e-07 5.306739768134153e-06
3.065306591488934e-06 -1.302866137402954e-06 -5.268940051255677e-06 7.305862698135750e-06
4.303475368798643e-06 -1.567850954586951e-06 -3.947748130554074e-06 -1.839990802134424e-06
4.928163347314170e-06 -1.119761192131059e-06 -1.061353111194351e-06 4.346583752283909e-06
2.857036208379954e-06 -1.787979782569604e-07 -4.239034900969912e-07 1.935912658442314e-07
2.828576437793842e-06 3.837588147288161e-07 -7.296419776183061e-06 3.355840668651029e-06
3.658887008655640e-06 -7.576106578294157e-07 -4.532347765875162e-06 -5.868759605359892e-06
4.833614598191875e-06 -4.766084536769013e-07 -4.771714931364009e-06 2.189476265443921e-06
4.866331497021284e-06 1.355085212680130e-07 -5.130176545519693e-06 -2.042697759557193e-06
3.299551101629175e-06 2.270381067220980e-07 5.195941450989204e-07 -1.925615318362987e-06
2.956673961428668e-06 6.114044889131446e-07 -9.598215203717899e-06 4.952905876932284e-06
3.127071381422583e-06 1.249948221521282e-06 -9.239107949672063e-06 -3.365097676257654e-07
4.257899526207753e-06 2.176254217903978e-07 -3.185409890233715e-06 -5.482774222514501e-06
3.369937781292960e-06 1.854069172529598e-06 -4.237969790430204e-06 -2.650534585226741e-06
5.030713847115342e-06 7.485235589200095e-07 -2.390383743529370e-06 -2.119722944201590e-07
3.707823219853570e-06 1.278670103717856e-06 -1.770331808562078e-06 -3.230672980227663e-06
4.538271106074508e-06 1.328285129684001e-06 -2.559284789680056e-06 -1.931127956279817e-06
3.670392835960587e-06 2.421874851771089e-06 9.609198347421973e-07 -2.008139958746617e-06
5.297041510168880e-06 1.326107685258340e-06 -3.182912949117790e-06 -2.052222252346455e-06
5.048385489706254e-06 1.887941339988121e-06 -4.889555825635047e-06 -3.622740651338743e-06
4.492081009008563e-06 2.229919613476728e-06 -5.066349687067865e-06 -1.833563393155717e-06
4.033935571024375e-06 2.942905521060003e-06 -2.483730213897749e-06 -4.421506474605250e-06
4.453995399943370e-06 3.416837527441194e-06 -2.890120629768235e-06 -5.551640506506849e-06
5.656854944909099e-06 1.856758459857082e-06 -5.985161176501846e-06 -5.638781621389711e-06
5.380065760648785e-06 2.495622447817191e-06 -6.551893529601896e-06 -4.186450953814463e-06
5.060693377688653e-06 3.224340755861762e-06 -4.338213904931436e-06 -5.022059628100687e-06
4.924600152210461e-06 3.841545229413219e-06 -2.910246437948046e-06 -4.543637865787307e-06
6.100355746534695e-06 2.308995305493606e-06 -6.175390313651789e-06 -4.308637102592407e-06
5.961377289266361e-06 3.218111004390711e-06 -4.597585752046342e-06 -4.357966365126248e-06
5.437492899445991e-06 4.211113945975240e-06 -3.140161979095041e-06 -3.437516758860816e-06
5.987473838662869e-06 4.521724799296003e-06 -6.766677126002031e-06 -5.515974580431482e-06
6.568944264791626e-06 4.767446200467173e-06 -9.205115422598695e-06 -5.947237502932698e-06
6.619012183084577e-06 3.411360896705529e-06 -6.517655097271007e-06 -5.088655224923926e-06
6.615836253503748e-06 2.671843791092706e-06 -5.819509524026280e-06 -2.630083458967401e-06
6.490038709477907e-06 4.140307912415785e-06 -8.546094174052983e-06 -5.372946307951453e-06
7.173559281313561e-06 4.945580163423935e-06 -8.858953498937047e-06 -6.309855508570655e-06
7.795556645736274e-06 5.054615694145912e-06 -7.585901041582842e-06 -6.182807215189138e-06
7.138997534720502e-06 3.576202653810054e-06 -7.592618300525588e-06 -5.480300094257572e-06
7.186576363068967e-06 2.937838790206718e-06 -7.492058643375517e-06 -3.304176909738949e-06
8.426473512233535e-06 5.092220248044154e-06 -7.655653309301072e-06 -6.170111260940719e-06
7.725032907587770e-06 4.164270374131278e-06 -7.389756046306279e-06 -5.314388814913552e-06
7.796203597660571e-06 3.099673267793458e-06 -7.475994458403505e-06 -3.941744694021684e-06
8.564442902652268e-06 4.258564725429974e-06 -7.770530563829994e-06 -4.616962381065578e-06
9.121355044751912e-06 5.094797497887090e-06 -9.838236594179523e-06 -6.557932195427574e-06
8.422419116792057e-06 3.152005087318833e-06 -7.005981137705207e-06 -3.103837819048622e-06
1.007904512794561e-05 5.097575957083142e-06 -1.190928850637781e-05 -7.367965488854288e-06
9.319732993653575e-06 3.784731363861035e-06 -1.035777059716491e-05 -3.731073915351514e-06
9.118006990881896e-06 3.149187134881725e-06 -9.697522904852573e-06 -2.746237757097961e-06
1.140478287185674e-05 5.095778387759937e-06 -1.142813144940166e-05 -7.173267513144349e-06
1.075012690203517e-05 4.043690373270378e-06 -1.166395501000395e-05 -7.089010116738913e-06
1.008119709711847e-05 3.143592337012794e-06 -1.008721508275857e-05 -4.786134409037545e-06
1.315011653762613e-05 5.093318801550034e-06 -1.740151563115948e-05 -5.760628305657519e-06
1.227944531800578e-05 4.118533084477645e-06 -1.486551820648954e-05 -3.797739702244774e-06
1.140715209692946e-05 3.143140039780894e-06 -1.420462060941030e-05 -5.725805773504794e-06
1.497587842185322e-05 5.108929101128297e-06 -1.756827776943838e-05 -6.637057590977796e-06
1.405706859570090e-05 4.119311102948227e-06 -1.716517963669412e-05 -5.195651408650113e-06
1.314885612310663e-05 3.146090532432333e-06 -1.555382341548029e-05 -2.678987954091479e-06
1.683720929192330e-05 5.121999967602773e-06 -2.274506099032053e-05 -8.036406465392581e-06
1.590237711017324e-05 4.119043182626219e-06 -2.006407849283100e-05 -5.402517746775157e-06
1.497664108408748e-05 3.128608154802861e-06 -1.846316241907595e-05 -4.056825564597955e-06
1.871004907605217e-05 5.131702734981249e-06 -2.451607978209936e-05 -8.655087948145959e-06
1.777216878618377e-05 4.124121840576915e-06 -2.396951947554090e-05 -5.498274925447192e-06
1.683545383607112e-05 3.121317594266788e-06 -2.253268155512932e-05 -3.391756754845724e-06
2.058534451670471e-05 5.133856413405090e-06 -2.703008927286314e-05 -7.789346559109761e-06
1.964671392903156e-05 4.125600820877565e-06 -2.537588487022922e-05 -4.965034608554227e-06
1.870924486061327e-05 3.119264032811688e-06 -2.484578300802545e-05 -1.541473862290714e-06
2.246598239108846e-05 5.127758140407385e-06 -3.147690777740021e-05 -6.601465766964006e-06
2.152687298253575e-05 4.124095052798999e-06 -2.961882465565120e-05 -5.546349990043452e-06
2.058702160781822e-05 3.115316783158227e-06 -2.661719500030435e-05 -2.858118181968940e-06
2.434499569951758e-05 5.135272266489320e-06 -3.457987643172833e-05 -8.933836843977599e-06
2.340357210242512e-05 4.128219332813222e-06 -3.267211892911200e-05 -5.298717203459548e-06
2.246326652806286e-05 3.124566623210476e-06 -3.199871648856377e-05 -4.064719148093905e-06
2.622393607940954e-05 5.136974467650112e-06 -3.824435370208148e-05 -7.342432988280861e-06
2.528555206447238e-05 4.127989084067963e-06 -3.619346161770743e-05 -6.488924073283182e-06
2.434608172451330e-05 3.121333215164025e-06 -3.345039354387917e-05 -3.083006429181038e-06
2.809596517311790e-05 5.133500825468911e-06 -4.437805357306700e-05 -5.111642475786373e-06
2.716024859499968e-05 4.129289974280729e-06 -4.220674108438441e-05 -4.414452415116950e-06
2.622303377813340e-05 3.120082039086016e-06 -3.977335970666785e-05 -3.601939981793314e-06
3.214548290308102e-05 5.043924745177628e-06 -5.336343111890813e-05 -9.931935092090587e-06
3.187494695488128e-05 5.155122455957483e-06 -5.204646930818791e-05 -1.047378114118936e-05
2.893657761768021e-05 4.130665195708731e-06 -4.448808471688386e-05 -5.247043886181928e-06
2.997678171109068e-05 5.139710337881472e-06 -4.646540978426229e-05 -9.881489761035783e-06
2.809585153825593e-05 3.126440492829344e-06 -4.360581095357356e-05 -4.161005699532402e-06
3.225762093106184e-05 4.774539390309025e-06 -5.391153734448022e-05 -8.601928737508221e-06
3.161467674548675e-05 4.135989875627626e-06 -5.111105848927213e-05 -5.418942444086547e-06
2.997507118321519e-05 3.125604348746232e-06 -4.649298506384365e-05 -1.436092564911659e-06
3.225713360386887e-05 3.498118406233591e-06 -5.422927321754741e-05 -1.904131457287414e-06
3.187394240911027e-05 3.116839180701123e-06 -5.238370035295703e-05 -2.072001775047550e-08
3.214483617249128e-05 3.228286737564012e-06 -5.369841049249580e-05 -5.576248181195851e-07
