8.089332300227113e-05 -1.350960704114271e-05 -3.926380598056904e-06 1.567767453868786e-06
8.117495965761732e-05 -1.283013543851673e-05 -4.090129267834684e-06 1.287730647573952e-06
8.117525473494921e-05 -9.626129194171487e-06 -4.042367561479443e-06 -3.844699182433720e-07
8.089363867026655e-05 -8.946650246322663e-06 -3.866762976450161e-06 -7.276975608710748e-07
8.021349283728343e-05 -1.379095419308621e-05 -3.553446406471267e-06 1.656076887761553e-06
7.893888628355903e-05 -1.122835274682174e-05 -2.763710435870011e-06 3.410317432931340e-07
8.021382284942346e-05 -8.665309112483261e-06 -3.459305715410001e-06 -8.550746766055375e-07
7.543300203718860e-05 -1.378691184609194e-05 -1.773900131329168e-06 2.725447437006712e-07
7.543294451128677e-05 -8.669715975953576e-06 -1.490376184914105e-06 -6.261782328550881e-07
7.280051661924156e-05 -1.122727851273229e-05 -1.879199078065021e-06 -4.881611157679216e-07
7.066654305734468e-05 -1.378128726687492e-05 -1.942467389873864e-06 -2.396913358891548e-07
7.066428200951550e-05 -8.668893907831754e-06 -2.062968705398324e-06 -6.039947203500011e-07
6.828104186318405e-05 -1.122281981632627e-05 -1.698101511715542e-06 -3.809215507054225e-07
6.589312870317743e-05 -1.378222266102448e-05 -1.126994232965452e-06 5.555788659925306e-08
6.589452115596108e-05 -8.663510935211881e-06 -1.181185719875360e-06 -5.272642207970016e-07
6.350499938967638e-05 -1.122379541292859e-05 -8.857486118772757e-07 -2.594133965450701e-07
6.110920497950041e-05 -1.379082800013062e-05 -8.787898758676751e-07 -3.893997393458922e-07
6.111311575529071e-05 -8.661321393582872e-06 -1.194378062859522e-06 8.678064838061234e-08
5.871568956771452e-05 -1.122755781617359e-05 -1.272249441898180e-06 -1.883915611333682e-07
5.631772214210344e-05 -1.379316171883404e-05 -6.135003139383505e-07 -5.071493313160104e-08
5.631725182011986e-05 -8.658657525948188e-06 -7.819342102285914e-07 -6.588247989527811e-07
5.392188336525759e-05 -1.122350905476391e-05 -6.164761831523785e-09 -5.375342132899046e-07
5.152979045356532e-05 -1.378499965856449e-05 3.577022332638076e-07 -6.841706323426857e-07
5.152881286479779e-05 -8.656888330913992e-06 6.651352827654667e-07 -1.158036185238310e-06
4.913704626426219e-05 -1.121960655159778e-05 5.033643664178083e-07 -1.040292028017558e-06
4.674104618736358e-05 -1.378381617806690e-05 6.111091375102740e-07 -2.193817918265236e-07
4.674283907314612e-05 -8.656902143836251e-06 2.264048877196637e-07 -1.288683207570331e-06
4.434661287299750e-05 -1.122163699087838e-05 4.991729470145639e-07 -1.783114279836490e-07
4.196342464017223e-05 -1.376666118143678e-05 1.114540488101641e-06 1.424173299755607e-06
4.196257299625751e-05 -8.675973181676306e-06 8.539132213255592e-07 -1.255667357617718e-06
3.958989300221975e-05 -1.122046339838889e-05 1.059496154276849e-06 2.536878061907001e-07
3.723707330434825e-05 -1.373589701968768e-05 6.477370987706949e-08 4.276828263427634e-07
3.723579576796622e-05 -8.701566539058876e-06 4.786380041597385e-07 -6.716189648453165e-07
3.488724802822965e-05 -1.121711021572211e-05 -8.024144990061782e-08 -3.961029305400523e-07
3.254203161485627e-05 -1.372096342714555e-05 1.061466389738911e-06 3.461394775748956e-07
3.254141716786405e-05 -8.710492873404810e-06 6.774209814151063e-07 -6.984878457191851e-07
3.029258225043520e-05 -1.121462943856686e-05 2.539376902590269e-06 1.571932545887451e-07
2.805298348523492e-05 -1.370534535867330e-05 2.814382611091084e-06 -1.415158349559938e-06
2.805233827103393e-05 -8.723303298790188e-06 2.780526416198190e-06 2.034657882817541e-06
2.637748893672648e-05 -1.140789989619191e-05 1.982788118636803e-06 1.162107590489706e-07
2.467654395411668e-05 -1.369205010064804e-05 5.648858972991645e-07 -2.030130148274788e-06
2.467722579761454e-05 -8.739319138498343e-06 7.302095742277340e-07 1.841522082174337e-06
2.223704743702302e-05 -1.367942320234859e-05 2.092497020274816e-07 -5.285038364450321e-07
2.270990282172067e-05 -1.205911542553363e-05 -3.345565135673793e-07 -7.394651174284764e-07
2.223726182767543e-05 -8.752505966593986e-06 8.310368207582154e-07 5.737897367820498e-09
2.047409685116565e-05 -8.765473422390764e-06 2.304521602660238e-06 -5.030229291885379e-07
-3.431853336703348e-06 -5.395717688169461e-07 5.943106917812992e-05 -1.960576902535308e-05
-3.501703696257214e-06 -3.728033100268713e-07 4.740808864583557e-05 4.711218981253119e-06
-3.459793064024756e-06 3.120776763920516e-07 -4.607863743235613e-06 -1.066148731024370e-04
-3.396968377739517e-06 4.230190950321074e-07 3.305424930246494e-06 2.415980148784811e-05
2.047258900762678e-05 -1.367085566351864e-05 2.107053052060831e-06 -1.583902117595846e-07
1.887672405112655e-05 -1.357083690993657e-05 2.689339831344815e-06 -2.626564011836815e-07
2.011410420415707e-05 -1.060655884961153e-05 2.462501389240461e-06 -7.892294533417710e-07
1.887659725960714e-05 -8.638204722494568e-06 2.371593359994396e-06 -5.719457275377309e-08
-3.263009700980757e-06 -6.092893143124925e-07 1.934269104187670e-05 -9.167820413121767e-06
-3.027819624854283e-06 -1.071940961412703e-07 -4.128302662147062e-05 3.546097432639479e-06
-3.256534331797201e-06 4.550719197013417e-07 4.608341310691200e-05 9.182730375501383e-05
1.836869097203129e-05 -1.206002531368236e-05 2.861100587263644e-06 -5.416787833078153e-07
1.730724780023646e-05 -1.328778468027727e-05 2.728820100064652e-06 -6.564599906227874e-07
1.578683288031958e-05 -1.283118225091117e-05 2.093309188288247e-06 -7.014571207867875e-07
1.788941394075858e-05 -9.975608210354959e-06 2.371243366750739e-06 -1.143888225961958e-07
1.733687967447037e-05 -8.239792637069907e-06 1.846760801705086e-06 3.574031875938383e-07
-2.159598976659693e-06 -6.260550730302281e-07 2.572899307405970e-05 9.626477437732743e-06
-2.152346324650033e-06 4.758757112777991e-07 -9.042663351622709e-06 -2.896302284960533e-05
-1.593305078267215e-06 -7.130513569181678e-08 -2.193808148593795e-06 2.961103591272701e-05
1.433756758461332e-05 -1.220384304608647e-05 1.730834511056091e-06 -6.945854315777104e-07
1.558560177398047e-05 -1.125385669491098e-05 2.006415834203681e-06 -2.592459945402075e-07
1.611220038025318e-05 -9.263958078787882e-06 1.838506524539780e-06 2.706238345021899e-07
1.590153350397149e-05 -7.586964982270385e-06 1.933333244857466e-06 -6.881144430585735e-08
-9.521773076222269e-07 -7.546257240964627e-07 -1.098725565177384e-05 -2.012675267884958e-05
-9.660952850771627e-07 5.940156358971253e-07 1.291597994282810e-05 -6.058983703540314e-06
-2.448486961064116e-07 -6.699585142951532e-08 -3.742477790601261e-06 7.228140530313211e-06
1.297376684303928e-05 -1.142252854820214e-05 1.669860304061293e-06 -8.807822242852340e-07
1.171518150893688e-05 -1.049650403006375e-05 1.777244991987039e-06 -6.838085552273461e-07
1.427014243056949e-05 -8.948253069447779e-06 2.233549956557212e-06 -3.630866835110259e-08
1.461306911204920e-05 -6.699130903742475e-06 2.656227867479422e-06 -5.123294766790628e-07
5.828173617796028e-07 -9.772481032033388e-07 6.580113634438375e-06 9.022792176868004e-06
6.001711113185111e-07 7.952770762365238e-07 -3.783311945956055e-06 -8.659509114017792e-07
1.203517551895397e-05 -9.053971663351624e-06 1.944353615956191e-06 -2.336072126965312e-07
1.057349029418384e-05 -9.434557967061912e-06 1.297520956980538e-06 -2.167786640914298e-07
1.257252257680126e-05 -7.411920632197146e-06 1.991717902753779e-06 -3.728211902237330e-07
1.350412399823121e-05 -5.608909647189126e-06 2.393638624233541e-06 2.256814741867921e-07
1.494051908516564e-06 -8.128544598262121e-08 1.217717115028336e-06 -7.872024526595233e-06
2.576581189915586e-06 -1.290339919407155e-06 -4.912842388049812e-06 3.437950480283429e-06
2.558879953431323e-06 1.110982881161288e-06 7.849279262367553e-08 -1.142203579428786e-06
9.560451113746234e-06 -8.252975305435965e-06 7.081586422363067e-07 5.190361618639144e-07
8.694386540244837e-06 -6.975577898398948e-06 1.316881408304428e-06 -5.076668805433708e-07
7.985192180209542e-06 -5.611542964203726e-06 1.071155741037433e-06 -1.056895373098755e-06
1.147346743902864e-05 -5.919884614324000e-06 1.114833670436243e-06 3.526392169596813e-08
1.260261659065293e-05 -4.355565338868463e-06 1.969380723085100e-06 6.690615152997119e-07
3.435984032560297e-06 -1.009794947390674e-07 1.705584314611257e-06 4.849313854106942e-06
4.496461166162991e-06 -1.619559883622020e-06 5.313574023028234e-06 4.556450203987525e-06
4.494190715177733e-06 1.436270407683889e-06 1.142426226769230e-06 -6.806505532958509e-06
9.427883358468458e-06 -5.616336967142457e-06 1.351998371865356e-06 -1.026834154103126e-06
7.436117145091099e-06 -4.181501002674393e-06 1.234471205680877e-06 4.069177601150944e-07
6.250041901292242e-06 -1.885873608618850e-06 2.302102018701167e-07 2.904111333013432e-07
6.771188426126021e-06 -2.149241095862942e-06 2.093642420364278e-06 4.418736673327246e-07
7.059778239631133e-06 -2.684599910454811e-06 2.335847923718546e-06 7.457515490596299e-07
1.069885196147725e-05 -4.168081753275144e-06 2.091244159173938e-06 -4.059181628724341e-07
1.193722211204884e-05 -2.993420032848211e-06 2.986874724845541e-06 -1.385015152677677e-06
5.444778725938621e-06 -3.219581371938855e-07 -7.676284484446458e-08 -4.784276146112972e-07
6.228121575337557e-06 1.690924970049634e-06 1.450464236598384e-07 -4.669362085281124e-06
8.431586379201274e-06 -3.163030673111131e-06 1.381218604207736e-06 7.962249801287995e-07
6.792582428875833e-06 -1.081305102899169e-06 2.378280455006440e-06 9.196966163026056e-07
7.406247252543480e-06 -1.960760274144744e-06 2.387083715481088e-06 1.071006455009563e-06
1.013073826541519e-05 -2.569148842452592e-06 1.530015658354375e-06 -7.812748899131946e-07
1.153967233766588e-05 -1.569134397553540e-06 3.246566889625863e-06 3.175541947542852e-08
6.802506069652530e-06 6.569155711192539e-07 1.975785541552447e-06 -2.032792911677865e-06
6.706917118359550e-06 1.959547071809384e-06 1.665320826168529e-06 -3.143964762495223e-06
8.719884325915934e-06 -7.443619922810761e-07 1.711032026971594e-07 1.612903731301938e-06
1.142090459087930e-05 -1.105887584826159e-07 2.747635004459424e-06 3.041653717762230e-06
1.163582640183497e-05 1.359398643563992e-06 1.761250361802503e-06 2.104474256704236e-06
7.812096403615426e-06 1.601142809945548e-06 2.469919179129829e-06 -1.818745851109488e-06
6.976241741428760e-06 2.542099555769910e-06 2.168626073408579e-06 -1.397606027625716e-06
7.290836828545675e-06 4.169192827909064e-06 2.079586049180219e-06 1.651858827873715e-06
1.014088241442816e-05 1.527042453236688e-06 1.676719059520986e-06 1.742313700377192e-06
7.799689934521165e-06 5.789911592994307e-06 2.119268261942578e-06 2.237586540313849e-06
1.216532979521269e-05 2.856956958890577e-06 1.080816202107653e-06 2.779194608366028e-06
8.730066577272828e-06 4.209180314798211e-06 3.047117519325632e-06 1.975775731731389e-06
1.091578834366422e-05 4.335037139067280e-06 5.887732196782766e-07 2.537163397330836e-06
8.535408049305366e-06 7.358926195952019e-06 -1.441221921708120e-07 1.487804273916920e-06
1.300527402156757e-05 4.337084663630661e-06 1.062444625554786e-06 2.195238043396030e-06
1.236063281192747e-05 5.840664615809939e-06 1.204133027131008e-06 9.879032812936094e-07
1.078115950105651e-05 6.802609599047569e-06 -5.346812727455206e-07 4.993410667675257e-07
9.471656897710233e-06 8.904378048356617e-06 -1.676522062064321e-06 1.007086950054001e-06
1.063996094950175e-05 1.037989947446754e-05 9.343011867143222e-07 2.745239993060556e-06
1.416533028341221e-05 5.728725982089294e-06 3.591218492562248e-06 1.435036667596162e-06
1.335894237293420e-05 7.582699083541421e-06 3.923045399571620e-06 1.716250435603157e-06
1.239964945701991e-05 9.803467583204912e-06 3.621979018811373e-06 2.290060199802310e-06
1.198800008760890e-05 1.176486025505229e-05 3.247210771393697e-06 2.595813093902089e-06
1.560576924627827e-05 6.981022671174274e-06 3.824056675864920e-06 1.797998871888177e-06
1.518063899954145e-05 9.802057453988644e-06 3.119489634908728e-06 1.673149165183969e-06
1.354033057059131e-05 1.299710994495725e-05 2.773090534054742e-06 2.019701591988532e-06
1.529605693863449e-05 1.408408252699197e-05 1.689536116832727e-06 1.781462397723717e-06
1.719977455213804e-05 1.500267014335355e-05 9.630937604801643e-07 1.989746301263016e-06
1.733928295914319e-05 1.042334811884414e-05 1.432327759258083e-06 1.909379580238698e-06
1.731575025430832e-05 8.041085945733393e-06 1.810117032947692e-06 1.704714220297153e-06
1.690694660361026e-05 1.284378424095246e-05 1.072891119947956e-06 1.995333106720636e-06
1.925643955399677e-05 1.568593023998901e-05 8.371448340344933e-07 2.166221108838788e-06
2.142873023820668e-05 1.614881444744139e-05 1.909231533830548e-06 2.657282067037993e-06
1.910164309145385e-05 1.096022026449690e-05 1.310085280943635e-06 2.249510577018891e-06
1.927140724430289e-05 8.818510461827992e-06 1.287174392681078e-06 2.004941589224274e-06
2.366503421367775e-05 1.635652791452112e-05 3.882737899919153e-06 2.788936981973419e-06
2.113742818496504e-05 1.299616193726946e-05 1.476616034392360e-06 1.984859211295179e-06
2.140225431159833e-05 9.270073156211675e-06 1.880051841227442e-06 2.173442802837250e-06
2.415025733536129e-05 1.335006044269858e-05 4.031717699850954e-06 2.225069973149128e-06
2.620754774993250e-05 1.645177641482627e-05 5.166226538714823e-06 2.693161292210074e-06
2.363645490328305e-05 9.390634965430632e-06 3.199610300198743e-06 1.942417295817350e-06
2.978922216050285e-05 1.654617271924491e-05 4.291838758482321e-06 2.697650216176758e-06
2.692276139444833e-05 1.161849968486983e-05 4.834626330313250e-06 2.464976789754396e-06
2.620146498546816e-05 9.301145080891605e-06 4.509622113815293e-06 1.925190337344385e-06
3.489214441632799e-05 1.668616876400563e-05 3.842369897834211e-06 2.327008080302886e-06
3.232898091437359e-05 1.258236996441330e-05 4.118891163166031e-06 2.087595204774325e-06
2.979194019065223e-05 9.184147362116328e-06 4.720547844810408e-06 2.144965801559135e-06
4.189429889148480e-05 1.685422650004306e-05 5.910199838926822e-06 2.958075419348111e-06
3.834453797235773e-05 1.287539385152314e-05 4.335536054950209e-06 1.987554086907506e-06
3.489185480653038e-05 9.053678411850224e-06 3.890049848744370e-06 1.777890265087175e-06
4.947920649298534e-05 1.700309622548313e-05 8.622575974654154e-06 2.803660801102987e-06
4.564154586627307e-05 1.287661405558869e-05 7.592579256126820e-06 2.509819123994139e-06
4.189493628670391e-05 8.895874032385789e-06 5.642979843552047e-06 1.547578251367624e-06
5.729484433880300e-05 1.712446131988813e-05 9.483582349513059e-06 3.751251181517124e-06
5.335084191911352e-05 1.288340330857973e-05 8.854256008234413e-06 2.804079273008755e-06
4.947576218701153e-05 8.756762125259236e-06 8.572408441590886e-06 2.560322421324139e-06
6.530804955792697e-05 1.722554456808711e-05 1.218902751615619e-05 3.733084649748007e-06
6.126991792579648e-05 1.288481397314254e-05 1.065850622945244e-05 2.583399733018478e-06
5.729475272004363e-05 8.644818478983386e-06 9.357225462435204e-06 1.859484322857109e-06
7.351417676753635e-05 1.731976037953448e-05 1.459153138337775e-05 2.461976150952122e-06
6.937981264563510e-05 1.288312248897721e-05 1.404952253628732e-05 1.157218707544314e-06
6.530924170364821e-05 8.542161953280126e-06 1.311028159129421e-05 -1.340103133802592e-07
8.187622212582526e-05 1.738888674507874e-05 1.708878195971179e-05 5.041558655984448e-06
7.767421538581689e-05 1.288483858298352e-05 1.477577972420662e-05 2.400307857777717e-06
7.351291340082520e-05 8.447997914876261e-06 1.389256391131192e-05 7.510623239567058e-07
9.034192269440666e-05 1.744022801600450e-05 1.897833091365391e-05 2.956987988656213e-06
8.609382736875584e-05 1.288521654108809e-05 1.893651260215383e-05 3.392354672377175e-06
8.187661008009179e-05 8.381237342950723e-06 1.649537080596446e-05 1.165245946734391e-06
9.889457762198957e-05 1.748294923441187e-05 2.043536429893694e-05 2.405450544617002e-06
9.460408632257855e-05 1.288709219252482e-05 1.954987520481956e-05 1.537499295559429e-06
9.034102736804142e-05 8.331909460204966e-06 2.007897645192890e-05 2.083138674770088e-06
1.075084103947867e-04 1.750240488058038e-05 2.354900427183572e-05 3.326177834939430e-06
1.031952895485296e-04 1.288746422886133e-05 2.189506690345483e-05 1.669571156462812e-06
9.889408831049441e-05 8.292317287278027e-06 2.031157933925001e-05 3.359046023912895e-07
1.260032556556538e-04 1.699656624866995e-05 2.628035061261518e-05 3.932146958758659e-06
1.247783465556511e-04 1.750406929627563e-05 2.557612883665664e-05 4.135347528606629e-06
1.113773777317985e-04 1.288381606480237e-05 2.321551247307419e-05 3.220380090975596e-06
1.161472298677186e-04 1.750476799359824e-05 2.222074957060399e-05 3.731136137817332e-06
1.075104466592783e-04 8.268860642976549e-06 2.268046526184098e-05 1.717619298417690e-06
1.265106108033591e-04 1.577148687275385e-05 2.658721734143797e-05 3.364744275265724e-06
1.236117507895947e-04 1.288401237423422e-05 2.492511275484754e-05 2.073711839208473e-06
1.161467787504717e-04 8.261736329481772e-06 2.277676935270491e-05 2.329023022088005e-06
1.265102746794774e-04 9.996966412846581e-06 2.675548718994415e-05 5.321427743742139e-07
1.247778607499887e-04 8.264213571965039e-06 2.591516331774407e-05 -1.222678370896955e-08
1.260028663179403e-04 8.771783120331967e-06 2.650136248901416e-05 1.097958600313480e-07
