5.259375908562762e-05 -5.944343738195112e-06 -2.111894475339128e-05 4.317870360346274e-06
5.281962019344423e-05 -5.398839534853507e-06 -2.115413168692433e-05 4.252773571572637e-06
5.281949908680725e-05 -2.827018315185076e-06 -2.111715744413392e-05 3.919020823849517e-06
5.259359453298016e-05 -2.281286335330470e-06 -2.108063782792426e-05 3.856719411388381e-06
5.204843877402018e-05 -6.170345365952650e-06 -2.103695771192088e-05 4.340118356713158e-06
5.102495579347350e-05 -4.112660363830538e-06 -2.086624004287554e-05 4.081369531594673e-06
5.204814491205201e-05 -2.055151930054552e-06 -2.099964980969137e-05 3.835219337973458e-06
4.820445269641208e-05 -6.170026494517605e-06 -2.065268809214279e-05 4.111895444924239e-06
4.820333599609203e-05 -2.051750856240064e-06 -2.061011865769370e-05 3.953253891475245e-06
4.607774192075815e-05 -4.109453700740835e-06 -2.081161261412688e-05 3.931726224079372e-06
4.435737415273414e-05 -6.161023311801257e-06 -2.087993957886152e-05 3.986485597616396e-06
4.435689715447463e-05 -2.056219543280044e-06 -2.079506567767073e-05 3.699981677958985e-06
4.244248313146707e-05 -4.108822797191805e-06 -2.068689299751004e-05 3.713541647994220e-06
4.053792133015768e-05 -6.148032761425617e-06 -2.050571088159818e-05 3.846107574598948e-06
4.053811598533766e-05 -2.070724357157115e-06 -2.033761101239952e-05 3.255631316463830e-06
3.863588264055942e-05 -4.111101262802859e-06 -2.016956814027966e-05 3.570502553838142e-06
3.673852323246807e-05 -6.139934673877990e-06 -2.019506970426048e-05 3.919721476377282e-06
3.673781651193801e-05 -2.084116307513693e-06 -2.001241715471928e-05 3.284352632598577e-06
3.484219812745237e-05 -4.113094041033789e-06 -1.971234578361679e-05 3.707228121138947e-06
3.296458746048404e-05 -6.114768852913896e-06 -1.899343945645013e-05 4.726481188567963e-06
3.296262895748768e-05 -2.111601754673422e-06 -1.874184842614956e-05 2.764232351756385e-06
3.109768194058433e-05 -4.112546401407569e-06 -1.764394272969145e-05 3.652613578920695e-06
2.926265039905543e-05 -6.071781322165734e-06 -1.687246689806779e-05 4.306680440065944e-06
2.926159112163562e-05 -2.153622533948856e-06 -1.653995369098014e-05 2.645561003251527e-06
2.743941585550871e-05 -4.112312834024026e-06 -1.605635720182337e-05 3.132925085092629e-06
2.563915640652796e-05 -6.032723907831859e-06 -1.578634489552834e-05 3.547482807040784e-06
2.564005510951377e-05 -2.194502149243393e-06 -1.566111659549149e-05 2.335062432250668e-06
2.385051733595880e-05 -4.114465478528041e-06 -1.514115658423619e-05 2.932242923019879e-06
2.209287887983483e-05 -5.982313712773622e-06 -1.368635976487876e-05 4.414364883963128e-06
2.209326250325549e-05 -2.247631075890418e-06 -1.401167185358882e-05 1.952397464548798e-06
2.035608629949977e-05 -4.114594383955698e-06 -1.248803469989075e-05 3.635389288503669e-06
1.866538497776895e-05 -5.911249544472011e-06 -1.160327868849748e-05 4.669289240114220e-06
1.866324177909894e-05 -2.313614978907408e-06 -1.179869171198730e-05 3.164663871107319e-06
1.699391270579063e-05 -4.109904909073734e-06 -1.135335287428354e-05 4.031255315149852e-06
1.536629748892314e-05 -5.835098998523981e-06 -1.111633777275779e-05 4.616651211445395e-06
1.536504341612681e-05 -2.381968859373719e-06 -1.072571240926597e-05 2.730311477911421e-06
1.382293683108704e-05 -4.107068340560739e-06 -9.975272636438953e-06 3.254280167245044e-06
1.233191143316618e-05 -5.745894452264915e-06 -8.310453778408192e-06 4.678028902075000e-06
1.233297940594619e-05 -2.476325883809994e-06 -8.177408948405704e-06 1.365518737952413e-06
1.123157569735293e-05 -4.232315245549180e-06 -7.012829175271406e-06 3.091853153128623e-06
1.016690733169740e-05 -5.655677901155469e-06 -6.615079878016653e-06 4.129200937425886e-06
1.016504746564717e-05 -2.573228779331425e-06 -6.912208891081087e-06 2.180727855860563e-06
8.680965599938627e-06 -5.575526155325342e-06 -6.924016415063057e-06 4.457753643646492e-06
8.945904685700020e-06 -4.620448244275235e-06 -6.988372924554912e-06 3.924651755573522e-06
8.675858623962371e-06 -2.633050892494694e-06 -7.295346751342553e-06 2.589317618428821e-06
7.641159170993076e-06 -2.696594228201767e-06 -7.307144977244025e-06 2.372105075697699e-06
-8.626737170895909e-07 -7.612904793098128e-08 -2.047432310243329e-05 1.896184713058613e-05
-8.875279173053189e-07 -2.510072665267083e-09 3.488170590726800e-05 2.359696983029880e-05
-9.513787146714388e-07 8.251985435061018e-08 3.966046501324625e-05 4.747780233900394e-05
-9.293796220376420e-07 1.788664336791302e-07 -2.477969970544667e-05 3.231284349021691e-06
7.637181349984407e-06 -5.517906016537687e-06 -7.302363801585303e-06 5.130246494256212e-06
6.739893096924345e-06 -5.414312218048898e-06 -6.669306635342684e-06 5.298718747500852e-06
7.410242596105720e-06 -3.758415992604933e-06 -7.418320461667393e-06 3.418474974385371e-06
6.717393780651884e-06 -2.685581072382577e-06 -6.458275408084726e-06 1.769154054280272e-06
-7.995262152438085e-07 -1.099081880233416e-07 -5.056255511952033e-05 -1.538111508785583e-05
-7.943034896597149e-07 1.536451879829815e-07 3.753620117347236e-05 -1.086287108039165e-05
-8.622895935364281e-07 2.299249453973436e-07 -1.017881791233722e-04 -2.531359919794689e-05
6.439427446267628e-06 -4.555322293304935e-06 -6.506657437737858e-06 4.432817025447424e-06
5.884783544215765e-06 -5.199929288308021e-06 -5.879832068695706e-06 5.234111681104625e-06
5.095504068599761e-06 -4.915117138571154e-06 -4.695086730218828e-06 4.385810646362404e-06
6.168694742969504e-06 -3.427132896394169e-06 -5.831489107367724e-06 2.523246015964413e-06
5.876303409316853e-06 -2.543450255017018e-06 -5.215581389626429e-06 1.500995814424431e-06
-5.546129520964644e-07 -6.007576578803624e-08 -1.218812977873782e-05 6.752855081481948e-06
-5.471673682425958e-07 2.634361499501029e-07 4.078595053644116e-06 1.638917897888825e-05
-3.999843946767151e-07 1.050905917684241e-07 1.488184204272556e-05 -1.912320660849017e-05
4.384206250577752e-06 -4.538588963429657e-06 -4.082157612289709e-06 3.293526138444059e-06
4.976050174953360e-06 -4.078140070421266e-06 -4.356027257570051e-06 2.968132905876433e-06
5.239675849234505e-06 -3.076980786367925e-06 -4.488129042398107e-06 2.001719147697845e-06
5.122621582202346e-06 -2.287253686218075e-06 -4.250427841470473e-06 2.006973172137103e-06
-2.390433111650067e-07 -6.592859337324941e-08 -1.059205670454603e-06 -4.904305602627493e-06
-2.248931339870661e-07 2.760225636917244e-07 -8.051532964482807e-06 9.522822618965081e-06
-2.961832064315603e-08 1.067248324639527e-07 3.764051044103451e-06 -4.061310772010835e-06
3.740303033747187e-06 -4.110801591424105e-06 -3.811401527568361e-06 2.518909599264554e-06
3.190051139192626e-06 -3.640701275658769e-06 -3.862367236965911e-06 2.383679577316682e-06
4.329826198401496e-06 -2.930449908927476e-06 -3.825752120455010e-06 2.151749344725852e-06
4.470374106665814e-06 -1.924808071943446e-06 -3.855403720434289e-06 2.886863814002058e-06
1.874138472606824e-07 -1.065596046220704e-07 -1.311300218300939e-06 2.897933943281721e-07
1.705814615133048e-07 3.286006873152419e-07 -5.502065806704342e-07 -7.616716445292637e-07
3.328906354494224e-06 -2.962613917772216e-06 -3.786589518134474e-06 2.371333921493798e-06
2.735689794409919e-06 -3.121286915679645e-06 -3.885164473498048e-06 2.354327101322566e-06
3.548726240139956e-06 -2.247439141210915e-06 -3.485148937373180e-06 3.064013178469433e-06
3.930662321810449e-06 -1.505048014425649e-06 -3.355502883932248e-06 3.040548828783589e-06
4.115677424803209e-07 9.897488338322280e-08 -1.970885132347902e-06 2.311915241992631e-06
6.793795054580505e-07 -2.009143757422850e-07 2.048248411166805e-07 5.865358241598426e-07
6.870467079992326e-07 3.964960526732359e-07 -8.189715588431879e-07 -4.352835067837189e-06
2.350668263767117e-06 -2.581634094538939e-06 -3.871587064232345e-06 2.511738217007614e-06
2.074146345587083e-06 -2.063990868959728e-06 -3.560566541605642e-06 1.945163639945528e-06
1.887662725133554e-06 -1.537333237264628e-06 -3.948069673685875e-06 1.689780090352094e-06
3.099046584096402e-06 -1.637772633368673e-06 -2.739537114929644e-06 2.640430628194731e-06
3.510531769310005e-06 -1.065559215121703e-06 -2.386242959301460e-06 1.883082939327091e-06
8.983040598866379e-07 9.890739449588764e-08 -9.971106908474624e-07 -3.219437732294093e-06
1.164281795347013e-06 -2.765831529231809e-07 -2.533097051548195e-06 -2.473488148022205e-06
1.162227839194878e-06 4.843440340555938e-07 -4.381896186156131e-07 -2.459075561076309e-06
2.356647049581586e-06 -1.526121645598805e-06 -3.242939898878489e-06 1.739526414769388e-06
1.759589283815475e-06 -1.036071954034565e-06 -4.197497837124667e-06 2.045498149381645e-06
1.576114186940045e-06 -3.352318322512982e-07 -3.463386397850506e-07 -1.372194225991001e-07
1.680805571362476e-06 -4.049270159846366e-07 -1.480713099794076e-06 8.925098163561788e-07
1.722638439651628e-06 -5.580113970124531e-07 -2.774684840118433e-06 1.658918670923018e-06
2.799347711171137e-06 -1.007071485092606e-06 -2.039539891204719e-06 1.250556883217322e-06
3.196097199564914e-06 -6.326509684339606e-07 -1.504166270883320e-06 1.642294464347443e-07
1.400078257811867e-06 4.399476874724073e-08 -5.178843684380505e-07 -9.503215392276465e-07
1.616308039582791e-06 5.452843639188993e-07 -8.959382851506117e-07 -2.140807360963021e-06
2.088320280246609e-06 -6.898879431043852e-07 -4.103256404705766e-06 1.724054917979392e-06
1.707781281061047e-06 -1.324563762315274e-07 -8.783738351574038e-07 -2.516464244535990e-07
1.834984811275579e-06 -3.537230471327257e-07 -2.723678749141600e-06 1.066917415628153e-06
2.604698705329302e-06 -5.042192475706119e-07 -2.838060285929001e-06 1.647993311798063e-07
2.986449321058282e-06 -2.275080145394044e-07 -1.301937795000947e-06 -3.968434347673819e-07
1.749836192283331e-06 2.965000265626995e-07 -1.208131724835643e-06 -1.677925660771919e-06
1.759776924653670e-06 6.095241621804824e-07 -2.002496016776444e-06 -2.657859580475391e-06
2.200149038409990e-06 -7.065149831481283e-09 -4.660440231945022e-06 -5.394564755779292e-07
2.893215222273804e-06 1.530411083258574e-07 -1.161947301793501e-06 1.931326430413393e-07
2.849192663216056e-06 4.907357823962786e-07 -1.659604543452760e-06 -2.669519633439028e-07
2.023546009913536e-06 5.395037223990841e-07 -3.265833070499565e-06 -2.663175494071953e-06
1.851833604446990e-06 7.317727335156924e-07 -2.851185508540868e-06 -2.753143815042399e-06
1.977910363903618e-06 1.037750069784926e-06 -2.235682282238683e-06 -8.639766930419561e-07
2.536747799719136e-06 5.533723815737787e-07 -2.037642264073240e-06 -3.865734973480515e-07
2.136705150961036e-06 1.283660655205400e-06 -1.281304401943239e-06 -1.336227199482701e-06
2.871526174305744e-06 8.159470194792050e-07 -2.468661982365389e-06 2.720369955726304e-07
2.269180206087159e-06 1.063832717315514e-06 -1.476215582592093e-06 -3.754955695160386e-07
2.642415697449082e-06 1.084823209983488e-06 -2.605560669449015e-06 -2.025714220114521e-07
2.296381862729260e-06 1.496997447940452e-06 -2.131047522088929e-06 -2.791447602818713e-06
2.931151513967748e-06 1.085043507946921e-06 -4.706325035692557e-06 -7.440073983318794e-07
2.823727425493033e-06 1.311073691270248e-06 -4.759556623234886e-06 -2.066521477936708e-06
2.626357839205089e-06 1.434573202473759e-06 -3.777837503044013e-06 -2.691218856354753e-06
2.467706085909768e-06 1.656713699666684e-06 -3.348597314095126e-06 -3.700571172290616e-06
2.627113276300701e-06 1.774977343024876e-06 -3.729585967986415e-06 -3.877782869514096e-06
3.006871388583316e-06 1.310078725162584e-06 -5.798659174786919e-06 -2.077679369506999e-06
2.919474732388899e-06 1.518626501110044e-06 -5.273353082810986e-06 -2.576821680906210e-06
2.826395117835209e-06 1.719488751663570e-06 -4.400003758146361e-06 -3.494933870951802e-06
2.788747855376682e-06 1.850527295972074e-06 -4.006206323287420e-06 -4.600330689450786e-06
3.091643585293532e-06 1.479300088118677e-06 -5.661871655993355e-06 -2.018014721857857e-06
3.051503567816367e-06 1.705775385735552e-06 -5.120069638155916e-06 -3.024173590902730e-06
2.927816539987140e-06 1.903644682474238e-06 -4.029580132336209e-06 -5.455642140513308e-06
3.043381322215983e-06 1.928982748320727e-06 -5.436584255216296e-06 -6.703879793390449e-06
3.149165043727092e-06 1.929165586705784e-06 -6.296988034497286e-06 -6.684664420551484e-06
3.167544019551131e-06 1.742202770541738e-06 -6.423850099062270e-06 -3.971281866400052e-06
3.173285468338168e-06 1.593487740201110e-06 -6.136929898655005e-06 -2.240029541397858e-06
3.147277876206234e-06 1.857402921664707e-06 -6.472348585574803e-06 -5.986156230494751e-06
3.233193379382495e-06 1.921860102077491e-06 -6.259077000351216e-06 -6.549989715963837e-06
3.290967738620782e-06 1.895930530078737e-06 -6.073078576478552e-06 -6.207075448301630e-06
3.240510427111325e-06 1.772836904594882e-06 -6.883374910674980e-06 -4.606390644467426e-06
3.243109295833273e-06 1.678625208075299e-06 -6.992011155008157e-06 -3.325317772004799e-06
3.331719779757037e-06 1.865829861869539e-06 -6.068244466717988e-06 -6.032115501867771e-06
3.304672907960323e-06 1.836975847664669e-06 -6.408666178761243e-06 -5.333056307852776e-06
3.301557363848311e-06 1.742991264944664e-06 -6.945461168135090e-06 -3.692750566178046e-06
3.344035512436362e-06 1.835127899581550e-06 -6.573286779831706e-06 -4.714515294143448e-06
3.340781387424401e-06 1.827214903219650e-06 -7.802204537967839e-06 -5.959255399968502e-06
3.342877066807967e-06 1.779008513671730e-06 -6.868833663478149e-06 -3.089744030684063e-06
3.326455663299451e-06 1.787355378685026e-06 -1.110790636095894e-05 -5.437588478642841e-06
3.354824039470797e-06 1.825665864600203e-06 -8.914221756574437e-06 -3.226690342025973e-06
3.344763442321969e-06 1.814895136124662e-06 -8.557155397941363e-06 -2.324870250871130e-06
3.231426845562448e-06 1.726868920018057e-06 -1.236521357747164e-05 -5.204952236229652e-06
3.296777401559819e-06 1.822655270183794e-06 -1.206309935677057e-05 -4.083278738426564e-06
3.328166469380164e-06 1.859651427171204e-06 -1.073359769530380e-05 -2.367571922515729e-06
2.998262884355209e-06 1.676155072856003e-06 -1.353730226491779e-05 -6.563223118815214e-06
3.128667809786314e-06 1.820073302228635e-06 -1.228822239140565e-05 -5.053302422363034e-06
3.230089590050637e-06 1.914420469022558e-06 -1.181638978444222e-05 -3.999074143392495e-06
2.682115035769650e-06 1.639057901434516e-06 -1.762517682387928e-05 -5.666106453754591e-06
2.850350772144246e-06 1.824807166389490e-06 -1.583203627681632e-05 -4.489265407023520e-06
2.995769124036901e-06 1.969846613549319e-06 -1.387077885049633e-05 -3.230914396576466e-06
2.295826949741525e-06 1.595961285653632e-06 -2.016733875793674e-05 -5.156284357254080e-06
2.503292416247777e-06 1.822121330768115e-06 -1.919924670566814e-05 -3.692083768781934e-06
2.683566431637036e-06 2.008927889194130e-06 -1.802371276271698e-05 -2.350160863624002e-06
1.848584103227352e-06 1.571146619430981e-06 -2.316992462235431e-05 -6.861103622411382e-06
2.078956467083182e-06 1.818059482376269e-06 -2.102588245000038e-05 -4.391079656819596e-06
2.297723720714121e-06 2.043632332673192e-06 -1.979907632606884e-05 -2.759683091543450e-06
1.373168215693926e-06 1.555182667198336e-06 -2.694017545002060e-05 -6.540783512542202e-06
1.614979288379911e-06 1.820141588054065e-06 -2.527808163689026e-05 -5.070813147622373e-06
1.847509888248904e-06 2.066187344318074e-06 -2.286639653843623e-05 -2.746212580273128e-06
8.447072062463172e-07 1.525549220467512e-06 -2.926236420999316e-05 -5.594146355781003e-06
1.120548163361113e-06 1.824198841105882e-06 -2.837576949616573e-05 -4.592338426007554e-06
1.371466654044219e-06 2.089390892046125e-06 -2.719231976520678e-05 -3.252987036012983e-06
2.557521561565826e-07 1.504554541020648e-06 -3.231392111712964e-05 -5.828962234798085e-06
5.569322146799888e-07 1.824881445868599e-06 -3.058929346510176e-05 -4.057793821231705e-06
8.446702340266152e-07 2.124078812320682e-06 -2.950133930101555e-05 -2.958691507490302e-06
-3.505997436689759e-07 1.496438109077442e-06 -3.534566743127375e-05 -6.014345517935229e-06
-4.630653209446380e-08 1.823761941233287e-06 -3.390859725878719e-05 -4.381428935234991e-06
2.563195863135134e-07 2.144106463768929e-06 -3.215252137550345e-05 -2.497327056979117e-06
-9.720957227203928e-07 1.485660795398981e-06 -3.756083874014415e-05 -6.246855500203404e-06
-6.571664437212560e-07 1.823562202579780e-06 -3.637892520437483e-05 -4.901514188204113e-06
-3.506263821426528e-07 2.150731088514708e-06 -3.511564804017822e-05 -3.322284460749822e-06
-2.339166235172742e-06 1.521123076400794e-06 -4.281975674488555e-05 -5.027201386408652e-06
-2.249475971496342e-06 1.483801809825780e-06 -4.253392762088593e-05 -5.169039006905449e-06
-1.258577749842088e-06 1.823616007564033e-06 -3.885394277143621e-05 -4.790335674448128e-06
-1.614861327856070e-06 1.482118743267701e-06 -4.038018396635986e-05 -5.792046695780815e-06
-9.721834598973882e-07 2.161573066143283e-06 -3.762570202136916e-05 -3.540326901058850e-06
-2.376294202697054e-06 1.611060869123259e-06 -4.293575563866395e-05 -4.710188397064945e-06
-2.164257338706981e-06 1.822790209658484e-06 -4.236274561583166e-05 -4.100969997459275e-06
-1.614567287272409e-06 2.164518802779502e-06 -4.059960004640159e-05 -3.210774558033964e-06
-2.376241677773006e-06 2.034430792246878e-06 -4.296030002975502e-05 -3.443007110789067e-06
-2.249335173852003e-06 2.161812125710922e-06 -4.262303904907529e-05 -3.076025126459315e-06
-2.339087695843354e-06 2.124447936520933e-06 -4.286281172333333e-05 -3.185958831969220e-06
