8.714779010910313e-05 -1.417091129211622e-05 -1.166174663003144e-05 7.396782195180684e-07
8.745823086775948e-05 -1.342137235290396e-05 -1.135239209615111e-05 9.352503322073687e-07
8.745809929879354e-05 -9.887003538464144e-06 -1.151237798981786e-05 2.441892647786220e-06
8.714744828915880e-05 -9.136356896862436e-06 -1.185035824570634e-05 2.629931043795995e-06
8.639835720169573e-05 -1.448144585987123e-05 -1.230551150553319e-05 7.753161977810739e-07
8.499047737569816e-05 -1.165315642118810e-05 -1.315982506102530e-05 1.527890298912791e-06
8.639734193266788e-05 -8.825217718317556e-06 -1.252854256104851e-05 2.574342117674733e-06
8.110975704052629e-05 -1.448043607182651e-05 -1.101263255184261e-05 3.015472243487831e-06
8.110561969786632e-05 -8.815351310788085e-06 -1.135895864051153e-05 -6.975534158298383e-07
7.818850686090219e-05 -1.164605358274137e-05 -9.595292981337012e-06 1.480672900134114e-06
7.582295030826301e-05 -1.447741235354111e-05 -1.055321151754248e-05 9.414308992769989e-07
7.582684459157234e-05 -8.820023546447246e-06 -1.071921564530461e-05 3.660479817757661e-06
7.319135061589497e-05 -1.165094360694330e-05 -1.257953089622531e-05 2.085823819224264e-06
7.056076799303648e-05 -1.446995689349703e-05 -1.176467503633188e-05 4.498224017115471e-06
7.056450446318456e-05 -8.837253763102173e-06 -1.105081650388727e-05 -1.653504697750401e-06
6.793680631910181e-05 -1.165726292232163e-05 -8.702522856621211e-06 4.559582914188474e-07
6.532698199364575e-05 -1.444753432661151e-05 -8.059429871527213e-06 6.964431936028651e-07
6.532645520048000e-05 -8.864996900657978e-06 -9.130912638437877e-06 5.535878500170693e-07
6.272652100495840e-05 -1.165464593541157e-05 -1.036950587276594e-05 1.782997305001160e-06
6.014061290129532e-05 -1.441605462742827e-05 -1.050390816986295e-05 -4.763742981741205e-07
6.014000944044246e-05 -8.887879658623967e-06 -1.041089323998517e-05 3.804591754928156e-06
5.756058745736639e-05 -1.165083584934527e-05 -9.100072923366501e-06 1.656196623467029e-06
5.499606965782650e-05 -1.438983692249255e-05 -8.608764610558829e-06 -3.233935012586615e-07
5.499740702357335e-05 -8.911088488868674e-06 -7.672545414252838e-06 2.526042424511653e-06
5.244240214817865e-05 -1.165193917760852e-05 -6.892085199041935e-06 4.571790795207965e-07
4.989279414627836e-05 -1.438333919638502e-05 -4.579587002828146e-06 3.565175240939635e-06
4.989916288878378e-05 -8.926959552753826e-06 -4.942692608150533e-06 -1.467137951044691e-06
4.735015853684167e-05 -1.165903035811304e-05 -5.435903475079474e-06 1.203324718859128e-06
4.481799523426784e-05 -1.436501382437624e-05 -5.225098672753826e-06 1.651190182584728e-06
4.481234284776799e-05 -8.947751727932056e-06 -6.773641551158166e-06 -8.813932012468148e-07
4.228883871192871e-05 -1.165514234002181e-05 -4.673635320247453e-06 1.287649826275700e-06
3.976984827774287e-05 -1.435264251176266e-05 -5.788196206249651e-06 8.644539649279511e-07
3.977001079386628e-05 -8.960553497588553e-06 -3.588981743066984e-06 4.586974559693034e-07
3.725477583169433e-05 -1.165531205435668e-05 -3.194081931220798e-06 5.971795616748438e-07
3.475441764161674e-05 -1.433437954548797e-05 -1.215412645240315e-06 1.579603537342205e-06
3.475516559954952e-05 -8.975941317226529e-06 -2.812141289754009e-06 1.261072271616652e-06
3.235922801763712e-05 -1.165572844686035e-05 -3.843278195481701e-06 4.911358986907990e-07
2.996457722803499e-05 -1.432518394284028e-05 -3.555552250294026e-06 -4.628886042981149e-08
2.996574331707520e-05 -8.990553861792843e-06 -3.341748909364020e-06 2.789846494407955e-06
2.817203143939910e-05 -1.186501139998973e-05 -1.972982059822491e-06 4.206591808409143e-06
2.634000799611270e-05 -1.431586164007604e-05 -4.121290438478131e-07 1.207053396762528e-06
2.634356815206620e-05 -9.000244882247257e-06 -1.746919420410789e-06 -3.893140110556009e-06
2.371764765697912e-05 -1.430337612829119e-05 -2.316651139287550e-07 2.965944188644981e-06
2.422479750356655e-05 -1.256723312421228e-05 -1.757615059368051e-06 -7.748742832005908e-08
2.371918768743310e-05 -9.017499629329681e-06 3.279528045606883e-06 1.652972889494994e-06
2.182864971426650e-05 -9.029043501559633e-06 1.714647667518885e-07 1.960209055805498e-06
-3.693930223974907e-06 -3.106676907531886e-07 -3.635429553451554e-05 9.768941812020827e-07
-3.782098501213711e-06 -1.731264379402997e-07 -2.079189585398740e-05 2.963784948390783e-06
-3.740426991654267e-06 5.634476427458830e-07 -1.848331872414925e-05 -1.716783300053068e-05
-3.651268965341343e-06 6.955173893713588e-07 -2.167030557101579e-05 -5.695087037478680e-05
2.182866420001947e-05 -1.428749140219762e-05 4.669630488842969e-06 4.323312511136345e-06
2.011389332321729e-05 -1.417982600769377e-05 1.040222357164258e-06 2.413705295700629e-06
2.144128121032105e-05 -1.099314906755267e-05 -1.863597303374733e-06 1.056563121460978e-06
2.010967305050491e-05 -8.891962055582160e-06 3.469278266091635e-06 -1.060489550228771e-06
-3.507970819426060e-06 -3.506787325699658e-07 -3.953455748303329e-05 -1.263977970546762e-05
-3.140795046450766e-06 1.874319254859315e-07 5.256717740052568e-05 3.350579589538724e-05
-3.459310470242295e-06 7.348197685237355e-07 -6.109077700410663e-05 -5.100772089606846e-05
1.956686360702515e-05 -1.255429996209475e-05 -7.591594443318376e-07 2.605910427626146e-06
1.843042023555941e-05 -1.387525992484978e-05 -6.549743647736198e-06 2.240634832567418e-06
1.679918865476701e-05 -1.338203672818746e-05 -3.902172445178855e-06 3.518202263190652e-06
1.904878027545429e-05 -1.032230646631335e-05 2.112436234346303e-06 -2.206160455730607e-06
1.846053650014535e-05 -8.461124489202932e-06 -5.751377324016995e-06 4.342963403967424e-06
-2.297963749653862e-06 -4.160019295288341e-07 -2.475238724761331e-05 -1.878597538640684e-05
-2.299127909715650e-06 8.160766868324687e-07 5.581314134144873e-07 7.243458390297279e-07
-1.665198002736320e-06 1.597272887638141e-07 9.846846301859555e-06 1.021321439988395e-05
1.524550585796734e-05 -1.270361616180264e-05 -1.039077497179089e-06 4.089891152010464e-06
1.657927863833392e-05 -1.169236932157422e-05 -3.247488398532566e-06 -4.214639745919671e-07
1.714540831483494e-05 -9.564856246539397e-06 -8.610186546866395e-07 4.882265244827008e-06
1.691993019292109e-05 -7.761068203184098e-06 3.341801560856676e-06 -4.220075315488968e-06
-9.920111713042004e-07 -5.031040701512995e-07 2.486726207297000e-06 9.969760168356124e-06
-9.917813754499973e-07 9.241422810278732e-07 -1.244908440360448e-05 -8.634026139789886e-06
-2.282922869429409e-07 1.522312362315405e-07 1.080802120747665e-05 -2.917917063732849e-06
1.378616745245487e-05 -1.186955661565350e-05 1.092103174357984e-07 3.701709541712605e-06
1.242735386761189e-05 -1.087835222200453e-05 -1.332871507485691e-06 1.217906474937892e-06
1.516849132525489e-05 -9.233193044142122e-06 -8.578255027181133e-07 -4.707499493041322e-08
1.552869501135740e-05 -6.823135179475202e-06 -8.077281036496504e-06 2.759515685716190e-06
6.414911505219043e-07 -7.423803373490890e-07 -9.286012288717592e-06 -5.294877147583767e-07
6.366163383221483e-07 1.142207030478069e-06 1.195885621340041e-07 5.212754134107846e-06
1.277311181320736e-05 -9.337909206288510e-06 1.493824509844232e-06 8.417887254988416e-07
1.121719837974307e-05 -9.742990968695363e-06 2.079247297253989e-06 -9.573994103960772e-07
1.335400056432751e-05 -7.592915230010962e-06 1.141889183272474e-06 2.436228493364826e-06
1.434024386186929e-05 -5.678014380064635e-06 5.369674114475092e-06 -2.773188957030137e-06
1.602898216665574e-06 1.615911233863183e-07 3.241650930348222e-06 -9.694932988910639e-06
2.731785965636770e-06 -1.096387386800049e-06 5.541949471161849e-06 7.668141555798946e-06
2.732296934106419e-06 1.470509271786271e-06 1.502026090658404e-06 6.065328769782742e-06
1.014907646646413e-05 -8.487843121953577e-06 3.920507047639079e-06 1.905585222893354e-06
9.228043435368916e-06 -7.132577712965510e-06 1.425292946389927e-06 -3.187032435706917e-07
8.469242061570490e-06 -5.680191497152414e-06 6.243946739239125e-09 -1.389771955642732e-06
1.218198011925191e-05 -6.007052795747889e-06 -2.935566698573162e-06 -2.435466769405305e-06
1.337034752858796e-05 -4.328594791862892e-06 2.690805787004717e-06 9.520477782171283e-06
3.655646076593315e-06 1.898086317357871e-07 -7.196571726543919e-06 -7.407009121388851e-07
4.772171293161842e-06 -1.447230265176341e-06 5.904216969891128e-06 -2.542958147566482e-06
4.771177573102234e-06 1.813768986874655e-06 3.633552318412518e-06 -5.686978597337082e-08
1.000757571261805e-05 -5.687293827027094e-06 -2.284841508403587e-06 -3.513258416312672e-06
7.884071752193204e-06 -4.147050471717296e-06 1.431188676226782e-06 4.481573750378302e-06
6.610400726872299e-06 -1.711760664440941e-06 3.167265371193826e-06 -7.664883570620427e-06
7.180007413717598e-06 -1.992452990864491e-06 1.680480234452028e-06 -7.075420072532735e-06
7.491709342661758e-06 -2.560893766037501e-06 3.081660413786528e-06 -1.620781643211736e-06
1.135515243862365e-05 -4.138974164640749e-06 1.045561105602314e-06 1.540065873625606e-06
1.267471538236662e-05 -2.873317208082281e-06 3.130677781630112e-06 -6.869709858887313e-06
5.775059174182473e-06 -5.061213467793270e-08 1.759398137880779e-07 9.290425115452847e-06
6.601494827189343e-06 2.076426743963147e-06 3.947943696146262e-06 -8.517070771902527e-06
8.941510793063441e-06 -3.068303219185015e-06 5.673177065557542e-07 4.417928719336278e-06
7.206747965857359e-06 -8.485894267118949e-07 -2.702534194313565e-06 -4.430559037360697e-07
7.863379751806409e-06 -1.791994156268319e-06 2.187552170430140e-06 -4.505526211155991e-06
1.075015985326405e-05 -2.433522126089438e-06 -3.425742613433828e-06 2.208270352267944e-06
1.225197881904067e-05 -1.349094211844338e-06 -5.026668944176442e-06 1.521303767983645e-06
7.215439805851857e-06 9.799495516082018e-07 -8.067570216851000e-06 6.908563895002327e-06
7.110910376610388e-06 2.365534640933117e-06 3.925165733234623e-06 -1.098716293246161e-05
9.256225373123275e-06 -5.136951087126062e-07 2.617938567172442e-06 3.379660065064346e-06
1.211359999734985e-05 1.887399763391471e-07 1.088004148287292e-06 1.903102133151957e-07
1.232280206512598e-05 1.727485390165236e-06 6.544380432641128e-06 2.012720360710985e-06
8.287358611423575e-06 1.986066825684898e-06 -7.474829306462883e-06 -7.720988493967789e-07
7.398229893321535e-06 2.984208409251781e-06 8.661966645194203e-06 -1.190644013815413e-05
7.746789599238446e-06 4.685919637425224e-06 5.932046605463711e-06 -9.085087647297730e-07
1.076232247345824e-05 1.902163943639594e-06 1.720307709418245e-06 1.478224897196523e-06
8.296092072865718e-06 6.390063503653823e-06 -1.304480208027886e-06 9.207333931614804e-06
1.288018252574675e-05 3.305168660625587e-06 5.559818354810404e-06 -2.374068281995924e-07
9.273499840366878e-06 4.728960200750361e-06 -3.414176840607994e-06 1.915378364916482e-06
1.158234872713955e-05 4.860253956665635e-06 -2.593346434864866e-06 -3.108848522774229e-07
9.070145196344454e-06 8.043458065053257e-06 -2.042304523450300e-06 9.611007396804687e-06
1.376774645319544e-05 4.873052979661693e-06 3.522673817185397e-06 7.431211890410467e-06
1.308725557634762e-05 6.446712605582054e-06 1.296601862146096e-06 -1.641141709198607e-06
1.142651024031482e-05 7.464587360130186e-06 2.020113368480907e-06 -8.147678794520059e-06
1.005546507744947e-05 9.685778889845275e-06 5.623722374677855e-06 -2.463959437527778e-06
1.128795806927422e-05 1.122785870387776e-05 2.868912946377123e-06 2.025598276560550e-06
1.498699203280795e-05 6.320927000543215e-06 -2.841349354625400e-06 1.879320590908399e-06
1.412995367849742e-05 8.283646916252089e-06 -2.155353262322649e-06 -4.395692780436920e-06
1.313441031500343e-05 1.062021905419767e-05 -2.108136465355815e-06 8.010585209531774e-07
1.271233332147400e-05 1.269123131514790e-05 -2.313234468945049e-06 2.829999898050418e-06
1.652748809383861e-05 7.654871628648215e-06 7.288873215508729e-06 4.426089002098281e-06
1.605938490764843e-05 1.062084018849126e-05 -8.246675737327318e-07 5.024070259578942e-06
1.434721317771432e-05 1.399628771934500e-05 1.194639938587063e-06 2.511266403237527e-06
1.618766068027527e-05 1.512843651230075e-05 1.506287521887512e-06 -5.187187174737504e-07
1.818363179328651e-05 1.609009790322425e-05 3.821379608320543e-06 2.779687697572795e-06
1.832719357891469e-05 1.127674630546542e-05 -3.156499034597314e-06 1.236483351393543e-06
1.830711845624054e-05 8.778237299250446e-06 1.929767762612093e-06 1.941497481716950e-06
1.787539614790635e-05 1.382170634106288e-05 1.122030136850403e-07 1.938092580327917e-06
2.033475774383589e-05 1.681276168955340e-05 4.120271178473679e-06 5.921389372685493e-06
2.261433043220463e-05 1.730191504478078e-05 -4.896380427011500e-06 3.712833741199097e-06
2.017854221272159e-05 1.183719243374694e-05 2.801925142079571e-06 2.236733860217286e-06
2.036282861802105e-05 9.599843300367233e-06 3.167597966025153e-06 -3.213574618951416e-06
2.497964612095044e-05 1.751703609435222e-05 8.913289228250817e-07 1.960370179558546e-06
2.231236542492409e-05 1.398256759897892e-05 6.100534905691669e-07 2.488921812170066e-06
2.259257722571141e-05 1.005589615808388e-05 1.719388533277233e-06 2.539105550297476e-06
2.549410943212768e-05 1.435505581445257e-05 4.547588631967754e-06 3.021032333672755e-06
2.766038243639003e-05 1.761285972669985e-05 -4.836929162249693e-06 1.568000831473858e-06
2.495265781952862e-05 1.018060381217220e-05 -5.121746061907892e-06 1.548622621697738e-06
3.143655495414857e-05 1.772576996298669e-05 3.459402478347506e-06 5.512608139697933e-06
2.841217018726539e-05 1.252747165298027e-05 2.853111976346432e-06 -4.402024260537881e-07
2.765312089792045e-05 1.008517378905724e-05 3.085766774881191e-07 -1.016316797779140e-06
3.682439230894143e-05 1.788267146247546e-05 2.389465941352700e-06 1.357431088035799e-06
3.411210032322010e-05 1.354267932205566e-05 4.178906590202679e-06 -1.640352781566104e-07
3.143451457416385e-05 9.961083483576009e-06 -1.385644947877382e-06 1.492422071478401e-06
4.422920416778015e-05 1.806184464373504e-05 5.213003572451379e-06 2.406548198951122e-06
4.047523510747937e-05 1.385417290365820e-05 4.731491250184556e-06 2.088020994626111e-06
3.682679700303254e-05 9.811711947189457e-06 3.648948655184625e-06 3.811303007466225e-07
5.223131359783688e-05 1.819621107063933e-05 4.275743692961931e-06 2.205171765846012e-06
4.818923005163262e-05 1.385486794592596e-05 4.049559986373681e-06 1.614963021243009e-06
4.422720443772972e-05 9.643447854660396e-06 2.843601166998256e-06 -7.573740798916582e-07
6.047133300384213e-05 1.831770013488091e-05 6.707507123370912e-06 -4.813060727904712e-07
5.631388412507169e-05 1.385216519627935e-05 5.200143878798079e-06 7.566313887393292e-07
5.223356523570549e-05 9.511223250486852e-06 5.447650404627599e-06 2.255339780493409e-06
6.889993193741880e-05 1.841239745919248e-05 4.887196581851069e-06 1.231482107384797e-06
6.465536783569055e-05 1.385392235911491e-05 6.374690864952090e-06 1.709803088623837e-06
6.046952071877104e-05 9.388215548203729e-06 5.773393787508831e-06 2.210406610412096e-06
7.751515622506148e-05 1.848953881370091e-05 1.028427922705849e-05 1.706443088755113e-06
7.318121030335796e-05 1.384697970099572e-05 7.230348117577958e-06 9.660006197618210e-07
6.890420979901691e-05 9.288081986312223e-06 6.436822624124703e-06 1.854673201156472e-06
8.625247471767362e-05 1.855294859747510e-05 8.331944479909682e-06 5.781114315946278e-07
8.186515041623405e-05 1.385255406071524e-05 9.637249434734230e-06 1.497738488383317e-06
7.750943175689682e-05 9.208037090472346e-06 8.977656820043022e-06 1.229198381867184e-06
9.508377216807573e-05 1.859721456008438e-05 9.511334062840728e-06 5.469971487386211e-06
9.065564570498050e-05 1.384994784450109e-05 7.732353581689362e-06 1.665956760790477e-06
8.625599916034778e-05 9.150080431745110e-06 8.314403749362828e-06 1.761647144464942e-06
1.039826342557849e-04 1.863133975720686e-05 9.912753259444827e-06 -5.104699552545209e-07
9.952280083744044e-05 1.384929181497666e-05 1.152187715595183e-05 1.856716676829620e-06
9.508410899546239e-05 9.100168132838380e-06 9.730317524300222e-06 -7.612882072274304e-07
1.129267120129918e-04 1.864539794581956e-05 1.286557504513747e-05 3.260298255542892e-06
1.084490829235492e-04 1.385356691366263e-05 9.498841664681333e-06 1.183508497849560e-06
1.039798014566730e-04 9.072416599585064e-06 1.041209427921310e-05 3.246626129081960e-06
1.321387254066451e-04 1.812881255624953e-05 1.363601966621116e-05 1.501450250975307e-06
1.308632602187152e-04 1.865677674010519e-05 1.343035610281692e-05 1.416160472372946e-06
1.169383385306977e-04 1.385398188150430e-05 1.368791890230557e-05 1.732295675469260e-06
1.218847810429942e-04 1.865308477377259e-05 1.068247218176324e-05 1.274180354883380e-06
1.129259989484130e-04 9.062919405631777e-06 1.207633057977128e-05 -9.537356536873163e-08
1.326670897868062e-04 1.685388553774711e-05 1.380384450796847e-05 1.640365950713605e-06
1.296482753055124e-04 1.384875695384043e-05 1.354416771609779e-05 2.080003164163079e-06
1.218869899363853e-04 9.051585941277035e-06 1.079356023920242e-05 1.802506320586556e-06
1.326673368135189e-04 1.084305450712059e-05 1.536920108072374e-05 1.839320044069271e-06
1.308642491934058e-04 9.041165524881737e-06 1.475191880246341e-05 1.465040022433369e-06
1.321391848250989e-04 9.568788623608329e-06 1.520072888773103e-05 1.553647709266724e-06
