6.049908176146268e-05 -7.937421385201860e-06 3.614823185927105e-05 -6.103832595455317e-06
6.075901313402064e-05 -7.310498240783623e-06 3.630702562211726e-05 -5.612553477961636e-06
6.075975311690904e-05 -4.359477023668435e-06 3.629073252809945e-05 -3.405628730909266e-06
6.049998674551987e-05 -3.733135853309453e-06 3.612772787309617e-05 -2.871214802888532e-06
5.987177398121435e-05 -8.197171413191178e-06 3.574102073225481e-05 -6.327604795323590e-06
5.869439050549391e-05 -5.835925176246241e-06 3.491298077402706e-05 -4.367316511917338e-06
5.987308087014272e-05 -3.473719002249500e-06 3.570015657245314e-05 -2.617444279755126e-06
5.544249138078921e-05 -8.204161203680062e-06 3.242807881864711e-05 -6.568653053497380e-06
5.544473012994401e-05 -3.473574856107640e-06 3.245081301622953e-05 -1.641847414371324e-06
5.300492550282116e-05 -5.839095094626028e-06 3.241121232419433e-05 -4.291415785590102e-06
5.102662151261026e-05 -8.204434473270459e-06 3.108626158678247e-05 -6.976984486747910e-06
5.102347839992839e-05 -3.469072718348624e-06 3.109836654273926e-05 -2.360887831309573e-06
4.881670976608586e-05 -5.833462110765190e-06 2.900868654156066e-05 -4.257073204030982e-06
4.661991640274238e-05 -8.183985262241223e-06 2.888495200974642e-05 -5.259051399367190e-06
4.661846967581437e-05 -3.478746220808255e-06 2.911606401910014e-05 -3.076464625756328e-06
4.442918489180289e-05 -5.829062784283024e-06 2.902913690772690e-05 -3.625802129573557e-06
4.224763963111225e-05 -8.159862951297129e-06 2.694750160982887e-05 -6.062658097786429e-06
4.225065911818089e-05 -3.498086366411613e-06 2.830028960974976e-05 -1.874482255532497e-06
4.007169083897972e-05 -5.829888145186554e-06 2.447625373306202e-05 -4.373379447166011e-06
3.791251448088489e-05 -8.128025883780078e-06 2.361991261535897e-05 -5.709315730710140e-06
3.791136864853207e-05 -3.528620488225037e-06 2.301364287475019e-05 -3.580448846425555e-06
3.576331369012936e-05 -5.828235137749829e-06 2.281258494517300e-05 -3.983116079889828e-06
3.363709405737050e-05 -8.095534773272636e-06 2.254575720443953e-05 -5.623552337238626e-06
3.363692480397710e-05 -3.562088942409853e-06 2.412332854668736e-05 -2.949949781118820e-06
3.152711034644611e-05 -5.827357548363121e-06 2.212217763945059e-05 -4.201103819796705e-06
2.945006501045465e-05 -8.041667470895342e-06 2.018221453744976e-05 -5.677157534316133e-06
2.945149360109070e-05 -3.614578653280686e-06 1.901650306179395e-05 -1.518316385854814e-06
2.739042927875002e-05 -5.828484420096076e-06 1.849861198035486e-05 -3.285888482627480e-06
2.537340991398098e-05 -7.970941416940629e-06 1.669904388502014e-05 -6.412334282301990e-06
2.537210306037801e-05 -3.682132272427091e-06 1.849863744673851e-05 -1.030062934094449e-06
2.337951347564250e-05 -5.822975494283941e-06 1.521534127393550e-05 -5.090766642383999e-06
2.143845719025992e-05 -7.881284543291030e-06 1.640450246421302e-05 -3.709697816213176e-06
2.143806381044279e-05 -3.763833748991853e-06 1.360878285226941e-05 -5.778001533884051e-06
1.952080232251387e-05 -5.822692034363426e-06 1.567282768418140e-05 -3.189563515557719e-06
1.765656211619276e-05 -7.793221558898269e-06 1.308411745110964e-05 -4.112065794339058e-06
1.765423799934019e-05 -3.853197414427868e-06 1.447834423617708e-05 -4.452244599638816e-06
1.589613895573132e-05 -5.820173313590703e-06 1.213483251542046e-05 -4.674137000792865e-06
1.421722547113086e-05 -7.667165355721858e-06 1.183960643216206e-05 -3.062302932862758e-06
1.421638914040856e-05 -3.974183972559052e-06 1.183889676971758e-05 -1.295173111108555e-06
1.297975107938928e-05 -5.949187142102326e-06 9.208284548975249e-06 -3.216405383532998e-06
1.177429792467862e-05 -7.560884690447967e-06 6.139717301054093e-06 -7.694738624400120e-06
1.177236898075522e-05 -4.074553067025258e-06 9.140707987091174e-06 -2.793129142697486e-06
1.007663730640073e-05 -7.484410064365684e-06 8.679151911653825e-06 -5.576846558362841e-06
1.038356970216199e-05 -6.392197555441183e-06 7.902315281052635e-06 -4.182167439254009e-06
1.007795076853726e-05 -4.124241930504445e-06 7.665921498448675e-06 -2.582919668726899e-06
8.889173647642158e-06 -4.187774834133602e-06 8.728025327356792e-06 -3.400050194280578e-06
-1.030200885750780e-06 -1.027811423435556e-06 1.434865335486390e-05 -1.405145161256155e-05
-1.041324354278375e-06 -9.631008255979340e-07 -9.625485912111820e-06 -1.104179603589439e-04
-9.951371585481926e-07 -6.812261990863167e-07 -2.945040097749187e-05 6.867594783655653e-05
-9.953294185639169e-07 -7.021280516677871e-07 -8.684534426354121e-06 -2.701873863345307e-06
8.885093806582528e-06 -7.427864270089747e-06 9.441994876384755e-06 -7.098728922062722e-06
7.852643877823777e-06 -7.316426949227296e-06 7.828986812393141e-06 -3.728348941716540e-06
8.624608804274650e-06 -5.404301224305208e-06 9.150905583964232e-06 -6.564753167104424e-06
7.827552027151983e-06 -4.168991456239027e-06 1.024746167459697e-05 -1.449799998155999e-06
-9.930346233098624e-07 -1.054048537242464e-06 -3.109361025693492e-05 7.170607235277607e-05
-9.132133790448548e-07 -8.243340846503994e-07 3.293474168688200e-05 -4.554436400199095e-06
-1.000035122033817e-06 -7.178203562023567e-07 -1.863979076868474e-05 -3.806336801256869e-05
7.508401957014026e-06 -6.327554912437165e-06 6.175993926481100e-06 -4.539399467182343e-06
6.868383156226091e-06 -7.075320469808105e-06 2.939333017731119e-06 -2.688168840617248e-07
5.956736918854959e-06 -6.743701065501124e-06 3.529936054216272e-06 -2.649540944767220e-06
7.196635593547388e-06 -5.020205329972508e-06 8.147951068882178e-06 -2.549456655515580e-06
6.855633135939225e-06 -3.988924653350526e-06 1.684914292436755e-07 -3.092088879219949e-06
-6.472573722046527e-07 -1.011550244177222e-06 -1.873659189371811e-07 -1.256954841276605e-05
-6.211782055106297e-07 -6.781180582745957e-07 -1.925297754268839e-05 1.396315257097946e-05
-4.615472607213069e-07 -8.656373021581271e-07 1.246181191834391e-05 1.042821107463214e-05
5.134695277748004e-06 -6.305349084415643e-06 5.444279516035179e-06 -6.132991807099294e-06
5.819523897150301e-06 -5.772230529626497e-06 5.030711278675084e-06 -5.934387821860309e-06
6.128848756531527e-06 -4.605689145305162e-06 4.857486019328211e-06 -4.846423788583699e-07
6.001882767882201e-06 -3.700411860828376e-06 7.151510546577510e-06 -1.446633873594435e-05
-2.698752766172930e-07 -1.027676248085756e-06 -1.431256635478136e-05 -2.364438043145134e-07
-2.866333749201039e-07 -6.128915546369514e-07 -2.066497530931802e-06 -1.021467519930763e-05
-4.954651323647355e-08 -8.819997607676666e-07 1.218585221853534e-05 8.629590850969283e-06
4.394187282533858e-06 -5.814986722450326e-06 4.501995912690765e-06 -3.016832675580786e-06
3.760392351119292e-06 -5.273906985196401e-06 5.336349308951341e-06 -3.249442753922731e-06
5.084979458635044e-06 -4.449072902747121e-06 5.619672250472223e-06 -3.344956181888193e-06
5.244287265182244e-06 -3.286221703134329e-06 2.138508832263204e-06 -3.177194768741002e-06
1.969236834273040e-07 -1.090902695627743e-06 2.374824703761674e-06 -4.012843756300074e-06
1.940483214209802e-07 -5.681186616663648e-07 -8.947938391225238e-06 -6.487350257830449e-06
3.925399357388149e-06 -4.490719631463677e-06 5.059254867244639e-06 -3.271706502232619e-06
3.234962085988837e-06 -4.675253942175773e-06 6.729217692118783e-06 -5.107204904303776e-06
4.186488317080534e-06 -3.661292428084350e-06 1.677374333629792e-06 -1.533904470361264e-07
4.626878211735948e-06 -2.795976683436464e-06 1.035277763030465e-05 1.136241482319955e-06
4.756721000394311e-07 -8.878944471498034e-07 4.842902348142727e-06 5.173086168644201e-06
8.054185323943229e-07 -1.213058410364052e-06 -1.919095169341376e-06 -3.654832959745045e-06
7.915536065231617e-07 -4.928273087501236e-07 5.768770813525612e-06 -7.131843254616280e-06
2.787790677711338e-06 -4.052273028293677e-06 6.008506384132065e-06 -4.076823247100516e-06
2.456164878164585e-06 -3.447092124470691e-06 3.583403561464698e-06 6.731032115583988e-07
2.236103388479108e-06 -2.826334351567585e-06 6.043559288425788e-06 1.359120993654211e-06
3.664519115406171e-06 -2.950926787827194e-06 -8.089695421355385e-07 -2.223508929190060e-06
4.145413357069130e-06 -2.267423344071339e-06 1.283450256973960e-05 -2.132974758113577e-06
1.061637919393591e-06 -8.566413930884912e-07 -4.077915029941811e-06 -3.992216129129147e-06
1.362554579580107e-06 -1.325444386801986e-06 5.545672946202491e-06 7.686657245270334e-06
1.362874726841689e-06 -4.161896435177246e-07 4.917820173621028e-06 3.330543053777937e-06
2.785521845038916e-06 -2.818217699077619e-06 2.528644984021887e-06 9.086210525290037e-07
2.087859585576334e-06 -2.220153919387509e-06 5.317118228949404e-06 -7.483297366016968e-06
1.847702160359948e-06 -1.407933494745097e-06 1.834174046355671e-05 -8.932013939993308e-06
1.987878077884978e-06 -1.489754007916339e-06 -1.350483056606251e-06 -1.551220122227818e-06
2.044260333151289e-06 -1.667175290490329e-06 -9.544107954289565e-06 3.186617826628300e-06
3.310889076629377e-06 -2.204324854450664e-06 1.690246436867489e-06 -3.448868455629113e-06
3.782346835366372e-06 -1.757746456995824e-06 6.794705067589023e-06 -4.126070596508589e-06
1.643094003629586e-06 -9.393758993031177e-07 1.649879817838582e-06 5.256655745941274e-06
1.911086367477378e-06 -3.557714252423761e-07 -4.158542258702587e-06 -3.717426676304874e-07
2.465691134493487e-06 -1.821313268932406e-06 9.040495942476793e-06 -2.945536460661723e-07
2.021332773588589e-06 -1.151483195151443e-06 2.473010893071806e-06 -1.348806948300406e-05
2.177035554928559e-06 -1.424138578195456e-06 -8.903354211537908e-06 8.380892544944214e-07
3.079084223589985e-06 -1.601957333530138e-06 2.328223558734056e-06 2.856988354007908e-06
3.527395828329507e-06 -1.270207400080959e-06 -2.572318274126372e-06 -4.099867462651806e-06
2.069191902053687e-06 -6.407955300895152e-07 1.754357098049524e-06 -9.373652412009841e-07
2.085090730632556e-06 -2.727326863674863e-07 5.342560150526825e-06 -3.868283073795943e-06
2.610986391624840e-06 -1.004806448424546e-06 2.389401318743098e-06 4.937614654579826e-06
3.414982687190694e-06 -8.277150760071463e-07 3.916250786858901e-06 -9.256461765615041e-06
3.371273643491575e-06 -4.235859632227184e-07 1.300635652117221e-05 4.144390389896353e-06
2.399068741229136e-06 -3.453391865639760e-07 1.597845152128012e-06 -1.555746717000345e-06
2.196239367111016e-06 -1.248262597600019e-07 8.022278253158709e-06 -8.451869727940643e-06
2.338940566935345e-06 2.258891605160931e-07 3.245360084012510e-06 -1.658637574415527e-06
3.002241156210449e-06 -3.449441798487599e-07 3.805918159720435e-06 5.296829348596534e-06
2.521937562242533e-06 5.225478251171343e-07 2.207139988227088e-07 9.116574402071303e-06
3.399712802804188e-06 -4.990151266286279e-08 9.475641796656356e-06 2.819768995131304e-06
2.683727247479787e-06 2.533563558113269e-07 -2.473919275511111e-06 3.097775895194634e-07
3.115334870891982e-06 2.776644856810625e-07 2.624261849762813e-06 -2.994957151439285e-06
2.712811814404662e-06 7.803278863141383e-07 8.235564099349878e-06 1.358055306692469e-05
3.468864916472901e-06 2.850653738615503e-07 3.801471683842549e-06 4.532707629967520e-06
3.330641524840957e-06 5.481340274425805e-07 6.197460222307603e-06 1.610147664819143e-06
3.101227729125112e-06 6.859980056564938e-07 5.466439033901240e-06 -1.968032812041939e-06
2.911313933350965e-06 9.710396354502215e-07 3.897788579941831e-06 -4.246645724509603e-06
3.105012546280167e-06 1.100312698570128e-06 1.332528504954872e-06 1.185451637250262e-05
3.557670778454345e-06 5.425876572952425e-07 -2.228390838236252e-06 8.965601101211508e-06
3.444922339224509e-06 7.855219653495513e-07 5.904076532218724e-06 -4.089028341627205e-07
3.342748258071637e-06 1.028704844016395e-06 2.713689768918930e-06 8.186703734645196e-06
3.302397301685060e-06 1.195976953971218e-06 -1.137107808404053e-06 4.886131059471037e-06
3.676736632701291e-06 7.468255118042566e-07 2.948918748137286e-06 2.348211012413762e-06
3.606847681704820e-06 1.019912909043281e-06 7.205466430397464e-06 3.203278506972059e-06
3.463528854447927e-06 1.270753190315828e-06 5.655101518281611e-06 -5.687621955781528e-06
3.612529209958086e-06 1.298774812558948e-06 6.221737057765736e-06 2.840328136114816e-06
3.742509002767900e-06 1.286011876136232e-06 4.201675436545748e-06 6.152963987834376e-06
3.750215890678760e-06 1.068162198298921e-06 5.106431128905371e-06 2.282421518175478e-06
3.756388948626454e-06 8.869084906170825e-07 8.925700325013880e-06 -1.323030905093046e-06
3.739753608678616e-06 1.210755924547777e-06 3.942216354533638e-06 6.117714536192394e-06
3.826372479973971e-06 1.272606877125661e-06 7.520235650932964e-06 2.971581277249781e-06
3.884163521974639e-06 1.239781722271353e-06 7.608472525592205e-06 4.359056998322504e-06
3.848376959971766e-06 1.106713402521313e-06 4.712472145963063e-06 4.109287303124840e-06
3.850224817275734e-06 9.936216707273084e-07 3.625243641710820e-06 -3.763334271224766e-06
3.936483143823268e-06 1.200537753084715e-06 6.743026604732918e-06 1.030056513251406e-05
3.909007585655809e-06 1.175395101051899e-06 6.312796007226168e-06 1.588596383088414e-06
3.911878229676578e-06 1.075326463286855e-06 6.595658655590339e-06 3.130646031074292e-06
3.945475885678432e-06 1.176079379920568e-06 1.202065087914779e-05 3.400616664953381e-06
3.936122107949264e-06 1.162231272326217e-06 9.181207825837766e-06 6.353079221941521e-06
3.937655479393495e-06 1.116140132037967e-06 8.033512175077531e-06 4.237317638798725e-06
3.921873920848358e-06 1.138371072822945e-06 7.485575126604065e-06 1.552174090098033e-06
3.952556492950375e-06 1.164675585156934e-06 6.957542290616526e-06 3.803058924172278e-06
3.941585290600304e-06 1.151497964044236e-06 5.912670467085653e-06 3.899455952079417e-06
3.833488352632310e-06 1.067737413911674e-06 1.310825524039787e-05 2.785023789972992e-06
3.897376972378802e-06 1.163342705208283e-06 1.274318210768122e-05 4.495514242485514e-06
3.927489073425496e-06 1.201854212733580e-06 1.034783871572444e-05 1.786704896203870e-06
3.590618871434372e-06 1.005375031689367e-06 1.068457630167009e-05 6.057378158340802e-06
3.731694364108186e-06 1.164645234651340e-06 1.099956503644146e-05 3.799617787193486e-06
3.830474055565704e-06 1.260098683790795e-06 9.534768040836241e-06 4.435480970032543e-06
3.240694419259426e-06 9.585681654949062e-07 1.638542883703073e-05 5.380982026833522e-06
3.431101980561609e-06 1.162046136067845e-06 1.283343697108516e-05 3.241440099859818e-06
3.593850834600630e-06 1.323838401053426e-06 1.249952836834640e-05 2.733126992255848e-06
2.823481437950347e-06 9.221326952910930e-07 1.451409383883823e-05 5.283269214093994e-06
3.041246797345548e-06 1.160159368720130e-06 1.637288638473065e-05 4.712819793252620e-06
3.243345342066836e-06 1.365358308232332e-06 1.486569991004990e-05 1.183781355863621e-06
2.333245742498291e-06 8.883659281021356e-07 1.879441747443060e-05 3.829051055202091e-06
2.590581053423158e-06 1.163639850803318e-06 1.656368755177989e-05 3.064767665255666e-06
2.819437636608110e-06 1.402148348329123e-06 1.625777960765007e-05 3.861655833757287e-06
1.800138448213586e-06 8.729656475208340e-07 1.771431393688944e-05 3.866208059690847e-06
2.070020127943416e-06 1.163014359552816e-06 1.791534612607808e-05 3.805288109802568e-06
2.334343215204823e-06 1.438900126371547e-06 1.709787785879101e-05 2.556411577006051e-06
1.233838181511171e-06 8.460325132644406e-07 2.102630190458718e-05 5.612331222152369e-06
1.526033607639527e-06 1.160787301471402e-06 1.926640021819702e-05 2.990204424706788e-06
1.801415450046107e-06 1.451384809248481e-06 1.860900456323671e-05 3.166509151822429e-06
6.442919178971554e-07 8.438092898482152e-07 2.124831912449289e-05 3.781759921751988e-06
9.389691778267279e-07 1.159298277466409e-06 2.151663700324996e-05 4.218966799007047e-06
1.235140914478415e-06 1.473419247215944e-06 2.041103025437979e-05 1.694789101650649e-06
5.302741601339887e-08 8.444719735929657e-07 2.433121160788320e-05 2.324547707583083e-06
3.485078595722431e-07 1.159811384353350e-06 2.266424116241964e-05 3.632743580718805e-06
6.427021201954463e-07 1.476021504369797e-06 2.195925333071204e-05 4.260770047151562e-06
-5.463821186501878e-07 8.376587282150573e-07 2.756772371359360e-05 6.190340698542297e-06
-2.447263260203743e-07 1.158870047278870e-06 2.528699545573171e-05 3.903957388441044e-06
5.257940872364606e-08 1.473738951771992e-06 2.350373431011848e-05 5.133067755026288e-06
-1.843798405070458e-06 8.684634048219796e-07 3.219638501713264e-05 2.010425056537625e-06
-1.757384937582801e-06 8.318529960003219e-07 3.247072355824279e-05 2.104602164991788e-06
-8.128248945438092e-07 1.153634945708477e-06 2.922493725769369e-05 3.539453534340004e-06
-1.151632986472852e-06 8.200779785696014e-07 2.979807754460681e-05 5.243539427037258e-06
-5.416097073204749e-07 1.476626720952235e-06 2.816529218913550e-05 1.262446622964897e-06
-1.879494605114252e-06 9.560482601246843e-07 3.204070542842405e-05 2.015273373967446e-06
-1.678203054435905e-06 1.159062293575423e-06 3.266813564866840e-05 3.060897716830531e-06
-1.154599390818920e-06 1.488482428842413e-06 2.988990505796415e-05 1.820628759377303e-06
-1.879947834331741e-06 1.363197430532599e-06 3.100679212505901e-05 4.580955761898691e-06
-1.758886499399150e-06 1.485984681271943e-06 3.163706586372534e-05 4.935682664607677e-06
-1.844553906876174e-06 1.449859386495811e-06 3.117403562931171e-05 4.900031427567153e-06
