8.119773695117272e-05 -1.349326668657774e-05 -2.161898292695656e-06 -1.894574469928140e-06
8.148187668630648e-05 -1.280700118606255e-05 -2.048211307155777e-06 -1.750415699581880e-06
8.148150376624275e-05 -9.572347038263075e-06 -2.082613056645003e-06 -6.911732019456725e-07
8.119732084991520e-05 -8.885975655494860e-06 -2.206880839441631e-06 -4.857941549605303e-07
8.051169631409025e-05 -1.377758822528494e-05 -2.410623133901435e-06 -1.923396244775255e-06
7.922435703486013e-05 -1.118930726431508e-05 -2.945704591727122e-06 -1.121941392103323e-06
8.051120122610936e-05 -8.601581171094884e-06 -2.488261812478713e-06 -4.194841553847264e-07
7.567626077788930e-05 -1.377942676791083e-05 -3.091274681911683e-06 -4.222463080984039e-07
7.567575304790188e-05 -8.597376478356124e-06 -3.365794548888688e-06 -8.206117180885645e-07
7.300191216770708e-05 -1.118853898194898e-05 -2.148711888869015e-06 -2.866295005804004e-07
7.083092454761431e-05 -1.378245860979378e-05 -1.345162418512220e-06 2.631181948539363e-07
7.083269304500831e-05 -8.597592728058708e-06 -1.305252003529356e-06 -8.220288755745692e-07
6.841034939568561e-05 -1.119152006394411e-05 -8.880491393467926e-07 -2.450734963163744e-07
6.599172815776045e-05 -1.378100474835030e-05 -8.449948568112475e-07 -7.991614065785344e-08
6.598988195632078e-05 -8.600474516594324e-06 -7.260302872399645e-07 -7.334641514830083e-07
6.357214548261315e-05 -1.118903538719244e-05 -4.571732466439960e-07 -4.357871182445819e-07
6.115949416671593e-05 -1.377199940285067e-05 -1.269938691205888e-07 1.282779417281993e-08
6.115509375646706e-05 -8.599835901646692e-06 3.548180383603569e-07 -1.316490487240467e-06
5.874334074050989e-05 -1.118350580269538e-05 7.192259866196792e-07 -6.926487084953304e-07
5.633216197348594e-05 -1.376661790228452e-05 3.247036860270673e-07 -4.801613978868162e-07
5.633193505430499e-05 -8.601517787994846e-06 4.882695252996317e-07 -4.839699599052802e-07
5.391890623170679e-05 -1.118537798602049e-05 6.570743433748720e-08 -2.250871618009974e-07
5.150720824560912e-05 -1.376505410657305e-05 9.394192365434569e-08 2.852595924696582e-07
5.150754979410570e-05 -8.608889828293898e-06 -2.398738704661048e-07 1.980661327175018e-07
4.909918397696511e-05 -1.118754183978935e-05 2.538813807320390e-07 3.989977921028338e-07
4.670471157391804e-05 -1.374954778266874e-05 1.155831317284065e-07 -4.659861159011298e-07
4.670288328718879e-05 -8.623405985169540e-06 5.727108308103513e-07 6.187600341686410e-07
4.431480804988403e-05 -1.118502653568687e-05 1.369235142828363e-07 -5.538976760794493e-07
4.192865139778334e-05 -1.374302211547335e-05 -4.190756384323763e-07 -1.896954618837101e-06
4.192935226150109e-05 -8.627128484501110e-06 -1.894985242225635e-07 2.787734140828183e-07
3.954121420931927e-05 -1.118552628040793e-05 -8.592029791910338e-08 -9.524301658374847e-07
3.715219324645557e-05 -1.374292552413690e-05 1.632827448014847e-06 -2.871127378246549e-07
3.715284730773580e-05 -8.630040643727032e-06 1.180331200890299e-06 -7.588989417429064e-07
3.476893103212275e-05 -1.118722811343012e-05 2.446581372736173e-06 -2.015391150094532e-07
3.240257880830215e-05 -1.372125849046329e-05 1.727589741082280e-06 -3.402382111289515e-07
3.240261253418100e-05 -8.654400042468424e-06 2.098671692043783e-06 -4.233687730919436e-07
3.014075308884162e-05 -1.118772178022123e-05 4.972063290556792e-07 -6.953464216555982e-07
2.789492140083638e-05 -1.369332344640346e-05 3.468590768080649e-07 1.174720104258213e-06
2.789445299426298e-05 -8.682557651175670e-06 3.771791192624393e-07 -2.849570835036247e-06
2.621402254294411e-05 -1.138083977517752e-05 1.286539757247420e-06 -6.574131791794066e-07
2.451196291724503e-05 -1.366746101874084e-05 2.726734840173555e-06 1.538348509754216e-06
2.450927936479998e-05 -8.702474512926797e-06 2.628719081449384e-06 -2.578414593750864e-06
2.206604625803716e-05 -1.364763370596833e-05 3.210773876227936e-06 -1.072860904872881e-07
2.253936891193905e-05 -1.202443718613958e-05 3.745234709736210e-06 4.590032960078536e-08
2.206291111690748e-05 -8.710629089964689e-06 2.655977394776696e-06 -8.432754299807807e-07
2.029200787444476e-05 -8.721577641700684e-06 1.337257933239182e-06 -3.748926850410896e-07
-3.457040885514099e-06 -5.921176260965029e-07 -5.892731820184629e-05 2.065668617068929e-05
-3.523048524026103e-06 -4.301635096750248e-07 -4.698119209036966e-05 -3.564014988308189e-06
-3.561543347560478e-06 1.088940799071119e-07 6.642869413718646e-06 1.106785450320935e-04
-3.489142182548022e-06 3.197005009259477e-07 -1.461948832167030e-06 -2.209342960429116e-05
2.029246068832489e-05 -1.363281962405312e-05 1.495513334411766e-06 -6.023305777952095e-07
1.869352398641467e-05 -1.352927340779012e-05 9.746614619007408e-07 -5.686136418377443e-07
1.993073027419881e-05 -1.056403907271156e-05 1.204977208821290e-06 -6.116608483383617e-08
1.869131726915009e-05 -8.596076173590710e-06 1.334006451192156e-06 -7.853764045791833e-07
-3.299479225059927e-06 -6.585014219734927e-07 -1.861330056023596e-05 1.015206256635342e-05
-2.951869739699205e-06 -8.646976832216508e-08 3.976402891836395e-05 -3.960583988977855e-06
-3.306805158021439e-06 4.202311197100315e-07 -4.507799658244909e-05 -9.113048775530167e-05
1.818356334193556e-05 -1.201605209057203e-05 8.414520151540904e-07 -3.377856785500862e-07
1.712258296455247e-05 -1.324307738960223e-05 9.644766140485383e-07 -2.376858231439427e-07
1.560266063711949e-05 -1.278714825123617e-05 1.590135673671516e-06 -1.792228729999429e-07
1.770365657644726e-05 -9.933897154546984e-06 1.343903918318798e-06 -7.198322934707102e-07
1.715214551265829e-05 -8.202686970470974e-06 1.847922434068920e-06 -1.099516520321411e-06
-2.177299592982763e-06 -6.880105066449550e-07 -2.537498074760317e-05 -8.387368765455027e-06
-2.181647982914063e-06 4.476289882064178e-07 9.628696516929792e-06 2.952795731104093e-05
-1.585453427259528e-06 -1.256016058208876e-07 2.036775128421635e-06 -2.852510651014041e-05
1.415263393958797e-05 -1.216069638835434e-05 1.967838389913382e-06 -1.683477232099111e-07
1.540075415951470e-05 -1.121187246998169e-05 1.690536455221551e-06 -5.804385040709952e-07
1.592661913481259e-05 -9.227139335808218e-06 1.873118385916887e-06 -1.006998694223831e-06
1.571410249591960e-05 -7.554545684430429e-06 1.815286913986305e-06 -5.795745121880860e-07
-9.716266103754814e-07 -7.648357887305331e-07 1.137624170683361e-05 2.033095397152564e-05
-9.608374607657590e-07 5.335933946965778e-07 -1.302113642904391e-05 7.267428527551129e-06
-2.547551836597885e-07 -1.314082093651350e-07 3.940607541675429e-06 -5.939893371587259e-06
1.278685049983363e-05 -1.137838966495598e-05 2.068466559596444e-06 -1.995440578806260e-09
1.152945917863149e-05 -1.045304819256475e-05 1.937201614107980e-06 -1.853081935299557e-07
1.407901064069186e-05 -8.913724057281628e-06 1.589085841080249e-06 -6.542715748780871e-07
1.441875869746575e-05 -6.672055694710786e-06 1.229980424996789e-06 -2.917470421242243e-08
5.516170344207208e-07 -9.916927670739863e-07 -5.956107087278416e-06 -8.733898899461407e-06
5.353141296791580e-07 7.748177599447007e-07 5.080451578728655e-06 1.275137237219398e-06
1.184592686450603e-05 -9.016642876119402e-06 1.840619473571793e-06 -5.129685326664943e-07
1.039794767328735e-05 -9.394509885146903e-06 2.213331460384294e-06 -5.841829744295640e-07
1.237846121310410e-05 -7.385169318124741e-06 1.889509370541122e-06 -1.622050907535028e-07
1.330746032683319e-05 -5.592253925746770e-06 1.539634804310955e-06 -5.587959031335993e-07
1.438827636272017e-06 -1.185125531092308e-07 -1.132316701022383e-07 8.616566669149769e-06
2.492107350339795e-06 -1.321475437077663e-06 6.602319179544017e-06 -2.815240126882646e-06
2.504851584115878e-06 1.101763110774306e-06 1.002074593715479e-06 1.326598987153730e-06
9.396339047514561e-06 -8.224204115768036e-06 2.574082682665885e-06 -1.094459955339334e-06
8.544262680272263e-06 -6.960374326451603e-06 1.685595791744645e-06 2.035954415706492e-07
7.842340448278117e-06 -5.608032682231677e-06 1.785878898218263e-06 9.866897326599672e-07
1.129088163212743e-05 -5.908432965018203e-06 2.536882467340256e-06 -2.642969078615218e-07
1.241349765400707e-05 -4.352144868746239e-06 1.812998009679193e-06 -7.374709180680238e-07
3.345876268705590e-06 -1.086988711176899e-07 9.657096242220208e-08 -4.694926326548195e-06
4.386723167707377e-06 -1.625399893294901e-06 -3.118814053766460e-06 -4.439650010521161e-06
4.388577527281966e-06 1.430998623469953e-06 9.698375310968882e-07 6.911941217225655e-06
9.271237754392147e-06 -5.612809602004285e-06 1.780913709272249e-06 9.562868515964430e-07
7.298914875320477e-06 -4.184664065191775e-06 1.509574189762970e-06 -3.436565096976048e-07
6.124169630449702e-06 -1.897546737438872e-06 2.287235214634670e-06 -5.694855684358974e-08
6.639231502102798e-06 -2.164259290338570e-06 5.454960599406441e-07 -1.415097779237289e-07
6.926790259622426e-06 -2.697801678425323e-06 3.239116765297651e-07 -4.817161895742197e-07
1.052729938406476e-05 -4.169041713070427e-06 1.339807389462179e-06 4.251173588630245e-07
1.175406986464471e-05 -2.996109216319477e-06 6.761702228891095e-07 1.438798822020873e-06
5.328384301512648e-06 -3.322244524873867e-07 2.404651333417585e-06 6.837539205065547e-07
6.093994290095920e-06 1.644372345969732e-06 2.537499281148414e-06 5.600414566890017e-06
8.285747478953133e-06 -3.170340880487923e-06 1.535559400873448e-06 -6.500208326765563e-07
6.656796155203281e-06 -1.099433464469486e-06 3.374450188734264e-07 -5.571293849760294e-07
7.270160073692654e-06 -1.979180009645653e-06 3.346598611172217e-07 -7.026117450862693e-07
9.964592531295606e-06 -2.573228338749422e-06 1.792899023973262e-06 8.628648159337135e-07
1.135374919859489e-05 -1.579183498798605e-06 4.718958924985051e-07 1.692266054571318e-07
6.662658241058968e-06 6.176856401032910e-07 8.211710302798301e-07 2.817391532098675e-06
6.569832818041420e-06 1.897634879522837e-06 1.076365180239194e-06 4.382208607751904e-06
8.574509284531647e-06 -7.703745814070312e-07 2.736397624864773e-06 -1.092651948874125e-06
1.123305880112785e-05 -1.475503733296985e-07 1.009280789839173e-06 -2.302421420730056e-06
1.144362905432783e-05 1.290750696118344e-06 2.082696589082305e-06 -7.315153081472429e-07
7.668046355797761e-06 1.537159368876076e-06 4.110817775018511e-07 3.098414672588960e-06
6.841502249188376e-06 2.462109959959409e-06 5.261637708384267e-07 2.997397943964588e-06
7.164330626111055e-06 4.055287564888407e-06 4.505379998151344e-07 6.262464326597237e-07
9.975938641699233e-06 1.455557877672756e-06 1.622156394966373e-06 -3.126221890171398e-07
7.672086631808537e-06 5.658650533859210e-06 4.327977921410278e-07 3.876346420356857e-07
1.196640915880088e-05 2.762115563195054e-06 2.897596526280500e-06 -8.823666944456126e-07
8.589697100961613e-06 4.095188741748790e-06 -2.397279930076339e-07 3.040557291731615e-07
1.073876911788511e-05 4.218942465719487e-06 2.951611295964754e-06 -2.152699304182620e-07
8.397340552941369e-06 7.211308577928700e-06 2.905472119045688e-06 1.464548086654638e-06
1.279534606250800e-05 4.223085712050316e-06 3.136114555710450e-06 8.474098800335035e-08
1.216049176481415e-05 5.711017729294980e-06 2.798687914827035e-06 1.605034449325230e-06
1.060513571476840e-05 6.661808410095637e-06 4.055156998639906e-06 2.316682712291342e-06
9.312800281989919e-06 8.740295370314461e-06 4.853654376727075e-06 2.274566610690884e-06
1.046333477542331e-05 1.020173167745927e-05 2.598222294276932e-06 8.181159475485664e-07
1.394295748927258e-05 5.601636680534640e-06 8.562373896953148e-07 1.106749363377513e-06
1.314664222750994e-05 7.436038534395021e-06 3.229575090334008e-07 1.216960547087974e-06
1.219984754294828e-05 9.632325891605567e-06 3.740592625960237e-07 1.132773632383253e-06
1.179338307866696e-05 1.157195310760564e-05 6.451294079886816e-07 1.262329854131367e-06
1.536999984175412e-05 6.842331129678319e-06 8.913314147670769e-07 9.758319582193031e-07
1.495054975493706e-05 9.630827256462840e-06 1.482295256832972e-06 1.751454785190536e-06
1.333023659526830e-05 1.279016608296210e-05 1.428788972684077e-06 2.119175647970629e-06
1.505893418529464e-05 1.385711345480394e-05 3.052918947908374e-06 2.757919044352675e-06
1.693233594190373e-05 1.475873901808789e-05 4.385678440980296e-06 2.888876206288292e-06
1.707643946949294e-05 1.024072792807661e-05 3.824542032908824e-06 1.743024234920485e-06
1.705654973056758e-05 7.890575536482634e-06 3.373893442611698e-06 1.305493964789202e-06
1.664646863404342e-05 1.263265107254708e-05 4.136668272603769e-06 2.227330261876432e-06
1.895411275128827e-05 1.542940034887744e-05 5.209391219988372e-06 2.964376711318766e-06
2.109365112164429e-05 1.588137022186070e-05 4.792350798547989e-06 2.691602446642292e-06
1.880950032906576e-05 1.076851294457599e-05 4.532769967300119e-06 1.584635821052215e-06
1.897839039624185e-05 8.656683563744145e-06 4.573162568214518e-06 1.231596372666715e-06
2.329926274175541e-05 1.608077794136900e-05 3.432691538095478e-06 2.726062480180157e-06
2.081000966071920e-05 1.277406564175345e-05 5.071754450264835e-06 2.457066699248057e-06
2.107437530234544e-05 9.100626225994516e-06 4.677528343380116e-06 1.215495801328708e-06
2.378119255852443e-05 1.311678759563920e-05 3.349577836717433e-06 2.440386968330121e-06
2.580807713366910e-05 1.616771658645564e-05 2.823185787137668e-06 2.988035275661277e-06
2.327788643745631e-05 9.217811993153300e-06 3.971759016883146e-06 1.514042149909380e-06
2.933053541908334e-05 1.625692570312388e-05 4.881896070071373e-06 3.087290105690116e-06
2.651335202012733e-05 1.140832165232518e-05 3.353561155450520e-06 1.738583861035228e-06
2.580399899852745e-05 9.128538404448940e-06 3.439697626352444e-06 1.526943190935799e-06
3.435819472214054e-05 1.639915464233509e-05 6.836623985207670e-06 3.413274353100358e-06
3.182838330734303e-05 1.235485214238926e-05 5.893060977618899e-06 2.462761235858760e-06
2.933239579893154e-05 9.011251361098547e-06 4.470339989699241e-06 1.312954218830985e-06
4.124825431235517e-05 1.653816784162490e-05 7.010691743394469e-06 3.363097748743159e-06
3.776558365812138e-05 1.264047469487673e-05 7.243550230150509e-06 2.710829046271519e-06
3.436002890083678e-05 8.874068087925658e-06 6.746468265107211e-06 1.814316213371387e-06
4.864629250473851e-05 1.665652416231028e-05 8.035703790870236e-06 4.127780462837966e-06
4.491072164024730e-05 1.263925138660743e-05 7.023905264624486e-06 2.237434255547582e-06
4.124776675898040e-05 8.740273374359699e-06 7.300410710483695e-06 1.564434909002303e-06
5.627072483281285e-05 1.676807540560467e-05 1.099880777070607e-05 3.376467104174213e-06
5.242222845955148e-05 1.263460290954379e-05 9.718013182037663e-06 2.171928707598996e-06
4.864901835721867e-05 8.617189899105866e-06 7.962468154406391e-06 2.311221016206437e-07
6.409742086106570e-05 1.686980708116758e-05 1.202354642102845e-05 3.381665088359827e-06
6.015251047157331e-05 1.263603552790422e-05 1.168964285408533e-05 2.392169171706805e-06
5.626989581572763e-05 8.501397472505911e-06 1.113991262531311e-05 1.008935806922753e-06
7.207775154368982e-05 1.694874713720107e-05 1.413697309264268e-05 4.958288696303009e-06
6.806466077261530e-05 1.264045485821672e-05 1.225351492501097e-05 3.696133907723444e-06
6.409514001249428e-05 8.407132125376162e-06 1.117175223241618e-05 2.834606871600221e-06
8.019438748089352e-05 1.702078794076992e-05 1.654791093744023e-05 2.320417430117845e-06
7.611295445921676e-05 1.263938425148276e-05 1.644943880868728e-05 2.508778771764625e-06
7.207898569707653e-05 8.331552297107562e-06 1.478599016198080e-05 1.577850031264112e-06
8.844350249461267e-05 1.708189450166528e-05 1.899007308013679e-05 4.209682298040417e-06
8.429888435878755e-05 1.263946772678975e-05 1.696234759890058e-05 1.522621613766532e-06
8.019400059617763e-05 8.257815523011371e-06 1.715681887159748e-05 1.303190452461713e-06
9.678317181252245e-05 1.711925796276133e-05 2.179275188862460e-05 4.868374888117377e-06
9.260261607230616e-05 1.263930605241515e-05 2.047952980277906e-05 3.418223506854340e-06
8.844356613188515e-05 8.197046772687638e-06 1.787024826917257e-05 6.141150754401917e-07
1.051778124912559e-04 1.714721213246217e-05 2.306295380005001e-05 3.777677127934092e-06
1.009722573374567e-04 1.263912807868790e-05 2.256557731853670e-05 3.297151847194943e-06
9.678362171225825e-05 8.158813597234582e-06 2.189775262359855e-05 2.334169198277967e-06
1.232618745226892e-04 1.667179434114945e-05 2.854727193165900e-05 2.563291269488998e-06
1.220612650232980e-04 1.716894519651846e-05 2.876550180895957e-05 2.567134464695579e-06
1.089499415945367e-04 1.264163692954978e-05 2.533321027225914e-05 1.623202613629148e-06
1.136096733767685e-04 1.716497042677618e-05 2.853038024638741e-05 3.064815198024573e-06
1.051763914704027e-04 8.133531494072801e-06 2.400063851465655e-05 9.889636796884583e-07
1.237592047274816e-04 1.547140526065625e-05 2.844090418093513e-05 2.636887966178986e-06
1.209177240127493e-04 1.264155803426726e-05 2.895542278640917e-05 2.775374961505801e-06
1.136099643278351e-04 8.119157202244652e-06 2.795951910035449e-05 5.225595232172190e-07
1.237594552907543e-04 9.811398705091125e-06 2.826090057473239e-05 3.179211375976775e-06
1.220616139329588e-04 8.113966619198483e-06 2.840977301413160e-05 3.017165836619129e-06
1.232621611721475e-04 8.611074388970179e-06 2.831274056541957e-05 3.104378819089893e-06
