7.355044837878430e-05 -1.219836159022114e-05 -6.291223199653400e-06 1.923947724098139e-06
7.378935448349576e-05 -1.161959626833998e-05 -6.292321491442538e-06 1.666144233552179e-06
7.378972054894016e-05 -8.894991824214812e-06 -6.419865634510334e-06 5.427575768783293e-07
7.355087162520105e-05 -8.316437910674917e-06 -6.434834840183376e-06 3.520636322921036e-07
7.297329368008320e-05 -1.243855650287045e-05 -6.231190990829036e-06 2.072447194131379e-06
7.189015776966650e-05 -1.025776849869020e-05 -6.398366156371261e-06 1.303679288294573e-06
7.297384959499557e-05 -8.076377247169045e-06 -6.412256601787093e-06 2.504313970232941e-07
6.888667591114570e-05 -1.245659111245254e-05 -6.255409644071624e-06 3.168615618625080e-06
6.888760833476603e-05 -8.062527749530893e-06 -6.581013147015482e-06 8.831699520655930e-07
6.660756220467266e-05 -1.026064568898473e-05 -6.008334110987772e-06 2.279903167368176e-06
6.476038571527696e-05 -1.246503316445896e-05 -6.905001497699008e-06 6.749341900896953e-07
6.476006444047086e-05 -8.056413038386564e-06 -6.525736916094356e-06 3.252347705362073e-06
6.270391487796759e-05 -1.026083653557396e-05 -6.976362257010010e-06 1.264086682449983e-06
6.064441775941925e-05 -1.247254128848566e-05 -6.133236585444642e-06 1.079532673694022e-06
6.064279218644319e-05 -8.047036513362823e-06 -6.437039515161629e-06 9.655770934760117e-07
5.858132565535033e-05 -1.025853098421119e-05 -5.610418295897130e-06 1.016894409095853e-06
5.651871385945004e-05 -1.247002690750201e-05 -5.240304497746766e-06 1.364087535138025e-06
5.651752039303005e-05 -8.045222012493045e-06 -6.021122799642935e-06 1.212771796036058e-06
5.445266131546243e-05 -1.025719914422607e-05 -5.395356731243500e-06 1.609520984578937e-06
5.237816544806955e-05 -1.247897202726235e-05 -4.459292826733219e-06 2.732976048345350e-06
5.237819420515431e-05 -8.036742509646148e-06 -5.381991274090237e-06 4.150742758518831e-07
5.030358369124316e-05 -1.025770215938841e-05 -4.509659831430657e-06 1.744837878816241e-06
4.823307909973084e-05 -1.247701513937966e-05 -5.248366753521344e-06 1.816472751364427e-06
4.823004224816097e-05 -8.036494596931803e-06 -4.895898472850072e-06 9.409802672309521e-07
4.615849109309405e-05 -1.025454462502438e-05 -5.394403159164718e-06 9.203920567776752e-07
4.407459548442879e-05 -1.248863451336816e-05 -4.829665959802756e-06 1.568580529698531e-06
4.407675446568908e-05 -8.021690502315707e-06 -5.251320178432650e-06 5.198418069529669e-07
4.199150532547370e-05 -1.025595825317924e-05 -4.217101642467492e-06 9.857000747369934e-07
3.990733222987857e-05 -1.249408398358753e-05 -3.721193664952965e-06 1.396434199458585e-06
3.990610736366670e-05 -8.016701354449033e-06 -4.274953673331767e-06 1.287652342079201e-06
3.781858271347369e-05 -1.025638782625422e-05 -3.898506473152386e-06 1.687915907477921e-06
3.571920127748527e-05 -1.251382647689045e-05 -3.946493429419673e-06 9.197780887758501e-07
3.572088920149226e-05 -8.003885119193037e-06 -3.425839223261431e-06 2.021142739602387e-06
3.361924660077981e-05 -1.026011582881753e-05 -3.308059522091231e-06 1.434781087526435e-06
3.151287984627442e-05 -1.252126991542106e-05 -3.265312149388057e-06 2.922328889130745e-06
3.151103042369771e-05 -7.993389015202106e-06 -2.412595873466744e-06 1.429568642997364e-06
2.948224684558480e-05 -1.025420240717447e-05 -2.864916716397927e-06 1.535297712755888e-06
2.744372753084696e-05 -1.252733374664488e-05 -2.464768341278148e-06 1.338173338961452e-06
2.744153688232844e-05 -7.974921716764841e-06 -4.633477925674420e-06 2.063573834128946e-06
2.591236132335916e-05 -1.043057176027705e-05 -3.363042353676079e-06 1.152881869847040e-06
2.434538167463964e-05 -1.253861685039367e-05 -3.155808512465027e-06 1.345722276714601e-06
2.434802649054815e-05 -7.968307264234596e-06 2.105576244861631e-07 1.515737341550359e-06
2.208391939113190e-05 -1.255382169408215e-05 1.538123875097701e-06 8.097449151736709e-07
2.253087743474386e-05 -1.104052516646259e-05 1.031897470118347e-06 -4.483152316903228e-07
2.208003813552031e-05 -7.953604793791382e-06 -2.477271810495180e-06 1.153427427287181e-06
2.042312451462568e-05 -7.946324180024633e-06 -2.395218371020121e-06 -1.095427057540013e-06
-3.524304602719051e-06 3.325357026503198e-07 6.405604384857280e-06 2.473712487166344e-05
-3.540340007886724e-06 4.227390155944494e-07 2.309714895839458e-05 -3.845915320051788e-05
-3.577036859242347e-06 1.118066729420634e-06 -2.127736180728236e-05 -1.283073792154517e-05
-3.552580623909273e-06 1.298866257532830e-06 -1.091705652944400e-05 5.734147479483630e-06
2.043044520620313e-05 -1.256063001285743e-05 -5.805275473612471e-07 2.587414245070385e-06
1.891638006855781e-05 -1.247883784916106e-05 -2.775398832865696e-06 2.029396494149497e-06
2.009101047803202e-05 -9.674737645574670e-06 -2.939114056063030e-06 2.413058541470436e-06
1.892062480480786e-05 -7.809686625895502e-06 -1.953277336881153e-06 -8.751009528618584e-07
-3.458158488342337e-06 2.881898878078877e-07 2.553488813504712e-06 3.295632720271994e-05
-3.037553043382712e-06 7.967271906684967e-07 1.462252119573940e-06 -1.095164582640098e-05
-3.440327562132801e-06 1.380331968398884e-06 4.257649011893671e-06 2.554486940727920e-05
1.843864476358185e-05 -1.104888165463080e-05 -2.780120761366417e-06 3.692976909050251e-06
1.742155890209481e-05 -1.222520102921828e-05 -3.409473314642380e-06 1.720067426392361e-06
1.596625331252867e-05 -1.180265192924922e-05 -2.488586907730501e-06 2.015549891927990e-06
1.798612824609472e-05 -9.073700596735939e-06 -1.268724942671202e-06 2.250647065736024e-06
1.745738573236857e-05 -7.406339630965194e-06 -8.700584355811611e-07 3.231307862950814e-06
-2.211616530544411e-06 2.237728623310926e-07 9.742110695384850e-07 -2.844831683771811e-06
-2.245268833120751e-06 1.383388515287586e-06 -5.347952526362883e-06 6.218945498383907e-06
-1.605850483851296e-06 8.384775737569010e-07 4.980920416097496e-06 -8.509262309653818e-06
1.456421171397433e-05 -1.121797983833634e-05 -2.032667480801696e-06 2.574954474420187e-06
1.577705978412973e-05 -1.029819112041916e-05 -3.142754139276139e-06 1.212355679972651e-06
1.628210871802553e-05 -8.386998702370810e-06 -2.459859370359659e-06 1.603735597134956e-06
1.608066520732097e-05 -6.754893869721663e-06 -1.914740230405770e-06 2.006783122113784e-06
-1.004415314395931e-06 1.064275575357900e-07 -3.810482040683003e-06 1.093551164582110e-05
-9.703398624926733e-07 1.486500084390491e-06 4.567294037039421e-06 1.225759683999659e-05
-2.394874846245952e-07 8.564214957055742e-07 -6.499420628563604e-06 -2.240529209677059e-05
1.323604747243986e-05 -1.047506917450313e-05 -7.037150024113103e-07 1.327238128570274e-06
1.200560383444774e-05 -9.581358873222873e-06 -8.809821355131435e-07 2.182094381043797e-06
1.449612344416620e-05 -8.081093178262221e-06 -1.083218765933610e-06 -9.943814667016421e-07
1.483870781349841e-05 -5.882088621010205e-06 -2.107136179650828e-06 1.662549019348919e-08
6.100856266354950e-07 -1.097978083633774e-07 4.098167378617828e-06 1.139292133981363e-05
5.981493243544953e-07 1.727192376683890e-06 1.375033996185327e-07 7.103311712559441e-06
1.231510569111675e-05 -8.182883469944341e-06 4.256028375441476e-07 1.994080837369941e-06
1.087431425804737e-05 -8.553075818524057e-06 -1.321631375950921e-06 1.917867016646538e-06
1.284133748900780e-05 -6.580841674816033e-06 2.894795109437929e-06 1.097044175844373e-06
1.375844165886575e-05 -4.792268370403400e-06 -1.932313136706859e-06 -1.126085369397062e-06
1.548795382984756e-06 8.383244077144551e-07 -4.817071801031548e-06 -3.965084621210946e-06
2.636367335312626e-06 -4.490902498812293e-07 5.085602879977440e-06 7.144984087683976e-07
2.649174056050007e-06 2.069303029199094e-06 2.868723335999712e-06 -2.623202631210048e-06
9.864821304093845e-06 -7.409327601936442e-06 -1.239301061479408e-06 -1.242459353902218e-06
8.986928638601029e-06 -6.148407136490945e-06 -4.325789557273587e-07 4.791247764403369e-07
8.259856155385546e-06 -4.792557369789305e-06 1.915082010745550e-06 1.782873589274829e-06
1.175891593475522e-05 -5.103844197271180e-06 9.660100448234484e-08 8.051929354720919e-07
1.288348613239163e-05 -3.529385308151722e-06 -3.058488452887036e-06 -1.584226183914743e-06
3.526912783560711e-06 8.161219831020193e-07 3.172636082975521e-07 7.322173216808278e-06
4.627938807665314e-06 -7.349632587849575e-07 -6.157951903356025e-06 -1.026624821400113e-06
4.620360167786219e-06 2.425328673799650e-06 -2.187754787123854e-07 -7.739960220509803e-06
9.711610921610586e-06 -4.803020863350143e-06 -1.722831877081743e-06 1.401372109669886e-06
7.692638874246471e-06 -3.348129476822840e-06 1.775714444370344e-06 -1.011447073737890e-06
6.427266446391385e-06 -1.019538473372022e-06 2.107417887001244e-06 7.354169517182648e-06
6.984038640889134e-06 -1.298988278555306e-06 -4.158668448621692e-06 1.201615704065274e-05
7.298299913606211e-06 -1.847034318491598e-06 -7.748361726145428e-06 1.113033602424044e-05
1.099056042384833e-05 -3.337217078753166e-06 -6.149655091952201e-06 -6.746330451818956e-07
1.223402972461770e-05 -2.140397491206669e-06 -1.337674473330862e-06 6.697014444513167e-06
5.589772068028663e-06 5.819761597303008e-07 1.625099949297153e-06 -6.533330652259230e-07
6.384853412669824e-06 2.677381215531845e-06 -4.476992205857562e-06 9.056384933500432e-06
8.684945734681760e-06 -2.324895387606707e-06 1.424431710334629e-06 -7.125109436961507e-07
6.990261903222327e-06 -1.973911735273481e-07 1.609554470760488e-06 9.934145282260118e-07
7.642613308478912e-06 -1.109339904321850e-06 -6.603392464766154e-06 9.496177257561326e-06
1.041727349290903e-05 -1.706000196371050e-06 1.069451719515950e-06 -4.464361233942734e-06
1.184883212206623e-05 -6.956965228893069e-07 4.078703075409392e-06 4.182159442570198e-06
6.988835767612111e-06 1.593676944794272e-06 4.359859932020364e-06 -2.810535190112942e-07
6.877555918367866e-06 2.944251434417577e-06 -1.033982659901078e-05 1.362326348596704e-05
8.985920234351134e-06 1.486194132176860e-07 6.193183090861202e-07 -6.564666101271012e-06
1.175065127148285e-05 7.953678382921293e-07 -5.279363220395164e-06 4.939656197414778e-06
1.200312333549716e-05 2.313152342852571e-06 -1.367277000117424e-06 3.801951890061974e-08
8.027549349103241e-06 2.559561386190714e-06 6.151063054622043e-06 2.676086148165257e-06
7.153446651246159e-06 3.538009996603928e-06 -1.740401024394133e-05 1.524876599534533e-05
7.481507120296811e-06 5.230272889238985e-06 -1.671732394986248e-05 3.178279251410097e-06
1.044791547217983e-05 2.480234438603235e-06 -5.715129610655980e-06 -4.734691230671382e-06
8.000226583091678e-06 6.943166122669229e-06 -3.007697628042417e-06 -1.141571882507123e-06
1.257350328824867e-05 3.855636464094570e-06 1.056153039905983e-05 1.057613805116984e-06
8.983496886376161e-06 5.270706376841595e-06 3.929308770302989e-06 -3.760397195845344e-06
1.125688042711992e-05 5.406147900846012e-06 -1.864600053468373e-06 2.860926300374164e-06
8.749389015568546e-06 8.603032720896033e-06 9.594889610497296e-06 6.242968840587611e-07
1.346448310464153e-05 5.396573963171472e-06 6.982473605928027e-06 3.731769847784621e-08
1.278418344590704e-05 6.995376153976976e-06 -4.329090158375677e-06 -1.294051579537457e-07
1.112465588724423e-05 8.010908296205394e-06 -2.170065387066926e-06 -3.303748990260381e-06
9.734515906948411e-06 1.026066846691342e-05 -2.464992790311085e-06 4.309314740740353e-06
1.096442072964509e-05 1.183021771627634e-05 -8.661469384656518e-08 -3.233667623791743e-07
1.471457532085752e-05 6.871728708085069e-06 6.262447164120724e-07 -4.564984005828411e-06
1.385324130037137e-05 8.842358493246371e-06 -4.565132602394384e-06 -1.753309056701843e-06
1.283218411842931e-05 1.121391655242298e-05 1.046527619573545e-06 -2.178545350647892e-06
1.239038583668671e-05 1.332488451819874e-05 2.770136853879493e-06 -1.209801101270047e-06
1.626877696437065e-05 8.195369295090854e-06 8.398540156339896e-07 -2.097440655295378e-07
1.581916341494090e-05 1.122273297718722e-05 -2.612365941177127e-06 -1.234017036230534e-06
1.405769761587714e-05 1.466132001898678e-05 -4.949948333012088e-06 1.211197828223665e-06
1.594820769765041e-05 1.583151667488461e-05 -3.299133419594173e-06 2.256524955202229e-06
1.799969246605974e-05 1.682562890892236e-05 -7.837248284897327e-07 -9.411890117641709e-07
1.814708317072611e-05 1.188795065598029e-05 -1.955966086065409e-06 -1.346267987874439e-06
1.812052938129766e-05 9.325725047542050e-06 -1.683055697755415e-06 2.426871835093786e-06
1.768216283526411e-05 1.449706264207922e-05 -9.030951997802153e-07 -4.182847971464742e-07
2.020934278096515e-05 1.757135779610951e-05 8.878307546308051e-07 -3.253275382675967e-06
2.255687281939028e-05 1.808135826004257e-05 9.928880685056512e-08 -1.974060919767773e-06
2.004632562702862e-05 1.246393390755763e-05 -1.061928749226921e-06 -1.664416124788630e-06
2.023151165175470e-05 1.015039942080896e-05 -2.330313753710186e-06 4.348584654540626e-08
2.498470392142056e-05 1.831009754188785e-05 -2.892373196676565e-06 -4.764969083333379e-07
2.223963659908464e-05 1.466323610286431e-05 9.214059592102333e-08 -3.390341932364411e-07
2.253531717608510e-05 1.062973892186951e-05 2.475726813536424e-07 -1.218118313003017e-06
2.551244778201744e-05 1.504509298896555e-05 -3.757914628814326e-06 3.133936695428464e-07
2.775224741043429e-05 1.841708678651015e-05 -4.804865045188027e-06 -7.726890771281559e-07
2.495623490794656e-05 1.075332865642091e-05 -2.656547779449667e-06 -1.090733591943695e-06
3.164638925550911e-05 1.852805851444895e-05 -4.547513713591084e-06 -1.237832130081660e-06
2.852855779130182e-05 1.316602059490396e-05 -3.241761729620670e-06 -1.414524228695406e-06
2.774624234509888e-05 1.065189078731886e-05 -2.981639399344171e-06 -1.588307563791240e-06
3.720439680756502e-05 1.869727395460514e-05 -4.203663939924624e-06 -1.726810948387230e-06
3.440479341812840e-05 1.421847997563713e-05 -4.048078719198417e-06 -1.617752985125072e-06
3.164328306817458e-05 1.051994051302394e-05 -2.282918347100070e-06 -1.064198974168111e-06
4.484962455937261e-05 1.886848941579738e-05 -3.813242730382355e-06 -2.772311747182227e-06
4.097962489258695e-05 1.453304960261618e-05 -3.491485926632598e-06 -1.116287942696077e-06
3.720838089519266e-05 1.036082925810118e-05 -4.523589588133195e-06 -1.871441106002756e-06
5.309367830125412e-05 1.902118890350192e-05 -5.843657885744921e-06 -2.553315387207235e-06
4.892336628581274e-05 1.453345821456556e-05 -5.261292063729968e-06 -4.776247303704190e-07
4.484540356502682e-05 1.019575902264608e-05 -4.384700799817481e-06 2.282559637291312e-06
6.161809409055966e-05 1.915618850520823e-05 -5.085711324048927e-06 -2.831034987982159e-07
5.731393128940990e-05 1.453221273854100e-05 -5.621500036486750e-06 -1.679345732683912e-06
5.309731694834770e-05 1.004259138628594e-05 -5.321910240526226e-06 -7.515374501093588e-08
7.036252698891677e-05 1.927154369132044e-05 -6.878515649998348e-06 6.121765415102148e-07
6.595487640572844e-05 1.453846572369099e-05 -5.997213516388650e-06 -4.945462358813431e-08
6.161430227874200e-05 9.914624929250436e-06 -5.680987631736599e-06 -1.962567468232776e-06
7.930399705068810e-05 1.936701303792758e-05 -5.657204005879354e-06 -3.025866921015612e-06
7.480200066462452e-05 1.453807702993362e-05 -5.881304999023189e-06 -7.082357483625559e-07
7.036256131850015e-05 9.805305104132124e-06 -6.100819353278230e-06 -7.737282746043072e-07
8.841672117060917e-05 1.945082779911495e-05 -8.190415586307222e-06 -1.556605320713981e-06
8.383521156881127e-05 1.453965655362768e-05 -7.009296293249933e-06 -8.186539394732991e-07
7.930347018225675e-05 9.709866960015179e-06 -6.368015640191799e-06 5.109751903473232e-07
9.766202947023451e-05 1.952675901417545e-05 -7.011866004824205e-06 1.260016630367396e-06
9.301777473015727e-05 1.454050188217559e-05 -8.218628099087696e-06 -3.816693418269187e-07
8.841717735831902e-05 9.630483725359259e-06 -7.899501001310842e-06 5.117297551129789e-07
1.070171031474342e-04 1.957799651126189e-05 -1.018370837537574e-05 -2.687836174692712e-06
1.023225574902311e-04 1.454304480514483e-05 -7.518016632330716e-06 -5.335915396834232e-07
9.766012995204261e-05 9.556396132914854e-06 -7.113835636967393e-06 -1.920198336832035e-06
1.164383006950168e-04 1.959679924494598e-05 -9.470988860111909e-06 -2.086532065855306e-06
1.117236962373702e-04 1.454357527757454e-05 -1.073033559699516e-05 -9.225770180616408e-07
1.070178958710185e-04 9.508811143511152e-06 -1.014584441434128e-05 1.124110102518658e-06
1.367208513679421e-04 1.906603684898242e-05 -1.234124184830836e-05 -1.493051558007786e-06
1.353744436659866e-04 1.962397000121132e-05 -1.206924586326534e-05 -1.651211848296827e-06
1.206627449723589e-04 1.454584530275593e-05 -9.502877396789125e-06 -1.554152983591029e-06
1.258854552253741e-04 1.962287528936586e-05 -1.210523864951104e-05 -2.500729251709469e-06
1.164369629569131e-04 9.492603971863111e-06 -8.955663840231178e-06 -4.126813333486136e-07
1.372785529035985e-04 1.771938724546871e-05 -1.244066891078673e-05 -1.125611743559226e-06
1.340920347911959e-04 1.454621628771602e-05 -1.216366174552027e-05 -3.048604052799699e-07
1.258855133028242e-04 9.470028699052648e-06 -1.263103976585388e-05 1.735588412222545e-08
1.372789639380131e-04 1.137264227248675e-05 -1.253343112898574e-05 7.100193849558472e-07
1.353748756501492e-04 9.468035667442256e-06 -1.233719686829743e-05 9.957105437453046e-07
1.367212837427657e-04 1.002596615476827e-05 -1.248507427139064e-05 9.213241129009360e-07
