5.019125550571161e-05 -7.690870273063729e-06 -9.392430786648082e-06 5.572050431276237e-06
5.037348154409395e-05 -7.250720591326512e-06 -9.488767403295425e-06 4.940464827491260e-06
5.037436999460831e-05 -5.174592527750356e-06 -9.128498147992408e-06 1.076144489338920e-06
5.019222447982818e-05 -4.734480836346435e-06 -9.026531456184900e-06 5.586287157553469e-07
4.975128070698044e-05 -7.873185672760743e-06 -9.024673459783334e-06 5.836040737334810e-06
4.892744424386263e-05 -6.213114920969260e-06 -8.949589836373029e-06 2.952094154996762e-06
4.975233418307123e-05 -4.552207099648887e-06 -8.710946209565381e-06 3.452483236543915e-07
4.666112203207241e-05 -7.871409442615817e-06 -1.156660068972397e-05 4.306055549063365e-06
4.666206288981317e-05 -4.557092360193308e-06 -1.141963823057631e-05 1.254099466172922e-06
4.495869616763708e-05 -6.215187510511671e-06 -9.699874154808994e-06 2.201409710646083e-06
4.357980876070319e-05 -7.863154075800215e-06 -9.410818841195797e-06 1.000398668185374e-06
4.358007660414727e-05 -4.568403067810509e-06 -9.481829554357662e-06 3.232768970731484e-06
4.204310105771673e-05 -6.216257097642283e-06 -9.500733791131162e-06 2.465401192393555e-06
4.051250011748311e-05 -7.857878559430406e-06 -9.165408996664671e-06 3.005963523378403e-06
4.051223018931780e-05 -4.574167095501321e-06 -8.621123678741960e-06 2.687056462486541e-06
3.898291187085131e-05 -6.213376535859842e-06 -7.839275846527709e-06 3.556905725880374e-06
3.745313445481497e-05 -7.850598788532205e-06 -8.371118151185806e-06 3.847310492099711e-06
3.745228700890375e-05 -4.570618439193104e-06 -7.924394779338677e-06 3.016434187873177e-06
3.592244360638328e-05 -6.209118935795937e-06 -8.811481099736906e-06 3.291642570089191e-06
3.439800062014133e-05 -7.842575400030842e-06 -9.599514189348625e-06 3.837903202261801e-06
3.440176751818276e-05 -4.582392040492528e-06 -9.105719571622072e-06 1.099179311049707e-06
3.288198267428483e-05 -6.214937739961223e-06 -8.088475717037954e-06 2.772879294349530e-06
3.136774876802495e-05 -7.841001904605913e-06 -9.115274787189757e-06 3.373730769152846e-06
3.136375852961100e-05 -4.585263430641461e-06 -8.452833740342564e-06 2.494351168373517e-06
2.984739070474128e-05 -6.209659008443022e-06 -9.544045365837762e-06 2.055091456765002e-06
2.833391570574122e-05 -7.826575854090904e-06 -8.424791785543852e-06 2.777988145880985e-06
2.833541810090905e-05 -4.592768662887289e-06 -8.013828203093345e-06 2.105023442560201e-06
2.682564117950116e-05 -6.209414970591675e-06 -6.695502601273479e-06 3.067184079301575e-06
2.531744875732111e-05 -7.820261171806878e-06 -7.718109034009214e-06 1.775623350954219e-06
2.531836174280123e-05 -4.598519614746718e-06 -8.177707451105592e-06 5.112988303523632e-06
2.380915687352341e-05 -6.208849334365526e-06 -8.673238605329147e-06 2.734737755889345e-06
2.230755382963116e-05 -7.813314100492831e-06 -6.576631094743367e-06 3.701646887093178e-06
2.230649213795889e-05 -4.602250100515562e-06 -8.159848756533325e-06 2.345637368561451e-06
2.081060560165499e-05 -6.207026848857685e-06 -6.785300376546728e-06 2.350824658754204e-06
1.932369305773810e-05 -7.806653241822324e-06 -8.243865246216272e-06 -5.694321545155026e-07
1.931959995218575e-05 -4.608139548633058e-06 -5.600380955535445e-06 3.133935173795368e-06
1.789906176019449e-05 -6.203975362521366e-06 -7.579750035651546e-06 1.670355896341594e-06
1.647998084833243e-05 -7.785096622393056e-06 -6.211035643030955e-06 5.253158421704983e-06
1.648560671471871e-05 -4.628560056253727e-06 -8.159834722612883e-06 8.815056008064496e-08
1.541781641105900e-05 -6.330945511997567e-06 -3.677564762409366e-06 4.003064534795345e-06
1.434325648705146e-05 -7.763244336694439e-06 -4.577682280185740e-06 5.287871731441648e-06
1.434474384178748e-05 -4.649076578052441e-06 -3.002419512231200e-06 5.090166294962500e-06
1.280704287411429e-05 -7.742603360714179e-06 -6.545140388606131e-06 1.721949842807742e-06
1.310307107429447e-05 -6.727309818689208e-06 -5.612170369572816e-06 9.062862952823589e-07
1.279991484115479e-05 -4.666592113224194e-06 -3.568640883629313e-06 4.593937275262652e-07
1.169234592972769e-05 -4.675763864769502e-06 -1.819889619744263e-06 1.707441647012552e-06
-1.905092208842825e-06 3.851268752684288e-08 2.526009831842476e-05 -1.400124712121898e-05
-1.938908347485228e-06 1.486280606977345e-07 -1.196619071608381e-05 8.656610570601477e-05
-1.950842040039182e-06 3.198990036501002e-07 -1.512860317745821e-05 -5.853669555126346e-05
-1.907352300412268e-06 5.180360422612372e-07 -3.687798351899253e-07 4.444966135698363e-07
1.168956374547488e-05 -7.728142489020611e-06 -4.772210260045410e-06 3.062526624459554e-06
1.069925187447260e-05 -7.654633954702095e-06 -5.006942915302432e-06 1.342365947738251e-06
1.146818496514679e-05 -5.822122316279981e-06 -2.084549164292652e-06 5.790953068520543e-06
1.069283579344328e-05 -4.600734396942873e-06 -5.245732564416461e-06 2.159539979299474e-06
-1.813487512412439e-06 -1.499692965448403e-08 5.490433540179985e-05 -3.504830615318387e-05
-1.645913043630365e-06 2.365841201814830e-07 -2.375351286652401e-05 -1.282237084293005e-05
-1.765554193894257e-06 6.063358144991258e-07 3.136699981931233e-05 2.737640232601330e-05
1.038206836709632e-05 -6.716600397214741e-06 -4.204444852915452e-06 3.616937361729039e-06
9.733856458154303e-06 -7.466825375400118e-06 -1.792399124110720e-06 2.671653998286406e-08
8.804381400655295e-06 -7.180456687514524e-06 -3.058968289290339e-06 2.443347880540975e-06
1.008253289148949e-05 -5.427550048391933e-06 -5.980128130725290e-06 2.684479330632656e-06
9.748119283304763e-06 -4.383342191780806e-06 2.824515160676823e-06 2.912374889763263e-06
-1.190650485194242e-06 -5.206966364709473e-08 9.886700783866869e-06 1.534057756614858e-05
-1.224949758481804e-06 5.399550205429046e-07 2.451113027171064e-06 1.116797131078836e-05
-9.088356517834025e-07 2.611552139991203e-07 -1.542666310456908e-05 -1.852469650550592e-05
7.926918961874070e-06 -6.789766792312605e-06 -3.826859561898560e-06 5.900447815228147e-06
8.678512619950696e-06 -6.212441984794449e-06 -4.985993797512202e-06 4.478869800867860e-06
8.995935931878668e-06 -5.007833100922004e-06 -3.612959506067627e-06 -1.507177832346787e-06
8.861191464602026e-06 -4.000634214881793e-06 -5.329310100347117e-06 1.389990470650019e-05
-5.599032060133681e-07 -1.469150449060623e-07 2.129403573150011e-06 5.152191130679659e-06
-5.627636016061982e-07 5.781558759934384e-07 1.478948220932537e-05 7.374650951987832e-06
-1.850799282489429e-07 2.595226695403456e-07 -1.170142672981840e-05 -9.716138974053297e-06
7.104486824521432e-06 -6.305570969167499e-06 -1.329424458850166e-06 1.611334130369235e-06
6.357053041917640e-06 -5.739347847310104e-06 -4.970575186763442e-06 2.280163647262117e-06
7.875722974254945e-06 -4.813402703096098e-06 -3.893830757240159e-06 3.564936340395917e-07
8.083605037499530e-06 -3.480026155205612e-06 -2.047845867140785e-07 3.216167206450710e-06
2.667323585734575e-07 -2.751207651225888e-07 6.750540073440569e-06 5.343481562251504e-06
2.569007073259372e-07 6.816674636110898e-07 -6.946781716414343e-07 7.411907831255138e-06
6.541436004878442e-06 -4.873142806357629e-06 -4.364527439484617e-06 2.443178687668700e-06
5.690858906566257e-06 -5.096065648896293e-06 -5.652488737386553e-06 4.559032600755147e-06
6.851005542190280e-06 -3.904351567113380e-06 1.270414702487119e-07 -5.547683059724309e-07
7.402601160886727e-06 -2.847679150195966e-06 -7.637328047489884e-06 -2.758194399898033e-06
7.362770551570925e-07 2.562794913068959e-07 -5.343376955251046e-07 -1.135419948480787e-05
1.308592823550121e-06 -4.354118285385340e-07 -2.136317281077967e-06 4.533778366253300e-06
1.330165824474614e-06 8.897758452773536e-07 -2.186284608985316e-06 -1.045086528602655e-06
5.105466936996826e-06 -4.393863436406076e-06 -3.302075458840337e-06 3.940130500668697e-06
4.622827705723861e-06 -3.646887565233821e-06 -2.918712045527220e-07 -5.493292778097423e-07
4.230236873960889e-06 -2.857717287599338e-06 -3.480012008625581e-06 -1.041163066703514e-06
6.210948667778115e-06 -3.033615938568907e-06 2.629615335369691e-06 1.368266122776795e-06
6.863520448780104e-06 -2.148093300810010e-06 -1.160362545963749e-05 2.509431403928622e-06
1.780802443243552e-06 2.338534017487748e-07 4.530325139875986e-06 5.869938228826678e-06
2.358848276003788e-06 -5.854498855256590e-07 -3.725432600710362e-06 -8.237302122910493e-06
2.352819447397713e-06 1.091419359245487e-06 -7.128435831863562e-06 -1.811686234171156e-06
5.048064098397209e-06 -2.855631428765899e-06 9.332421977902248e-07 -5.755675691771769e-07
3.926819474302446e-06 -2.051089503468855e-06 -4.052229632719252e-06 7.187941040314456e-06
3.318152953484886e-06 -7.402248401593073e-07 -1.458496095223701e-05 7.727097082868914e-06
3.586694620281697e-06 -8.904135266971859e-07 2.237083573616707e-06 2.678232188483838e-06
3.732912060709825e-06 -1.194115670422861e-06 8.240231669689016e-06 -6.023647592207742e-07
5.763618721193173e-06 -2.030309213931400e-06 -1.590177178129703e-06 4.050961111623631e-06
6.459432491127443e-06 -1.361921981099377e-06 -5.915905296472401e-06 9.390749897851984e-06
2.870960030439407e-06 1.123153092832301e-07 5.027667462724094e-07 -4.685221557831640e-06
3.298107149772496e-06 1.227230177473085e-06 3.049257250503419e-06 3.223861984123588e-06
4.499202844667378e-06 -1.461441561530356e-06 -6.241016643778111e-06 1.314719534043174e-06
3.601751006111483e-06 -3.124673382458872e-07 1.161022827806013e-06 1.075626473031389e-05
3.929813439718793e-06 -7.912340399945233e-07 8.646358049478482e-06 3.106483651180571e-07
5.445336346405882e-06 -1.121138664081468e-06 -1.543649716396560e-06 -1.012800729523981e-06
6.219675891935119e-06 -5.707368654187162e-07 3.597660737623748e-06 9.265741549171013e-06
3.620454277556512e-06 6.439460673250069e-07 1.354173620637695e-06 -1.581440162675443e-08
3.571007945951323e-06 1.360326966768237e-06 -5.342613942808300e-06 7.239888069287058e-06
4.665815576154096e-06 -1.170874137586352e-07 -1.416448564062161e-06 -9.240457641203429e-06
6.141629070793463e-06 2.267198261892630e-07 -3.818283399583644e-06 1.252571514982806e-05
6.234110144594110e-06 1.014658404373047e-06 -1.468068283867651e-05 4.723998661744946e-07
4.181159129452884e-06 1.149165717545555e-06 -1.543040928260158e-06 3.650435412595641e-06
3.724602480613902e-06 1.661476505573626e-06 -1.012296936206147e-05 1.024940958877419e-05
3.907982249667739e-06 2.519525919517108e-06 -5.336162728679360e-06 -1.029646937669288e-06
5.434134597995261e-06 1.108666981078200e-06 -2.654219757632090e-06 -1.791764848538766e-06
4.189801484620681e-06 3.369301058856584e-06 -7.846304319873524e-07 -1.148935769948778e-05
6.501107227890579e-06 1.821669069845358e-06 -1.117899346689924e-05 1.148177926367317e-06
4.678997097165850e-06 2.541527555049180e-06 1.776448759654963e-06 -3.136670656377397e-06
5.845258466199652e-06 2.601960561646455e-06 1.828285629763336e-06 1.643295606205004e-06
4.585342599901750e-06 4.193506948701369e-06 -5.655154260116169e-06 -1.344377142966133e-05
6.937885192511116e-06 2.592595110581481e-06 -4.589355826464206e-06 -1.589363214170410e-06
6.605410426262591e-06 3.398086186934929e-06 -5.105158908671099e-06 -1.821244049696670e-06
5.772286296792196e-06 3.916192133432453e-06 -3.902389068020281e-06 3.199395462898591e-06
5.084170114842257e-06 4.998179568959030e-06 -3.049524332912992e-06 6.309514105645353e-06
5.694474578346886e-06 5.771569728885377e-06 -4.497504461427280e-07 -1.018029889395157e-05
7.541314879864436e-06 3.342494418645747e-06 -6.689354681085385e-07 -1.008374514902096e-05
7.126786104746713e-06 4.315769899256960e-06 -7.904343966923475e-06 -5.918197656286135e-07
6.618475705870166e-06 5.472068091782913e-06 -2.293293130514958e-06 -7.348026058662373e-06
6.398431458242015e-06 6.489491635788131e-06 3.573800307331571e-06 -5.649804409010224e-06
8.265080095189295e-06 3.989310213408996e-06 -1.623952211639879e-06 -4.016746053182107e-06
8.067648203438673e-06 5.461379377421681e-06 -5.662297414790194e-06 -4.586183860756930e-06
7.213990743123252e-06 7.124391378318517e-06 -9.459197994837619e-07 2.523932792220100e-06
8.122135670609434e-06 7.693587280270356e-06 -1.412917152141666e-06 -4.678258955252012e-06
9.101685004146243e-06 8.164582378126279e-06 -1.174969602488174e-06 -7.810213760407126e-06
9.190011843673207e-06 5.787519350643445e-06 -1.605641755404617e-06 -3.073978834375495e-06
9.171653045830812e-06 4.539593993198296e-06 -5.162785235366085e-06 1.539489416795718e-06
8.957003814766251e-06 7.051633677407311e-06 -4.301274697317897e-07 -7.880409458011697e-06
1.016845961621809e-05 8.506240219789650e-06 -7.533395959946729e-06 -3.822952940261045e-06
1.130280990433240e-05 8.740876665242523e-06 -7.992379841962168e-06 -2.579047879852326e-06
1.009576281776540e-05 6.067379032394489e-06 -4.536327496887396e-06 -6.044579958083961e-06
1.018347205833476e-05 4.952043150535776e-06 -2.287584318378487e-06 5.441098378431625e-06
1.245197615924053e-05 8.850981780133342e-06 -5.759604850693448e-06 -7.115399874029974e-06
1.114694456383384e-05 7.110629946355273e-06 -7.724922117085398e-06 -1.796178966476653e-06
1.128650133011438e-05 5.188557098431317e-06 -9.266765272820722e-06 -5.127331334518453e-06
1.270372160544108e-05 7.288667318164161e-06 -1.021247594307016e-05 -2.107555388052002e-06
1.377926581549574e-05 8.906470852255871e-06 -9.605308259729658e-06 -7.027624923199954e-06
1.244398818846020e-05 5.244243362070126e-06 -5.853877334383673e-06 -4.404867333478948e-06
1.562481570991108e-05 8.950645749582535e-06 -1.003317693189941e-05 -3.566990740867613e-06
1.414055135198087e-05 6.399221134433784e-06 -1.151208016354918e-05 -2.497766122656741e-06
1.376867154742018e-05 5.198199504861197e-06 -9.829190534265357e-06 -2.351301823414705e-06
1.827371525138511e-05 9.027460663476020e-06 -1.084691284459392e-05 -6.544902086024705e-06
1.694499827342353e-05 6.898862406243020e-06 -1.161106874091680e-05 -5.614954351749491e-06
1.563281450623762e-05 5.130154935900674e-06 -1.144305831606739e-05 -2.591696977813304e-06
2.190695135141582e-05 9.098434495838422e-06 -1.592546264313461e-05 -5.290996602769573e-06
2.006762828820245e-05 7.043095780871198e-06 -1.459583986631967e-05 -2.735482579841077e-06
1.827651821150988e-05 5.064176599522976e-06 -9.996909564959116e-06 -1.920440012089973e-06
2.581177822250219e-05 9.154407920412215e-06 -1.866711370937604e-05 -6.982647405254221e-06
2.384304027873396e-05 7.042590027302638e-06 -1.604062898464404e-05 -4.271202474037616e-06
2.190780971283614e-05 4.989428567205390e-06 -1.649820758093855e-05 -3.673432640012382e-06
2.981995108702744e-05 9.198427556164182e-06 -2.222006999604958e-05 -4.733770653232331e-06
2.780247859204871e-05 7.033697274588409e-06 -2.133791300075876e-05 -3.439153632332281e-06
2.581777670769451e-05 4.922381049710155e-06 -1.918940483106659e-05 -8.558884523625816e-07
3.389820822635556e-05 9.233890761177168e-06 -2.562208343121689e-05 -8.143471341963162e-06
3.184726560874297e-05 7.034386211741183e-06 -2.314243716841714e-05 -4.197338850100418e-06
2.981683048646045e-05 4.871091388200857e-06 -2.106124120176444e-05 -2.294961047113056e-06
3.804349625557238e-05 9.267190247852451e-06 -2.924172436019871e-05 -5.761018185761720e-06
3.595960892794590e-05 7.032011607811936e-06 -2.848843099834189e-05 -4.657458476653788e-06
3.389971551134463e-05 4.831557344296459e-06 -2.657406624517672e-05 -1.159297681997548e-06
4.223558248827414e-05 9.277303774088288e-06 -3.124421558132973e-05 -5.688154378281812e-06
4.013740329890324e-05 7.031116127522717e-06 -2.944684719285622e-05 -3.835586554341389e-06
3.804374139358087e-05 4.797011858283030e-06 -2.926023952661832e-05 -3.337666805883671e-06
4.646008705283955e-05 9.299793990267250e-06 -3.738773339393641e-05 -4.312778117385288e-06
4.433954768922212e-05 7.029087110392982e-06 -3.514145241238383e-05 -3.345718888571554e-06
4.223780225852963e-05 4.783143173373518e-06 -3.176080914698620e-05 -7.284331206354222e-07
5.071832161628692e-05 9.314207077452356e-06 -3.799668291196794e-05 -5.866748928909237e-06
4.858492770054808e-05 7.029819668599910e-06 -3.688085784306050e-05 -4.822250592848112e-06
4.645739592694317e-05 4.760350457820690e-06 -3.605978339882069e-05 -3.839067740803670e-06
5.500396933379290e-05 9.321403709992522e-06 -4.116338244723569e-05 -3.061419067438362e-06
5.285801704197829e-05 7.024353368004830e-06 -4.062696243846009e-05 -3.753802607443496e-06
5.072139956431920e-05 4.738924731884481e-06 -3.892144521675391e-05 -2.753386705488240e-06
6.420973263354436e-05 9.072303576666066e-06 -4.783489848883517e-05 -7.223149354263821e-06
6.359637403763410e-05 9.325306505373353e-06 -4.736607768023261e-05 -7.380992795347095e-06
5.693069721493800e-05 7.021698578467853e-06 -4.233565164023488e-05 -3.912597889306128e-06
5.930034486756408e-05 9.315205563024462e-06 -4.666651409669844e-05 -5.627004114605830e-06
5.500555779286505e-05 4.725181491176868e-06 -4.110024546479901e-05 -5.628579768025917e-06
6.446388667487294e-05 8.460333066874740e-06 -4.805064701850822e-05 -6.770899487891446e-06
6.301150507714699e-05 7.015096120903169e-06 -4.720903804078156e-05 -4.872286340577731e-06
5.930178674673463e-05 4.723551841260691e-06 -4.633374344000460e-05 -2.481407272393942e-06
6.446393828730654e-05 5.569146874930618e-06 -4.918760529432920e-05 -2.501087357907653e-06
6.359699446353776e-05 4.705084360863809e-06 -4.820992727627835e-05 -1.300875022096229e-06
6.420993601544470e-05 4.957762052672954e-06 -4.893931118055414e-05 -1.635773727068014e-06
