5.785609508971379e-05 -9.139739307250803e-06 -8.192417308698381e-06 8.340846580170486e-07
5.806580365293725e-05 -8.632416344628683e-06 -7.984557033914434e-06 9.798561304289233e-07
5.806759654885532e-05 -6.243937489726427e-06 -8.409715116027328e-06 1.987101976654082e-06
5.785812224819407e-05 -5.737305716133343e-06 -8.656770809934750e-06 2.180823386987328e-06
5.734965184046710e-05 -9.350145978610190e-06 -8.636216134123685e-06 8.545942950461612e-07
5.640199176323426e-05 -7.440057995012184e-06 -9.599803705466414e-06 1.742187009961823e-06
5.735215208362883e-05 -5.527354237327022e-06 -9.150656935207192e-06 2.198834796870992e-06
5.378269429025027e-05 -9.361233569764511e-06 -8.933972643919823e-06 3.387186032870910e-06
5.378621601929420e-05 -5.531076033912510e-06 -9.448474408505710e-06 1.621327981830967e-06
5.181531184219144e-05 -7.448493749652393e-06 -6.862762197331921e-06 3.047415686039569e-06
5.022088013795282e-05 -9.353920637205922e-06 -7.668708235451061e-06 1.290102022950305e-06
5.021817453280290e-05 -5.538866071553734e-06 -7.298770710810081e-06 4.238206953398717e-06
4.843457759069552e-05 -7.443807082853228e-06 -8.655459229442128e-06 2.640552572864475e-06
4.664827303155256e-05 -9.347683860760526e-06 -7.526625750205592e-06 4.135464076045913e-06
4.664995019590170e-05 -5.539603419345409e-06 -7.216923132523244e-06 2.498852419086788e-07
4.486854758729246e-05 -7.443908267538388e-06 -6.251594190975715e-06 2.593880384103968e-06
4.309908556176234e-05 -9.337233072253682e-06 -8.127410463220757e-06 1.696137107045336e-06
4.309887182503065e-05 -5.551453763693668e-06 -7.372811384233440e-06 3.455910878386339e-06
4.133681603468308e-05 -7.443983159037689e-06 -8.418992509934173e-06 2.384214442794695e-06
3.957837950884807e-05 -9.328492876462186e-06 -8.211044829286965e-06 2.801118367509064e-06
3.958169578707529e-05 -5.562464667656911e-06 -7.465365514940567e-06 2.099172146624097e-06
3.782728965273980e-05 -7.446096517661663e-06 -7.141837077587847e-06 2.190374800409573e-06
3.608724679756323e-05 -9.304375701786904e-06 -6.869296714490771e-06 2.188084059160943e-06
3.608406183277285e-05 -5.582392009990377e-06 -7.420769448409338e-06 2.880404675462686e-06
3.434629378477290e-05 -7.441302362233524e-06 -6.797708264796329e-06 2.664359238013068e-06
3.261184384146373e-05 -9.289152070904782e-06 -7.336788447581773e-06 1.486019565530647e-06
3.261103998360254e-05 -5.590348150348713e-06 -5.938762444018447e-06 3.259133047315822e-06
3.088263527291876e-05 -7.436058013159160e-06 -6.055082658928591e-06 2.252601578023352e-06
2.917289142488512e-05 -9.258830060747166e-06 -5.297183971924114e-06 2.629665463730879e-06
2.916951332034487e-05 -5.604577284084481e-06 -5.753465542357889e-06 2.381942752952068e-06
2.746789361126862e-05 -7.428011706726588e-06 -6.313679279184148e-06 1.462216477670478e-06
2.577589373267078e-05 -9.234934461673995e-06 -6.906070350859107e-06 1.935563700198931e-06
2.577744856734073e-05 -5.620025781197747e-06 -7.108970833598654e-06 1.449850999179267e-06
2.409034373336113e-05 -7.427431145630084e-06 -6.429902086944367e-06 1.591566031428312e-06
2.241118554782956e-05 -9.225924050192521e-06 -5.569295049491114e-06 2.629933401851419e-06
2.240754653874772e-05 -5.626122279997122e-06 -7.084464222980665e-06 2.665492940326993e-06
2.079928540296904e-05 -7.426874452719219e-06 -6.353594859622898e-06 3.527733675135315e-06
1.919766971435941e-05 -9.211264804003712e-06 -6.171093475229396e-06 2.727212818280314e-06
1.920223283241918e-05 -5.643317131506596e-06 -3.822593677753266e-06 2.168785250703775e-06
1.800483444577491e-05 -7.563890859424760e-06 -4.708568570990141e-06 1.549890506009884e-06
1.679575173512158e-05 -9.193030438921000e-06 -4.886247435654442e-06 2.860739616392130e-06
1.679193358036109e-05 -5.660657272977545e-06 -4.828868110161008e-06 1.307417657272445e-06
1.505387331682841e-05 -9.176094894710965e-06 -5.423029969834263e-06 3.258504858612314e-06
1.538992200729780e-05 -8.023546858827906e-06 -5.511450703285881e-06 3.333148667511444e-06
1.505862167378428e-05 -5.666278821653582e-06 -3.205300027039593e-06 3.569460248706579e-06
1.379853283322339e-05 -5.680222080036332e-06 -2.310277323200775e-06 -1.014840839035032e-06
-2.209193352416797e-06 -1.897484163771932e-07 4.104130008906127e-05 -4.935295045326339e-06
-2.279374730856107e-06 -1.083907435937946e-07 7.282686423068705e-06 1.741403508032697e-05
-2.311322842816486e-06 3.421661312929281e-07 -6.369448486266906e-06 -3.957748790697133e-05
-2.247894653553623e-06 4.027799890894296e-07 3.064102794461559e-05 9.351144275202785e-06
1.379301169763911e-05 -9.158232631991791e-06 -4.153942705059271e-06 4.008687503217208e-06
1.266148349729913e-05 -9.079154793622719e-06 -5.635867184837150e-06 3.033197401957344e-06
1.353626786106569e-05 -6.985960907793613e-06 -4.871831256709689e-06 2.503874962019887e-06
1.265867843590764e-05 -5.602552092870922e-06 -5.231948122790146e-06 -3.541364075918247e-06
-2.059067340539663e-06 -2.117677039962239e-07 4.571471494336538e-05 4.858102663741033e-06
-1.894391620505469e-06 1.315294876518953e-07 -4.573261707605540e-05 -2.154005871913569e-05
-2.116011681682584e-06 4.131965288328535e-07 6.519832430972139e-05 4.699563658662303e-05
1.229930821498970e-05 -8.007322876911706e-06 -5.951100473381594e-06 2.644372020614916e-06
1.155679328153028e-05 -8.869606786528358e-06 -3.828314640160051e-06 3.284271650829681e-06
1.049162058995280e-05 -8.545014268568007e-06 -2.034947253656107e-06 3.192685091089725e-06
1.195924656436662e-05 -6.547846578989011e-06 -5.555857841261053e-06 -8.096068443797824e-07
1.157305580822477e-05 -5.330463722830186e-06 -6.693047442233091e-06 4.325468343682856e-06
-1.391491643533956e-06 -2.692786419609340e-07 2.180627635095404e-05 2.357043241527359e-05
-1.383607359725540e-06 4.953217493434014e-07 -5.380548169782047e-07 -2.989245332011346e-07
-1.024718215888870e-06 1.421860813313899e-07 -1.299060268602204e-05 -2.552518291512078e-05
9.471958220066372e-06 -8.102251324201476e-06 -2.539881209811405e-06 3.294217144171055e-06
1.034817322142095e-05 -7.436480078103581e-06 -2.696424610673809e-06 1.681275901547852e-06
1.071300790240151e-05 -6.049774198555597e-06 -3.601545901074270e-06 3.217092265451710e-06
1.056150364773738e-05 -4.874946607446387e-06 -1.266751483706700e-06 3.384208742190859e-06
-6.035407119214950e-07 -3.223303650101026e-07 -4.570150683004517e-06 1.628922032376549e-05
-5.999575856862186e-07 5.156505416662409e-07 1.852186263500323e-05 1.585178386238181e-05
-1.381843583418373e-07 1.343221093941635e-07 -1.046169878538664e-05 -3.568412681630167e-05
8.513079102656659e-06 -7.552438868542490e-06 -2.634059399421995e-06 3.197791403104196e-06
7.637543380257451e-06 -6.895960117403505e-06 -3.079460109633097e-06 4.842563844942531e-06
9.415163222688136e-06 -5.827153961354464e-06 -1.421386400317437e-06 -7.175999221987514e-07
9.649280071588529e-06 -4.268310276716124e-06 -4.274256550832223e-06 1.700201664410389e-06
3.767350705994968e-07 -4.664057978798693e-07 1.019615904218693e-05 1.765860919928822e-05
3.889468666389965e-07 6.860563326404188e-07 -2.637954368000720e-06 1.857942367142185e-05
7.854929248168410e-06 -5.889297984736687e-06 -2.746843956528944e-06 3.681124388056128e-06
6.856696678699182e-06 -6.145368599609714e-06 -3.644817080467958e-06 4.986762093084215e-06
8.220029538333748e-06 -4.760056116630155e-06 -6.703896700529530e-07 2.941006938512172e-06
8.851378048022214e-06 -3.521930886109397e-06 -6.152416563726463e-06 3.760938605805306e-06
9.761237085352663e-07 1.242049520595784e-07 -6.024490098397201e-06 -1.739152632198273e-05
1.677650181804488e-06 -6.678901680034130e-07 3.724382400607568e-06 -3.621000423057905e-06
1.667678168919228e-06 9.015048842488219e-07 2.507563198308980e-06 -2.798844753300159e-06
6.170028738456827e-06 -5.322559185604812e-06 -3.616159037620932e-06 1.273733947976423e-06
5.606338415427419e-06 -4.460446783543124e-06 -2.052548810190569e-06 1.489233187180792e-06
5.145837278556979e-06 -3.539761534590811e-06 8.214904344409768e-07 3.304593018965119e-06
7.476143477867380e-06 -3.740515731294830e-06 7.503130362180492e-07 3.114793474729484e-06
8.230109976207483e-06 -2.692535887691802e-06 -3.126031978570840e-06 2.493145181142029e-06
2.222033681930245e-06 1.152737836677553e-07 3.288685269386891e-06 6.911434755030492e-06
2.923877683100941e-06 -8.777081289078441e-07 -1.072436892868314e-05 -2.108422651637845e-06
2.915267191772448e-06 1.117847674290229e-06 -6.714827064557030e-06 -3.768499030529782e-06
6.100905871171835e-06 -3.542767984810229e-06 -2.706665247750445e-06 2.013810579103095e-06
4.791660100578533e-06 -2.573455641054057e-06 1.479131315912282e-06 5.738773240405195e-06
4.035364674859551e-06 -1.054124085851108e-06 -1.078805266189617e-06 1.074777480007151e-06
4.384239869497591e-06 -1.241197195712437e-06 -4.885356324133282e-06 6.611913248653696e-06
4.575405353117145e-06 -1.600852790791103e-06 -6.808530392263267e-06 8.870625513602950e-06
6.957525927218548e-06 -2.567938754851994e-06 -3.789853755129563e-06 1.196473945355076e-06
7.769833505801061e-06 -1.790181991860278e-06 -2.529099462624198e-06 6.016017836980167e-06
3.532289273203943e-06 -5.163062387941631e-08 2.409669935858377e-06 -5.633570552571797e-06
4.043523301532994e-06 1.259921566249327e-06 3.095472210391994e-06 -9.269806048238465e-08
5.439605915995910e-06 -1.903365733562782e-06 -3.571908282813583e-06 1.149543672508919e-06
4.391277082675374e-06 -5.312299293774594e-07 -6.208587704173116e-07 -2.201712079735764e-06
4.800349392587763e-06 -1.122520309298505e-06 -7.536041134264526e-06 6.111046724961421e-06
6.571495137470125e-06 -1.502554086334501e-06 -2.188204746516780e-07 -1.752291809667582e-06
7.485110510609493e-06 -8.608297258518921e-07 -1.617816467832729e-06 1.389998245741910e-06
4.405590486621883e-06 5.879066840223393e-07 1.520718544025383e-06 -1.578742460749129e-06
4.351703255178509e-06 1.425182401021998e-06 -8.522421598232924e-06 7.102589887902762e-06
5.650065993096937e-06 -3.094394139289942e-07 -1.593132984152435e-06 -7.826810332360001e-07
7.399212684935637e-06 8.658006180174723e-08 -8.897869232669160e-06 2.403192451592733e-06
7.521278736220561e-06 1.027902221721559e-06 -5.711582133642249e-07 4.180192424915227e-06
5.066743869483371e-06 1.192172799230538e-06 1.582607170199057e-06 7.372526966815486e-06
4.533654774691354e-06 1.790311042163190e-06 -1.730662346658107e-05 9.902602744563673e-06
4.756121704542045e-06 2.810243511217469e-06 -2.029638478652112e-05 -4.654200775496770e-07
6.563777246186855e-06 1.143689433069418e-06 -4.915638256771056e-06 2.847506282653504e-06
5.088399218771067e-06 3.820482883331999e-06 -7.902660381055990e-06 6.438227946029176e-07
7.839413823070157e-06 1.978938097881422e-06 8.814266456849551e-06 -1.961753857238886e-06
5.671361801518646e-06 2.839423649082732e-06 3.239802885719297e-06 -7.141620260370527e-06
7.038371539815174e-06 2.921943824850930e-06 -7.858845987394611e-06 1.856899143572410e-06
5.545195316276013e-06 4.794110248561794e-06 6.633381331425753e-06 6.273935302767490e-06
8.347069000517622e-06 2.910341305921308e-06 5.840104742504862e-06 3.370159789033600e-06
7.936881291767448e-06 3.865582768944089e-06 -7.710517877593430e-06 4.452084469345016e-06
6.968385741270910e-06 4.458308910842168e-06 -3.393541904293303e-06 -5.353139478662291e-06
6.156349597058118e-06 5.764610521156014e-06 -8.705574999634658e-06 9.476686108989520e-06
6.879257352108755e-06 6.648740047399559e-06 -3.696108838190015e-06 -3.605411986283499e-06
9.053908446127578e-06 3.796274313841526e-06 2.319232300453279e-06 7.603841673782737e-07
8.549695146981235e-06 4.941529282043314e-06 -6.335760476505233e-06 -4.739750418461355e-06
7.961755772146760e-06 6.296968450517392e-06 1.689096956157313e-07 -7.435815313687498e-06
7.707480275779334e-06 7.494840447122461e-06 3.105151788492491e-06 -6.599000065046253e-06
9.912284009831792e-06 4.573394043475408e-06 3.923016407125752e-06 -1.160992539743207e-06
9.651854122616507e-06 6.305502209162793e-06 -7.369902467198028e-06 -2.835044243907980e-06
8.656403027921166e-06 8.250638667199652e-06 -6.423212399911692e-06 -2.945180458081179e-06
9.725749336700331e-06 8.896962624468722e-06 -4.188578129165879e-06 -1.635918942235269e-06
1.088258577441871e-05 9.443378714457038e-06 -2.566230079300000e-06 -5.512336568030574e-06
1.096482112081372e-05 6.680844111933402e-06 -6.799246136741871e-06 -2.882330007899875e-06
1.094810873653655e-05 5.228197526469530e-06 -5.119494892891934e-06 1.013480851476016e-06
1.070570262505186e-05 8.145833595732674e-06 -3.532301676456242e-06 -2.850778449523091e-06
1.211998371779506e-05 9.853366302927662e-06 -6.290565467389625e-06 -6.080402639032639e-06
1.343308680831455e-05 1.012313089288288e-05 -7.459343661659019e-06 -3.858271278556690e-06
1.203685410859438e-05 7.003845402525957e-06 -4.000737387882464e-06 -4.338984546791068e-06
1.213886060004383e-05 5.704768826237306e-06 -4.813390073302971e-06 -2.068219204461274e-06
1.478560648126984e-05 1.023354206773633e-05 -5.064073096759272e-06 -4.817283914730454e-06
1.326354942363455e-05 8.226052769076107e-06 -5.351391323929261e-06 -4.207328186592532e-06
1.342619824467335e-05 5.986390970422548e-06 -3.306721382805919e-06 -2.960595650934766e-06
1.507188136661188e-05 8.433856611620089e-06 -6.354189693301998e-06 -4.031978995217873e-06
1.630011259595994e-05 1.028690940830274e-05 -7.713078222164849e-06 -7.295276261855090e-06
1.476374035581890e-05 6.062238527343039e-06 -6.257107671576083e-06 -9.040117824477068e-07
1.843217030887580e-05 1.034154426880844e-05 -8.552285582295212e-06 -1.897621577432473e-06
1.672958713496591e-05 7.396807324236014e-06 -1.052178240157357e-05 -4.777295371630802e-06
1.629916472813436e-05 6.010377184603533e-06 -9.584207804789664e-06 -2.023221387267526e-06
2.146579022082937e-05 1.040737207304173e-05 -1.193163956572220e-05 -5.697043745468742e-06
1.994504059868216e-05 7.967042452156606e-06 -1.013974370026864e-05 -2.548419569996794e-06
1.843681643299597e-05 5.940181741065744e-06 -1.116128461560790e-05 -2.899929404083417e-06
2.559739950960270e-05 1.048525106457240e-05 -1.559165190891342e-05 -5.959090760357906e-06
2.350986587696567e-05 8.145880124430171e-06 -1.381912838595468e-05 -3.102971506770162e-06
2.146566944888411e-05 5.873388365531809e-06 -1.220035524070533e-05 -1.790764756965612e-06
3.004663524534453e-05 1.055760577542956e-05 -1.820822171684554e-05 -6.746666167629494e-06
2.779925203658239e-05 8.148871505080615e-06 -1.658268138636413e-05 -3.394821303061345e-06
2.559703397007611e-05 5.810768033175028e-06 -1.560900796344220e-05 -1.230427557905228e-06
3.459698524055196e-05 1.059950807860379e-05 -2.188445498503653e-05 -4.950070704187633e-06
3.230993159675406e-05 8.143455657158265e-06 -2.027693325449911e-05 -4.352427387591229e-06
3.004926327726976e-05 5.735480586449932e-06 -1.732615347442624e-05 -1.306790001507988e-06
3.922169161493289e-05 1.063834465715371e-05 -2.524312451635665e-05 -5.078091577411086e-06
3.689560311384545e-05 8.143883603841648e-06 -2.359427435770704e-05 -3.605911938636474e-06
3.459561606347740e-05 5.688074621750141e-06 -2.250828839497695e-05 -3.181121464761912e-06
4.393724163466695e-05 1.069051528292670e-05 -2.836578574541979e-05 -3.590631697361224e-06
4.156364239739712e-05 8.144801600068326e-06 -2.748032475848501e-05 -3.244432657260536e-06
3.922161521493469e-05 5.649176647675370e-06 -2.600283702327146e-05 -1.422560130313395e-06
4.873038750311366e-05 1.072213787785996e-05 -3.219172894922828e-05 -7.278947843305590e-06
4.632435550676937e-05 8.141596838160720e-06 -2.902386256522645e-05 -3.724650057103527e-06
4.393908637496848e-05 5.597449496682911e-06 -2.759225568797048e-05 -3.977402802252661e-06
5.357587550731478e-05 1.074035859674442e-05 -3.277322107948686e-05 -5.285531449731048e-06
5.114577133765928e-05 8.136148732278021e-06 -3.348856894365810e-05 -4.534313907868343e-06
4.873222499514022e-05 5.555021800978156e-06 -3.151917424891577e-05 -1.016488488413875e-06
5.845997471380242e-05 1.076048607858206e-05 -3.840457854258897e-05 -5.300233696166384e-06
5.601223920750912e-05 8.140549050100066e-06 -3.507773846493750e-05 -2.903298939649320e-06
5.357287896266879e-05 5.535323351941521e-06 -3.443535758520887e-05 -2.592582169584124e-06
6.336672854889140e-05 1.076905131400374e-05 -3.939086279178740e-05 -5.067912732287807e-06
6.091090107366329e-05 8.138746003859349e-06 -3.961422452644845e-05 -3.324426916690098e-06
5.846216638375729e-05 5.521125573907525e-06 -3.759783944386719e-05 -5.935150682860813e-07
7.393451568567632e-05 1.049443321655466e-05 -4.456619505722695e-05 -2.497930429270469e-06
7.323345816756505e-05 1.078468244473183e-05 -4.503183858907950e-05 -2.619275496379564e-06
6.557207386448742e-05 8.137196170266428e-06 -3.981051907025644e-05 -3.720423498613613e-06
6.829899768921994e-05 1.077978718303531e-05 -4.273925842758121e-05 -6.291565114060163e-06
6.336661722821894e-05 5.505619216491384e-06 -3.931452547916106e-05 -1.852867920796395e-06
7.422490389372495e-05 9.793513772502506e-06 -4.433172630079727e-05 -2.532083697656512e-06
7.256536581814125e-05 8.140253385733653e-06 -4.576000521296051e-05 -3.531871440619709e-06
6.829809519766968e-05 5.497243233512664e-06 -4.285325621320274e-05 -1.111821774525832e-06
7.422478672066921e-05 6.487168622679255e-06 -4.404440982643647e-05 -4.672928011655788e-06
7.323313353654808e-05 5.495674475912891e-06 -4.481212306194792e-05 -4.726066352296171e-06
7.393433843299909e-05 5.786040958042062e-06 -4.428543336075432e-05 -4.805836341686565e-06
