2.687042444345925e-06 9.781821622895306e-07 -2.969035028364156e-05 4.353285644839471e-06
2.731158662509936e-06 1.083236491831386e-06 -2.989860470119517e-05 3.898907180351748e-06
2.732499983783688e-06 1.585246383181195e-06 -2.994334585012634e-05 2.711208275014716e-06
2.688416432950290e-06 1.690920074801650e-06 -2.981335820875611e-05 2.640859718705581e-06
2.580844438267587e-06 9.350890435621010e-07 -2.918982112826887e-05 4.541590114086181e-06
2.383825252962357e-06 1.334459402526327e-06 -2.865681563833025e-05 3.674383321918151e-06
2.581999626215431e-06 1.734352183003183e-06 -2.955839443917495e-05 2.657142021389942e-06
1.859368497521083e-06 9.537890667467383e-07 -2.697443322696750e-05 5.678275382250996e-06
1.858433334507652e-06 1.721446479491116e-06 -2.805568652149046e-05 4.380106151993771e-06
1.467980147209462e-06 1.339547087003111e-06 -2.752298268086204e-05 5.025317099988925e-06
1.153929173951482e-06 9.670704538762627e-07 -2.523670171197513e-05 6.758954739024522e-06
1.151710347010112e-06 1.714711969287122e-06 -2.383310139576938e-05 2.088165976158312e-06
7.981629213476053e-07 1.342570509402294e-06 -2.132846905073363e-05 4.017159293992595e-06
4.405803999003573e-07 9.675217748810702e-07 -2.236263563377794e-05 3.584565815414328e-06
4.431521980037868e-07 1.714709158564047e-06 -2.184132697570709e-05 4.989648448391643e-06
8.904895273995255e-08 1.339217904342799e-06 -2.336818352545048e-05 3.669750799435272e-06
-2.557107095798100e-07 9.726562407469370e-07 -2.179687401595596e-05 5.268432064871541e-06
-2.570582532041365e-07 1.709420856272926e-06 -2.100022379068000e-05 1.653866977641548e-06
-5.939342078516821e-07 1.342408677695065e-06 -1.899163493891554e-05 3.590422274154360e-06
-9.181019725243653e-07 9.946789347373858e-07 -1.669266384349355e-05 5.792511363065288e-06
-9.198068854729031e-07 1.693243816651310e-06 -1.694851644452482e-05 2.693395711857837e-06
-1.239576355382323e-06 1.342906217270627e-06 -1.869205453724314e-05 4.515823902007164e-06
-1.551521485182698e-06 1.014441113944763e-06 -2.044802862824533e-05 6.162842951238877e-06
-1.548254516817917e-06 1.664637245462447e-06 -2.012470415802462e-05 3.483476125565212e-06
-1.851189747266912e-06 1.335841701337810e-06 -1.750874688366632e-05 4.453993308991836e-06
-2.125946938676266e-06 1.046622171679964e-06 -1.616730959593867e-05 2.921457991661991e-06
-2.128945785683908e-06 1.627384446366656e-06 -1.403873222618271e-05 5.936388603038769e-06
-2.390531992536514e-06 1.341116885214889e-06 -1.534765940799534e-05 3.814169139693228e-06
-2.626157395695470e-06 1.101476580715915e-06 -1.351929266291878e-05 3.204112553765786e-06
-2.623553254482268e-06 1.587002368923892e-06 -1.500069229756684e-05 4.029123083096708e-06
-2.846966973989016e-06 1.343374279169841e-06 -1.312148971895150e-05 3.560212220732662e-06
-3.045526986583718e-06 1.145216983147390e-06 -1.312650709287487e-05 3.827950843437024e-06
-3.049076102024664e-06 1.543355154805821e-06 -1.418197999891012e-05 3.745097402191858e-06
-3.233187867808011e-06 1.346482966613974e-06 -1.254820021145540e-05 5.430326064481708e-06
-3.380761291672124e-06 1.200636664354342e-06 -1.220309717310371e-05 7.158441178364636e-06
-3.380692676432558e-06 1.492850451267682e-06 -1.118841987850584e-05 2.730339349754358e-06
-3.505788268178256e-06 1.345429419591205e-06 -1.268377772667489e-05 2.689982532606782e-06
-3.593065731916362e-06 1.267193153296628e-06 -1.047018695121363e-05 6.250283368353876e-06
-3.589748364148237e-06 1.421040134039235e-06 -9.668028627295058e-06 3.124077865755042e-06
-3.640977804230564e-06 1.345898976099296e-06 -9.461069808131689e-06 7.122944931960461e-06
-3.653632491287396e-06 1.336751432369017e-06 -8.531773502798410e-06 3.724146001091636e-06
-3.665252219712690e-06 1.365567925602203e-06 -9.436876877268150e-06 -8.651979471990273e-07
-3.653229136952348e-06 1.386887010459289e-06 -8.381414229288318e-06 6.142067235767529e-06
-3.670851990058414e-06 1.358705707534330e-06 -9.538423833139155e-06 4.594626258390321e-06
-3.648202395493949e-06 1.323793581947641e-06 -5.549064342914759e-06 7.553754734250180e-06
-3.614468930804476e-06 1.280443533057435e-06 -9.578824828700921e-06 1.001807003925649e-05
8.914182790374934e-07 -4.211998842881065e-07 -2.484647388305943e-05 -1.297972019083026e-05
9.227458886058956e-07 -5.046987064476396e-07 -2.045790131067876e-05 4.893182932064436e-05
9.016733333541008e-07 -6.497441573112430e-07 -9.370118622124302e-06 -7.536118454839829e-05
8.749243073054168e-07 -7.206589215712526e-07 -2.444932533109543e-05 -3.843036634216093e-05
-3.621657725048816e-06 1.426553349064980e-06 -4.310987253218143e-06 4.495140614779335e-06
-3.554001531327612e-06 1.454562883818021e-06 -6.986957448517490e-06 4.661539554929500e-06
-3.624977322014417e-06 1.337189177484198e-06 -9.685722133972340e-06 1.672357738686021e-06
-3.576279540284585e-06 1.228262935706983e-06 -6.800095224501078e-06 7.750635954420015e-06
8.297772374201820e-07 -3.889282492887452e-07 -5.385984490208130e-06 -4.742988644780346e-05
8.494429344600751e-07 -5.645845199217637e-07 1.988072665569301e-05 4.165240466262837e-05
8.122061694494221e-07 -7.468374479740921e-07 -1.513909541946258e-05 -2.446586733848603e-05
-3.544559690584732e-06 1.402190864019142e-06 -8.443566662748290e-06 4.156131538057825e-06
-3.469595696061586e-06 1.480489526198584e-06 -1.177958553259000e-05 6.676364926386420e-06
-3.365754052360930e-06 1.488844504796718e-06 -5.869334655687686e-06 6.491797916375367e-06
-3.533820151869474e-06 1.290210259040497e-06 -6.314831382868772e-06 3.416751830669691e-06
-3.505027151732274e-06 1.164009899997216e-06 -1.330950431608071e-05 3.351367693655526e-06
5.700521319235420e-07 -4.145172457830154e-07 -1.184897215246278e-05 -1.532168251167584e-05
5.703949721665157e-07 -7.058477586873925e-07 5.806688022997309e-06 -1.293856890051061e-05
4.450113234292402e-07 -5.810290847599250e-07 -3.056427717726687e-06 2.487812906580478e-05
-3.239771600549965e-06 1.488574599839471e-06 -3.029189709231022e-06 3.377669817413075e-06
-3.366920709977422e-06 1.393553285339160e-06 -3.429543316163222e-06 3.614278052198659e-06
-3.413871402919978e-06 1.232550409904752e-06 -5.250355034300503e-06 7.369823803602501e-06
-3.401740750474536e-06 1.057625614909230e-06 -2.688831359696961e-06 -7.869216686260965e-06
2.593902164673759e-07 -3.732577695563733e-07 5.416537499482981e-06 -1.036367009704862e-05
2.699762636652277e-07 -7.322339824856738e-07 -3.924985532021625e-06 -1.298075444076880e-05
8.945666479782149e-08 -5.905978574540859e-07 8.137499101189785e-06 2.515246535211822e-05
-3.100589941034546e-06 1.447289220189745e-06 -4.068978774843413e-06 4.243352582305786e-06
-2.946100386912083e-06 1.369469262756548e-06 -1.380687160538594e-06 3.146891572053948e-06
-3.247754893319935e-06 1.192925746169863e-06 -3.805752479321648e-06 5.463327265544342e-06
-3.306136674560816e-06 9.221209249491785e-07 -6.377677302471439e-06 8.260958909627066e-07
-1.327516648803493e-07 -3.144760772341857e-07 -7.776203104613692e-06 -9.780943797808667e-06
-1.347341001503698e-07 -7.849956891649621e-07 -3.506126025752769e-07 -8.423845921960564e-06
-2.978404337397541e-06 1.216481251578396e-06 -2.969299269484748e-06 3.035003100209380e-06
-2.756860580160330e-06 1.268319622122921e-06 9.608721127700788e-07 1.935083690051725e-06
-3.044284298444493e-06 1.003485427615539e-06 -8.266369368111638e-06 4.859198387584841e-06
-3.188721070031941e-06 7.248313136909296e-07 1.874324218708310e-06 2.898667587576004e-06
-3.647227798982488e-07 -5.770930976237215e-07 -2.715793373403120e-06 2.119140404412939e-06
-6.489536906719226e-07 -2.288979114174869e-07 4.871952962598803e-06 3.321186230642317e-06
-6.491827237115107e-07 -8.682412202686943e-07 8.800471093021864e-06 9.699780708660758e-07
-2.572599493132163e-06 1.135217747920598e-06 9.748947220268599e-07 3.773621584366702e-06
-2.384270376623190e-06 9.406001561242606e-07 -1.017975657229093e-07 2.890588671822100e-06
-2.203319437256453e-06 7.162084189788303e-07 -2.054632238336068e-06 1.744726215817510e-06
-2.880924668742091e-06 7.789226527009070e-07 -7.820420586823516e-06 -1.285662031133933e-07
-3.099004560846035e-06 4.988099515286768e-07 4.092439840518482e-06 4.285486068791583e-06
-8.743566021958262e-07 -5.483957907075368e-07 -6.883393132937175e-06 -6.557053519728877e-06
-1.142114012337848e-06 -1.606673509557953e-07 2.806716540761083e-06 5.157652319354497e-06
-1.152975892616461e-06 -9.753621168763526e-07 -1.131242928955946e-06 1.849370606996722e-06
-2.505466022160435e-06 7.240964906415352e-07 -3.896865031708202e-06 1.003133582566842e-06
-2.048807759629100e-06 4.455197414246745e-07 -1.851376837700815e-06 3.160742740645437e-06
-1.655152645622606e-06 -7.701618079232595e-08 9.424860405867537e-06 -8.771327509794825e-06
-1.802883744209040e-06 -1.121916468893276e-08 4.128535626851139e-07 -1.073171262392404e-05
-1.900311252249189e-06 1.168557594008479e-07 3.839379254348179e-07 -5.089165922267464e-06
-2.747870265389575e-06 4.465076356220723e-07 -2.747243193569119e-06 4.104886829170425e-06
-3.014534470997666e-06 1.828795961847398e-07 -3.577171659219149e-06 -1.004842608240313e-05
-1.409157701672161e-06 -4.977657087236235e-07 -1.947026209693611e-06 7.346143448601897e-06
-1.592741982270757e-06 -1.042919246487074e-06 4.859606366757408e-06 -5.103970385939576e-06
-2.254221229367901e-06 2.324531329939707e-07 -1.634343800378002e-06 4.867738892656287e-06
-1.787565428968726e-06 -2.832030171227296e-07 -9.611776570142694e-06 -8.264413721260298e-06
-1.970070318854912e-06 -5.852211063463197e-08 -3.016839615957755e-06 -1.006255377048757e-05
-2.638279147500712e-06 8.659694432611249e-08 -6.611476690640665e-06 4.572176525568016e-06
-2.990346210412567e-06 -1.510311559390670e-07 -1.195805521645374e-05 -4.915885030197423e-06
-1.755856725496026e-06 -7.546739413976615e-07 -1.237962398637200e-05 8.421444951838183e-06
-1.699527512776749e-06 -1.114295860224358e-06 6.226730609786541e-06 -1.104735771904880e-05
-2.298223522709860e-06 -3.681023598056258e-07 1.528294260064548e-06 7.615955889317293e-06
-3.014726150099105e-06 -5.282874487944177e-07 -1.785869755289551e-06 -2.976208588039005e-06
-3.150505212691552e-06 -9.461818694090743e-07 4.945813829366194e-06 2.287579554996544e-06
-2.015552347636058e-06 -1.003085780071166e-06 -3.493223907531320e-06 -1.688276701738815e-06
-1.753114180343029e-06 -1.286782673651942e-06 1.442865537175482e-05 -1.527056908876799e-05
-1.808124650757658e-06 -1.806820471963624e-06 7.428345589441078e-06 -2.333397440868856e-06
-2.700114860796552e-06 -9.765783107244230e-07 -3.332951411492244e-06 3.233750820642266e-06
-1.933565777828435e-06 -2.359952537141518e-06 -5.214460332825370e-06 9.728643780967670e-06
-3.367263264468509e-06 -1.384101908740666e-06 -1.248604211888576e-08 4.750840308921221e-07
-2.261561629014573e-06 -1.807564095779572e-06 -4.064538925778608e-06 -3.647117024540773e-07
-2.964601097018626e-06 -1.853405148372845e-06 -1.181607104110166e-05 -1.193046369437987e-06
-2.155733658445018e-06 -2.910960672575289e-06 -4.732338198292499e-06 1.249344211802508e-05
-3.689285102712505e-06 -1.839931440295515e-06 -4.641298471363888e-06 -3.378651016447561e-06
-3.481441923095312e-06 -2.364834266664867e-06 -3.003053988402042e-06 -2.580071139651119e-06
-2.924615519221474e-06 -2.708264554130775e-06 1.672671326184625e-06 -4.946046044058817e-06
-2.442905575557366e-06 -3.488180901769805e-06 3.844740030759619e-06 -5.036726841903341e-06
-2.851118240947980e-06 -4.074597268725185e-06 -3.108189397266905e-06 -1.968487142133908e-06
-4.161437521659180e-06 -2.317682821219548e-06 -7.646626404631662e-06 2.432317116303353e-06
-3.870217159762141e-06 -3.002008081608518e-06 -2.376102903059886e-06 -4.709479602401080e-06
-3.504793754223327e-06 -3.857867143384251e-06 -7.973352510137996e-06 -1.261569197939618e-06
-3.341158175097182e-06 -4.642234584029552e-06 -1.255092686090794e-05 -4.130559148907056e-06
-4.736099108586931e-06 -2.752808380381780e-06 -1.142415451268206e-05 -2.551298652697132e-06
-4.599259849923685e-06 -3.873227745625738e-06 -1.219776823752326e-06 9.905409007953142e-07
-3.944414903131788e-06 -5.156472793348494e-06 -4.270982821458859e-06 -7.520078742888140e-06
-4.648541221832712e-06 -5.635241410621178e-06 -3.682687350997099e-06 -7.232407844586227e-06
-5.430201996421363e-06 -6.059246919053100e-06 -2.417633834173038e-06 -2.726718435507458e-06
-5.487043460603112e-06 -4.121129649744792e-06 -3.961635094209395e-06 -5.633149926185630e-06
-5.470617485588055e-06 -3.150866634921668e-06 -2.330853260579644e-06 -9.390360496105996e-06
-5.299756488957457e-06 -5.129270225012278e-06 -3.619218262536402e-06 -3.083745147738377e-06
-6.307259972892813e-06 -6.377301416875188e-06 -2.729670747465189e-06 -1.008523023612169e-06
-7.262712071566885e-06 -6.610323292048475e-06 -9.310955701103841e-06 -3.476951872229699e-06
-6.224184718679256e-06 -4.339336501008966e-06 -3.731112221604047e-06 -1.970628024547244e-06
-6.295806122015328e-06 -3.431458432182163e-06 -6.019137458068439e-06 -1.629399528575989e-05
-8.239159492935965e-06 -6.730301776712970e-06 -6.092324797537110e-06 -5.002006524782102e-06
-7.110942804552020e-06 -5.218401638764367e-06 -7.098171614954774e-06 -2.916946446334167e-06
-7.230071586574606e-06 -3.592758990404276e-06 -4.036380665168090e-06 -1.241785728353387e-06
-8.443316379288045e-06 -5.378835182660681e-06 -2.853232467644410e-06 -5.539897035970892e-06
-9.387936325915063e-06 -6.805714869209186e-06 -1.365712178467910e-05 -4.180285387659092e-06
-8.217280710240747e-06 -3.623239149879422e-06 -9.070593156757884e-06 -1.959053544457305e-06
-1.102702398518179e-05 -6.871774589961474e-06 -1.047939549240871e-05 -4.781659104489441e-06
-9.695667312346505e-06 -4.598934104782921e-06 -8.275157773874272e-06 -3.802300727200521e-06
-9.377576641919214e-06 -3.554635213221555e-06 -9.453247480115796e-06 -1.576223488435290e-06
-1.343848955875084e-05 -6.993505793749472e-06 -9.887454448428520e-06 -5.817312732972076e-06
-1.221210641529799e-05 -5.040931052075097e-06 -6.906155381973487e-06 -4.305918863836617e-06
-1.103074654221766e-05 -3.457495063729678e-06 -1.234066421764235e-05 -2.449532561510485e-06
-1.684190845262549e-05 -7.122519913601925e-06 -1.349400741242555e-05 -4.165625647526205e-06
-1.510192775475566e-05 -5.173459826958247e-06 -1.099427180719340e-05 -2.333283982216405e-06
-1.343738236983687e-05 -3.349062716546692e-06 -9.717290791829771e-06 -2.144043369891950e-06
-2.057044733734652e-05 -7.214120148682298e-06 -1.434625308298071e-05 -7.173812168808458e-06
-1.867819665451792e-05 -5.179597466817999e-06 -1.417935314153049e-05 -3.588374012205440e-06
-1.683720439338636e-05 -3.230669507808106e-06 -1.365520207477299e-05 -2.560537964477663e-06
-2.445127086823164e-05 -7.282130736534484e-06 -1.767841725089629e-05 -5.701144446012010e-06
-2.249067411755605e-05 -5.176432401367424e-06 -1.609066601259379e-05 -4.557305589273928e-06
-2.057388918357846e-05 -3.142230203540558e-06 -1.366517879724413e-05 4.185143999034002e-07
-2.842593954778758e-05 -7.330548433937990e-06 -2.059906666397533e-05 -2.652324762227196e-06
-2.642459646494293e-05 -5.177410909683159e-06 -1.919929830677420e-05 -4.326602871677687e-06
-2.444787050118288e-05 -3.071758341109542e-06 -1.739416331963866e-05 -4.040958516214601e-06
-3.249136613034311e-05 -7.361310878250651e-06 -2.213898377992332e-05 -5.673070998013713e-06
-3.044660207857190e-05 -5.173572397341105e-06 -2.142459100652383e-05 -2.821366133609552e-06
-2.843211058149138e-05 -3.021137539029313e-06 -2.179599552058911e-05 -4.273171381972636e-06
-3.658707725141922e-05 -7.375300782776675e-06 -2.609039008476988e-05 -6.392859607028048e-06
-3.453625534520096e-05 -5.180714550796803e-06 -2.426645364626489e-05 -3.219296025387750e-06
-3.248398975361723e-05 -2.993944683900961e-06 -2.222700324851527e-05 -8.576412897709391e-07
-4.070555984459810e-05 -7.392475071179481e-06 -2.879367675180771e-05 -5.773026241613917e-06
-3.864223533689498e-05 -5.178865926665621e-06 -2.672039819289621e-05 -4.144398766074253e-06
-3.658969579165859e-05 -2.983518229260892e-06 -2.527553655083359e-05 -1.510879412344339e-06
-4.482601995953981e-05 -7.383569105060346e-06 -3.087033406465518e-05 -3.777849552956859e-06
-4.276805349427759e-05 -5.181338185240827e-06 -3.078832308057382e-05 -3.607883822189698e-06
-4.070490815953454e-05 -2.969480423045061e-06 -2.907491218176733e-05 -1.670147971856741e-06
-4.893846318012313e-05 -7.379192041556056e-06 -3.561270525593711e-05 -7.169565318093959e-06
-4.688400829805994e-05 -5.181298819474646e-06 -3.235872568783479e-05 -3.355889355679241e-06
-4.482578280167892e-05 -2.979466089164772e-06 -3.119263174419712e-05 -3.011658190391110e-06
-5.773004540878251e-05 -7.145137842691581e-06 -4.218792010083125e-05 -6.370397476875757e-06
-5.714574710434906e-05 -7.386521782643054e-06 -4.145109435599383e-05 -6.454422787674116e-06
-5.077422584981803e-05 -5.178528753263833e-06 -3.710781950545906e-05 -3.862137162394204e-06
-5.303217499874505e-05 -7.377012534624479e-06 -3.585615196300962e-05 -3.875793584681600e-06
-4.893965845085050e-05 -2.980565549928718e-06 -3.561955434528359e-05 -1.992433248902264e-07
-5.797224585113171e-05 -6.561861453072022e-06 -4.251695197514461e-05 -5.963462272281074e-06
-5.658852999500986e-05 -5.184754853125601e-06 -3.995812522289787e-05 -4.456109894955871e-06
-5.302997429185090e-05 -2.981575050037513e-06 -3.557537560368335e-05 -4.469515982330517e-06
-5.797478172329839e-05 -3.807333419670927e-06 -4.224001980310028e-05 -3.101732494980423e-06
-5.714697130334797e-05 -2.980371896041197e-06 -4.112648048372632e-05 -2.594275651826558e-06
-5.773233361658155e-05 -3.222492466404539e-06 -4.188607012480271e-05 -2.687789320558591e-06
