-8.416029718690142e-05 1.264471272108588e-05 4.518272287345239e-05 -5.823088037991936e-06
-8.448664799100748e-05 1.185691604956990e-05 4.540816181612283e-05 -5.282635731921783e-06
-8.448663636116402e-05 8.142941370293528e-06 4.541234836016089e-05 -2.737402466078135e-06
-8.416028012420794e-05 7.355117663468026e-06 4.518801596668744e-05 -2.200369064025322e-06
-8.337243660248602e-05 1.297101441628766e-05 4.463935149410382e-05 -6.046416065062535e-06
-8.189451819068768e-05 9.999900228424669e-06 4.362442540652008e-05 -4.016209485335458e-06
-8.337240337232602e-05 7.028800640839659e-06 4.464735134821414e-05 -1.978927896092290e-06
-7.782482530394867e-05 1.296990340258320e-05 4.084008309938110e-05 -6.049192918400505e-06
-7.782469771736845e-05 7.029468174943919e-06 4.084799999953871e-05 -2.032653284726387e-06
-7.476286779619637e-05 9.999490812239298e-06 3.875296570937812e-05 -4.046357589906597e-06
-7.228047718283345e-05 1.296555930249613e-05 3.702230365006828e-05 -6.009695761651756e-06
-7.228041026804938e-05 7.033123659898121e-06 3.706300934423151e-05 -2.068711920272905e-06
-6.951118345735832e-05 9.999331557398185e-06 3.518459951818136e-05 -4.035990724397179e-06
-6.674724555072030e-05 1.295638194520539e-05 3.371364264408516e-05 -5.865892230057598e-06
-6.674678987885599e-05 7.041786805143956e-06 3.334829651049958e-05 -2.132421995476009e-06
-6.398647491540403e-05 9.999102861242824e-06 3.160420669129244e-05 -4.006990004044122e-06
-6.123581694215384e-05 1.293995192239386e-05 3.071016496106818e-05 -5.688407381695815e-06
-6.123497892694984e-05 7.057822316833789e-06 2.996178536961050e-05 -2.296007360858726e-06
-5.849085940042938e-05 9.998792549522218e-06 2.843199934765882e-05 -3.998929089757343e-06
-5.576194566956883e-05 1.291438985869187e-05 2.769241710987139e-05 -5.593853548449082e-06
-5.576105029141118e-05 7.082892513884636e-06 2.694032518893908e-05 -2.409791722339370e-06
-5.304159277891726e-05 9.998317372409310e-06 2.552460401732635e-05 -3.979512169046190e-06
-5.034328029915458e-05 1.287899985118637e-05 2.447095416110859e-05 -5.520957967618139e-06
-5.034267721608503e-05 7.117276556639150e-06 2.409501198935571e-05 -2.424185388729582e-06
-4.765667309578661e-05 9.997662249851077e-06 2.270769204149963e-05 -3.918275848878121e-06
-4.499886870948709e-05 1.283276266529948e-05 2.126706217496930e-05 -5.414593842721315e-06
-4.499862736715267e-05 7.162015915872072e-06 2.129024510021068e-05 -2.368387625001641e-06
-4.235655361434648e-05 9.996958195543427e-06 1.990166980010793e-05 -3.859487382313514e-06
-3.975039347976544e-05 1.277500534654293e-05 1.855301621369565e-05 -5.289665750197684e-06
-3.975009228365599e-05 7.218033260804711e-06 1.854478008897651e-05 -2.391761585919972e-06
-3.716323588246957e-05 9.996083450689717e-06 1.721919605066937e-05 -3.838102657333059e-06
-3.461900354399128e-05 1.270660163214541e-05 1.595635813878844e-05 -5.196370928744692e-06
-3.461881180585608e-05 7.284910349565032e-06 1.595652383439780e-05 -2.476272518450948e-06
-3.209687467555589e-05 9.995408342142557e-06 1.471352950474586e-05 -3.830047050678542e-06
-2.962286567757944e-05 1.262901685701551e-05 1.348286309510488e-05 -5.151843417308906e-06
-2.962250315948766e-05 7.361568925218271e-06 1.346890979452332e-05 -2.473723731105837e-06
-2.727120945606355e-05 9.994348922678343e-06 1.228131730053853e-05 -3.792638117257900e-06
-2.496984800352004e-05 1.254484892007167e-05 1.108899566234643e-05 -5.112231868631176e-06
-2.496910103235716e-05 7.447548523236468e-06 1.107139210334223e-05 -2.425289851753656e-06
-2.325783981656690e-05 1.018886788654838e-05 1.017741913149872e-05 -3.855284443921458e-06
-2.155710037460329e-05 1.246986196254415e-05 9.253011675843266e-06 -5.083355239738274e-06
-2.155483278636902e-05 7.523736144878961e-06 9.239529799092576e-06 -2.385593014275887e-06
-1.914343185606152e-05 1.240658316917845e-05 7.908309387285891e-06 -5.054640762625531e-06
-1.959561105026121e-05 1.082433537015808e-05 8.164524321459254e-06 -4.174467126729977e-06
-1.914031766785265e-05 7.570987865160670e-06 7.890673098917392e-06 -2.368272469615168e-06
-1.742371350812237e-05 7.620544981923247e-06 6.910007637823050e-06 -2.377060715249253e-06
2.731717813478732e-06 8.837535082439595e-07 -8.132333738283842e-07 2.316718321092652e-07
2.787261507185425e-06 7.499965657799187e-07 -8.261058200395294e-07 2.627934496813791e-07
2.786895013166332e-06 2.522904769261478e-07 -8.255375280114469e-07 3.799753078083770e-07
2.731654547311529e-06 1.206568998197734e-07 -8.124339724527339e-07 4.112596614019954e-07
-1.741897520953607e-05 1.236292443887015e-05 6.923305577693803e-06 -5.021624512233211e-06
-1.589163609834688e-05 1.223659636154400e-05 6.051151191299399e-06 -4.935834083071328e-06
-1.706014806178778e-05 9.401948676195755e-06 6.707306792972554e-06 -3.364968209284858e-06
-1.587877687664188e-05 7.538204346096260e-06 6.026357371766645e-06 -2.332023162252947e-06
2.598558977673216e-06 9.391858763520501e-07 -7.824886826828980e-07 2.188733745421820e-07
2.464396337060636e-06 3.936049802188997e-07 -7.512309278307993e-07 3.481878489369014e-07
2.599867557711909e-06 6.592701626394310e-08 -7.813454814303561e-07 4.252160542072475e-07
-1.539612386383329e-05 1.078317803931234e-05 5.762898883449605e-06 -4.116198213400149e-06
-1.440652871801944e-05 1.193097425231833e-05 5.222869660535407e-06 -4.736502085678562e-06
-1.299317001178142e-05 1.147728638432835e-05 4.454746590631521e-06 -4.458693466667860e-06
-1.493823138922458e-05 8.813199734144383e-06 5.495074644500284e-06 -3.033839684516578e-06
-1.442241920771669e-05 7.209149443541579e-06 5.206422134651925e-06 -2.179774618263736e-06
1.696186295541953e-06 9.544354351984056e-07 -5.726668017251916e-07 2.211323247141886e-07
1.696023932659242e-06 5.245855801094679e-08 -5.665112119249188e-07 4.482575238378218e-07
1.229424180013772e-06 5.041672047955637e-07 -4.473797918213233e-07 3.462659661337451e-07
-1.167005286782603e-05 1.086329082265296e-05 3.773833748407944e-06 -4.089618380174618e-06
-1.279740785018019e-05 9.998408173502806e-06 4.337620261402793e-06 -3.649558377310074e-06
-1.328296078042098e-05 8.164450042378875e-06 4.592089256629528e-06 -2.689546308434372e-06
-1.308392251737306e-05 6.653306690702230e-06 4.481339147997636e-06 -1.932921604641477e-06
7.252549698224257e-07 1.035347948124990e-06 -3.119222691613960e-07 2.127872349357224e-07
7.258458437773732e-07 -2.520959266053564e-08 -3.030480224700801e-07 5.081987266815255e-07
1.553856601128076e-07 5.059216183489695e-07 -1.421323882295890e-07 3.755256308950490e-07
-1.044046229582185e-05 1.012399965603206e-05 3.163377206466943e-06 -3.676906000976165e-06
-9.332817570619594e-06 9.270362569872310e-06 2.650072653771329e-06 -3.230228466267905e-06
-1.159815062175126e-05 7.883381378814170e-06 3.727243727241328e-06 -2.548609698387107e-06
-1.189792748917882e-05 5.888065209113607e-06 3.869203258441821e-06 -1.590281236715721e-06
-4.959639096223482e-07 1.209605395690598e-06 3.959998497853705e-08 1.985338417844870e-07
-4.955957663370182e-07 -1.962616850866376e-07 4.798399302422362e-08 5.815379325474527e-07
-9.614883949911187e-06 7.971681610545658e-06 2.784682621584701e-06 -2.585284565434762e-06
-8.353442382355098e-06 8.303898500929384e-06 2.219884391775162e-06 -2.738203078971347e-06
-1.008245652195162e-05 6.526059849230715e-06 3.000025425486093e-06 -1.901890701803889e-06
-1.089267374205040e-05 4.962445898472873e-06 3.369055356871100e-06 -1.187203604235372e-06
-1.209503824976076e-06 5.074915296958648e-07 2.344382748136217e-07 4.020426552188740e-07
-2.055011437574101e-06 1.460989525789966e-06 4.476258310122351e-07 1.664313118569012e-07
-2.053358224901116e-06 -4.468501121067427e-07 4.518539438013145e-07 6.561002844981010e-07
-7.494788752261416e-06 7.254477796121602e-06 1.853630845784302e-06 -2.229668399040052e-06
-6.787681700111683e-06 6.152653495804746e-06 1.577099664050680e-06 -1.723596859630331e-06
-6.226621361256193e-06 4.987563555046074e-06 1.387457309868850e-06 -1.203485776065029e-06
-9.134996329592053e-06 5.238768923820247e-06 2.574497455715586e-06 -1.313589298626574e-06
-1.008850886728362e-05 3.917619426986252e-06 2.972519341589087e-06 -7.479907084895161e-07
-2.733151116707431e-06 5.111525051880459e-07 6.174361197617236e-07 4.146724953989493e-07
-3.562775417083346e-06 1.708039840054986e-06 8.192226537818044e-07 1.092555424447813e-07
-3.562833955218895e-06 -7.032981811690096e-07 8.221617198644755e-07 7.326515999478758e-07
-7.414448450521488e-06 4.985069860086661e-06 1.852941909141843e-06 -1.196526753710581e-06
-5.800852265400032e-06 3.788410398639024e-06 1.260738019438351e-06 -6.890285575465574e-07
-4.927727630252072e-06 1.917050124185602e-06 1.137371618998995e-06 3.674963276107561e-08
-5.324644005372938e-06 2.127771357433527e-06 1.217281190808721e-06 -3.925373525626422e-08
-5.536184472239797e-06 2.558820407949165e-06 1.242438731321143e-06 -1.989818707481337e-07
-8.475521646605497e-06 3.765216999503884e-06 2.278408721673674e-06 -6.781274094336449e-07
-9.491807274673910e-06 2.799061873139451e-06 2.659311277565874e-06 -3.048831098892503e-07
-4.307969599744154e-06 6.871722807700317e-07 9.997799734919326e-07 3.705366424199569e-07
-4.932559885355451e-06 -8.886340342155065e-07 1.190071227104812e-06 8.004808447720637e-07
-6.623890794009982e-06 2.940078430586148e-06 1.587091956654631e-06 -3.366817790129020e-07
-5.351829643893606e-06 1.282883692105341e-06 1.248619714516091e-06 2.131660538461136e-07
-5.821915276232369e-06 1.977854497005739e-06 1.353680062490643e-06 3.272885628875084e-09
-8.003059640231575e-06 2.452630879273014e-06 2.078217904697330e-06 -1.631667970931245e-07
-9.121583051750758e-06 1.653301303713269e-06 2.429696805467013e-06 1.018287500342075e-07
-5.379401428274485e-06 -7.951371461861760e-08 1.297176779429726e-06 5.932606712697423e-07
-5.322574778596327e-06 -1.092863828818300e-06 1.314834406264111e-06 8.585011228962409e-07
-6.873339067893806e-06 9.997003096986449e-07 1.687638916449638e-06 3.297430999021461e-07
-8.995576450456472e-06 5.046475655884587e-07 2.312056875547551e-06 4.593459108974665e-07
-9.114853026598548e-06 -6.294971563490916e-07 2.229030899348593e-06 7.491133048367019e-07
-6.185052339064219e-06 -8.183150759035421e-07 1.536280980549127e-06 8.053318065894442e-07
-5.548766949186814e-06 -1.532804870758180e-06 1.396872379054469e-06 9.591226010884084e-07
-5.825291073464369e-06 -2.750274157419097e-06 1.503003390611044e-06 1.194631967730335e-06
-7.976868946643370e-06 -7.715984066797449e-07 1.968649896829316e-06 8.163597428651351e-07
-6.243590786891055e-06 -3.937740661009385e-06 1.628487929511518e-06 1.372139953478861e-06
-9.473956435105464e-06 -1.777458649159510e-06 2.207655053472681e-06 1.008815680911411e-06
-6.919025913582419e-06 -2.790324926263469e-06 1.732266049129705e-06 1.215506459317209e-06
-8.540041758808809e-06 -2.884089907076879e-06 2.016341144525286e-06 1.213724104482214e-06
-6.809298697383258e-06 -5.074827131425694e-06 1.732109194260137e-06 1.516243811205092e-06
-1.005286612285436e-05 -2.887060439035091e-06 2.222942887135312e-06 1.197817581669039e-06
-9.576247336851959e-06 -3.988405998662182e-06 2.130465607356396e-06 1.354787343734122e-06
-8.444969645176348e-06 -4.680180002851142e-06 1.971984133145238e-06 1.459020695160868e-06
-7.508906510360433e-06 -6.165834174447404e-06 1.839913612452691e-06 1.638190517813238e-06
-8.353798080823105e-06 -7.188324882830938e-06 1.933877350635411e-06 1.739769860504253e-06
-1.084627687383482e-05 -3.916458113092729e-06 2.271881296786072e-06 1.332885047412472e-06
-1.027598809960655e-05 -5.234586247899000e-06 2.185685685063130e-06 1.493079978032307e-06
-9.603899689902037e-06 -6.784785701979211e-06 2.082826278651183e-06 1.683752241943629e-06
-9.316958070526190e-06 -8.126381628095497e-06 2.041413759368321e-06 1.854739916424072e-06
-1.182648725482110e-05 -4.825950677333200e-06 2.368623222927230e-06 1.423511595505337e-06
-1.153103743251830e-05 -6.778468181522553e-06 2.312927208041496e-06 1.662458726141515e-06
-1.040248953081719e-05 -8.952065313231481e-06 2.157200700878902e-06 1.962489146214905e-06
-1.159978096438143e-05 -9.661822382235479e-06 2.312741982069661e-06 2.075598417336026e-06
-1.288274563916086e-05 -1.024472715997516e-05 2.499902656590119e-06 2.192704634725475e-06
-1.298592194199782e-05 -7.200357551456333e-06 2.514391704476504e-06 1.708954959771964e-06
-1.297466887398701e-05 -5.580590470291315e-06 2.516816928210847e-06 1.489498711881230e-06
-1.269637436969173e-05 -8.822969384648102e-06 2.462250644447268e-06 1.952929983242417e-06
-1.424548095710334e-05 -1.067342635352692e-05 2.729919167226836e-06 2.281658094099661e-06
-1.566744098409187e-05 -1.095065575395496e-05 2.987240514963471e-06 2.344079821399858e-06
-1.415589373150343e-05 -7.563323371337693e-06 2.704519676569118e-06 1.755313017424578e-06
-1.426634334290630e-05 -6.135190971118795e-06 2.725204498713427e-06 1.532653726483844e-06
-1.712152977383301e-05 -1.106245385997848e-05 3.268647901321041e-06 2.367823399642247e-06
-1.549159052729208e-05 -8.902205121225556e-06 2.945757307171857e-06 1.979494664740682e-06
-1.566003122938093e-05 -6.466137456385054e-06 2.979435696591878e-06 1.554355764785184e-06
-1.744017571818651e-05 -9.125780610537325e-06 3.333774526849455e-06 2.019433159157240e-06
-1.875146954367520e-05 -1.109685591698749e-05 3.586853064251256e-06 2.357861000323957e-06
-1.711172215492067e-05 -6.566369910490437e-06 3.263897189600115e-06 1.558674162841323e-06
-2.102212426602091e-05 -1.113214472664062e-05 4.008962340416186e-06 2.325362853791040e-06
-1.921556977503958e-05 -8.017602982618443e-06 3.688082310662990e-06 1.823352087832287e-06
-1.874885109294204e-05 -6.534321082047762e-06 3.592145365731151e-06 1.554984059526575e-06
-2.421156433684856e-05 -1.118715742256349e-05 4.476320355739811e-06 2.231215780466968e-06
-2.261780866391462e-05 -8.633006214504102e-06 4.277912014383770e-06 1.925894668255383e-06
-2.102230380970933e-05 -6.491883888894774e-06 4.009632733921334e-06 1.585806740154204e-06
-2.852170194207764e-05 -1.124852847649888e-05 4.858557301736701e-06 2.103180895165079e-06
-2.634950219334893e-05 -8.817669860104938e-06 4.707107756938290e-06 1.943262609901678e-06
-2.421116299768759e-05 -6.442613176498066e-06 4.479169713398282e-06 1.668696803498291e-06
-3.311208551795352e-05 -1.130284111568224e-05 5.064046902232567e-06 2.009377214048030e-06
-3.080054338075048e-05 -8.819819441171730e-06 4.987478207310915e-06 1.930290851943390e-06
-2.852100805663050e-05 -6.388325516718634e-06 4.862634319351674e-06 1.772159289143931e-06
-3.779254416730386e-05 -1.135048744722552e-05 5.179537553020438e-06 1.946713742234901e-06
-3.543765983457928e-05 -8.822259369783297e-06 5.134388125443687e-06 1.910773913980965e-06
-3.311128881990331e-05 -6.339221867015997e-06 5.070301009264562e-06 1.832776764704989e-06
-4.255166540318870e-05 -1.139072532723307e-05 5.243154561152982e-06 1.870716351631236e-06
-4.015969102276699e-05 -8.824540817420068e-06 5.228119655051448e-06 1.884791404652331e-06
-3.779180831516713e-05 -6.296343057404149e-06 5.187933129280206e-06 1.849878144594365e-06
-4.737464574314539e-05 -1.142201056951068e-05 5.189413442186617e-06 1.749860040692577e-06
-4.495355489969945e-05 -8.826592422501797e-06 5.250073511133341e-06 1.853145072246678e-06
-4.255100359943274e-05 -6.260449558193453e-06 5.253437337923401e-06 1.868013211740931e-06
-5.224359570401130e-05 -1.144333471344412e-05 4.926319448111187e-06 1.598705612361986e-06
-4.980272555596490e-05 -8.828370498998844e-06 5.103359541176662e-06 1.817762038057525e-06
-4.737407295559696e-05 -6.232999579176258e-06 5.200940992264744e-06 1.921451824470781e-06
-5.713979915203332e-05 -1.145522677592452e-05 4.434616865383876e-06 1.463950930435833e-06
-5.468835236835468e-05 -8.829850670831287e-06 4.720164578712584e-06 1.781337102695299e-06
-5.224311961580415e-05 -6.214936284205369e-06 4.938201036125458e-06 2.000318274433490e-06
-6.204735555663384e-05 -1.145991299248855e-05 3.793698781024117e-06 1.383485974060301e-06
-5.959252000257162e-05 -8.831025198444208e-06 4.134404651174909e-06 1.746909204424484e-06
-5.713942203055110e-05 -6.205699014706406e-06 4.445852823516085e-06 2.063718279705462e-06
-6.695612657962669e-05 -1.146052298988721e-05 3.120617559065215e-06 1.358720637703677e-06
-6.450187629397210e-05 -8.831899161831653e-06 3.458795572726729e-06 1.717458230932727e-06
-6.204707554613892e-05 -6.203059885956322e-06 3.803308065939505e-06 2.079838021717887e-06
-7.746276536622873e-05 -1.117112591132494e-05 1.814489555523482e-06 1.397803777824623e-06
-7.676624498575864e-05 -1.145964556298492e-05 1.898420079729166e-06 1.362844327333097e-06
-6.915410796337713e-05 -8.832462026503500e-06 2.832825301225345e-06 1.696451983154806e-06
-7.186224525367353e-05 -1.145986611915885e-05 2.488698731261729e-06 1.361813820125611e-06
-6.695593823461458e-05 -6.203908732979837e-06 3.127797414938425e-06 2.052845565993127e-06
-7.775127191664264e-05 -1.047458750018898e-05 1.779755406872506e-06 1.482059399765705e-06
-7.610319909565258e-05 -8.832847438299399e-06 1.977635436716383e-06 1.681044678395422e-06
-7.186215600550445e-05 -6.205463694181539e-06 2.492347142996258e-06 2.015061874721152e-06
-7.775126779535025e-05 -7.191118681304868e-06 1.779937222279845e-06 1.879546485854674e-06
-7.676621401958563e-05 -6.206021881804694e-06 1.899696058528990e-06 2.000340103455827e-06
-7.746275373340025e-05 -6.494554803892585e-06 1.814978551851973e-06 1.964839724820008e-06
