-1.342018682000811e-04 1.809574722989812e-05 -1.563594082659784e-05 -4.044535005565290e-07
-1.347371933643863e-04 1.680364497772204e-05 -1.549911066786478e-05 1.256779983184618e-07
-1.347378302708373e-04 1.071233289584551e-05 -1.526992971452780e-05 3.785551343936476e-06
-1.342025419291060e-04 9.420137198207932e-06 -1.537640418250888e-05 4.235447338696699e-06
-1.329095735836411e-04 1.863092268045187e-05 -1.602630938990011e-05 -6.168869969221523e-07
-1.304860631480467e-04 1.375823995904365e-05 -1.617919148287045e-05 1.737428378945683e-06
-1.329102382171563e-04 8.884926069288484e-06 -1.570757384425510e-05 4.395554742522479e-06
-1.238126643040170e-04 1.862898119058714e-05 -1.474844132651856e-05 5.331203334299530e-07
-1.238127867274285e-04 8.887416105090706e-06 -1.430637425088870e-05 1.462915912142048e-06
-1.187970164204423e-04 1.375785975660206e-05 -1.505117690593401e-05 5.786374541188471e-07
-1.147287008234652e-04 1.862239027518126e-05 -1.266388263681063e-05 3.740916265440019e-06
-1.147278791174945e-04 8.891763969017868e-06 -1.298953936156682e-05 -2.377945711009802e-06
-1.101850281853422e-04 1.375633219047892e-05 -1.009463337659509e-05 6.702179883790033e-07
-1.056468823603932e-04 1.861068867156512e-05 -1.039469127213122e-05 9.648718174702397e-07
-1.056461943506700e-04 8.900944584900431e-06 -1.099292448779787e-05 8.343540802090715e-07
-1.011146393255995e-04 1.375589633353197e-05 -1.292593957558821e-05 1.499386627449980e-06
-9.660064049140928e-05 1.858282023797923e-05 -1.171352351467566e-05 4.071522317100358e-06
-9.659931574127368e-05 8.928481804382977e-06 -1.263215657832608e-05 -1.751070186430035e-07
-9.209350341605731e-05 1.375592741102645e-05 -1.038072199811593e-05 2.053135668120122e-06
-8.760793853166161e-05 1.854428796235207e-05 -9.050331686712638e-06 1.013357751540445e-06
-8.760672781272724e-05 8.965999496404031e-06 -8.741055968950830e-06 1.091308738748037e-06
-8.313685607338437e-05 1.375418206935299e-05 -8.703998657797457e-06 2.189457204432287e-07
-7.870962474381965e-05 1.847828410182491e-05 -7.381127091715285e-06 6.087861883329759e-07
-7.870810034438100e-05 9.027220909048621e-06 -8.248421829696568e-06 4.122635359602423e-07
-7.430398794732621e-05 1.375231879016629e-05 -7.010687156914594e-06 1.012959964723382e-06
-6.994177874012981e-05 1.840607983381138e-05 -6.726766577829528e-06 1.500699621314093e-06
-6.994346030393920e-05 9.101416656777309e-06 -6.459234756354948e-06 1.161635137306136e-06
-6.560392151672930e-05 1.375504344372501e-05 -6.731922879725391e-06 1.408016033293529e-06
-6.132687078651072e-05 1.831376336374226e-05 -4.941956611974246e-06 4.309918410744996e-06
-6.132302626811400e-05 9.194282013186609e-06 -5.208738920747277e-06 -1.544189700502899e-06
-5.707950977924165e-05 1.375169865024432e-05 -3.314352595170566e-06 7.911013519932288e-07
-5.290182975581163e-05 1.819792598284842e-05 -4.420885309908658e-06 -4.351338321494327e-07
-5.290724790677515e-05 9.309326231718343e-06 -4.765805079354721e-06 1.891490745412651e-06
-4.876591633534721e-05 1.375667601810782e-05 -5.872552058651668e-06 1.203648348919521e-06
-4.471496183222300e-05 1.805804721460222e-05 -4.505165664764432e-06 3.099827378580436e-06
-4.471594136607168e-05 9.460534288464683e-06 -3.361516004595383e-06 -1.078210270553668e-07
-4.087079011900738e-05 1.375948639580614e-05 -1.841111437266724e-06 9.042680489989994e-08
-3.712500197902948e-05 1.789718005002570e-05 -1.063723385381997e-06 2.235060455087369e-06
-3.712019608729488e-05 9.625978316060485e-06 -2.631529915786661e-06 7.360305651682074e-07
-3.434367911093639e-05 1.406829950830948e-05 -1.554591006282062e-06 1.297703540644994e-06
-3.160788105752540e-05 1.773768925444967e-05 -2.221935004972329e-06 -3.837140175769415e-07
-3.160196719451659e-05 9.788830209705924e-06 -9.570463977632891e-07 2.003703797723218e-06
-2.773919646644858e-05 1.760183833742541e-05 -4.141489597521709e-07 6.379627744979441e-07
-2.845272924005669e-05 1.508289663361013e-05 -1.313486217212057e-06 -2.589296717407652e-07
-2.773160641845768e-05 9.884728761549956e-06 -5.043731791878091e-06 7.936799404067258e-07
-2.499918909204231e-05 9.993721798263524e-06 -5.443137038651189e-06 2.979184838191764e-06
3.672452103146715e-06 5.140045453712330e-07 -3.354991977553737e-05 1.846520293955174e-05
3.724483901922169e-06 3.511983807995231e-07 -2.184887768629618e-05 7.905661164672178e-05
3.713265124083608e-06 -2.931980949838573e-07 -1.650711123395337e-05 -2.900398251391568e-05
3.660238839654298e-06 -4.297021620766239e-07 -2.728017620276881e-05 -2.508015609652676e-05
-2.499005755297999e-05 1.750530527949993e-05 -9.380157183864273e-07 1.511307211397134e-06
-2.258187685370341e-05 1.728249519836738e-05 -4.746365845150563e-07 2.848672355281817e-06
-2.440916544746288e-05 1.281589276499604e-05 -3.317420131036393e-06 1.343834146830526e-06
-2.255405628231705e-05 9.902481864576909e-06 -1.047906850531207e-06 3.349486294547414e-06
3.530378030612288e-06 5.839319455329165e-07 3.053228956752614e-05 -4.114766672072177e-05
3.112069402759038e-06 1.598075104113377e-08 8.572031818623691e-06 2.375609296745232e-06
3.531274593062661e-06 -4.933548194246871e-07 -2.254228213036972e-05 -2.518787893502661e-05
-2.179367210241174e-05 1.498490586798740e-05 -1.305846494814585e-06 1.617688050995797e-06
-2.025611997585305e-05 1.677287740508864e-05 -3.207101417029703e-06 2.847084128674327e-06
-1.807051876569395e-05 1.604484561109145e-05 -3.640446194404679e-06 8.424030566993926e-07
-2.107713569368001e-05 1.190709210885432e-05 -2.980250292584137e-07 1.327133354460147e-06
-2.027832390701326e-05 9.430227770412050e-06 -1.345397737699062e-07 -2.585593083508326e-06
2.312867125549618e-06 6.500620691362312e-07 -6.571994126876747e-06 7.569510879898721e-06
2.287137005170092e-06 -5.547535113988494e-07 4.366155514894040e-06 9.350396594591096e-06
1.675428030041408e-06 -1.917600312037092e-08 -4.604979855188202e-06 -3.291212088424841e-06
-1.604682402736203e-05 1.506633106783520e-05 -9.403539021730580e-09 -2.676796154901529e-07
-1.776148086925924e-05 1.374247211485684e-05 -2.038036251473237e-06 -1.071700520259018e-06
-1.851216288099614e-05 1.091171459422269e-05 -7.680982836713861e-07 -6.927981522444059e-07
-1.820005182542124e-05 8.610517701046449e-06 -2.369944571708606e-06 -2.930784397401454e-06
1.013608439357863e-06 7.223237763088268e-07 -5.946306096843265e-07 2.648308928022661e-06
1.040385342570914e-06 -6.508061002575024e-07 1.565564992146778e-07 -1.036081228097185e-05
2.633050213706798e-07 -2.258602373442839e-08 4.962034101656274e-06 8.612731477255513e-06
-1.417965331351553e-05 1.390645963176291e-05 2.104218826480890e-06 1.678519188004007e-06
-1.253093497948410e-05 1.258362185878411e-05 3.956148830934589e-07 -3.212051084535016e-07
-1.592473902726838e-05 1.048383113177725e-05 2.201922437641332e-07 3.290810247866817e-06
-1.637239547701456e-05 7.487204675688631e-06 -1.291995840943814e-06 1.320347794658856e-06
-5.724673579380197e-07 9.626139845222543e-07 -2.793431138946687e-06 -5.320486395046565e-06
-5.914331417031658e-07 -9.047437222860027e-07 7.759051516069822e-07 -3.118539024786447e-06
-1.295023148213940e-05 1.060849253521138e-05 5.119266369978553e-07 2.847874489375617e-07
-1.109644217833127e-05 1.109798026942573e-05 9.982791334240741e-07 -1.904164870999435e-06
-1.363729821937486e-05 8.451323887879394e-06 -1.845976674776549e-06 1.459289717444216e-06
-1.482932827886493e-05 6.144721691511903e-06 4.321285457141255e-06 -1.172908540403033e-06
-1.542931663870783e-06 -9.741218533724800e-09 1.070214662780753e-06 -2.535087912327807e-06
-2.651370469948607e-06 1.281778366402421e-06 -4.822174140740524e-06 6.626434332016126e-06
-2.643914211566902e-06 -1.258121412951499e-06 -2.519434222349680e-06 5.767863222297812e-06
-9.850227144243692e-06 9.513956244134889e-06 1.062770454792712e-06 1.081423650000269e-06
-8.860494075248635e-06 7.898182731280453e-06 -1.577485517651372e-06 6.467693229471900e-07
-8.104537888573826e-06 6.205762118778872e-06 -4.910502504264471e-06 -1.287464095147707e-06
-1.224816150373798e-05 6.558801441595311e-06 -5.149618803768285e-06 3.784982516184034e-08
-1.361410030328668e-05 4.663880427290878e-06 7.207531531812743e-07 3.388617167026418e-06
-3.537611950005226e-06 2.486227564394641e-08 2.074467949265610e-06 -1.846558347763282e-06
-4.653515305550973e-06 1.608066698246723e-06 4.113258273730733e-06 -6.024626972141623e-06
-4.658430690454250e-06 -1.616335172968056e-06 -3.697968150341251e-06 3.542316277442894e-06
-9.770984481688883e-06 6.194694623229907e-06 -1.889081181191056e-07 6.699698172451105e-07
-7.544453259411282e-06 4.492393582421327e-06 -5.451754069752082e-06 -4.263749195212668e-06
-6.446275678694095e-06 1.899909609260710e-06 1.356560185503261e-06 -7.254460159131221e-06
-6.978934212578257e-06 2.198958216167581e-06 -2.431623389555079e-06 -5.455919419441828e-06
-7.250267423583338e-06 2.794574258655664e-06 -4.293109508880110e-06 -2.736588806758120e-06
-1.129205390201475e-05 4.447840983667800e-06 -1.542523151024670e-06 9.902969492855305e-07
-1.270438038543164e-05 3.105624925681183e-06 5.721767236970840e-07 -2.775092867023801e-06
-5.635936541759727e-06 2.615673464550381e-07 -5.638318010107739e-07 9.177861365255778e-06
-6.492906291710084e-06 -1.858943371325717e-06 5.971829833920624e-08 -8.408946924591491e-06
-8.694719102636939e-06 3.298226580739439e-06 3.561323711175323e-06 1.331743602346293e-06
-7.019793155989100e-06 1.045833409936787e-06 -2.219359510378080e-06 -1.531435762846857e-07
-7.647595062129200e-06 1.996775868187005e-06 -1.578529773832762e-06 -1.942912890316117e-06
-1.061474135540201e-05 2.613627859961042e-06 -2.469499459965567e-06 9.454229644946673e-07
-1.212552525549267e-05 1.545801379307651e-06 1.033837373557133e-07 2.893839399257258e-06
-7.080394475561410e-06 -7.798291318283612e-07 -5.333930153335605e-06 2.048997312932445e-06
-7.026740392028656e-06 -2.119066480616373e-06 8.274953821141775e-06 -9.698763134860693e-06
-9.070091345471249e-06 6.394293518432426e-07 -1.812105919878114e-06 1.176364516447184e-06
-1.192534323284904e-05 2.130080998717490e-09 4.013585132253446e-06 -1.563627347570941e-06
-1.203084684561272e-05 -1.501050708136534e-06 -4.280160839073812e-06 -6.173494715336886e-07
-8.162288284587384e-06 -1.758365649381223e-06 -4.703980795579825e-06 2.946378821739578e-07
-7.344847219435169e-06 -2.685134510071560e-06 1.486383669944139e-05 -8.766553241771824e-06
-7.746866360646592e-06 -4.260584616101051e-06 1.047095692870573e-05 -1.571345424356810e-06
-1.053463148133331e-05 -1.708575113757569e-06 2.772866221928952e-06 1.933079567976235e-06
-8.313824564381624e-06 -5.760215899293918e-06 -5.143309359491988e-08 -1.148330151835905e-06
-1.244543137467020e-05 -3.006549315007132e-06 -1.283210435626513e-05 3.055521749374385e-06
-9.156731415718647e-06 -4.327578778709537e-06 -9.000292738034410e-06 2.869924168521197e-06
-1.123629951460301e-05 -4.440625089212500e-06 7.238552031438214e-06 -4.895032678887362e-06
-9.040047923089548e-06 -7.176819356440420e-06 -6.765317945974569e-07 -2.190141637760661e-06
-1.313849075817669e-05 -4.432252478209410e-06 -6.529555524741077e-06 3.940328261829398e-06
-1.253256772966654e-05 -5.832604071325778e-06 6.351069045027182e-06 -4.644240366075078e-06
-1.112928842808705e-05 -6.695879596489603e-06 7.632743181562410e-07 2.956278118653469e-06
-9.966602045144401e-06 -8.524276718595185e-06 5.087198867418840e-06 -1.097593448408926e-05
-1.101680622703609e-05 -9.751627255683577e-06 4.090107917105685e-07 9.797739885963021e-07
-1.408990987750844e-05 -5.747758174141979e-06 -6.931026895605125e-06 -1.433184339596185e-06
-1.338532554705635e-05 -7.370994898478103e-06 4.375199430701239e-07 -3.956158124506240e-07
-1.255528951914404e-05 -9.259761677991946e-06 -4.377390250197784e-06 3.844764083877480e-06
-1.220089627423377e-05 -1.087161049504577e-05 -4.069324287080631e-06 1.607783022982562e-06
-1.524947881444213e-05 -6.876030644719436e-06 -3.841994130511443e-06 -2.110940920677967e-06
-1.489242462217803e-05 -9.248946526353176e-06 -2.380670388324754e-07 -1.393549383020048e-06
-1.352662581980138e-05 -1.185101142443411e-05 1.388275944440734e-06 -2.916377313755730e-06
-1.497197930528405e-05 -1.267136318983396e-05 -1.090889356365844e-06 -6.583217602139714e-07
-1.650818086158778e-05 -1.333269353958854e-05 -3.912431700519070e-06 2.928515811007133e-06
-1.663348686059036e-05 -9.751420682675839e-06 -4.453275284645801e-07 -1.088104472119966e-06
-1.662052333223699e-05 -7.805512965063358e-06 1.025981427761945e-07 -3.681186888837154e-06
-1.629279483945105e-05 -1.167072042521051e-05 -3.248868398916528e-06 1.747826421820416e-07
-1.811559981663933e-05 -1.381525836874519e-05 6.910466590292143e-07 1.909732305716543e-06
-1.977413036196465e-05 -1.411053400014340e-05 3.583261914223112e-07 -1.794318722553250e-06
-1.801808425700824e-05 -1.018161956677021e-05 -1.607007265592206e-06 -6.377025557186470e-07
-1.814647878107129e-05 -8.490659173810704e-06 -4.267669225366078e-07 -8.582482504262635e-07
-2.145959447518257e-05 -1.421384738099407e-05 -3.826259373490160e-06 -1.212768344186625e-06
-1.958229458468432e-05 -1.174171856269278e-05 4.995454440627198e-07 2.411961877704017e-07
-1.977325320590284e-05 -8.909023013805927e-06 -2.468232773112524e-06 -1.607097560201455e-06
-2.182868384507392e-05 -1.199261146736380e-05 -1.010790966730844e-06 -4.131550995971587e-07
-2.332429341189427e-05 -1.422966590389600e-05 -2.921425859434026e-06 -6.107988427113994e-07
-2.145131889671111e-05 -9.043304290981208e-06 1.539540826627173e-06 -1.417755811654975e-06
-2.590192784713596e-05 -1.423817798922937e-05 -4.643767607395141e-07 -3.454860769897845e-06
-2.386970801757707e-05 -1.072652327975440e-05 -1.112266207690637e-06 -5.159105424271389e-07
-2.332942342282012e-05 -9.029720872615484e-06 -8.322522684184668e-07 -8.252384710779400e-08
-2.945058053874513e-05 -1.424155557328437e-05 -5.946525786748513e-07 7.511122603805422e-07
-2.769430882477605e-05 -1.142386818941407e-05 -1.673381278816587e-06 7.842218549827071e-07
-2.590470412980931e-05 -9.019690966733601e-06 -2.822754938147059e-06 9.088950749573414e-07
-3.413822749438573e-05 -1.423540710687202e-05 1.712533980189330e-06 7.953908441522123e-07
-3.179712549374637e-05 -1.162618150028323e-05 5.015462062010045e-07 -1.195362338993907e-07
-2.945387463886961e-05 -9.015226269955430e-06 -8.219024909327411e-09 3.991164233713421e-07
-3.901382500491088e-05 -1.422896663085260e-05 1.934278707818469e-06 -1.332927758236352e-06
-3.657670886571984e-05 -1.162221996273015e-05 1.926158917975656e-06 -8.686728693355538e-09
-3.413856350217167e-05 -9.013613057384211e-06 1.116002457507022e-06 -1.853695305311362e-06
-4.388295451161285e-05 -1.421727047869101e-05 2.289926376616112e-06 -9.471252348969416e-07
-4.145321838643703e-05 -1.161346492252188e-05 2.268293250700360e-06 -3.556005303558391e-07
-3.901774362046332e-05 -9.006747434208594e-06 1.640864756533273e-06 2.899754122673061e-07
-4.872223729198545e-05 -1.421329913562900e-05 5.204693506576786e-06 2.496694821993458e-06
-4.630369896605622e-05 -1.161629652880413e-05 3.050805510790532e-06 -3.763197595992312e-07
-4.388070894595121e-05 -9.010196975706759e-06 3.066244801843789e-06 5.251293852052717e-07
-5.357198046900836e-05 -1.420570642594464e-05 4.437461708506085e-06 -5.254117305896617e-07
-5.114717860463225e-05 -1.161794638750514e-05 5.806203873109258e-06 -5.411649262987503e-07
-4.872315747316852e-05 -9.023116666214434e-06 4.799857204856066e-06 -3.225816839954889e-06
-5.840133383606803e-05 -1.419561853489757e-05 5.552105374262340e-06 7.847274649677742e-07
-5.599154452909040e-05 -1.161587227569298e-05 3.893108562387965e-06 -9.416884339444693e-07
-5.357112924524873e-05 -9.029101676378166e-06 4.386796955874947e-06 -2.040375077789425e-06
-6.322563968747884e-05 -1.420253440219096e-05 8.872746772362205e-06 -1.107570970688756e-07
-6.081139060542685e-05 -1.161173495802729e-05 8.199262601618201e-06 -5.815778024235227e-07
-5.840483598144532e-05 -9.029505136854811e-06 6.063157836828065e-06 -2.323406350795445e-06
-6.805554255276545e-05 -1.420385740175718e-05 5.433566996913457e-06 -1.568743562783694e-06
-6.563976314035805e-05 -1.161750642643124e-05 6.825578877502205e-06 5.660595653386961e-07
-6.322199421828086e-05 -9.026998064491911e-06 7.608289578297295e-06 4.149954088989929e-07
-7.288510643156658e-05 -1.420192592416697e-05 7.780807556247733e-06 -2.835760616161349e-06
-7.047090118428255e-05 -1.161641118010804e-05 6.952658026445208e-06 -6.316508842732357e-07
-6.805609751898750e-05 -9.030836693522369e-06 6.403452758014311e-06 1.499873484227785e-06
-8.324822245097921e-05 -1.391767016359397e-05 6.456829083914355e-06 -1.302915513504990e-06
-8.256214393077645e-05 -1.420199162085261e-05 7.196933755008052e-06 -1.234738943880571e-06
-7.505137186100760e-05 -1.161280082865948e-05 7.448831980478413e-06 -7.148297004305262e-07
-7.772328291487034e-05 -1.420277309037645e-05 9.280146268008428e-06 2.441608987564329e-06
-7.288723082730479e-05 -9.026894114548538e-06 7.792683132237121e-06 1.346642252539332e-06
-8.353239920967749e-05 -1.323144286378303e-05 6.112592995433059e-06 -1.086945881159682e-06
-8.190847324695303e-05 -1.161424329159173e-05 8.640479961801431e-06 3.643543251555785e-07
-7.772229661248513e-05 -9.023059900467595e-06 8.851972367860545e-06 -2.981413643640768e-06
-8.353225838979770e-05 -9.997309893245940e-06 6.266883560362475e-06 1.763076107506563e-06
-8.256169739394234e-05 -9.026356192289535e-06 7.208416736479090e-06 1.686379241936436e-06
-8.324799265253780e-05 -9.310815887282604e-06 6.578299371842123e-06 1.826509581357800e-06
