8.847333324728551e-05 -1.310672862472540e-05 -2.523332893156039e-06 -3.084915458950611e-07
8.879032122990212e-05 -1.234113750970241e-05 -2.606305441732993e-06 -4.403470787179231e-07
8.878972496058837e-05 -8.733314796161005e-06 -2.669243473019519e-06 -1.450435444692110e-06
8.847264587444552e-05 -7.967418065611323e-06 -2.586813069974111e-06 -1.588373328049740e-06
8.770799037221668e-05 -1.342393606599464e-05 -2.335480420724864e-06 -2.741143504441619e-07
8.627166254008741e-05 -1.053655674739985e-05 -2.080984263477764e-06 -8.536149675953332e-07
8.770710179462134e-05 -7.650019000571642e-06 -2.394386901575931e-06 -1.619775600201941e-06
8.231043198791793e-05 -1.342870350311221e-05 -2.268464358568122e-06 -8.331780025478415e-07
8.230896830575264e-05 -7.639485014268491e-06 -2.196826816800910e-06 -5.658010423591801e-07
7.931940828379426e-05 -1.053296986133573e-05 -2.032594611836482e-06 -7.302340862375262e-07
7.688623347896359e-05 -1.344163074520351e-05 -2.055801365347060e-06 -3.921172735069965e-07
7.688705004557487e-05 -7.625524172732062e-06 -1.932865189003126e-06 -1.142083092317780e-06
7.417218681799262e-05 -1.053513977230924e-05 -2.598645081042089e-06 -8.885225787452887e-07
7.146142753130647e-05 -1.344316106040048e-05 -2.070476581501724e-06 1.559836921470141e-06
7.146190601012304e-05 -7.630264982369758e-06 -2.900031571949722e-06 -2.625563646971219e-06
6.875094585621460e-05 -1.053852794903432e-05 -2.021598011374520e-06 -3.888668847009651e-07
6.603759438792724e-05 -1.344678932315678e-05 -1.403582275098942e-06 7.591583014249864e-07
6.603607791350863e-05 -7.629462407896754e-06 -1.249500068796522e-06 -2.143185309382521e-06
6.331772096156683e-05 -1.053648229411514e-05 -1.036092932221070e-06 -1.022855564412007e-06
6.059802287400455e-05 -1.344629482575235e-05 -1.733830924764680e-06 -2.413199360046535e-06
6.059286688937850e-05 -7.618996300772340e-06 -2.103678044147705e-06 1.139570386746358e-07
5.787124835463976e-05 -1.052973588347098e-05 -2.223583071746882e-06 -1.406892916199692e-06
5.514611002340764e-05 -1.344770283471383e-05 -3.655036142174273e-07 2.232927054549541e-08
5.514776111750872e-05 -7.614426793427860e-06 -9.485356719512379e-07 -2.362731094670640e-06
5.242657506196744e-05 -1.053283027033746e-05 1.611882225957067e-07 -7.003259478553718e-07
4.971800736010061e-05 -1.343481322145777e-05 -4.229556228291671e-07 -1.300222715732126e-06
4.971794171416369e-05 -7.633412745213077e-06 -2.345689162237763e-07 -1.363128678296666e-07
4.701389350125951e-05 -1.053500691709801e-05 -2.090068791777700e-07 -9.045725680698516e-07
4.431912324748106e-05 -1.341774747522481e-05 2.469373610981906e-07 -2.904008776992566e-06
4.432198136642428e-05 -7.654754960235195e-06 9.545428852074930e-09 6.179498086553284e-07
4.163655321412302e-05 -1.053667855899407e-05 6.778061028110590e-08 -6.083592655541170e-07
3.897931907656682e-05 -1.337753997389901e-05 3.429476399954268e-08 -1.864863850624992e-06
3.897369914019128e-05 -7.691074241521833e-06 2.906893880195510e-07 -3.583190850080853e-07
3.632449873391564e-05 -1.053214479802704e-05 5.443925388809905e-07 -8.874793844642303e-07
3.368763967208396e-05 -1.334156463533370e-05 1.994391948824125e-06 1.674683913342685e-06
3.369450199267335e-05 -7.731658674347801e-06 1.969593981507684e-06 -2.172720660138708e-06
3.117433871212255e-05 -1.053882544493485e-05 2.704716405360449e-06 -3.185526500652350e-08
2.869357375443815e-05 -1.328875164344434e-05 2.583696140193360e-06 1.693940490364894e-06
2.868881957663400e-05 -7.789142241721896e-06 2.636052405729325e-06 -1.158441988643454e-06
2.684144418149297e-05 -1.074974290911841e-05 2.309634776724818e-06 2.191732201615205e-07
2.498196969073291e-05 -1.324248881654319e-05 2.435032868954728e-06 -2.885526290427461e-07
2.498696853099549e-05 -7.845968031095367e-06 1.539490355224421e-06 -2.258192118557481e-06
2.233568110348597e-05 -1.320265517988945e-05 1.884858522572298e-06 -1.272365184569307e-06
2.283946206313305e-05 -1.145756755913975e-05 1.831723711087770e-06 -1.479276026853527e-06
2.232892921835140e-05 -7.876309022561386e-06 2.592127523771476e-06 -1.445720614589825e-06
2.043023812306534e-05 -7.906582851909757e-06 2.395000989152858e-06 -6.763735279149826e-07
-3.355863967365024e-06 9.231241445110241e-08 1.336368628282053e-05 4.096504915203719e-07
-3.397024756275318e-06 3.169382759802468e-07 -2.409723607801423e-05 3.497231979995954e-05
-3.330515875678121e-06 8.711586189460810e-07 9.386231029573862e-06 1.793983505317167e-05
-3.290718066900968e-06 1.001937702646510e-06 4.241615922139401e-05 3.815881758279222e-05
2.043720364626989e-05 -1.317416087170499e-05 2.671656420119297e-06 -1.314883131160542e-06
1.872811867189880e-05 -1.304745517421662e-05 3.544745766095843e-06 -9.931732354554461e-07
2.003798898519107e-05 -9.882233518423919e-06 2.408470821319331e-06 -1.139250527056809e-06
1.871388545158841e-05 -7.791092163976960e-06 3.922257198953140e-06 -8.793015653696273e-07
-3.212388371610485e-06 -2.061879918986658e-08 4.502178347195971e-05 1.650836568855734e-06
-2.936499863526981e-06 5.905811883179181e-07 -4.928886170473250e-05 -3.258664506633234e-05
-3.199182727410487e-06 1.071971399643103e-06 8.374737476748813e-05 4.251208887765734e-05
1.817618363175741e-05 -1.142618461928653e-05 3.811185524710103e-06 -3.699247679052710e-07
1.705127213185092e-05 -1.272291462139861e-05 2.505975506041429e-06 -1.449934086529722e-06
1.544502500238680e-05 -1.222564598379550e-05 1.659289616649893e-06 -1.301693007814617e-06
1.766091360216683e-05 -9.216453770696092e-06 4.050825032281034e-06 -6.972654626520207e-07
1.707623914649668e-05 -7.400185688209218e-06 1.928520632314694e-06 -7.125549909893708e-07
-2.103283606588357e-06 5.262039817894397e-08 1.339931234470940e-05 1.552933757047238e-05
-2.081778251635343e-06 1.118337123923242e-06 7.986206483704866e-06 -1.377266699680694e-06
-1.532885498542887e-06 5.624834534328043e-07 -1.635900841623962e-05 -7.113113169530730e-08
1.394033512540043e-05 -1.154512971947180e-05 2.343579655558955e-06 -7.687953493748384e-07
1.522767545985944e-05 -1.056000355579546e-05 2.190602821190565e-06 3.489346178494970e-07
1.578347575154895e-05 -8.479204350709097e-06 1.826847699489616e-06 4.448563175556232e-07
1.555946683148986e-05 -6.752919724358430e-06 1.609126653482771e-06 -2.108137824521268e-06
-9.256263992869007e-07 -4.494017245334389e-08 7.371267580304460e-06 3.950883249475035e-06
-9.401303505873550e-07 1.247815031120847e-06 2.680221445476187e-06 3.477597607660359e-06
-2.475391099001864e-07 5.533322720514806e-07 -7.870744003065833e-06 1.511167361271677e-06
1.253710766267147e-05 -1.071612350735081e-05 3.450987202540499e-06 -3.798828484765041e-07
1.125530673130235e-05 -9.750726282697525e-06 5.837535272566040e-06 -1.037903818632217e-06
1.386505298605656e-05 -8.158214338804962e-06 2.768237842724551e-06 -1.430171186887673e-07
1.420934975233945e-05 -5.863191597810065e-06 3.576061215636280e-06 -2.345159041975115e-06
5.471808953039754e-07 -2.546478895307051e-07 1.264163373919705e-06 -3.083934558743983e-06
5.452513997180987e-07 1.456575416451857e-06 3.521358038323996e-06 -5.305913723628509e-06
1.158043234736404e-05 -8.264773276909916e-06 4.727367328959771e-06 -1.367605128998804e-06
1.011103083398516e-05 -8.651259968064114e-06 3.502606919213538e-06 -6.202053091562320e-07
1.211968290415466e-05 -6.595929803887380e-06 2.260342315603529e-06 -1.877541371061393e-06
1.306430787321131e-05 -4.780780679439755e-06 4.156359481426833e-06 -8.154596628272565e-08
1.400738912137810e-06 5.432670500081844e-07 7.658962324153378e-07 1.139188151939920e-05
2.450233735560602e-06 -5.723744033678025e-07 -2.859328734587713e-06 -2.737751056745384e-06
2.436026389097618e-06 1.751463053354624e-06 -8.239062560605555e-07 -5.723336061446306e-06
9.102885168255490e-06 -7.442337914545139e-06 8.357372508464061e-08 2.056694712624056e-06
8.259428046987731e-06 -6.165926410395774e-06 1.795872671982759e-07 -1.173846600425215e-06
7.572026443310293e-06 -4.807087605067972e-06 1.733749143421989e-06 -3.282975438675547e-06
1.101624448865346e-05 -5.102656940033427e-06 1.477179694834492e-06 -1.588896484293993e-06
1.214760242936423e-05 -3.543641956963999e-06 2.730236464765793e-06 -1.394839928210498e-07
3.265340387113521e-06 5.803869051659610e-07 1.831959723008058e-06 -7.317712478330725e-06
4.258520038450320e-06 -8.968549090992886e-07 2.477348786347968e-06 1.312129780922155e-05
4.274755512841128e-06 2.057867148334507e-06 -7.642532800860552e-07 1.047221388339546e-05
8.993199981482243e-06 -4.806598565425230e-06 5.244866610820937e-07 -3.343674611808779e-06
7.046810119602720e-06 -3.385857793530949e-06 5.496966461522069e-06 2.185008976583927e-06
5.947820823808328e-06 -1.145734687740037e-06 3.079516334352777e-06 1.257251218388109e-06
6.440976872797138e-06 -1.397154103553381e-06 7.833900381597021e-06 -5.196893055304943e-06
6.708289014021925e-06 -1.914025006069045e-06 1.187169154494240e-05 -6.505324638962497e-06
1.024528969149100e-05 -3.363459091310709e-06 4.548730942550578e-06 -7.022874895645186e-07
1.146574100011975e-05 -2.203906093475997e-06 -6.987774252766968e-07 -7.425625055357675e-06
5.187505078544529e-06 3.795363226944464e-07 9.688368822332772e-07 2.010972364826393e-06
5.949967802025406e-06 2.274811691074551e-06 6.096373343687721e-06 -7.778807252911197e-06
8.033306407786783e-06 -2.372290444888911e-06 2.209326620323126e-06 6.320142985251289e-07
6.468619594975109e-06 -3.556123125035457e-07 5.343118421720364e-07 7.242471267508959e-07
7.052283865788990e-06 -1.209171639260612e-06 8.664537303262431e-06 -5.536499852053185e-06
9.681170992167383e-06 -1.786966678659130e-06 1.714635531977858e-06 2.588330976063907e-06
1.104120904339155e-05 -8.112615033182918e-07 -3.266101463948462e-06 -7.396047306001485e-06
6.482529460641576e-06 1.306097318639408e-06 -2.435400822113667e-06 -6.548771159665187e-07
6.410406621171330e-06 2.532588806852930e-06 9.267768709313839e-06 -1.034045558839482e-05
8.318042206311153e-06 -2.464940176348501e-08 3.627976446272799e-06 8.820810528231101e-06
1.090503744603148e-05 5.787766282231720e-07 3.737761181384358e-06 -1.026287369613382e-05
1.107881790412566e-05 1.971250809124450e-06 6.306277133214699e-06 -3.315539325658883e-06
7.461904870974439e-06 2.207517524826259e-06 -1.913545279178806e-06 -2.547248793315108e-07
6.679742435398280e-06 3.088394443934122e-06 1.503431178030732e-05 -9.556959623180142e-06
6.995893635942306e-06 4.614514997472377e-06 1.471907853931645e-05 4.318310002009454e-07
9.676130827037270e-06 2.139012600132381e-06 4.285402695363322e-06 2.241234066466361e-06
7.495262048636991e-06 6.117212641152299e-06 6.218177696650509e-06 2.408749184073818e-06
1.154952371318998e-05 3.394909947307607e-06 1.112846274260658e-06 -3.232618970577204e-06
8.354514364896965e-06 4.657131990555998e-06 9.903451321758907e-07 5.308135007372360e-06
1.039362402098388e-05 4.774349809854662e-06 2.701134413291415e-06 8.758404664945131e-07
8.199913734128038e-06 7.566843414622207e-06 -2.865506202649627e-06 -6.792222817744404e-07
1.231078208970249e-05 4.786204612807135e-06 -2.082256951517220e-07 -1.928152277423149e-07
1.171771891741937e-05 6.173612268847952e-06 3.364413292446880e-06 1.458425162095259e-06
1.026812100468129e-05 7.059599972024291e-06 4.518161846011953e-06 3.608843166028966e-07
9.070334399161007e-06 8.975084302444145e-06 3.466503776095752e-06 4.708712193792788e-07
1.014820359434849e-05 1.031532728180345e-05 1.889542641502797e-06 3.176000263112627e-06
1.335638073006128e-05 6.079037250592253e-06 3.067468097809128e-06 3.954857223257756e-06
1.262527405048645e-05 7.776113991461144e-06 4.730990206715176e-06 2.391225605997387e-06
1.175516223665724e-05 9.793798290316034e-06 1.813432227122089e-06 3.532323646113664e-06
1.138398407760452e-05 1.154843909836159e-05 2.303092734523953e-07 4.402715837647981e-06
1.464481623519533e-05 7.239113294092748e-06 5.411415847979698e-06 2.875264861466488e-06
1.425971963278755e-05 9.783762588138183e-06 4.769215653148658e-06 4.218181934014676e-06
1.278782908988370e-05 1.263612435261475e-05 4.066678165494244e-06 4.245121572132009e-06
1.435130174262420e-05 1.357995188064553e-05 2.630101533481844e-06 1.572567331848337e-06
1.603437124635917e-05 1.436518282839080e-05 2.553723320917853e-06 3.636078381014641e-06
1.617019548640785e-05 1.033655905229149e-05 2.202723009447089e-06 2.085757406998098e-06
1.615474700116107e-05 8.211612792091814e-06 3.752012781113863e-06 1.066955672741430e-06
1.578565279842321e-05 1.247784752855555e-05 1.737752522846881e-06 1.975619689232815e-06
1.783362592665098e-05 1.494600822039156e-05 3.703471259501248e-06 5.850645647093979e-06
1.972358393421925e-05 1.533040977791375e-05 5.426126788334866e-06 6.001944450573756e-06
1.771432429741343e-05 1.081279279880927e-05 2.664796274393247e-06 1.398980647172547e-06
1.786435958199602e-05 8.927305916638570e-06 2.840317516659629e-06 -4.934361885468810e-07
2.166204268139413e-05 1.549504969827908e-05 6.929901623322637e-06 5.103471279035817e-06
1.948262251777092e-05 1.259202261912239e-05 5.093754786010266e-06 2.900786389850526e-06
1.971287883830687e-05 9.344509581191209e-06 3.897208248526229e-06 4.474475595872805e-07
2.208748380880253e-05 1.289359195035908e-05 6.497904356976500e-06 3.513007565633163e-06
2.385575779036792e-05 1.555996902372334e-05 5.065640463342459e-06 4.027094804198627e-06
2.164827442573415e-05 9.461273280722021e-06 5.474407814304297e-06 1.823626957403215e-06
2.693447123435628e-05 1.562368221768188e-05 4.667592146514515e-06 3.270402652003063e-06
2.447892339428624e-05 1.139754896284307e-05 6.204542931514969e-06 3.102026167921579e-06
2.385449975937423e-05 9.398754888392900e-06 6.060262439876477e-06 2.571606239924604e-06
3.129232773670341e-05 1.571805100113756e-05 7.442085854995031e-06 3.165380616975202e-06
2.911130688613330e-05 1.222463487766845e-05 6.218299657887517e-06 2.796664998716819e-06
2.694030044111184e-05 9.316076239369503e-06 6.252282515588349e-06 3.139930494004247e-06
3.721257365952752e-05 1.583645571317716e-05 9.814747147570347e-06 3.653845455908450e-06
3.421713898256795e-05 1.248001214385017e-05 8.847371293684854e-06 3.523671755506107e-06
3.128693113056108e-05 9.229542791380406e-06 7.613244896863625e-06 2.971654731501644e-06
4.358717141625192e-05 1.594395275839247e-05 1.235317449317696e-05 4.448759688538233e-06
4.036764285376430e-05 1.248295728515526e-05 1.039598766576366e-05 3.291785745331073e-06
3.721259745423879e-05 9.124786630285273e-06 9.133327333305428e-06 3.777639044373213e-06
5.013605541045789e-05 1.603984386421249e-05 1.390438941449269e-05 2.547388773601304e-06
4.683259869136691e-05 1.249235029357017e-05 1.440449412237387e-05 2.620710865354303e-06
4.358319835649520e-05 9.032860333829781e-06 1.303028974602842e-05 8.652386264238708e-07
5.683257740473162e-05 1.611454276948953e-05 1.610305689286597e-05 6.293267757532240e-06
5.346261991207061e-05 1.249438116043362e-05 1.359585985953598e-05 3.331591379194815e-06
5.013745757126990e-05 8.947150829741969e-06 1.381911754919388e-05 4.090520517873846e-06
6.363137851196850e-05 1.617320293917133e-05 1.893336884998081e-05 4.170787930336035e-06
6.021396479722645e-05 1.250655680853360e-05 1.830642395889561e-05 3.364340167358903e-06
5.682542539633074e-05 8.885417203191935e-06 1.580990735581834e-05 6.819727507801087e-07
7.052388215951121e-05 1.621541923475141e-05 2.136174804065302e-05 3.617217539390326e-06
6.706517235852982e-05 1.250757176932519e-05 2.001593028552963e-05 2.862967684906706e-06
6.363337347116989e-05 8.842841538372091e-06 1.942734348547757e-05 1.799854238071949e-06
7.748936754597989e-05 1.625113461327387e-05 2.397301931571334e-05 4.077968108017945e-06
7.399396787018952e-05 1.250728765884358e-05 2.266259377843450e-05 3.340595144123575e-06
7.052312506338096e-05 8.799199430758635e-06 2.094134215839568e-05 2.853892170460057e-06
8.450995381459671e-05 1.626426540305825e-05 2.674503862895417e-05 3.509007338201623e-06
8.099569231326963e-05 1.250706453567031e-05 2.530592746342632e-05 2.883859101152153e-06
7.749002837558398e-05 8.762971316797412e-06 2.445986472096858e-05 2.003505343961640e-06
9.154142685498573e-05 1.627717278305802e-05 3.057403589411472e-05 5.058462113634094e-06
8.802412476482976e-05 1.250901832298142e-05 2.851069834510386e-05 3.716845155364931e-06
8.450889880798558e-05 8.751656265361280e-06 2.603231225870547e-05 3.237287255372379e-06
1.066209334871472e-04 1.587252312308975e-05 3.572634917560773e-05 3.279224113129439e-06
1.056194427854251e-04 1.628722173056860e-05 3.587531953530129e-05 3.501556803454645e-06
9.468816438650819e-05 1.251023706059509e-05 3.134255592907696e-05 2.608597940274317e-06
9.856675984108462e-05 1.628451697781388e-05 3.194362771644400e-05 6.469701107245861e-06
9.154109308338048e-05 8.742300505068500e-06 3.135813434271290e-05 1.359785715281715e-06
1.070357948626399e-04 1.487128689318110e-05 3.563570284272745e-05 3.058971292416426e-06
1.046653156884132e-04 1.251147984596389e-05 3.627052347480298e-05 3.452170103031476e-06
9.856649941666158e-05 8.736897093493302e-06 3.156150175355526e-05 -1.210436952974919e-06
1.070355255152205e-04 1.015195808339409e-05 3.533205326549415e-05 4.203626523604598e-06
1.056190954823405e-04 8.735935513556282e-06 3.545180329738242e-05 3.622348690204918e-06
1.066206327492200e-04 9.150672197813512e-06 3.537872355882551e-05 3.900357311401534e-06
