8.719878966083626e-05 -1.334737401330820e-05 2.953138621824675e-06 -2.204058091969125e-06
8.752447896789488e-05 -1.256127945996392e-05 2.919975797345236e-06 -2.610790731078774e-06
8.752439759828905e-05 -8.856928805437060e-06 2.483886932438578e-06 -3.463900866286375e-06
8.719873674897994e-05 -8.071007441032460e-06 2.457363605784097e-06 -3.700694138826437e-06
8.641257374538696e-05 -1.367301692152541e-05 3.090478842277435e-06 -1.962888301050962e-06
8.493681541843147e-05 -1.070909774509156e-05 2.376704909288543e-06 -2.597197151223996e-06
8.641262305954077e-05 -7.745451199850439e-06 2.474311080854240e-06 -3.832619693180008e-06
8.086847687808842e-05 -1.367538727136226e-05 2.548988957695971e-06 1.023275451136756e-06
8.086938665628970e-05 -7.744524424775277e-06 1.670816863689828e-06 -3.440050626166373e-06
7.781069516632998e-05 -1.071094287558418e-05 7.825029406857679e-07 -7.142212718161367e-07
7.532892795128854e-05 -1.367836394692764e-05 -7.914819868084356e-07 -3.405981023019527e-07
7.532929344769565e-05 -7.744104562055716e-06 1.928661377193341e-07 -2.392262533413745e-06
7.255966627367208e-05 -1.071120626637114e-05 -1.650360484673208e-07 -1.975115435295887e-06
6.979341524303963e-05 -1.367399120144295e-05 5.054441152615267e-07 -2.178196951408517e-06
6.979060488616270e-05 -7.744359046048927e-06 5.943408420647234e-07 -2.002930047508261e-06
6.702760941714019e-05 -1.070732225274684e-05 6.546308714139594e-07 -1.896063817035104e-06
6.427341043695044e-05 -1.365685971105614e-05 -4.417512714118328e-07 -3.159162615041702e-06
6.427397952103783e-05 -7.758555859301072e-06 3.384076150169658e-07 -4.712822758325715e-07
6.152311398272650e-05 -1.070875120676663e-05 -1.267703575004587e-06 -1.744338926254417e-06
5.878274887386807e-05 -1.364020415737928e-05 -2.819360371889074e-07 -9.131130719803050e-07
5.878348647200150e-05 -7.780775487403825e-06 1.404215044687618e-07 -2.021631242561784e-06
5.604814274424176e-05 -1.071207435267117e-05 6.510880892955767e-07 -1.465899058393367e-06
5.332913603099071e-05 -1.362042688097630e-05 8.166343431991326e-08 -2.191222242430668e-06
5.332955637001410e-05 -7.807300466716384e-06 9.214553878022122e-07 -1.307401719304079e-06
5.061914438663048e-05 -1.071565907523210e-05 -2.892110368012835e-07 -2.128469071016121e-06
4.792235973496019e-05 -1.360335393960531e-05 2.625806927656135e-07 -1.388747265335253e-06
4.792338845194478e-05 -7.830714908557051e-06 1.354341751431289e-07 -2.438809598444815e-06
4.523286742906271e-05 -1.071703433400508e-05 1.251673271386036e-06 -1.795461959566571e-06
4.255756099381945e-05 -1.357755848112956e-05 2.031990413164609e-06 -1.346367686703265e-06
4.255494155025327e-05 -7.853117654711490e-06 1.742874642116366e-06 -2.219167373813604e-06
3.988720796401567e-05 -1.071518010609507e-05 1.948423532980108e-06 -1.963014733958431e-06
3.723942644871421e-05 -1.354023453909980e-05 1.807073769004718e-06 -1.988955522204399e-06
3.724406595293854e-05 -7.897088084382171e-06 2.324634981842601e-06 -2.494248283049016e-06
3.460912355603608e-05 -1.072172084493016e-05 2.394301711500734e-06 -2.262244555987414e-06
3.200815651821914e-05 -1.349186789736129e-05 1.843359083051214e-06 -4.545812879796065e-06
3.200667073064457e-05 -7.951514185199077e-06 1.985702452481810e-06 -3.034863034619765e-07
2.952510436916658e-05 -1.072167344442118e-05 1.751034724565615e-06 -2.441033501790824e-06
2.707538520633062e-05 -1.343761278494343e-05 2.627232253007605e-06 -3.016333164981711e-06
2.707792542051578e-05 -8.011483516264336e-06 1.713920227996253e-06 -1.102564116630424e-06
2.525436585246094e-05 -1.093045996475095e-05 2.289121942848009e-06 -7.199495640102047e-07
2.343908294460780e-05 -1.336907179795365e-05 3.912194662618176e-06 3.304875842306353e-07
2.343411283811705e-05 -8.077381303426475e-06 3.007795653566499e-06 -1.937809362823423e-06
2.084796837932155e-05 -1.331551361653329e-05 4.308145041282284e-06 -5.374144176197627e-07
2.133855229125663e-05 -1.161031296857054e-05 4.812557041167775e-06 -6.328248888363028e-08
2.084336434166782e-05 -8.116822497356195e-06 6.070012621294137e-06 -1.989069490438758e-06
1.898669770724424e-05 -8.163368043347393e-06 5.610435047695009e-06 -1.058653977309644e-06
-3.017934176483589e-06 -7.768763046524099e-07 -5.832012586991712e-05 6.480297248239334e-05
-3.084229530755017e-06 -7.092968146276153e-07 -3.321266474566739e-05 7.292844833189345e-05
-3.122519538867917e-06 -6.183569299762313e-08 2.843823038405363e-06 -3.209063471163687e-05
-3.054831461159505e-06 2.521188170123546e-08 1.350070749834160e-05 1.557178183143382e-06
1.898198493942951e-05 -1.327532752354339e-05 3.560384137145347e-06 -1.918233646886129e-06
1.733019946020396e-05 -1.314412636689412e-05 2.249336897386026e-06 -3.173443344297236e-06
1.859592735960922e-05 -1.008280256523626e-05 5.451506060257865e-06 -2.193973364992672e-06
1.731937626762961e-05 -8.071252854088864e-06 4.476754095851711e-06 -2.473999327737157e-07
-2.879226136217386e-06 -7.902083113279895e-07 -4.064132730717761e-05 2.134249459061530e-05
-2.570036019061924e-06 -3.464271619005984e-07 1.846578813502201e-05 -3.577667270539949e-05
-2.910405209255099e-06 5.179504047713297e-08 1.878496508750687e-05 4.222164845879689e-05
1.679557911654728e-05 -1.157646932834246e-05 2.392554199033657e-06 -3.255151778941133e-06
1.572152722074468e-05 -1.282002901811361e-05 1.792858675434352e-06 -3.134384272828444e-06
1.418790562994867e-05 -1.233405573946406e-05 1.203551067052398e-06 -1.244252451006537e-06
1.630123869696362e-05 -9.450092236437640e-06 2.018629418632660e-06 -1.979673715279457e-06
1.574020429075646e-05 -7.708953100476820e-06 7.994396477680079e-07 -6.064778795184812e-07
-1.923565444517117e-06 -8.743388949436329e-07 -1.464172679062919e-06 2.048632835826625e-07
-1.900353246503493e-06 1.289822753183637e-07 -7.003440566894115e-06 1.358190725140072e-05
-1.392839428352664e-06 -3.391284010317106e-07 -2.622382163594742e-06 -2.051244425652525e-05
1.275055075386790e-05 -1.167252550163815e-05 2.100531172025805e-06 3.626918484299446e-07
1.397651217086320e-05 -1.073438091563764e-05 7.646534157839808e-07 -2.486584763202932e-07
1.450194161038551e-05 -8.744558092024076e-06 3.728032651511960e-07 -1.382874156329785e-06
1.428309292952076e-05 -7.101610573581757e-06 1.225974077369427e-06 -3.115993260964549e-06
-8.557459497898901e-07 -9.186562874720175e-07 3.356636180073081e-06 1.793379020421450e-05
-8.665726371966850e-07 2.135953441515255e-07 -1.097226488147073e-06 2.082042864480727e-05
-2.300228558374865e-07 -3.793669027151923e-07 -3.930220275787451e-06 -3.082533627974985e-05
1.141072178873856e-05 -1.086804044611137e-05 4.334346737869747e-06 -1.585724125174035e-06
1.020403829654143e-05 -9.946680453808008e-06 3.214911075508074e-06 -2.973944957174393e-06
1.266873456880262e-05 -8.437340187262482e-06 3.132200926154943e-06 -3.161723053385944e-06
1.299502939230089e-05 -6.271934126704056e-06 2.445846949868155e-06 -1.872428960857974e-06
4.547516780044949e-07 -1.112862625829268e-06 2.506098446746348e-06 1.064375380623446e-05
4.615644753004868e-07 4.235107382638878e-07 4.676013303423872e-07 1.110239446830774e-05
1.051121839802621e-05 -8.538391667016477e-06 2.795082612608366e-06 -3.299483328863490e-06
9.131307810502337e-06 -8.902251757609531e-06 2.462144324217878e-06 -3.062367200464354e-06
1.102037802444605e-05 -6.966542602809967e-06 1.648364379600431e-06 -1.181804366273022e-06
1.190297479914002e-05 -5.259683225759841e-06 3.582644738321691e-06 1.688576432431347e-07
1.240344932847397e-06 -3.870903221052841e-07 -6.834567428324433e-06 -4.692829640949386e-06
2.175617250097496e-06 -1.384418464448101e-06 4.805421926531169e-06 1.634960936281951e-06
2.158254408151085e-06 6.912243835695611e-07 1.693367521708118e-06 -3.950372778190961e-06
8.188654094528717e-06 -7.761292812154925e-06 1.865282539356959e-06 2.599747110658077e-07
7.408033575738900e-06 -6.554544600587236e-06 3.295636828711354e-06 -2.283040862918833e-06
6.791339229773042e-06 -5.280406282943803e-06 1.856736036745228e-06 -2.777517402673444e-06
9.981076127635188e-06 -5.558110462719191e-06 3.040486714774537e-06 -1.545828922192470e-06
1.102731214653650e-05 -4.113988612209263e-06 5.095005336111250e-06 1.134341051506076e-07
2.903502262721456e-06 -3.520144910946424e-07 1.999426813076575e-06 -2.377833023470694e-06
3.812614832562572e-06 -1.690206493267238e-06 -9.006687818589552e-07 3.766077061527513e-06
3.825819361661010e-06 9.670868192244216e-07 -1.227956236766402e-06 5.215102055190998e-06
8.094206613533747e-06 -5.276935033154095e-06 3.970189705396685e-06 -2.826254811930191e-06
6.323093370967737e-06 -3.973101409864879e-06 2.292800330125968e-06 3.425714260076490e-06
5.335406632204385e-06 -1.920273956564886e-06 1.036414374178927e-06 -4.626547051579878e-06
5.783251385703679e-06 -2.150120652576690e-06 2.529655339391972e-06 -5.767962430077012e-06
6.023774599168818e-06 -2.623546228666805e-06 4.792592144451319e-06 -3.308620709468433e-06
9.256211248213211e-06 -3.946083769432047e-06 4.718924920449892e-06 -6.787420972210142e-07
1.037776997412339e-05 -2.886036434247236e-06 3.709998181400727e-06 -5.342001484199566e-06
4.648044344238758e-06 -5.467961331365380e-07 3.480098769646901e-06 4.490231221207763e-07
5.337289573930375e-06 1.177567882820115e-06 8.156667662503337e-06 -1.125091097445185e-05
7.228452914349074e-06 -3.043304174240805e-06 1.846950196117897e-06 2.277144695610308e-06
5.811294112328731e-06 -1.207132897406476e-06 -1.271838510853140e-06 -1.732812975558962e-06
6.339246034016213e-06 -1.981045919138152e-06 3.332679558296183e-06 -3.987227532140967e-06
8.739938230891510e-06 -2.510893281884825e-06 2.061049923377977e-06 5.974143373249826e-07
9.979874258760740e-06 -1.626671860190016e-06 2.524737110593236e-06 -3.040670218558858e-06
5.828502818216953e-06 2.951946434978574e-07 -3.685543044230727e-06 -1.903483784512568e-06
5.761357923521043e-06 1.413467401858771e-06 3.748940438006167e-06 -9.480172429313246e-06
7.494541999246761e-06 -9.086228882501502e-07 1.644030894935041e-06 5.691567731990936e-06
9.848971352776508e-06 -3.596730227527616e-07 5.106517044244509e-06 -3.118162851154751e-06
9.999209953205397e-06 9.036723298404236e-07 5.112404606211485e-06 -2.669490675911120e-06
6.723685223116115e-06 1.115303801124582e-06 -1.678601396101209e-06 7.137163147813440e-07
6.008822726093665e-06 1.915373762210247e-06 5.911971282935604e-06 -4.131749813547797e-06
6.300488729107847e-06 3.285669250879491e-06 3.742588477578352e-06 3.262939409519096e-06
8.725294867055134e-06 1.056558676629949e-06 5.030147607990312e-06 6.672108921489077e-07
6.754940011085983e-06 4.637149202164926e-06 1.035938886476650e-06 3.906363214886183e-06
1.042012895954732e-05 2.187975686450933e-06 2.182682930635834e-06 -2.229365743615860e-06
7.531203611268037e-06 3.323799985993669e-06 1.055907999086771e-06 4.101813192970493e-06
9.368533071069007e-06 3.431078260758029e-06 2.932467033360140e-06 1.642373216572567e-07
7.387835847286425e-06 5.939846269343584e-06 -5.068007111865640e-07 2.554655021292079e-06
1.110032759163920e-05 3.437305992754684e-06 1.345984130815063e-06 2.840828915229200e-07
1.056056326511140e-05 4.688631329299219e-06 2.472432982694074e-06 -5.644903416217913e-08
9.254252305111038e-06 5.483837572291421e-06 1.417214359193029e-06 7.281243893681257e-07
8.173749332005928e-06 7.203349511103414e-06 -6.315046362894283e-07 9.860225531824064e-07
9.141276129561985e-06 8.398227503196550e-06 -6.969783614729536e-08 1.612518184768850e-06
1.203509963267017e-05 4.601526059393203e-06 3.379908062015324e-06 4.601976827302805e-07
1.137314559132787e-05 6.122840823844932e-06 3.194879381264782e-06 1.012885629820334e-06
1.058613837193761e-05 7.928379667258460e-06 1.546648332415002e-06 1.559090832757967e-06
1.025109470598873e-05 9.506199891800429e-06 1.461854565238357e-06 2.312484619973369e-06
1.318942936966797e-05 5.639081265014212e-06 5.751482525267586e-06 1.070487674968265e-06
1.284222504261443e-05 7.919782625276610e-06 4.552318194694514e-06 3.352472909009448e-06
1.151413750570679e-05 1.048665824501961e-05 5.091153623615718e-06 2.866762645799407e-06
1.293291686717765e-05 1.134599599582998e-05 6.040921639005721e-06 3.233510790101887e-06
1.445886689564458e-05 1.205771544504356e-05 5.905639954485666e-06 3.112030242389613e-06
1.457220652594146e-05 8.420463774053814e-06 5.323303024664775e-06 3.762713314704206e-06
1.455333627171580e-05 6.507315421920688e-06 5.408094076220402e-06 1.834711821752769e-06
1.423129586064333e-05 1.035082172891578e-05 5.839544403999206e-06 3.847041693329001e-06
1.608749665639587e-05 1.258388941325284e-05 4.838806407018906e-06 3.090352345840723e-06
1.779314046399992e-05 1.293095099704173e-05 5.728902991802038e-06 3.234401312564388e-06
1.596982474753693e-05 8.851009137708426e-06 5.806166051417892e-06 3.561781237898648e-06
1.610298398814501e-05 7.148257379376504e-06 5.883875221548454e-06 3.170521074717972e-06
1.954626122150462e-05 1.307814397181617e-05 7.230286132302703e-06 3.150837566893435e-06
1.757316470764673e-05 1.045845480649677e-05 5.210752875379015e-06 2.528094287787370e-06
1.777892274380983e-05 7.522119606565024e-06 4.486402794922863e-06 3.853631709913245e-06
1.993153772902377e-05 1.072667857621336e-05 5.730184996541440e-06 3.454231789240650e-06
2.153204366289038e-05 1.313219776556945e-05 6.264562211037225e-06 4.327777741253741e-06
1.953318612174541e-05 7.625515452197138e-06 3.451402906376561e-06 3.922917013757954e-06
2.431137852484268e-05 1.318445749571776e-05 5.724367586627874e-06 6.083916197886133e-06
2.209662567023255e-05 9.372873367895892e-06 4.820946845189518e-06 4.054488623161878e-06
2.153126413096173e-05 7.568852982744009e-06 4.624931702182733e-06 2.897804351506487e-06
2.822796369427507e-05 1.326039890908823e-05 1.107291378449504e-05 4.172942630019764e-06
2.626859467276133e-05 1.012468347312894e-05 9.515202675800658e-06 3.030160625753129e-06
2.431004162061980e-05 7.502038328646271e-06 7.871306794393216e-06 1.418221572680484e-06
3.353690737772093e-05 1.333834874470380e-05 1.202592471549552e-05 4.011741447049552e-06
3.086111920228411e-05 1.034567443728016e-05 1.206877262052989e-05 3.032065347484443e-06
2.823214749177712e-05 7.430721047537325e-06 1.096706466607844e-05 2.539940310905030e-06
3.918971983261628e-05 1.340679295574902e-05 1.409674329699530e-05 4.623471345954512e-06
3.634084115139401e-05 1.034999443627312e-05 1.260769263594588e-05 2.239926625320622e-06
3.353139985532743e-05 7.355703565281983e-06 1.288831898081026e-05 2.175202520985517e-06
4.497693208153158e-05 1.346293255593440e-05 1.681487453277301e-05 4.392130574029994e-06
4.206676143955984e-05 1.034382415891173e-05 1.533948154891224e-05 3.471624912921934e-06
3.919618872921545e-05 7.287420750860386e-06 1.323845050611189e-05 4.778768469202762e-07
5.085172611290670e-05 1.351812330320787e-05 2.096848174844329e-05 4.624225314432441e-06
4.789726566113915e-05 1.034714649073801e-05 1.900425640742239e-05 4.348256641564626e-06
4.497352164290752e-05 7.227480403607107e-06 1.682318672980095e-05 4.162617239045707e-06
5.681000469237467e-05 1.354593349345583e-05 2.187206719308120e-05 4.057762563428983e-06
5.382139383361799e-05 1.034795667039754e-05 2.185677721810666e-05 3.182445857667757e-06
5.085228345504907e-05 7.177306231043395e-06 2.135502589996272e-05 3.084657721085094e-06
6.281472149786167e-05 1.356979724301072e-05 2.546928726561429e-05 3.838591912458154e-06
5.980594313546233e-05 1.034889026867179e-05 2.315823833705600e-05 2.757739204746823e-06
5.680971768844135e-05 7.150717019885797e-06 2.232545561787053e-05 1.566973936894050e-06
6.885615959119076e-05 1.359855568206767e-05 2.806109000873245e-05 5.058306199521015e-06
6.582765881241692e-05 1.035072730643751e-05 2.701530537562383e-05 4.081714180268679e-06
6.281384064750884e-05 7.129851157461498e-06 2.433666490209478e-05 3.219171276112396e-06
7.492621639213919e-05 1.360789533883663e-05 3.066030281803293e-05 7.286678485721085e-06
7.188858865705520e-05 1.035120731719837e-05 2.904843343146398e-05 2.608608928385297e-06
6.885632139330657e-05 7.103456138381312e-06 2.942299640176664e-05 1.616444189002626e-06
8.101168931931953e-05 1.361193544412429e-05 3.338949647378863e-05 5.843121621686870e-06
7.796672451060554e-05 1.035212392913038e-05 3.194130072366521e-05 3.824001640210313e-06
7.492561982743378e-05 7.095488632739642e-06 2.944860277047872e-05 -9.189682621957385e-07
9.407630783954351e-05 1.325950674544752e-05 4.042235286430322e-05 6.756919396733299e-06
9.320996252837448e-05 1.361822824762479e-05 3.954316586267062e-05 6.846213198508410e-06
8.374189306924141e-05 1.035167559706334e-05 3.528140763989010e-05 2.769606078588021e-06
8.710908711690833e-05 1.361575585909357e-05 3.528228328432272e-05 2.604227870494633e-06
8.101205290845022e-05 7.092020500191840e-06 3.430423013889172e-05 9.669480793760344e-07
9.443517385759003e-05 1.239334886558996e-05 4.080843430400267e-05 6.247863412699764e-06
9.238454915774990e-05 1.035131434454755e-05 3.784680974116751e-05 3.967796328068080e-06
8.710913549110027e-05 7.087065557509957e-06 3.475867805925224e-05 3.095347227919034e-06
9.443512289220151e-05 8.309333492378489e-06 4.040955188051930e-05 2.161762558393587e-06
9.320991923982838e-05 7.084475496000450e-06 3.897510099291169e-05 1.367581000567203e-06
9.407625701038129e-05 7.443190773726922e-06 3.996239087648289e-05 1.534284126934907e-06
