8.353562728662769e-05 -1.262494603872327e-05 -1.523217658601099e-06 -1.418067683241987e-06
8.382757787656050e-05 -1.191885584771039e-05 -1.333549997072606e-06 -1.121605682263172e-06
8.382729317163827e-05 -8.593362387594702e-06 -1.466516988890037e-06 4.920015349700834e-07
8.353533834358116e-05 -7.887379469611704e-06 -1.662261925593233e-06 7.436128533098218e-07
8.283052131765549e-05 -1.291766810982071e-05 -1.955929109874173e-06 -1.500869389759419e-06
8.150888877018225e-05 -1.025593960161836e-05 -2.732465156779026e-06 -2.866850535900417e-07
8.283027270290262e-05 -7.594705719831310e-06 -2.084366314280154e-06 8.024940620037029e-07
7.786045298159511e-05 -1.292758097394537e-05 -2.970114465790336e-06 -3.011379013228518e-07
7.786102447398625e-05 -7.585649869769725e-06 -2.805244479612026e-06 -9.632215724313927e-07
7.511095451874199e-05 -1.025805091891322e-05 -1.466317948289139e-06 -1.081803415590006e-06
7.287544999041431e-05 -1.293957035957885e-05 -1.144833489293512e-06 -8.670162376903726e-07
7.287734673305861e-05 -7.580137461697127e-06 -6.841994583547668e-07 -2.111005144197572e-06
7.038024490178524e-05 -1.026078260007540e-05 -1.230007109935021e-06 -1.380574951014750e-06
6.787960367259557e-05 -1.294596314941315e-05 -1.097027067873806e-06 5.203717880583018e-07
6.787766052367350e-05 -7.572878924181441e-06 -1.620212125004099e-06 -2.046435558728207e-06
6.537396256109006e-05 -1.025704169168181e-05 -1.623449462840530e-06 2.623845015535625e-07
6.286498499573833e-05 -1.294678953100571e-05 -1.627416595668712e-06 1.353035289383021e-06
6.286569792724344e-05 -7.565672846234846e-06 -9.492670695994655e-07 -6.831750151911133e-07
6.035283644031396e-05 -1.025605314356640e-05 -1.617831083446368e-06 1.604369192545557e-07
5.782794807742665e-05 -1.296052494970799e-05 -1.781594060118988e-06 -4.911744774885603e-07
5.783027165536167e-05 -7.553107860696546e-06 -4.872320371276220e-07 -7.093275226899451e-07
5.529871892323026e-05 -1.025752338150777e-05 -7.674237491788830e-07 -1.339222058427267e-06
5.275911372378860e-05 -1.297192240684234e-05 -9.663123259556109e-08 -1.558261435260336e-06
5.275748757288786e-05 -7.539742305576573e-06 1.603155755246671e-07 -1.118165650269161e-06
5.021557760982371e-05 -1.025438209711231e-05 -4.861311306632084e-07 -1.349233063890777e-06
4.767470599380870e-05 -1.296634780495128e-05 -1.608948916538173e-06 -1.585827778586849e-06
4.767503344682893e-05 -7.541517002728309e-06 -1.788491581845579e-06 -7.566225419557778e-08
4.513875815146816e-05 -1.025391785390701e-05 -1.898568124854916e-06 -5.369996627368280e-07
4.261668755373382e-05 -1.294798097745802e-05 2.442159267380676e-07 6.531413789639459e-07
4.261631723829924e-05 -7.559095698009668e-06 -1.180618460921483e-07 -9.386214981158261e-07
4.010209990279498e-05 -1.025278040265789e-05 1.902081765863147e-06 -1.693227213507974e-07
3.759790628249021e-05 -1.293017313919526e-05 6.152225253883126e-07 -2.400261439400376e-06
3.759714117294165e-05 -7.575095774851220e-06 1.269862112568405e-06 8.877478517346392e-07
3.509600921012507e-05 -1.025328381422750e-05 -6.971839907499342e-07 -1.208542291458741e-06
3.260815805202817e-05 -1.290572551432673e-05 -1.218677495248767e-07 -2.663884475811703e-07
3.261170243942909e-05 -7.606618178103689e-06 -2.362985173476339e-07 -1.782445858379193e-06
3.023842616616582e-05 -1.025731566277194e-05 1.047938068311911e-06 -6.091198375172650e-07
2.790430999764694e-05 -1.285243275920788e-05 1.501488695338270e-06 -4.511950707349763e-07
2.790057826964583e-05 -7.659578386065896e-06 9.625944641818702e-07 -3.754019630566362e-07
2.616080271938802e-05 -1.045446963192334e-05 6.919908101715758e-07 -6.158047225626094e-07
2.440340510712983e-05 -1.281458352046908e-05 3.728212084017051e-07 -8.828535845136890e-07
2.440162095914324e-05 -7.695460698818145e-06 5.146830733558504e-07 -9.677520457231739e-07
2.188600956289443e-05 -1.278507395382690e-05 1.267868487603043e-06 -2.440734203683504e-07
2.236935768069419e-05 -1.112048125873502e-05 8.688315883708106e-07 -8.401916872244621e-07
2.188542216737133e-05 -7.718440833052372e-06 1.167947397484538e-06 -9.701840645856107e-07
2.007334993238430e-05 -7.743751368751475e-06 2.099562956337232e-06 -5.661471734486730e-07
-3.257043504369180e-06 2.591553845862853e-07 1.785557847728133e-05 5.746510178180556e-06
-3.336949529108445e-06 4.755581893331759e-07 2.892377792963604e-05 -1.225498655917789e-04
-3.414293364197019e-06 8.928883877209511e-07 -1.770466675227698e-05 3.394176601536738e-05
-3.343671968945505e-06 1.139862983659537e-06 -5.069370946322069e-06 1.266301391789778e-05
2.006954827374538e-05 -1.276385031030770e-05 2.680717106796050e-06 -3.602324695724695e-07
1.843840866834682e-05 -1.265195817834855e-05 2.271734475829294e-06 -9.317267531618737e-07
1.969859206122871e-05 -9.628202043186303e-06 2.478773030744556e-06 -4.937502389245072e-07
1.843601377718378e-05 -7.629882845915786e-06 2.186578812357601e-06 -9.171049311469320e-08
-3.073426200259140e-06 1.679143980166176e-07 -4.209093238409497e-05 7.166048209572794e-05
-2.867585041741476e-06 7.127152361085441e-07 2.247447291238151e-05 3.556118214303433e-06
-3.145492851798088e-06 1.250837465724947e-06 -1.114635538320581e-05 1.368943314998722e-05
1.791623431539417e-05 -1.110851311451174e-05 2.335800357561270e-06 -5.761466727716794e-07
1.684312799152996e-05 -1.235078866732466e-05 1.959128360497641e-06 -1.037442911812672e-06
1.531052186157175e-05 -1.188074249483567e-05 1.785334690702827e-06 -3.546795941202570e-08
1.742910386337696e-05 -8.993512728024012e-06 2.092314792029605e-06 8.042090495337215e-08
1.687288332190872e-05 -7.247915600418425e-06 2.168834926613679e-06 -5.142145626172026e-07
-2.088962209240430e-06 1.510290738502206e-07 2.349530959708306e-07 -1.562388887303658e-05
-2.080983699332294e-06 1.228938978646900e-06 -1.924672037868597e-05 -3.319384642731400e-06
-1.548790756677950e-06 7.409270091334893e-07 1.713843225130008e-05 1.287063780337396e-05
1.385817652310785e-05 -1.123784680414688e-05 1.993606238486209e-06 8.982258734928385e-07
1.510500754395389e-05 -1.028612067849327e-05 1.658893470504057e-06 7.264362531993266e-07
1.563713084887017e-05 -8.284275918721853e-06 2.011678000112667e-06 -3.446924207255908e-07
1.542515919658138e-05 -6.611794889130225e-06 1.979395255657486e-06 -1.378873433693854e-06
-9.400179727608215e-07 5.676742399716287e-08 -1.283514170345201e-05 -5.597830975177207e-07
-9.407965133934482e-07 1.305771092189336e-06 -3.687345105138006e-07 5.765074341058198e-07
-2.639743893330230e-07 7.144755875634720e-07 6.807080495153207e-06 -2.191882543402045e-05
1.249638875048312e-05 -1.044596601736273e-05 2.705425875116071e-06 1.248315452653382e-07
1.124523340431869e-05 -9.514985031997529e-06 2.109272662200900e-06 -9.367052563398457e-07
1.378771913189489e-05 -7.973644656153583e-06 2.124740515304644e-06 -1.044151750309619e-06
1.412597371159398e-05 -5.738777780699404e-06 7.352572979336448e-07 -7.802647425992757e-07
4.975686733923789e-07 -1.533589656873846e-07 2.052047223190506e-06 1.844829137303722e-05
5.132320074348343e-07 1.543804123639288e-06 -3.858618503311499e-06 8.146568137781295e-06
1.156139055304135e-05 -8.076252278672499e-06 2.019456732422485e-06 -1.311021263106112e-06
1.012340554799842e-05 -8.452423038732498e-06 1.742019157331703e-06 -1.400410649629783e-06
1.209038327493172e-05 -6.449837624250554e-06 1.510727600975267e-06 -1.660440115416641e-07
1.301021180427034e-05 -4.669946681013992e-06 1.509165230207359e-06 -5.342928797411621e-07
1.371069991833065e-06 6.958780271395211e-07 -5.953744024118251e-07 -1.443125392350866e-05
2.400838916750833e-06 -4.627156616044048e-07 2.943725181006796e-06 3.494127269373280e-06
2.387567164492117e-06 1.876863292121262e-06 -4.953546489022282e-07 3.714182004739030e-06
9.132567576054306e-06 -7.280645569640344e-06 1.414479520448407e-06 -7.131179581297785e-08
8.297181566441320e-06 -6.028206163674418e-06 6.289264478336209e-07 -5.512874909179185e-07
7.609669254006669e-06 -4.691336090879463e-06 -5.344167653110397e-07 -4.309409919283217e-07
1.100980587514861e-05 -4.982740502815689e-06 2.223184525377989e-06 -6.609378797385918e-07
1.211679176424941e-05 -3.450342978971172e-06 3.064872749294586e-06 3.453939245660672e-07
3.224941755322110e-06 7.011943878882017e-07 1.818831679218565e-06 5.590494578442815e-06
4.242856168202708e-06 -7.862985503436197e-07 2.054646049888610e-06 -2.440869003881080e-06
4.242855785206409e-06 2.183484530947149e-06 3.835354903148932e-06 7.645322657740419e-07
9.017782205610090e-06 -4.693740712192625e-06 9.211811843466564e-07 -3.505469294482447e-07
7.076744288531703e-06 -3.292657796628419e-06 -4.104060176978506e-07 2.388164591520408e-06
5.925707293467401e-06 -1.040328430798605e-06 -2.423143486571038e-06 -7.688427749686782e-06
6.430395597946206e-06 -1.297449440166086e-06 9.774032176003324e-07 -5.665056317178656e-06
6.710594639456992e-06 -1.821816424443831e-06 2.145279530650656e-06 -2.072863534938818e-06
1.025713731630027e-05 -3.272323910431577e-06 1.800674339578958e-06 6.170585641000111e-07
1.146368181184509e-05 -2.122173313515554e-06 2.669538460911738e-06 -1.930577524512418e-06
5.153039486583589e-06 4.803985266959839e-07 4.647480253830100e-07 5.024497459176318e-08
5.901810654941635e-06 2.421438410949202e-06 3.668096412258001e-06 -2.209826332862930e-06
8.052559241364973e-06 -2.290805436170330e-06 -6.371257850698899e-08 1.641074932688797e-06
6.452522078903176e-06 -2.567574598480496e-07 1.260793155253036e-06 -1.356709194316979e-06
7.050541960252491e-06 -1.114636380178131e-06 2.590171341772992e-06 -2.625686258144503e-06
9.703425864105882e-06 -1.709923738128733e-06 5.134667243139508e-07 -1.187628720221326e-06
1.106877814662817e-05 -7.373078654024442e-07 2.743909813084476e-06 -2.787317799139884e-06
6.461604764995697e-06 1.420249118183123e-06 2.553724663079352e-07 1.562047678339665e-06
6.368139167506033e-06 2.677994773155143e-06 1.266237011490341e-06 -3.233395639043272e-07
8.331545808235888e-06 6.231959650052178e-08 3.253746779322516e-07 3.020868776297163e-07
1.094641514195573e-05 6.688558317468126e-07 3.525682169111046e-06 -1.567038920298230e-06
1.115216389473467e-05 2.082564327091534e-06 2.914492606299622e-06 -1.525313162202757e-06
7.447749144176325e-06 2.325535172741677e-06 7.444763604206163e-07 2.290353235340216e-06
6.633287708170692e-06 3.239388847903107e-06 1.140689882166681e-06 2.276141712890316e-06
6.948026875761054e-06 4.808316733495217e-06 4.477629608413607e-07 3.450580452103037e-06
9.708155004054044e-06 2.244699015030413e-06 2.395048769590286e-06 -2.139711241947796e-07
7.449962341690081e-06 6.376327766157211e-06 1.102568324553992e-06 3.028570460829290e-06
1.166615744768637e-05 3.532059494374272e-06 1.748028232302654e-06 -3.453927008085980e-07
8.347805798369407e-06 4.846693046072576e-06 1.683953701517295e-06 2.681095708649938e-06
1.045989870808395e-05 4.966200793855816e-06 1.651197343744965e-06 8.237583887507626e-07
8.168622307133671e-06 7.894997922088616e-06 2.552645600120282e-06 2.664094349371085e-06
1.247852386497196e-05 4.969103702164998e-06 1.526209684052695e-06 4.498494811492566e-07
1.185500520015451e-05 6.428085437780920e-06 1.895308681068219e-06 3.847543238684207e-07
1.033316722348239e-05 7.359021402607298e-06 1.961620590747686e-06 1.295921088046048e-06
9.072648993071263e-06 9.386737306518024e-06 2.150609321568207e-06 1.426813721577478e-06
1.019805815358965e-05 1.080988545804870e-05 2.615632797885699e-06 1.655174617357346e-06
1.359489483579088e-05 6.321430002893691e-06 2.750596266835282e-06 3.590292975362476e-07
1.281569993484419e-05 8.115222757820795e-06 2.704481978199306e-06 1.325415657889338e-06
1.189204755401408e-05 1.025621827699210e-05 2.823219257023244e-06 1.773249152229708e-06
1.149652112627296e-05 1.214256580033611e-05 2.860415821631617e-06 1.908505174272581e-06
1.498016628849260e-05 7.537748601001474e-06 2.092823233393595e-06 9.082108050835947e-07
1.457047000537844e-05 1.025743671219362e-05 1.266816171395943e-06 2.188812129735242e-06
1.299414286632483e-05 1.332707646591791e-05 1.909891409621702e-06 2.308003200967461e-06
1.467917856097771e-05 1.436641319984700e-05 3.153863676581068e-06 3.772664654137196e-06
1.650464615172926e-05 1.524414558037796e-05 3.149763735743886e-06 3.271819660709040e-06
1.664163273318642e-05 1.085230060062528e-05 3.162656481301228e-06 3.207226235678767e-06
1.662181419261300e-05 8.563875914645383e-06 2.287194348012059e-06 1.377964796369117e-06
1.622520879748201e-05 1.317583766772675e-05 3.433496554255017e-06 3.883018472051196e-06
1.847427453965879e-05 1.589651844485297e-05 1.578484523519732e-06 2.953300118266978e-06
2.055296872440454e-05 1.633424071495036e-05 3.436224744028206e-06 3.950469512822975e-06
1.832823350209818e-05 1.136546530988542e-05 4.418551610490946e-06 2.939287141974815e-06
1.849206423254604e-05 9.312066659754754e-06 4.909070424584336e-06 2.666940737357870e-06
2.269205512107128e-05 1.652659878748647e-05 6.660762137019496e-06 4.361948884545945e-06
2.027689294687740e-05 1.331689703739873e-05 2.948507101256366e-06 1.064873687799196e-06
2.052956507889689e-05 9.744792165459684e-06 4.129328132813061e-06 1.891510379571151e-06
2.315721139562671e-05 1.365060895743841e-05 6.033392625874069e-06 2.569833422883955e-06
2.511829149421023e-05 1.660968645707920e-05 7.274221530736763e-06 4.528675305375326e-06
2.266748523183570e-05 9.860704437186809e-06 3.385253892954113e-06 5.735620675834505e-07
2.854275631586195e-05 1.669321250124360e-05 3.530286831075773e-06 4.792678706157659e-06
2.580471368914593e-05 1.199030545287716e-05 5.833861844531681e-06 3.428351623242583e-06
2.511582314833450e-05 9.775240106668426e-06 5.085538662640437e-06 1.299646032687578e-06
3.343417406856487e-05 1.682047772121017e-05 8.396638910839552e-06 2.435573165909508e-06
3.097909750447822e-05 1.290487702046088e-05 6.544184350898924e-06 1.806845734046215e-06
2.855176356956658e-05 9.661809909515718e-06 7.213938796059227e-06 2.245905591395420e-06
4.008907026838727e-05 1.696270663588957e-05 1.037059342728826e-05 1.615914254209348e-06
3.672452231009219e-05 1.318970386654167e-05 9.849520368837635e-06 2.619124802546395e-06
3.342880917607360e-05 9.542454588112502e-06 7.301919904208115e-06 2.948556149169364e-06
4.723901994120017e-05 1.707633602957550e-05 1.236211374939746e-05 4.839521298301861e-06
4.362943767127446e-05 1.318998451548026e-05 1.079222714634325e-05 1.790094546191890e-06
4.009166574156383e-05 9.415814931593214e-06 1.113320259735080e-05 3.282842586869480e-06
5.459267340036304e-05 1.717515359556800e-05 1.385417507180456e-05 4.403250805026077e-06
5.088283885541785e-05 1.319564111506865e-05 1.324291814102669e-05 2.890566105059400e-06
4.723623803867789e-05 9.308628996113134e-06 1.186213122466375e-05 -4.124574237199199e-07
6.209728316957004e-05 1.724319130961614e-05 1.513517265155667e-05 2.620271487546740e-06
5.832625949752116e-05 1.319976451050435e-05 1.444131640300246e-05 3.910619958110596e-06
5.459162612848649e-05 9.220735222855462e-06 1.302575549653033e-05 2.989832396216475e-06
6.970040934937775e-05 1.730025898859142e-05 1.756326913709621e-05 9.248500059689726e-07
6.588142933700177e-05 1.320217596315837e-05 1.724960866123225e-05 1.021346496073990e-06
6.209666901040707e-05 9.158775486350827e-06 1.699893305190956e-05 2.334505080101097e-06
7.740062602974540e-05 1.734386973365359e-05 1.910199739350990e-05 4.588425350129823e-06
7.353592249338136e-05 1.320419037329978e-05 1.698862125426964e-05 2.061378969084134e-06
6.969931126070941e-05 9.106472197869165e-06 1.675864223803784e-05 1.555323794248085e-06
8.517323398109428e-05 1.737271715768838e-05 2.170130159126778e-05 3.365565150717388e-06
8.127801616324349e-05 1.320337152480601e-05 2.112667224327254e-05 3.543383643999259e-06
7.740164471278498e-05 9.063690880796919e-06 1.833963135260647e-05 1.401851009945788e-06
9.297678778235447e-05 1.738446636484251e-05 2.209443244513341e-05 3.416739655033411e-06
8.907242686716766e-05 1.320450975386328e-05 2.195038610589696e-05 2.312386300335718e-06
8.517203176952174e-05 9.035272040901696e-06 2.264058213096439e-05 2.572224742428493e-06
1.007845544867043e-04 1.738505860968967e-05 2.512609604364780e-05 5.066804866093261e-06
9.688109008329516e-05 1.320189147594315e-05 2.282370779076523e-05 2.498723719815864e-06
9.297818334810508e-05 9.022379973110084e-06 2.160669128755843e-05 1.318540532315138e-06
1.175550661671590e-04 1.693828349409133e-05 3.057060769006161e-05 4.314134069345820e-06
1.164443475950352e-04 1.739850295218975e-05 3.017900573334724e-05 4.407289581301547e-06
1.042859844745884e-04 1.320085690610903e-05 2.725682216355681e-05 1.840111280355074e-06
1.086105726335048e-04 1.739528141009535e-05 2.793871116086683e-05 3.228941687868126e-06
1.007853379046447e-04 9.016842234915014e-06 2.566391326915122e-05 -6.881580008401065e-07
1.180151281505573e-04 1.582739668128960e-05 3.073699459094653e-05 4.014989165298771e-06
1.153854109329517e-04 1.320845718691873e-05 2.955421506945895e-05 2.982722359519773e-06
1.086078488698148e-04 9.011944978494017e-06 2.747828483033167e-05 9.060255924342067e-07
1.180146924082350e-04 1.059028873863258e-05 3.049989552374632e-05 2.250351758819492e-06
1.164430957034148e-04 9.018046274980512e-06 2.979725128465680e-05 1.677351208691864e-06
1.175543917763645e-04 9.478663027670232e-06 3.028519124315348e-05 1.838308016886541e-06
