2.824338060024427e-05 -2.627577648968874e-06 -2.122247234113487e-05 6.514230743512234e-06
2.836600552781746e-05 -2.332180348965121e-06 -2.141920534999788e-05 5.940855875829029e-06
2.836647993353701e-05 -9.427591747468460e-07 -2.183374373907704e-05 2.481195580157459e-06
2.824387590183735e-05 -6.473278239897170e-07 -2.163675634530038e-05 1.689797494635483e-06
2.794756603275016e-05 -2.749970917114040e-06 -2.073576115545235e-05 6.751567723626249e-06
2.739179943143967e-05 -1.637639950290967e-06 -2.042348460907851e-05 4.200076645648362e-06
2.794804710596501e-05 -5.249357641509476e-07 -2.105670267247582e-05 1.340391707121499e-06
2.585330151637710e-05 -2.756775883622330e-06 -2.045634424273167e-05 5.721086127864895e-06
2.585402395840686e-05 -5.210223414629860e-07 -2.005837076558291e-05 1.049323454813927e-06
2.470058202187006e-05 -1.640873460011813e-06 -1.961414785927739e-05 2.944678645485100e-06
2.375933363569309e-05 -2.771974542882168e-06 -1.849314950676170e-05 3.895033256050108e-06
2.375996227127053e-05 -5.117566726791862e-07 -1.836811654273531e-05 1.784877775329312e-06
2.270782877508036e-05 -1.641154699043715e-06 -1.675424873803150e-05 3.101449772078121e-06
2.165700859923852e-05 -2.765932294827229e-06 -1.583045513552750e-05 4.814890594225079e-06
2.165653114206311e-05 -5.118364410220007e-07 -1.698657011646664e-05 3.169285363606986e-06
2.060597754641346e-05 -1.636497039657699e-06 -1.685252683514236e-05 3.757218769643086e-06
1.955468904266416e-05 -2.759413899848272e-06 -1.574019371160314e-05 5.053116024684981e-06
1.955514420434096e-05 -5.136961339170080e-07 -1.576542400996390e-05 1.293085547284785e-06
1.850519114739352e-05 -1.637608031059032e-06 -1.395132552968056e-05 2.591953798570277e-06
1.746017177993391e-05 -2.753783673063063e-06 -1.222155807811961e-05 4.603682118163460e-06
1.746297058210978e-05 -5.263497624514902e-07 -1.311475272088706e-05 2.972246445877743e-06
1.642023004026601e-05 -1.641312477621937e-06 -1.370907116549758e-05 3.957762348578453e-06
1.537802975575432e-05 -2.749083562044250e-06 -1.403468588658256e-05 5.138421423681025e-06
1.537967491178548e-05 -5.345357809588235e-07 -1.271035355545364e-05 1.088699675875237e-06
1.434228707249263e-05 -1.643561286663093e-06 -1.114560088820049e-05 2.488666882336671e-06
1.332139158865354e-05 -2.730734199662430e-06 -1.024982768147428e-05 2.516325265557318e-06
1.332178756898078e-05 -5.543938052624226e-07 -1.178956002521062e-05 3.981510287626243e-06
1.230817892549281e-05 -1.641939195747370e-06 -1.236195002544611e-05 3.635482309121622e-06
1.130983691589375e-05 -2.704453028031897e-06 -1.196725400926037e-05 2.919637027642664e-06
1.130920136799527e-05 -5.782871644623065e-07 -1.246171369190946e-05 5.289939673547358e-06
1.032311521330175e-05 -1.643335601813332e-06 -1.094189765665240e-05 4.363077565862665e-06
9.366494214232323e-06 -2.663128398835794e-06 -1.074067106782757e-05 3.327699882661945e-06
9.363476799120465e-06 -6.245698423803543e-07 -9.498376291734828e-06 3.420065740663022e-06
8.420233732579158e-06 -1.645334247688496e-06 -9.314372243468928e-06 3.100091867790471e-06
7.497754212178867e-06 -2.622345720247424e-06 -9.832153971158367e-06 6.769013485828685e-06
7.504998294564732e-06 -6.751545930397444e-07 -8.711179613350233e-06 1.598628847417708e-08
6.631292199039702e-06 -1.650809590443875e-06 -1.043954287738439e-05 1.649273012036770e-06
5.807391530889797e-06 -2.551248413477773e-06 -7.689924880342904e-06 3.858917876295044e-06
5.802916982348803e-06 -7.507458809151987e-07 -1.054566817311760e-05 3.320342782653448e-06
5.201552618826443e-06 -1.712563139321049e-06 -7.905357515463392e-06 5.291375278535937e-06
4.616446656862516e-06 -2.490497000856442e-06 -7.362333111941296e-06 1.359219005146987e-06
4.617425417192283e-06 -8.152375531200500e-07 -8.812580070748979e-06 3.115355451688391e-06
3.807286734651050e-06 -2.435533348553625e-06 -7.345082791948104e-06 3.249026081011579e-06
3.945551178793118e-06 -1.929845239491053e-06 -8.659154006597051e-06 2.959063543246110e-06
3.813000962391584e-06 -8.602612066369156e-07 -6.151471014909551e-06 9.613370317155844e-06
3.266431946852130e-06 -9.096005888687803e-07 -6.987319228060515e-06 5.286282847831228e-06
-2.136391092743660e-07 5.011880223200172e-08 -1.196082887700782e-05 -2.192850079054853e-06
-2.413086855965943e-07 8.510974749810967e-08 1.786166364880169e-05 -1.025265191835839e-04
-2.510167508421433e-07 1.786071840931609e-07 2.101588377113451e-05 1.036921452851479e-04
-2.352526336770262e-07 1.347884085443501e-07 6.699739326065894e-06 -7.513711152568570e-06
3.259344780830626e-06 -2.390758058717733e-06 -4.253390398713785e-06 3.314434739057513e-06
2.792758205219796e-06 -2.329187770160198e-06 -4.997681070101551e-06 3.927879688465308e-06
3.135515443465415e-06 -1.464483240775123e-06 -9.549853959380558e-06 2.347051307413183e-06
2.780141194465369e-06 -9.221810358431425e-07 -3.302301688029706e-06 8.226574320921452e-07
-1.626152425917322e-07 4.106633693235354e-08 -3.155049544460842e-05 2.275491776781517e-05
-2.004232824135208e-07 1.140658230804023e-07 2.295653277993139e-05 2.087095295503908e-05
-2.323243920820596e-07 1.130171576472119e-07 -4.594001132578755e-05 -5.913464217796667e-05
2.633533579226933e-06 -1.878564448403034e-06 -6.494408484124426e-06 2.932328442640957e-06
2.354567515704238e-06 -2.207898709610061e-06 -9.434223353530039e-06 4.957079382250118e-06
1.958595640225902e-06 -2.051804864818135e-06 -8.082495943866798e-06 4.217633779730998e-06
2.494454077723346e-06 -1.305765374624492e-06 -3.797105541445070e-06 1.694489424094153e-07
2.349539520904742e-06 -8.572723986033270e-07 -1.298761576632902e-05 5.909962413317465e-06
-1.281837490037696e-07 7.075549141090075e-08 -1.418976839433484e-05 -1.312617294211712e-05
-1.263483743197589e-07 1.836912334460562e-07 2.697085033397088e-06 5.484910134005275e-07
-8.729341295661257e-08 7.587735213058464e-08 1.726848552795952e-05 1.417082446795931e-06
1.609378590204659e-06 -1.848273032968587e-06 -7.135425435163095e-06 2.879824534180498e-06
1.893978058487969e-06 -1.627560257432536e-06 -6.790737885912149e-06 1.659805197731613e-06
2.027505927451334e-06 -1.130972848240053e-06 -6.287846690219759e-06 8.136204802880782e-06
1.967928435938503e-06 -7.452350539718887e-07 -2.775199564391456e-06 -5.554162114052513e-06
-4.227972560250336e-08 6.669381629844320e-08 -5.309925442775577e-06 4.634992633903474e-06
-2.081666395792574e-08 1.754700449179122e-07 -1.101263110414816e-05 3.656008490475841e-08
1.779216778377527e-08 7.872321516698596e-08 1.232138302642359e-05 -1.035340446802823e-05
1.301565810679475e-06 -1.633343651026325e-06 -7.830426509352307e-06 4.719466124350164e-06
1.043944052881129e-06 -1.400154433993877e-06 -4.712061116164488e-06 2.644539353158890e-06
1.579563973475426e-06 -1.066455354167114e-06 -4.880255648913875e-06 2.544751355624996e-06
1.636585916853614e-06 -5.986963485373450e-07 -1.216378665213374e-05 1.143075360264368e-06
8.323075279434411e-08 6.024086080695672e-08 -8.134128899262778e-06 5.677442159180179e-06
7.910288646224848e-08 2.068242982590011e-07 -2.676912184053769e-07 5.954706911982114e-06
1.111618186791390e-06 -1.076077854845793e-06 -2.806398107260717e-06 1.351556293712541e-06
8.521340540559580e-07 -1.146206443142473e-06 -1.919060466920113e-06 -4.204759286734689e-07
1.216066974431987e-06 -7.543645381556966e-07 -3.845481530946568e-06 3.376768951236364e-06
1.376132355145223e-06 -4.371875887704133e-07 -6.183227484742389e-07 3.501287763373897e-06
1.550376987617220e-07 8.630692115671046e-08 4.005594065146644e-06 -9.387082804601409e-06
2.276727848498068e-07 4.646256905965317e-08 3.595312336724706e-06 3.499363620148077e-06
2.259649136381427e-07 2.227899677555374e-07 -3.935783702782854e-06 -9.368319140371915e-07
6.980688886564117e-07 -8.966406038009400e-07 -1.966899488642918e-06 -2.449943377604391e-07
6.005222600674817e-07 -6.816591304674653e-07 -5.814519415117070e-06 1.651986661982126e-06
5.449490115775103e-07 -4.631755466189950e-07 -1.508395009186094e-06 2.138326763072326e-06
1.021687956533393e-06 -4.953109250969723e-07 -6.287471545037071e-06 9.789375935031699e-07
1.175778875776651e-06 -2.526588473503984e-07 2.420343569895152e-06 8.845447747430480e-06
2.962211913081148e-07 1.393857096027331e-07 -5.575995597217349e-06 -4.024882829403492e-06
3.719523378057621e-07 -2.010076277733532e-09 -1.196371172898567e-06 8.917542060157952e-07
3.664163923498043e-07 2.433425360936111e-07 3.325154006427393e-06 -5.571811974334073e-06
7.181309484412205e-07 -4.565501762573835e-07 -7.764718676919617e-06 5.439439750030742e-07
5.166395396233546e-07 -2.521360234769160e-07 2.519234454584562e-06 2.337776907933646e-06
4.793451664446558e-07 -1.458149994870421e-08 3.580450094166120e-06 -1.042592988182498e-05
5.261965360113601e-07 -4.045551332673327e-08 -3.042086292942349e-06 -4.874143043505566e-06
5.374926729989733e-07 -9.113612657710326e-08 -4.970381698329155e-06 1.081848339560400e-06
8.938067045735489e-07 -2.416635228687908e-07 -2.977328916319833e-06 9.313678686861100e-07
1.037931260048402e-06 -1.030138827172780e-07 7.211268757055584e-07 -4.921366832353969e-06
4.462002283693124e-07 1.077833778162773e-07 -3.015447868126322e-06 4.355713283955987e-06
5.258987227173573e-07 2.527120065174374e-07 -2.098068539623783e-06 -1.239108766566336e-05
6.330282008510271e-07 -1.295818786711254e-07 -7.527520776768038e-07 2.075378061256669e-06
5.410858816091021e-07 6.227246551487399e-08 -1.847205425491188e-06 -5.242110633594033e-06
5.801973299553687e-07 -2.208035812389148e-08 -5.787720125277660e-06 -5.513245754147026e-07
8.173475625479637e-07 -6.694219383964531e-08 -4.846559874767048e-06 1.843475098709290e-06
9.412910774535600e-07 3.311357501093548e-08 -9.757474663282078e-06 -4.328977004617974e-06
5.604082021918187e-07 1.859664920458385e-07 -5.334831633348153e-06 2.586259548876412e-07
5.706894765848264e-07 2.744384399213637e-07 2.427243732581615e-06 -1.140825898451781e-05
6.881427518858112e-07 8.859032258153532e-08 -2.631123658747046e-06 7.697089564306315e-06
8.882263845474901e-07 1.485392617084669e-07 -4.590487634165295e-06 -9.021102131509496e-06
8.421346644647424e-07 2.366165842709822e-07 5.956394638036451e-06 1.548470090369048e-06
6.419078211786210e-07 2.622653867356588e-07 -5.534945856938242e-06 1.544311090370488e-07
6.016704755453224e-07 3.043962952863284e-07 5.962670606473810e-06 -1.105454291641620e-05
6.565882387765040e-07 3.510879670579854e-07 1.394349950101088e-06 -3.206965691736796e-06
7.760922692061179e-07 2.618805696274587e-07 -2.665682317248722e-06 4.063335744360939e-06
7.165394862259574e-07 3.719548312690614e-07 -2.853835918734940e-06 7.019068124282677e-06
8.185047633302363e-07 3.189222289298932e-07 3.306299507084056e-06 -2.990496708495618e-06
7.241565465641381e-07 3.633544670424275e-07 -5.432283692807409e-06 -7.021959301139685e-07
7.816876576746252e-07 3.741592983648382e-07 -9.917897047395306e-06 -2.497013816100238e-06
7.599126657807581e-07 3.817374278734722e-07 2.421941526476247e-07 8.052374645074610e-06
7.892495540244842e-07 3.847329677922830e-07 -3.901877775369568e-06 6.044188823830150e-06
7.682913813666374e-07 3.968200985920885e-07 -7.481757564932959e-06 -1.977580998901299e-06
7.840280053346480e-07 3.905430076032233e-07 -4.440885924079909e-06 -1.273604472254018e-05
7.985123914770800e-07 3.641108919384425e-07 -3.109396474892937e-06 -7.607960319707509e-06
8.026245790296226e-07 2.867989312965683e-07 -4.494391135388046e-06 2.338688394605529e-07
7.285964709709700e-07 3.992097505975236e-07 -9.367717912525850e-06 2.782373139860187e-06
7.329353161938545e-07 3.746491522708118e-07 -7.079078061302497e-06 -7.866842234856172e-06
7.695738102346522e-07 3.026352221091172e-07 -6.223944261111930e-06 -2.870047711840821e-06
7.911773470452782e-07 2.094138173435089e-07 -7.230059066454127e-06 -3.993506969315274e-06
6.645278339594695e-07 4.112898012816246e-07 5.013426329899119e-06 1.997973280189134e-06
6.558707656637839e-07 2.992707559678760e-07 -4.295985450748745e-06 -9.764895630843793e-07
7.339226085256289e-07 1.356760774164858e-07 -5.979578478510057e-06 -9.403975110890137e-06
6.493157552241909e-07 3.490553560983735e-08 -4.142643424321576e-06 -9.476114257082179e-06
5.416208535305985e-07 -6.271895443098468e-08 -2.086390650157184e-06 -7.921044075478931e-06
5.314860872910579e-07 2.634724968107602e-07 -9.450213994246393e-06 -5.252146036559678e-06
5.399343761377428e-07 3.982255567105765e-07 -2.902060382979891e-06 -1.446417784998236e-06
5.674683177326564e-07 1.016250976427084e-07 -5.136003731579076e-06 -7.317441435815654e-06
3.841848446772271e-07 -1.301361991184377e-07 -3.134607123540533e-06 -6.654160566185262e-06
2.004754106820360e-07 -1.928738632354919e-07 -1.157817813485143e-05 -5.752341000589110e-06
4.110547203415795e-07 2.281084401498018e-07 -6.399047795623621e-06 -4.963340325871922e-06
3.995956132222020e-07 3.844141730390621e-07 -7.331223009035135e-06 -8.905847230279856e-06
1.942608450155774e-08 -2.424611269583320e-07 -1.046187133118705e-05 -3.981226989668452e-06
2.455978424602234e-07 7.765767467667685e-08 -8.015354933165541e-06 -5.144008291610421e-06
2.175556474983943e-07 3.765800530774660e-07 -7.095102318543094e-06 -3.239651330367822e-06
-2.180175860180673e-08 4.401723003266979e-08 -7.090852894892420e-06 -3.176704507870848e-06
-2.372076001447338e-07 -2.861740092973776e-07 -1.491779085222911e-05 -7.463230705886885e-06
2.520599067568846e-08 3.948276444147203e-07 -1.329520509422228e-05 -1.536450583573429e-06
-6.066592771866027e-07 -3.157523911613565e-07 -1.124724655603505e-05 -6.867546470579103e-06
-2.966883710074497e-07 2.094813783537506e-07 -9.558031028526901e-06 -6.239270207760036e-06
-2.327384157259739e-07 4.355452719500450e-07 -1.093511811721441e-05 -4.173966727530356e-06
-1.206077980803697e-06 -3.801821882359920e-07 -1.423234504013195e-05 -7.729197519602326e-06
-8.939334991105807e-07 1.131420211730069e-07 -1.259946781356379e-05 -5.154227460544040e-06
-6.148315971228616e-07 4.919928569657509e-07 -1.370800957893825e-05 -1.713390981974087e-06
-2.105181225049458e-06 -4.317014509002138e-07 -1.753039420700334e-05 -5.823970161480017e-06
-1.641162344667144e-06 8.888384422123145e-08 -1.486276179425175e-05 -4.503088657715061e-06
-1.206938761494953e-06 5.505016853905404e-07 -1.577258540325606e-05 -3.804946734070812e-06
-3.126210678333217e-06 -4.818174814916796e-07 -1.818923734732057e-05 -5.419516391475534e-06
-2.600227321076004e-06 8.714624860629078e-08 -1.938023216751642e-05 -5.438310485847932e-06
-2.106392659884007e-06 6.050372256764558e-07 -1.683666865735271e-05 -4.111690962092244e-06
-4.228414981105536e-06 -5.098270913205450e-07 -2.208659465340223e-05 -7.623394361808489e-06
-3.668228749972286e-06 9.238700371667172e-08 -1.954324325179028e-05 -3.827800762372537e-06
-3.128776965241677e-06 6.600817648749787e-07 -2.000504440056169e-05 -4.256773890038498e-06
-5.389791727792120e-06 -5.362763083622799e-07 -2.583724025311565e-05 -7.550302637796702e-06
-4.799850111498408e-06 9.467068916585313e-08 -2.342425956142036e-05 -5.950197343040151e-06
-4.227426725782668e-06 6.972735529258256e-07 -2.046468345045193e-05 -3.110437807986555e-06
-6.575032172082582e-06 -5.420943327409639e-07 -2.719788928894641e-05 -8.346888852748909e-06
-5.983054594374232e-06 9.634465901743934e-08 -2.656378229296075e-05 -5.830686960422011e-06
-5.392414731044049e-06 7.276125136259181e-07 -2.569124798532614e-05 -3.786842652853812e-06
-7.776427616572119e-06 -5.532882714579573e-07 -3.077575966927874e-05 -4.845302012789933e-06
-7.170128336440085e-06 9.764056389100283e-08 -3.001115286650540e-05 -5.227185214798138e-06
-6.574940359996556e-06 7.344992542868991e-07 -2.768572327500038e-05 -3.195115027243445e-06
-9.005274257159825e-06 -5.581274381084106e-07 -3.547533453186690e-05 -7.083583016474175e-06
-8.389636058259860e-06 9.856490859602508e-08 -3.183318009912837e-05 -4.473380290701332e-06
-7.777632791082797e-06 7.505945001230290e-07 -3.165241108185463e-05 -5.029563091283558e-06
-1.023534019496853e-05 -5.627728954735180e-07 -3.845262913864899e-05 -5.978665054345997e-06
-9.617834370395222e-06 9.660458085828268e-08 -3.801314788638114e-05 -5.919934440383898e-06
-9.002331649199190e-06 7.523995431923319e-07 -3.398214071836389e-05 -3.845667202353782e-06
-1.147605338136857e-05 -5.524835646111864e-07 -4.152285733982022e-05 -7.485500740194405e-06
-1.085840124718027e-05 1.032607642218723e-07 -3.901342764871754e-05 -5.046700774614936e-06
-1.023916056875472e-05 7.627591497791804e-07 -3.930216918601172e-05 -4.517753290794096e-06
-1.412295249472891e-05 -4.836243642303444e-07 -5.287159734035315e-05 -1.030201018885662e-05
-1.394775260467265e-05 -5.560347083768286e-07 -5.123541971099929e-05 -1.055389396463078e-05
-1.203308110661427e-05 1.069248378613913e-07 -4.524975503844389e-05 -5.310795618310457e-06
-1.272254177178723e-05 -5.522424261560260e-07 -4.777626137761852e-05 -5.677336911716908e-06
-1.147780721410793e-05 7.612257694910625e-07 -4.178403133230044e-05 -2.566829532827009e-06
-1.419555832815560e-05 -3.085441616178403e-07 -5.357446796446152e-05 -9.216263201262046e-06
-1.378149902510619e-05 1.061311996874040e-07 -4.897310308900541e-05 -5.384042504510840e-06
-1.272171675188238e-05 7.670304155334751e-07 -4.749055923115246e-05 -5.670117687395943e-06
-1.419740008095437e-05 5.215478387377032e-07 -5.303756520897873e-05 -1.649864586859753e-06
-1.394903931772875e-05 7.700865430188834e-07 -5.075107764619723e-05 -5.030567865376248e-07
-1.412471914963455e-05 6.973612383605186e-07 -5.232461450343887e-05 -6.951765277626886e-07
