7.095579078570623e-05 -1.241442099328231e-05 -5.238040922061311e-06 1.762576629817957e-06
7.118954557671681e-05 -1.185002999636196e-05 -5.229109607775934e-06 1.738022390156462e-06
7.118960884001725e-05 -9.187602105196466e-06 -5.080153683137416e-06 1.858300511081088e-06
7.095582647827166e-05 -8.623046638962341e-06 -5.068378264940644e-06 1.749259089953799e-06
7.039142428607035e-05 -1.264815336355007e-05 -5.252479083143796e-06 1.785860207096504e-06
6.933326129694188e-05 -1.051881410002870e-05 -5.075390514898177e-06 1.589997065168304e-06
7.039136255716846e-05 -8.389231860383902e-06 -5.034217498783532e-06 1.669905649528256e-06
6.642316467722094e-05 -1.264419655655833e-05 -4.231494105814997e-06 1.319135980376868e-06
6.642232205117126e-05 -8.391840115536955e-06 -3.834457467433118e-06 2.850398898280064e-07
6.423103781309158e-05 -1.051716029871101e-05 -4.838724830976265e-06 3.919755684900951e-07
6.245564472834607e-05 -1.263750415104437e-05 -5.741161166487175e-06 -3.475166793694295e-07
6.245567873396681e-05 -8.396444648472089e-06 -6.084899906043255e-06 1.485613779937145e-06
6.047409213786815e-05 -1.051638685795537e-05 -5.982689839678528e-06 9.507887242894067e-07
5.848704289831243e-05 -1.264558200238050e-05 -4.864614559387704e-06 3.018528222089348e-07
5.848840835246293e-05 -8.387299785629595e-06 -4.993786417597537e-06 2.267333329076622e-06
5.649766283745587e-05 -1.051569360515149e-05 -4.252430969636161e-06 1.389725222323516e-06
5.449558980701062e-05 -1.266255830043851e-05 -3.481208495364401e-06 1.049272156081947e-06
5.449578373784830e-05 -8.366960975282125e-06 -3.541263555721481e-06 1.720117600728374e-06
5.248682072108961e-05 -1.051408964248153e-05 -4.150917515312138e-06 1.337682830987416e-06
5.046723065829398e-05 -1.267500194038132e-05 -3.323746655909261e-06 2.648357973149397e-06
5.046973926290578e-05 -8.353539326217632e-06 -3.234416587093158e-06 -1.662430759341276e-07
4.844901626329224e-05 -1.051344914346791e-05 -3.577659250263495e-06 1.091363876938465e-06
4.643246301878985e-05 -1.267381774524574e-05 -4.562658443497656e-06 2.368959388193677e-07
4.643051980831452e-05 -8.347958060031194e-06 -4.531033364250019e-06 1.861571668707688e-06
4.441295139695944e-05 -1.050943833880123e-05 -5.151593249424645e-06 1.144977436609177e-06
4.238219958061149e-05 -1.268665801610264e-05 -3.512974858065440e-06 3.709964005662204e-06
4.238452904921360e-05 -8.334224554992487e-06 -4.214753496114808e-06 -2.665510885254039e-07
4.034739529561272e-05 -1.051204066833431e-05 -3.391178009804287e-06 2.043606453145911e-06
3.830851442665071e-05 -1.269320732154263e-05 -4.734963064063468e-06 3.187506131111317e-06
3.830684381007830e-05 -8.329528065114506e-06 -3.272849502581840e-06 8.419560181973894e-08
3.626767479285116e-05 -1.051133142940825e-05 -4.368450913113808e-06 9.167076406400605e-07
3.422257823393672e-05 -1.270125537732969e-05 -3.520273185159792e-06 2.231206240464460e-06
3.422438903319221e-05 -8.319037184199184e-06 -4.829819205086595e-06 -1.856727723076540e-07
3.217943827158462e-05 -1.050904126765450e-05 -3.618667654083911e-06 1.172934964128789e-06
3.013703945208383e-05 -1.270314529177522e-05 -4.250030371805154e-06 -8.765963399534581e-07
3.012937475185832e-05 -8.305252652718028e-06 -3.216272706306527e-06 1.304928903701780e-06
2.816625411879032e-05 -1.050142172734520e-05 -3.418488192291992e-06 7.908562014746003e-08
2.618488456962035e-05 -1.271691924135393e-05 -2.202160264136750e-06 -8.151335738020659e-07
2.619238885949366e-05 -8.294816338603607e-06 -3.306935881157265e-06 2.872147117635613e-06
2.470266183422575e-05 -1.068154143300402e-05 -1.966939049273267e-06 1.680132654648878e-06
2.318873480397757e-05 -1.271584656441815e-05 -2.204115087590021e-06 4.643942288558155e-07
2.318593991413790e-05 -8.293811677127733e-06 -9.144323453970015e-07 1.720733820933853e-06
2.100474110961203e-05 -1.271652316327616e-05 -2.566608003693751e-06 6.712451464220570e-07
2.143397782079767e-05 -1.125737586690894e-05 -2.700437062516125e-06 1.004035940476205e-06
2.100794522012997e-05 -8.292527547169263e-06 -2.598839592697217e-06 2.017962224587294e-06
1.941435230723096e-05 -8.286590901236585e-06 -3.141807464313193e-06 2.320069782299820e-06
-3.365165682352085e-06 -4.565493557688542e-07 1.996177473927605e-05 -2.521532947367749e-05
-3.413118593423400e-06 -2.870224734359362e-07 1.163577484924314e-05 5.569461745298996e-05
-3.466046346312628e-06 3.117509077770522e-07 5.864714810787106e-05 9.056030712356240e-06
-3.422859249139908e-06 4.596877505894439e-07 5.709516527539727e-05 -5.948641720798767e-06
1.941236378842854e-05 -1.271894905330768e-05 -6.827076192134464e-07 2.552068318322277e-07
1.796222150701130e-05 -1.263855775294464e-05 -8.985285752738578e-07 1.941187232678254e-06
1.909479742614579e-05 -9.951638522801592e-06 -2.725560397401603e-06 1.561342171403341e-06
1.796280358009035e-05 -8.152942791735481e-06 -2.841818780340374e-06 1.138361327907847e-06
-3.222351732209246e-06 -5.359391848142993e-07 2.749145541420736e-05 -6.130058419812010e-05
-2.884865990870683e-06 5.243892745576620e-08 -4.575204235231878e-05 -1.776254462152470e-06
-3.304205405078327e-06 5.337595710097229e-07 2.250183904123993e-05 1.077581634906170e-06
1.750351780673560e-05 -1.127222631265440e-05 -2.363384892088249e-06 1.611751107537067e-06
1.653332474967488e-05 -1.239256966912892e-05 -3.351728610004531e-06 2.907624041262908e-06
1.513483438766100e-05 -1.198286329149806e-05 -4.001333454863499e-06 7.051626531171641e-07
1.706324136687063e-05 -9.369825342853553e-06 -2.301202176262639e-06 4.260083995948309e-08
1.655684983504995e-05 -7.771720346909691e-06 -2.138400516864190e-06 -7.420350630551219e-07
-2.132258348733461e-06 -5.181474027406367e-07 9.389095073607100e-06 1.844260156612144e-05
-2.115597022247672e-06 5.916620452708840e-07 1.496881530414223e-05 -1.850943552203618e-06
-1.535903134745307e-06 3.055862900677508e-08 -5.375595002783124e-06 -2.763869538059649e-05
1.378883476925752e-05 -1.141717028758917e-05 -2.548882504911139e-06 -6.918903569514181e-07
1.495083576568922e-05 -1.053933340537167e-05 -2.846849383758278e-06 -1.056667875759146e-06
1.543269969827714e-05 -8.711192891783909e-06 -1.513295775566855e-06 2.887842503696041e-07
1.523750240589374e-05 -7.153715242564345e-06 -2.273334354869718e-06 -1.067735728570190e-06
-9.320226130814167e-07 -6.137996864132490e-07 1.618112504289333e-06 4.328844346649026e-06
-9.280464323482307e-07 6.907766732405276e-07 -1.300177107484642e-06 1.600117756738009e-05
-2.091694658827712e-07 1.141398170571254e-08 -6.141094924542187e-06 -2.748215719962663e-05
1.251443548235244e-05 -1.070038050541330e-05 -2.174652153799093e-06 1.103174193266136e-06
1.133368409854018e-05 -9.851529412257169e-06 -2.101390889748594e-06 -1.760945572188124e-07
1.372415210985545e-05 -8.415080218173365e-06 -1.880254749250479e-06 1.894222279583792e-06
1.404421911725529e-05 -6.321669207752345e-06 -4.026180640112116e-06 -1.382341387463863e-07
5.952857759557827e-07 -8.341349560452715e-07 4.803886008708585e-06 1.599290481793547e-05
5.897792485073636e-07 8.910328790555782e-07 3.905307814869758e-06 1.592514700592218e-05
1.163315695268246e-05 -8.517801184735188e-06 -2.091543892393463e-06 -3.504317914532841e-07
1.026286864070461e-05 -8.876538784567445e-06 3.795429321165317e-07 -1.398996553435885e-06
1.214044979796215e-05 -6.987387969966582e-06 -3.851080579972729e-06 2.262456859845678e-07
1.301601908076174e-05 -5.294458608855499e-06 -5.722195981919851e-07 3.200501229294459e-07
1.468547331018575e-06 -7.507247824665350e-09 -7.528279591389198e-06 -2.487428215995779e-05
2.522431183491834e-06 -1.145967291001576e-06 9.218407207539453e-06 1.039829614422094e-05
2.520471425968789e-06 1.200198954262566e-06 2.430147141520081e-06 9.246528907313302e-06
9.310651507928621e-06 -7.787369780699267e-06 2.578457272289684e-06 -2.687277766935960e-08
8.477765465866747e-06 -6.579653250107189e-06 -6.288348185877542e-08 -1.050604464233470e-06
7.786286195738759e-06 -5.285650180851064e-06 -4.388417877711474e-06 -1.978007337299422e-06
1.110801014228362e-05 -5.585296910472685e-06 -1.199521610687028e-06 -1.254491612733404e-06
1.217994710489040e-05 -4.097594281476642e-06 4.707714762535292e-06 1.477549392803973e-06
3.356452947633385e-06 2.808039797728417e-08 3.515928645401825e-06 3.909402522892530e-06
4.379537153734492e-06 -1.476642018676522e-06 -9.152401583715757e-06 -1.148146141066252e-05
4.379177130597630e-06 1.504546578722953e-06 -7.327581740752579e-06 1.430891543740725e-06
9.170902908763984e-06 -5.292857284129740e-06 1.236507399470170e-06 -6.216062449742463e-07
7.246731483472019e-06 -3.925640915841584e-06 -5.247759819832164e-06 -5.664926070854815e-07
6.085867548176489e-06 -1.720439423315581e-06 -8.899935475120776e-07 -1.372534559815825e-05
6.586451762947348e-06 -1.966912788390264e-06 -1.754289622678368e-07 -1.091383208421853e-05
6.865569569715054e-06 -2.480347263723751e-06 -3.427101151210110e-07 -6.058880703287926e-06
1.037212601070056e-05 -3.916083316595478e-06 -2.777901857142605e-08 -7.960489861652568e-08
1.156479406869323e-05 -2.779274927570038e-06 4.180990755785945e-06 -9.487619279051245e-07
5.307149945890315e-06 -1.949768456544056e-07 9.974287912190276e-07 6.232172757723175e-06
6.059059035090804e-06 1.752967250160675e-06 8.921360721008681e-06 -1.728873199103526e-05
8.205288762506626e-06 -2.949116549538415e-06 -6.275009452438100e-08 9.785708178462545e-07
6.612407178952893e-06 -9.362134377936836e-07 -8.005157066320856e-07 -1.028018577611962e-06
7.202112184550398e-06 -1.782926956051966e-06 1.659830789568509e-06 -5.722191628551999e-06
9.833621444755041e-06 -2.379513844492332e-06 -3.162923344898419e-06 1.263909923417662e-06
1.119783379361475e-05 -1.397983190543883e-06 -3.102493794077930e-07 3.417298870299587e-06
6.620490870653912e-06 7.478643287988465e-07 -6.271478431173526e-06 2.597005278793777e-07
6.517336258945926e-06 2.014243314570684e-06 4.760536926631261e-06 -1.264153299667781e-05
8.478555540091027e-06 -6.223129627831069e-07 -1.804488406950218e-06 5.281312341183541e-07
1.108226658601088e-05 1.188603065399117e-08 1.080307508075364e-06 -3.996825876980978e-06
1.129526231687548e-05 1.420961671121613e-06 -2.291808513306713e-06 -3.123784703172415e-06
7.600804263533037e-06 1.658263475198149e-06 -3.380094511343099e-06 3.013335264278229e-06
6.772376775431860e-06 2.577226869970815e-06 7.239710333864251e-06 -5.307655708350480e-06
7.071082754914211e-06 4.140944056447949e-06 4.855310221393901e-07 -1.387061641604636e-06
9.854540050798282e-06 1.574920946780820e-06 3.366991107666175e-06 3.052200746885741e-08
7.565866858821841e-06 5.725037096309420e-06 -4.081945070577109e-06 -2.375979656296856e-06
1.182274983824997e-05 2.866208554939059e-06 -8.384843119277486e-06 -1.159525915775251e-07
8.484038750817846e-06 4.170673456919876e-06 -4.608800986077209e-06 -1.557645790175802e-06
1.061090198757227e-05 4.296042714666886e-06 2.556914816164207e-06 -4.623644443943793e-06
8.288979688731543e-06 7.269750554731845e-06 1.128786427110679e-06 -1.730725089143021e-06
1.265723568604132e-05 4.303484861586608e-06 -5.586197961810703e-06 2.753548337114069e-06
1.202627275631871e-05 5.773694794341507e-06 1.034609648041810e-06 -3.458424676741176e-06
1.047195333837908e-05 6.720966824854404e-06 -7.201235944447739e-07 -9.854777265440895e-07
9.185774731990028e-06 8.792966895284083e-06 9.055606741146744e-07 -5.055869266843726e-06
1.033469975533001e-05 1.025775144544212e-05 5.262731280422374e-07 -1.588757796329322e-06
1.380772126632663e-05 5.661541588227361e-06 -3.264459617289337e-06 -1.855379227110649e-06
1.301186517286733e-05 7.494112213918384e-06 -3.464110028477041e-07 -2.305264729479380e-06
1.206909425782701e-05 9.689194890535167e-06 -1.079965325276428e-06 -2.424753246386340e-07
1.166514909888106e-05 1.163550336761433e-05 3.790099702257970e-07 -2.356521148474721e-06
1.523968711478674e-05 6.898533252299602e-06 -1.838690526716548e-06 -3.178446986784092e-06
1.481990896684570e-05 9.691033367310453e-06 -2.300530531426546e-06 -2.462659106527485e-06
1.319854329551577e-05 1.286339784479350e-05 8.496501231930942e-08 -4.590540128094712e-06
1.493380179586166e-05 1.394861284429457e-05 5.865190252724874e-07 -3.381016174994624e-06
1.681920802607133e-05 1.486875945310589e-05 -6.587922504199743e-07 -3.848399764130085e-06
1.696069209211665e-05 1.030700544250136e-05 -1.026624786406373e-06 -3.747887344082939e-07
1.693833744247500e-05 7.946624065168035e-06 -2.289698062149826e-06 -2.787656113174281e-06
1.652770708525134e-05 1.271687086924485e-05 -1.357266165685900e-07 -2.294696765994605e-06
1.886361200937799e-05 1.555422495158491e-05 -2.284607243744662e-06 -4.770282503700224e-06
2.103420729395590e-05 1.602472766821400e-05 -3.736603346231307e-06 -5.080221028620495e-06
1.871074692742241e-05 1.083787119144065e-05 -6.103927248644359e-07 2.549703287390013e-07
1.888248564645388e-05 8.709213731869525e-06 1.435289913400308e-07 1.521275510322396e-06
2.327700509066469e-05 1.623967378588829e-05 -4.186997000686043e-06 -4.519889917968094e-06
2.073844994744249e-05 1.286824239117181e-05 -3.277679425026813e-06 -2.835722544941890e-06
2.100844650683520e-05 9.141887005304785e-06 -2.392821353472136e-06 9.462153049106203e-07
2.376528909088874e-05 1.321989482923940e-05 -3.006788588838163e-06 -3.258167852174931e-06
2.583997395312126e-05 1.634227908461098e-05 -2.370879526615860e-06 -3.915250408496838e-06
2.325010984235887e-05 9.249860250657215e-06 -2.619386185085144e-06 -8.121576781881776e-07
2.944657082696741e-05 1.644761104999146e-05 -3.523058896969907e-06 -3.201382734251940e-06
2.655330396741533e-05 1.147651704052467e-05 -3.078780024044182e-06 -1.981287199714822e-06
2.583075387383316e-05 9.147830405369634e-06 -3.012596647808205e-06 -1.108929904181681e-06
3.461357916950124e-05 1.661178823873243e-05 -6.180054807199297e-06 -2.322537865624853e-06
3.200886516580394e-05 1.244659893813428e-05 -5.217877488940364e-06 -2.203356626605064e-06
2.944505719593227e-05 9.013880322995830e-06 -4.052254226794330e-06 -8.467818166726904e-07
4.174043868021018e-05 1.678498508545100e-05 -7.541622529877565e-06 -2.296438953689628e-06
3.812886883283693e-05 1.273946320025616e-05 -7.689752465515068e-06 -2.188698616304189e-06
3.461684670514049e-05 8.858083431664860e-06 -7.189261365688102e-06 -1.947712429467974e-06
4.945437740867039e-05 1.693374181046935e-05 -1.043768083565029e-05 -4.511890334642116e-06
4.555075093049543e-05 1.273990251485108e-05 -7.503941969256199e-06 -3.400707411076476e-06
4.173979051195807e-05 8.692953495911576e-06 -6.806597542134393e-06 -3.961037169412146e-06
5.742124713846962e-05 1.704859358634720e-05 -1.242985069267239e-05 -1.274386884389122e-06
5.340223663222964e-05 1.273317435110440e-05 -1.317459010708519e-05 -1.689249785609588e-06
4.945858059529256e-05 8.539144602745499e-06 -1.097910546899529e-05 4.098739674095788e-07
6.558243234320544e-05 1.715237197839623e-05 -1.377743973209199e-05 -3.751125741408883e-06
6.146849335823716e-05 1.273830900504976e-05 -1.208492233200562e-05 -1.943528734485101e-06
5.741644153751739e-05 8.420501539779692e-06 -1.266520007982566e-05 -2.378937653572501e-06
7.392668841749994e-05 1.723279548188375e-05 -1.537132002770841e-05 -3.214761633699809e-06
6.973025891097453e-05 1.273689941041131e-05 -1.510711135382261e-05 -1.915066192551382e-06
6.558607051795726e-05 8.323379127297344e-06 -1.371363307046078e-05 -5.697729916469645e-07
8.237357940673236e-05 1.728718455852480e-05 -1.672933011902738e-05 -2.496972653807384e-06
7.813472429625158e-05 1.274300167856622e-05 -1.555227645910732e-05 -2.163149212432737e-06
7.392230302059531e-05 8.246466737303356e-06 -1.511230992662775e-05 -5.844813677339830e-07
9.089534243712120e-05 1.732394334333375e-05 -1.881081562985712e-05 -1.673563216011426e-07
8.662393216020719e-05 1.274603306688329e-05 -1.875942161861700e-05 -1.980766155066403e-06
8.237370984931783e-05 8.201926134403130e-06 -1.693379965877245e-05 -1.959297336900248e-06
9.947608483991707e-05 1.735930117629369e-05 -1.855332710492051e-05 -2.215092305490408e-06
9.517511350178223e-05 1.274945900593963e-05 -1.804288354843117e-05 -1.508570151708763e-06
9.089357372864722e-05 8.171919576061396e-06 -1.915386911627790e-05 -3.096732522513730e-06
1.080902131338622e-04 1.736249363015002e-05 -2.043040079626015e-05 -3.396142640836979e-06
1.037816168192037e-04 1.274870977526939e-05 -1.929921330993484e-05 -2.710530253626359e-06
9.947646957588152e-05 8.139476810986218e-06 -1.770339457853195e-05 -2.116712960891364e-06
1.265632665275471e-04 1.685788277059617e-05 -2.241687970324740e-05 -1.950566935657708e-06
1.253380797372690e-04 1.736493004731273e-05 -2.258505543467683e-05 -2.066500001153496e-06
1.119564904902643e-04 1.274575929009234e-05 -2.122160757987119e-05 -1.771127044255577e-06
1.167226194806773e-04 1.735887098827131e-05 -2.195331870169519e-05 -3.916654436937004e-06
1.080916308580377e-04 8.131882288927504e-06 -2.115101495186267e-05 -1.276294344003925e-06
1.270707745121100e-04 1.563318453549170e-05 -2.232323728877350e-05 -1.857873292546479e-06
1.241711842879990e-04 1.274422868322944e-05 -2.300823625943148e-05 -2.106097354160625e-06
1.167227492480513e-04 8.130809577132402e-06 -2.173794905165435e-05 6.539502082893862e-07
1.270709136154031e-04 9.855160128844188e-06 -2.210430230308692e-05 -2.613608710705339e-06
1.253382425144135e-04 8.123447859593957e-06 -2.229380372323010e-05 -2.327238341306219e-06
1.265634173353960e-04 8.630478289021904e-06 -2.217008989469277e-05 -2.475644138026058e-06
