-8.468625328576249e-05 1.248171903667314e-05 4.397839288775127e-05 -5.916299078582077e-06
-8.501957823700284e-05 1.167685965644859e-05 4.404899815878666e-05 -5.679079496480627e-06
-8.501997410686651e-05 7.882257100009556e-06 4.378903417845088e-05 -4.573814015500149e-06
-8.468665331178027e-05 7.077200680187048e-06 4.367925995645256e-05 -4.199762352716612e-06
-8.388152477681832e-05 1.281513023393513e-05 4.378635346009260e-05 -6.016079191384177e-06
-8.237231528468970e-05 9.779603517696614e-06 4.341046975489948e-05 -4.817589528225204e-06
-8.388184930258138e-05 6.743687320808025e-06 4.339887478117543e-05 -4.013596497361690e-06
-7.821641201821509e-05 1.281283545206755e-05 4.263340073748620e-05 -5.622665408137320e-06
-7.821576230403486e-05 6.744171416551424e-06 4.205382359851199e-05 -1.894708677988899e-06
-7.509438336355321e-05 9.777436755364573e-06 4.055461446084466e-05 -3.341282696136915e-06
-7.256682373062371e-05 1.280111897968946e-05 3.787486070015639e-05 -6.460361755396983e-06
-7.256657622841619e-05 6.753038491001102e-06 3.831370229440733e-05 -7.589031253841404e-07
-6.974459151022721e-05 9.777626941322236e-06 3.526954170606016e-05 -4.238960661337715e-06
-6.692023221695781e-05 1.280105467327920e-05 3.426252563855282e-05 -5.184935644788046e-06
-6.692179123943052e-05 6.757526451850149e-06 3.383784780464738e-05 -3.680205827263045e-06
-6.409917302524517e-05 9.780862397791523e-06 3.370946669098039e-05 -4.742704422919821e-06
-6.129015725966099e-05 1.278855152357027e-05 3.242085858579354e-05 -6.207120440218550e-06
-6.128843045330181e-05 6.771232580965954e-06 3.177138397376627e-05 -3.121919168514839e-06
-5.848742054540230e-05 9.778033313454815e-06 3.031195572652361e-05 -4.518617060765134e-06
-5.570001513536110e-05 1.276383633345685e-05 2.823243041942183e-05 -6.098792430857810e-06
-5.569853784360973e-05 6.787616159403671e-06 2.700010159567442e-05 -1.750970173653394e-06
-5.291626399635812e-05 9.773978198162665e-06 2.617974241338495e-05 -3.347561752482654e-06
-5.015307002726096e-05 1.272254213462459e-05 2.540143222149061e-05 -4.498025329269911e-06
-5.015086287863531e-05 6.821713433934615e-06 2.520483440835535e-05 -2.968215862546076e-06
-4.739399526995711e-05 9.770880074978439e-06 2.425714953119103e-05 -4.160938426176447e-06
-4.466311164305127e-05 1.267294339125454e-05 2.214138033551746e-05 -5.061913505519190e-06
-4.466611123156549e-05 6.872317115486493e-06 2.269104766878560e-05 -4.771603942654577e-06
-4.195586090368862e-05 9.774697678055627e-06 2.013894312579101e-05 -5.130426928887545e-06
-3.929442275897759e-05 1.260705491123930e-05 1.815530771009611e-05 -6.268345418551102e-06
-3.929149013606284e-05 6.940543686301059e-06 1.795768099720143e-05 -3.106430841650883e-06
-3.665264640412795e-05 9.771400249952832e-06 1.726308818985248e-05 -4.428853085218130e-06
-3.405665972223404e-05 1.253328840582781e-05 1.663500636890228e-05 -6.027966421162980e-06
-3.405866602221603e-05 7.011794948976726e-06 1.552988804885959e-05 -1.153514352915730e-06
-3.148945841769461e-05 9.772938800997430e-06 1.416000134920727e-05 -3.148836182827318e-06
-2.897872312546182e-05 1.244664047619426e-05 1.179978158444440e-05 -5.523020102020685e-06
-2.897849737505629e-05 7.100706456931105e-06 1.386254716153756e-05 -3.297817309529014e-06
-2.659498916569949e-05 9.773513650326123e-06 1.192161712948682e-05 -4.358183471189734e-06
-2.426374531299181e-05 1.235700149830979e-05 1.194916150728036e-05 -4.602735961516038e-06
-2.426652691875639e-05 7.199817830610833e-06 9.419367975520738e-06 -1.729843867441303e-06
-2.253507753747383e-05 9.974545523889042e-06 9.743579378186205e-06 -3.083663916083039e-06
-2.083038363952874e-05 1.226420761344453e-05 7.303184890399742e-06 -5.312959731450508e-06
-2.082196618696428e-05 7.295019849334661e-06 1.032608441545382e-05 -1.988034464621316e-06
-1.840749461698941e-05 1.218895107268954e-05 8.566531299477584e-06 -5.496529333869846e-06
-1.885844215167426e-05 1.060440188165226e-05 8.041978496708277e-06 -5.823071515725653e-06
-1.840543205666264e-05 7.350616167479821e-06 5.186467204534916e-06 -2.603007568344002e-06
-1.668813267915266e-05 7.412894921368906e-06 7.618907534212014e-06 -3.117016589785287e-06
2.547048439208645e-06 1.012215920750145e-06 1.500751633740166e-05 -4.262377891909664e-05
2.566659269486519e-06 8.678721564405002e-07 4.908078416489874e-06 -9.886785275537578e-05
2.552943796551896e-06 3.575600951182945e-07 -1.040092657851548e-05 3.802366969976546e-05
2.545710320880632e-06 2.739122405484903e-07 -1.957708035424007e-05 -1.066204633269035e-05
-1.667667921159354e-05 1.213458393419649e-05 1.043434279397473e-05 -6.248373497008665e-06
-1.516642251307130e-05 1.199763930722836e-05 8.402704510158828e-06 -6.952159317561460e-06
-1.631938733508100e-05 9.186159636763125e-06 8.613881766416848e-06 -2.808498039280895e-06
-1.515267350202123e-05 7.347113345175581e-06 7.793909141890900e-06 -1.649034681351169e-06
2.470558017497326e-06 1.077392860287922e-06 -3.002337913584731e-05 1.807775542874289e-05
2.189102721844117e-06 5.944591683657884e-07 2.631615452876014e-05 3.847794772100812e-05
2.497813352617533e-06 2.370236962026602e-07 -3.541937169583805e-05 -4.902269715784829e-05
-1.467275545923451e-05 1.055622211944434e-05 7.862010784091605e-06 -4.464446460644142e-06
-1.369982292050251e-05 1.168508554593499e-05 5.763755540665720e-06 -6.786140596683391e-06
-1.230966558983238e-05 1.123491696164318e-05 3.576188553475080e-06 -5.008312174244556e-06
-1.422210218573668e-05 8.612047660898745e-06 7.111762536523097e-06 -1.743153073984377e-06
-1.371459797986397e-05 7.032910100533791e-06 7.434436865080697e-06 -6.558787141636287e-07
1.631217940332923e-06 1.051827068549074e-06 -1.405768248065796e-05 -2.113347118847127e-05
1.586256729524335e-06 2.398277023262001e-07 -3.237634042854054e-06 -5.486686263538029e-06
1.163758854265462e-06 6.414430801644253e-07 1.182467433551232e-05 1.872681499217710e-05
-1.101181080980412e-05 1.062574484313261e-05 4.140017791733437e-06 -3.014687666124560e-06
-1.211578502608295e-05 9.779369455404816e-06 2.496026897662126e-06 -3.926109885340138e-06
-1.259164533545015e-05 7.973861506598125e-06 4.460371687244654e-06 -2.867207416521196e-06
-1.239098176855152e-05 6.491923673733921e-06 5.374448326783427e-06 -2.903250543403007e-07
6.993692933913926e-07 1.126810833977262e-06 1.352644309173802e-07 -8.389672162239407e-06
7.290269624018898e-07 1.304689487353191e-07 -9.422168337768137e-06 -1.097922655772937e-05
1.702531231348048e-07 6.791501437183885e-07 7.453771357554970e-06 2.168025552063236e-05
-9.805847713565182e-06 9.889419644103427e-06 6.539866688030576e-06 -4.798339621253502e-06
-8.729198685290506e-06 9.050669012382771e-06 4.569528529853462e-06 -3.474955158902039e-06
-1.093531783761488e-05 7.693117818472401e-06 4.681501951510054e-06 -4.011232095481766e-06
-1.122355995489737e-05 5.750648301187741e-06 5.445401965095327e-06 -8.141713699274759e-07
-4.204166283826932e-07 1.290918891674060e-06 -4.471893868346321e-06 -5.565694477721669e-06
-4.434318604063668e-07 -2.494238580253860e-08 -2.797612593646336e-06 -8.767393504437847e-06
-9.005285162399979e-06 7.779364091906821e-06 5.134084423608319e-06 -2.244944386080122e-06
-7.782547577335604e-06 8.103723221682828e-06 2.783334829113608e-06 -2.520278953421089e-06
-9.459748194868945e-06 6.371471920210853e-06 6.956550975239392e-06 -2.060646460686010e-06
-1.024479004159292e-05 4.859254571556682e-06 5.549524812148412e-06 -4.097462687406340e-06
-1.088062408822402e-06 6.773260569107128e-07 4.895165019061723e-06 7.690692114715912e-06
-1.901583564297002e-06 1.525075355142590e-06 -1.515943888505536e-06 -2.426718820455186e-06
-1.872982017985038e-06 -2.571986721694775e-07 -2.379697856338511e-06 -1.541702497605335e-06
-6.955542788682805e-06 7.076893870107708e-06 2.018742867793150e-06 -3.965931213805702e-06
-6.283363310577291e-06 6.010334472492880e-06 3.926849383798426e-06 -3.071861036891414e-06
-5.753822449339409e-06 4.886651825307356e-06 4.166753224820339e-06 -2.137095125244205e-06
-8.543752357026730e-06 5.125315805871429e-06 5.708146512473101e-06 -2.883127298555955e-06
-9.465512354542371e-06 3.855910905095058e-06 4.817222376551877e-06 -2.647643162493864e-06
-2.515645629204223e-06 6.437550420705630e-07 2.059737519892454e-07 -7.156789235885641e-07
-3.276547765701073e-06 1.782873006633173e-06 2.390730788631329e-06 -1.848707702380025e-07
-3.288136710943131e-06 -4.726158988226624e-07 1.147036643133146e-05 -1.103850401646196e-05
-6.891057936188691e-06 4.880673176632309e-06 3.526394455645697e-06 -2.891874371361227e-06
-5.355465827945142e-06 3.737738466639107e-06 1.570313611510619e-06 -3.711225130213111e-06
-4.554158907776623e-06 1.963746133328673e-06 1.261677579332098e-06 8.687884122575850e-06
-4.923427182922553e-06 2.155314730810659e-06 -9.713124852323462e-07 1.048533329304388e-05
-5.116304655338273e-06 2.559671542064003e-06 -3.558816235088035e-06 8.021287951261168e-06
-7.908321791251602e-06 3.710256086438625e-06 3.961188754783579e-06 -1.334675661585162e-06
-8.884618729068578e-06 2.787065361722630e-06 7.214711901381446e-06 6.634642192723794e-06
-3.983732518862772e-06 8.034189044714668e-07 4.847496065357150e-07 -1.407550684262487e-06
-4.575633254977094e-06 -6.554589536512821e-07 -6.004756061827494e-06 1.162102041325557e-05
-6.149907687714470e-06 2.920894063968542e-06 2.837868049101190e-06 -2.730173979964787e-07
-4.956479403616608e-06 1.356218125346372e-06 3.900976714898082e-06 2.797993845739314e-06
-5.393078661135051e-06 2.009269240466310e-06 -1.978155126373719e-06 7.915335558754035e-06
-7.456014978190024e-06 2.462104817219897e-06 5.669142482476040e-06 -1.905410863089363e-08
-8.517426558238646e-06 1.701145906200630e-06 8.519737327305481e-06 6.335985780371879e-06
-4.984521919679114e-06 8.466947455370431e-08 7.615114480185025e-06 2.717036046488393e-07
-4.939004215633923e-06 -8.575704408886191e-07 -4.902477718436572e-06 1.022135255965891e-05
-6.384916171695206e-06 1.093301825774355e-06 1.868364516595508e-06 -5.308463060610637e-06
-8.385958266094917e-06 6.243821777694246e-07 3.194413388311553e-06 1.054772496587696e-05
-8.482040219480123e-06 -4.337608692863212e-07 1.739451620861057e-06 5.327587629317702e-06
-5.750127641684863e-06 -6.130903181942001e-07 5.599388800786042e-06 -3.689626748337511e-06
-5.155179911197225e-06 -1.278012839343349e-06 -8.829614715108375e-06 6.650971149462382e-06
-5.417336701874876e-06 -2.404627124689765e-06 -2.189993866492936e-06 3.610955856159034e-06
-7.425410630095663e-06 -5.691408371746992e-07 1.514773013496991e-06 2.418112966952006e-08
-5.817025088128593e-06 -3.494132095467616e-06 7.503297100999205e-06 1.981699303323006e-06
-8.803760221730877e-06 -1.508821035126911e-06 5.889542888975338e-06 5.744401490124567e-06
-6.440617939039503e-06 -2.441158324376266e-06 9.203098843088387e-06 2.471280916386882e-06
-7.943024027488932e-06 -2.528652488646995e-06 1.123855783547935e-06 5.579709635292471e-06
-6.353013402007621e-06 -4.538097874572725e-06 6.709106121594881e-06 -4.028429970451382e-07
-9.328316877782595e-06 -2.537477466194111e-06 3.835563482238347e-06 1.768842723813054e-06
-8.889008391180304e-06 -3.545964945578736e-06 -2.000068396575211e-07 4.783632150378111e-07
-7.849297655672361e-06 -4.180216557918924e-06 -6.342512844718260e-07 -1.178602069888756e-06
-6.995021249806473e-06 -5.526433673332492e-06 -2.944859236409442e-07 7.292632088757377e-07
-7.770510466704222e-06 -6.452742589174519e-06 2.575678032601316e-06 2.988526565888643e-06
-1.004150605909456e-05 -3.483447368092285e-06 3.503709074749393e-06 -1.008812279817726e-06
-9.522124219146950e-06 -4.685632022606244e-06 2.681324670353835e-06 9.936759406983235e-07
-8.910009396287696e-06 -6.087934776524480e-06 5.170474040705477e-06 2.188783964039525e-06
-8.651236789688893e-06 -7.293520214542523e-06 5.427319329796390e-06 3.060988786033321e-06
-1.091911510613398e-05 -4.319449083284505e-06 4.376809945772741e-06 1.647991237506987e-06
-1.065077051367321e-05 -6.078179857417709e-06 6.039765340604664e-06 2.543523742720547e-06
-9.632650049692741e-06 -8.029986627232581e-06 4.957640987610046e-06 3.086940701949758e-06
-1.071233816792385e-05 -8.662280358413462e-06 4.238036752607339e-06 2.188352664497158e-06
-1.186449979842425e-05 -9.174289593843587e-06 4.120019817337264e-06 1.474966605504347e-06
-1.195569526772476e-05 -6.459978850039808e-06 5.229782722075656e-06 2.372844832358626e-06
-1.194361641239151e-05 -5.006377905320796e-06 5.701351667240700e-06 4.108225025889786e-06
-1.169994756069820e-05 -7.908824898230348e-06 4.497835618630368e-06 1.751072591251357e-06
-1.308262021358038e-05 -9.547797648341571e-06 3.531232486803024e-06 1.386940593521347e-06
-1.434211636462631e-05 -9.782720791645670e-06 3.428581449423723e-06 2.648987034166674e-06
-1.300140176624809e-05 -6.787003531360331e-06 3.455287710725420e-06 2.304648259555002e-06
-1.309741472251051e-05 -5.514522463365617e-06 3.532970569885525e-06 3.199298665587180e-06
-1.562760208639305e-05 -9.871514808218594e-06 4.481551094287923e-06 3.369482236956157e-06
-1.419110847974717e-05 -7.975466135092264e-06 2.968468436004183e-06 2.860256746752926e-06
-1.433588577314995e-05 -5.818872510579738e-06 4.043545433332864e-06 2.149879501231357e-06
-1.591122629647664e-05 -8.169412901825458e-06 5.055098819978823e-06 3.144243456135633e-06
-1.705945986850005e-05 -9.888016420167273e-06 4.782418353786850e-06 2.552518665838386e-06
-1.562170196676075e-05 -5.915293740993228e-06 5.326894175941790e-06 1.960881483093711e-06
-1.903394544915089e-05 -9.907216330770162e-06 2.755046048664737e-06 1.802736458387812e-06
-1.746796418379066e-05 -7.199825090453619e-06 4.645397972715770e-06 3.141611003018749e-06
-1.705571425996289e-05 -5.900168859599347e-06 4.680821041115971e-06 2.650086455539108e-06
-2.178245755776399e-05 -9.945041283669692e-06 6.709818692551763e-06 2.123294394048994e-06
-2.041202812369678e-05 -7.741325556483306e-06 4.819657756419077e-06 8.401878848811952e-07
-1.903182527790623e-05 -5.883090313001316e-06 5.697934455949217e-06 2.414656566628539e-06
-2.547761756431162e-05 -9.981520368351267e-06 4.724801862061483e-06 3.113755019297606e-06
-2.362114787116312e-05 -7.902591620537211e-06 5.308932979993216e-06 2.659803367885656e-06
-2.178446636101968e-05 -5.855784270017798e-06 4.104226904621846e-06 2.330938244287259e-06
-2.936914250997337e-05 -1.001193761643795e-05 4.933029828609379e-06 2.566037525374337e-06
-2.741362439153603e-05 -7.906180902763962e-06 4.810631933592610e-06 2.163790509954947e-06
-2.547321784214700e-05 -5.828016849253976e-06 5.306808548182678e-06 1.838521929361751e-06
-3.332884711238194e-05 -1.003627179645002e-05 5.565203021274692e-06 1.965357785852503e-06
-3.134011343904580e-05 -7.904685867501420e-06 5.830729952098007e-06 1.926695960487286e-06
-2.937239588480315e-05 -5.798532555196859e-06 5.424556699622801e-06 1.717882025149425e-06
-3.733102204674138e-05 -1.005980598158450e-05 4.157252634271310e-06 3.150510138044686e-06
-3.532359236871601e-05 -7.909216150471723e-06 4.116474479165949e-06 2.058202112797070e-06
-3.332631429801125e-05 -5.778535850019802e-06 5.180760401611905e-06 2.229396761399778e-06
-4.136446367557517e-05 -1.008006495882434e-05 5.339676645011369e-06 1.406603945155820e-06
-3.934203016340443e-05 -7.909479200764068e-06 5.229328980004384e-06 1.747329288918202e-06
-3.733198434918562e-05 -5.759060929285035e-06 4.178002954702838e-06 3.232510560229766e-07
-4.543679807443878e-05 -1.010258003940773e-05 6.204578185706801e-06 3.363820835616245e-06
-4.339302537247286e-05 -7.913951996869054e-06 5.464908141724995e-06 1.821225166900563e-06
-4.136181557105999e-05 -5.743188434115253e-06 5.720150843854427e-06 2.174140187518817e-06
-4.952948962781561e-05 -1.011030710209626e-05 4.383076136919970e-06 2.225437513493684e-06
-4.748336570746783e-05 -7.914308822425039e-06 5.511511108617017e-06 2.570974758120934e-06
-4.543792653175151e-05 -5.726196214810021e-06 5.230424677357087e-06 1.223940210485793e-06
-5.361737046290730e-05 -1.011335854840037e-05 6.503581253804577e-06 2.660954844884059e-07
-5.157182249282727e-05 -7.917515487599626e-06 5.564641634075937e-06 6.375303230101287e-07
-4.952762226861804e-05 -5.721148653157565e-06 5.993559749626488e-06 8.657874991910775e-07
-5.771923221282535e-05 -1.011385524070218e-05 6.828742052449559e-06 3.927954441080409e-06
-5.566710914046626e-05 -7.919271131987526e-06 6.276063712643630e-06 2.477202796593614e-06
-5.361717807578080e-05 -5.723766416069500e-06 5.130651493581257e-06 2.508756927389632e-06
-6.648949580082453e-05 -9.860008533413261e-06 6.821751180251043e-06 4.783834286424003e-07
-6.591107043924682e-05 -1.010040432953416e-05 7.258590040292712e-06 5.165542112308025e-07
-5.955795589777351e-05 -7.920017894737457e-06 5.752632417521831e-06 2.848134935137587e-06
-6.182451588081177e-05 -1.011275211322955e-05 3.674401794635843e-06 3.895829109244744e-06
-5.771874912978436e-05 -5.725613946265210e-06 6.911199808284983e-06 1.800464245100745e-06
-6.672901585812698e-05 -9.280529935414421e-06 6.628290847346063e-06 6.733965736715526e-07
-6.536195379120743e-05 -7.917641376828715e-06 7.794240643754100e-06 2.274905407106055e-06
-6.182535304104155e-05 -5.725920515507472e-06 3.915198262061871e-06 1.100051863085200e-06
-6.672938711882424e-05 -6.554277175834438e-06 6.448241432324773e-06 4.029320678638317e-06
-6.591169635090799e-05 -5.734732247132297e-06 7.142235831250760e-06 4.300218326412822e-06
-6.648995031050818e-05 -5.975005520736319e-06 6.652252707815339e-06 4.304958796282094e-06
