1.609772491740429e-05 -1.100036954254970e-06 4.265162369886681e-05 -6.065903937382293e-06
1.619304501176985e-05 -8.691051448461713e-07 4.261164623756609e-05 -5.906765215359429e-06
1.619379248914175e-05 2.174564595657854e-07 4.245254957885061e-05 -5.516582976585674e-06
1.609861677143394e-05 4.478013785629612e-07 4.246741864320268e-05 -5.259993296603867e-06
1.586744504795559e-05 -1.195871571803774e-06 4.269381032118294e-05 -6.183826403836228e-06
1.543678197685401e-05 -3.268309239931229e-07 4.255450667455956e-05 -5.493002753448117e-06
1.586869673324783e-05 5.432790853887909e-07 4.244913219484119e-05 -5.081054471165309e-06
1.424362329722948e-05 -1.204716961810292e-06 4.033498009716822e-05 -7.426896653906081e-06
1.424655620133519e-05 5.417603323550309e-07 3.998822226963375e-05 -2.144146232235552e-06
1.334273028984210e-05 -3.344658170780833e-07 3.743188148382609e-05 -4.633448668519202e-06
1.261443841698852e-05 -1.203134953703342e-06 3.561762832486845e-05 -7.470523609355254e-06
1.261358778378483e-05 5.345836887793742e-07 3.611734642934929e-05 -2.385452276438299e-06
1.180649597263554e-05 -3.336821687106463e-07 3.479142942144401e-05 -5.463291721924073e-06
1.101160084817562e-05 -1.184739927972467e-06 3.434029414818637e-05 -7.031285967647147e-06
1.100990746490956e-05 5.206682076501950e-07 3.359926704492853e-05 -3.175493311164826e-06
1.022133673691348e-05 -3.310884896822012e-07 3.272316829800670e-05 -4.910765567485051e-06
9.448125137002801e-06 -1.159055030881616e-06 3.197389250490896e-05 -5.537095714961009e-06
9.446691712488271e-06 4.974140478805037e-07 3.165910489396118e-05 -4.101681206359509e-06
8.679609679304623e-06 -3.314846785583285e-07 3.027406065935934e-05 -4.992747301573648e-06
7.929715985161079e-06 -1.129735032066535e-06 2.837585296133940e-05 -6.049349524816732e-06
7.930271391968899e-06 4.619889453088091e-07 2.844673754633755e-05 -4.601171758260481e-06
7.186707898688942e-06 -3.361747990349651e-07 2.614729810051811e-05 -5.443750893352737e-06
6.468021716449477e-06 -1.092608525352204e-06 2.502078690971332e-05 -5.805778741271031e-06
6.468608383477602e-06 4.160247834458223e-07 2.391949113303987e-05 -4.037101540972046e-06
5.766048995275087e-06 -3.390875611450671e-07 2.365087300504051e-05 -4.198074044541102e-06
5.100850448603095e-06 -1.040280246877826e-06 2.322868197837252e-05 -5.404799569681796e-06
5.099493983902986e-06 3.638019112148431e-07 2.344590058684309e-05 -3.417887485523401e-06
4.450390982951283e-06 -3.368188824328247e-07 2.259772312410927e-05 -4.705870463696717e-06
3.827210361851332e-06 -9.933493613834970e-07 2.053070667230013e-05 -7.197966643435933e-06
3.826822973736531e-06 3.215457277758156e-07 2.113147123034969e-05 -3.534644696604432e-06
3.216749023699156e-06 -3.355878945206604e-07 1.881275617190685e-05 -5.685355872458774e-06
2.637976119137349e-06 -9.423942137514703e-07 1.762862064869176e-05 -6.906272145773351e-06
2.638525103320834e-06 2.703958109684289e-07 1.702703388481826e-05 -3.529290075114494e-06
2.074727260370759e-06 -3.369473996757511e-07 1.615357512227546e-05 -4.770241468397087e-06
1.542545493194997e-06 -8.908150634511934e-07 1.474598893990733e-05 -6.881043973644024e-06
1.543682730395333e-06 2.135755135555890e-07 1.471232511914993e-05 -2.397003786890407e-06
1.051223166588334e-06 -3.394881251091246e-07 1.354228655593239e-05 -4.675128671732257e-06
6.064857516072939e-07 -8.189095820553067e-07 1.289409658954050e-05 -5.924070410817458e-06
6.049812518367231e-07 1.369078149991207e-07 1.291623713197997e-05 -3.205923215443883e-06
2.866633803551687e-07 -3.708648146178477e-07 1.197033066892365e-05 -4.349988327077335e-06
7.314433716220800e-10 -7.501988944859461e-07 9.894202731401059e-06 -6.192142627116924e-06
-2.359765365042209e-09 7.491969767480768e-08 1.023238581047904e-05 -2.660940332954248e-06
-3.857597705951827e-07 -6.921946474689913e-07 7.863125520155145e-06 -6.125447966509423e-06
-3.281491787430649e-07 -4.608812946441228e-07 7.979508404573584e-06 -5.343914734353481e-06
-3.906327848179936e-07 3.578462838408469e-08 8.545673346839097e-06 -4.108126672933550e-06
-6.387426777600894e-07 -1.338800537881741e-08 9.089207881257503e-06 -4.257813448889307e-06
4.542626233522429e-07 -5.339425325944811e-07 -2.054296677941034e-05 3.756712033974056e-06
4.942614980551877e-07 -6.773464151086567e-07 -2.536443503185339e-05 -5.296063395404869e-05
5.075778268121166e-07 -6.397888129780849e-07 1.050974364736282e-05 1.181227933086431e-04
4.863785125434214e-07 -6.645256699636555e-07 2.662767716323175e-05 -4.390072142357236e-06
-6.445403823280849e-07 -6.492423395716884e-07 8.810361535334592e-06 -6.867063624138116e-06
-8.314900044286614e-07 -5.999858929124028e-07 7.888114295949366e-06 -7.174637035647392e-06
-7.061123500099984e-07 -2.534719083543559e-07 9.219548595367385e-06 -5.323144494524771e-06
-8.458536810191174e-07 -5.082869816035244e-08 7.688721032297501e-06 -3.151165668678790e-06
3.379483003243045e-07 -4.612117161189439e-07 -1.389072793412876e-05 2.908841818887921e-05
4.004377101372352e-07 -5.889378968979668e-07 1.592283863902368e-05 -1.677890527061718e-05
4.463084608750182e-07 -6.757405626708687e-07 -1.295783358764329e-05 -5.397297618735450e-05
-9.022254123968078e-07 -4.138247171745226e-07 7.637919733521661e-06 -6.129925408532366e-06
-9.928606941683588e-07 -5.237517854020555e-07 6.186263962548858e-06 -7.215445458421275e-06
-1.117363242308367e-06 -4.493596302972850e-07 3.629478842959043e-06 -6.286790591220268e-06
-9.560259421262938e-07 -2.014273372639935e-07 6.447397495040277e-06 -3.900369308382186e-06
-1.005450449287060e-06 -6.887653890695993e-08 5.014425655182426e-06 -2.074521679078000e-06
2.897699206742019e-07 -5.329374538322600e-07 -1.106440119677050e-05 8.396516167975021e-07
2.573346932139703e-07 -7.041939863444749e-07 7.987519971654843e-07 2.436600794691401e-05
2.243289399562291e-07 -6.031401348477055e-07 5.158247231130396e-06 -3.422083599029332e-05
-1.206807072260638e-06 -3.588299682120553e-07 2.723282988632582e-06 -5.054487408877827e-06
-1.144790478156263e-06 -3.032028782313301e-07 3.092186543111862e-06 -4.361171180391254e-06
-1.108343185720044e-06 -1.565045811364432e-07 3.602406586065470e-06 -2.869707845227375e-06
-1.133046908741239e-06 -7.730634212794949e-08 3.852404928184213e-06 -2.392664590803041e-06
1.040473418126618e-07 -5.277369708583833e-07 3.440728918119172e-06 1.605155998701903e-05
1.211745704057132e-07 -6.721396044919815e-07 -5.331580073539169e-06 1.625011269237222e-05
2.406186874043869e-08 -6.237446956691578e-07 -1.107644868641586e-06 -1.718321326078167e-05
-1.272222213300502e-06 -2.760127045854231e-07 2.944842372722097e-06 -4.799455097802811e-06
-1.295659886404232e-06 -2.049861694325359e-07 3.880426961592096e-06 -3.994198700384739e-06
-1.227118269583909e-06 -1.423595274204257e-07 3.517776113546237e-06 -3.275887308947465e-06
-1.227210375099547e-06 -8.039807343837137e-08 5.103830519927643e-06 -2.971413084194791e-06
-8.016242425741983e-08 -4.849518726955581e-07 1.547973968641033e-06 -3.514024438938444e-06
-9.254491140160428e-08 -6.895279328450472e-07 1.586337021686921e-06 5.848055060957798e-07
-1.288458685103828e-06 -1.361040522894709e-07 3.930034389594977e-06 -3.399685501998944e-06
-1.282277065273957e-06 -1.389492626714749e-07 3.531259026036841e-06 -3.304359949828230e-06
-1.286467502466137e-06 -1.042538062744885e-07 3.970710749510188e-06 -3.943321612228861e-06
-1.285036179317339e-06 -1.091364097117468e-07 5.126491465140556e-06 -2.230278540226426e-06
-1.947710201639405e-07 -6.129004135979336e-07 -3.690925792389353e-06 6.328148584545899e-06
-3.315781074117054e-07 -4.432678017730849e-07 -2.765884733916218e-08 -7.834174076231543e-06
-3.246984725099626e-07 -7.431709102304324e-07 3.563454619156677e-06 -2.939848591989937e-06
-1.255995722523277e-06 -9.793917404716050e-08 2.855331231883471e-06 -3.863690772820261e-06
-1.195196635929696e-06 -1.058449007302982e-07 2.738402883541635e-06 -3.947468937873215e-06
-1.115823145759737e-06 -1.322384596957047e-07 2.675743197277103e-06 -3.475134886704817e-06
-1.280781140120428e-06 -1.141857958306851e-07 2.482889789793102e-06 -3.022910624345486e-06
-1.319392870885712e-06 -1.685533410443795e-07 3.005869308495818e-06 -6.000778890881847e-07
-4.358471485522892e-07 -5.859850108388124e-07 3.739212548788616e-07 -6.075452963942786e-06
-5.703900415090961e-07 -3.933208766838907e-07 7.059894721219859e-07 4.004554346633382e-06
-5.676131140766327e-07 -7.875369470719074e-07 -3.306882335092663e-06 3.303836652884870e-06
-1.209749378487272e-06 -1.230840833154461e-07 2.627597904164496e-06 -3.607066180763486e-06
-1.040219530354640e-06 -1.913371884933540e-07 2.796821373274587e-06 -1.831004443879493e-06
-8.079871080076154e-07 -3.737971628577517e-07 2.812501350282583e-06 2.008021865240816e-06
-8.867400367562317e-07 -3.473796166586739e-07 9.743498144620084e-07 -4.149742235845926e-07
-9.448869766812145e-07 -2.969352385034575e-07 1.536793788596075e-06 -1.830716226238806e-06
-1.270153954244123e-06 -1.802194523143059e-07 2.758032218112981e-06 -1.522436432228023e-06
-1.354457303417025e-06 -2.651858806965157e-07 2.114226352940521e-06 -1.321000883852009e-06
-6.914003906337668e-07 -5.644663184232438e-07 2.416364177666023e-06 -1.497597135065361e-06
-7.660139217070021e-07 -8.267253408336562e-07 2.628557090510644e-06 -1.826546095190501e-06
-1.102827321449069e-06 -2.464201149009289e-07 2.356768838507173e-06 -1.799313074980385e-06
-8.730856096636678e-07 -4.675406635820263e-07 -1.151196957234422e-06 -1.947340890001712e-06
-9.678317894283082e-07 -3.662491787210442e-07 4.921382356677763e-07 -2.032956660732216e-06
-1.244491618035566e-06 -2.961233046174948e-07 3.029771700228941e-06 -1.507987907089556e-08
-1.393022780842285e-06 -3.987880664960138e-07 1.841004296346847e-06 4.700270113139130e-08
-8.465964813671880e-07 -6.856213090526638e-07 -7.135352482516769e-07 -1.763281541847909e-06
-8.101375052705607e-07 -8.643778157142354e-07 1.484440946907863e-06 -2.124045362535104e-06
-1.111205199505389e-06 -4.809059651270237e-07 3.214731683050191e-06 1.164253609569139e-06
-1.427313595475500e-06 -5.622038034840929e-07 2.035130819333896e-06 -4.632293747564638e-08
-1.524544423774018e-06 -7.659754013424494e-07 3.121149941484808e-06 6.031392900258963e-08
-9.617460356563170e-07 -8.039557099907265e-07 5.889805839656389e-07 -2.594401152064677e-07
-8.283300346521141e-07 -9.566670175272956e-07 2.438387904752478e-06 -1.251860657683841e-06
-8.368545412988869e-07 -1.232908550829525e-06 3.285076691506306e-06 6.305510715360757e-07
-1.299834038496468e-06 -7.716731228134750e-07 2.622236081860868e-06 3.342398632521542e-07
-8.805269597449119e-07 -1.544390356901675e-06 3.262474480690707e-06 8.117540234565158e-07
-1.667150072221248e-06 -9.847231671355366e-07 3.842358578619297e-06 7.583589199596207e-07
-1.064965446433996e-06 -1.226625324419256e-06 2.428804470559270e-06 1.621688633925469e-06
-1.453261605016701e-06 -1.243090016786802e-06 3.000611673690340e-06 1.776065007394713e-06
-9.864289973270448e-07 -1.861673394618826e-06 1.925682562575991e-06 1.273889628227407e-07
-1.875433660005643e-06 -1.239429943182312e-06 2.114249437395383e-06 1.288738115465082e-06
-1.756158995189269e-06 -1.533937232687880e-06 1.444598711748219e-06 7.828777510861019e-07
-1.421624128414693e-06 -1.738278349920079e-06 1.526468917293733e-06 4.738699071765531e-07
-1.143154852433881e-06 -2.214287152641988e-06 1.059624394526040e-06 7.876986372877562e-07
-1.380701589119376e-06 -2.577785298500738e-06 1.265030734428100e-06 2.222083814218558e-06
-2.170822039864570e-06 -1.500049030455242e-06 1.763443056005791e-06 3.500237169833503e-07
-1.988644535975013e-06 -1.915717110218685e-06 1.901610505488282e-06 1.039783779402776e-06
-1.767278607730817e-06 -2.444703671449095e-06 2.111794014986969e-06 2.004626583275257e-06
-1.671140099109519e-06 -2.942343262885682e-06 2.113700397572245e-06 3.525641714219172e-06
-2.547843167697721e-06 -1.761405254258800e-06 5.701360555786346e-06 1.524076267694330e-06
-2.447669873499258e-06 -2.455270659232181e-06 6.438897307315935e-06 2.902224427877317e-06
-2.041881297786139e-06 -3.276297630870994e-06 4.723156840504041e-06 4.400024589581871e-06
-2.484641095912684e-06 -3.583552185270931e-06 3.969626434351567e-06 2.640792634480446e-06
-2.981841376347583e-06 -3.864643511903038e-06 4.487027456929315e-06 2.939640358884434e-06
-3.014522723771719e-06 -2.610791969490044e-06 4.997156159410237e-06 1.764915165793717e-06
-3.007655497449532e-06 -2.000628519340558e-06 6.389176124271721e-06 2.645654636053809e-06
-2.894136750096835e-06 -3.259835737263520e-06 4.292113155801763e-06 1.867920017211059e-06
-3.542917264224307e-06 -4.081167292771845e-06 6.059636423910598e-06 3.282979679285254e-06
-4.165900083282689e-06 -4.247425030249885e-06 5.361627615246956e-06 2.963894350038587e-06
-3.491025349820521e-06 -2.745416420107712e-06 3.651750182305456e-06 1.562994333721064e-06
-3.544082481407735e-06 -2.166293089607625e-06 3.506174121016175e-06 1.487042608800494e-06
-4.824415979043377e-06 -4.337018956107978e-06 4.379874036167658e-06 2.756783386114516e-06
-4.062894523190069e-06 -3.320240810089619e-06 5.391637385460932e-06 3.817798751822654e-06
-4.146683980418304e-06 -2.244997217207272e-06 4.367333362623887e-06 1.579308838242826e-06
-4.962542204486447e-06 -3.432874889008593e-06 5.237225398230413e-06 3.177252792924260e-06
-5.595778132914866e-06 -4.396658808940347e-06 4.867629725523296e-06 1.937060106316747e-06
-4.802321780472646e-06 -2.251009023283742e-06 6.690861510980765e-06 2.993083367071588e-06
-6.705441460428641e-06 -4.457611900700666e-06 9.708519313025822e-06 1.280543184305831e-06
-5.803913890825967e-06 -2.905848606421748e-06 6.565441566302974e-06 2.497855128813301e-06
-5.589435043301333e-06 -2.197066134693653e-06 6.506606083809181e-06 3.318387222625759e-06
-8.371602365173390e-06 -4.555042554977171e-06 8.649318115532334e-06 4.318541282693133e-06
-7.519028561616195e-06 -3.201825166609522e-06 8.530359938302467e-06 4.235400208697679e-06
-6.711887492437896e-06 -2.125416337354761e-06 6.843486134535729e-06 3.758868198589232e-06
-1.075068491750543e-05 -4.675200036285125e-06 9.640460813794142e-06 6.104749999597370e-06
-9.527307297565920e-06 -3.300496334809235e-06 8.538536950670142e-06 4.118026979814553e-06
-8.367457562908938e-06 -2.035052521352710e-06 8.687528456491943e-06 3.354442742930515e-06
-1.342771898433510e-05 -4.769814803950414e-06 1.322423119078459e-05 1.788192731483781e-06
-1.205991425189761e-05 -3.296959706910661e-06 1.270030143452286e-05 1.661457151142304e-06
-1.075389410769706e-05 -1.922242064362382e-06 1.123238279026444e-05 -7.529074137103279e-07
-1.625387157845547e-05 -4.838732054311245e-06 1.382674151507575e-05 3.796306043708315e-06
-1.481974520334272e-05 -3.295817352643654e-06 1.272771163054254e-05 2.728806549779536e-06
-1.342781375394467e-05 -1.822263831062061e-06 1.233836760629982e-05 2.125118433916017e-06
-1.920592056005527e-05 -4.903984998673694e-06 1.583253432301097e-05 3.862996735161436e-06
-1.770857572906517e-05 -3.295236568260511e-06 1.501199237116776e-05 3.263331374071024e-06
-1.625338067362450e-05 -1.752970814251527e-06 1.365054234583776e-05 2.483856988526934e-06
-2.227741612573723e-05 -4.959417397023546e-06 1.881858190831507e-05 3.583996132937023e-06
-2.072490278616022e-05 -3.291044152415004e-06 1.712824315047866e-05 2.556120756210209e-06
-1.920897146901476e-05 -1.681667496266321e-06 1.634837911933993e-05 1.885280340209663e-06
-2.544100958483150e-05 -5.008048128890256e-06 2.079862665434164e-05 2.737168699811236e-06
-2.384294653667030e-05 -3.295262019300695e-06 2.028344750351405e-05 3.156887291480651e-06
-2.227420329423153e-05 -1.626503853128869e-06 1.833861617030272e-05 2.049471854832309e-06
-2.867477474248786e-05 -5.029710206747703e-06 2.035022076615813e-05 3.426669180337801e-06
-2.705204555848730e-05 -3.292522188927442e-06 2.054099805434765e-05 3.098826200013465e-06
-2.544225531683714e-05 -1.581264466002638e-06 2.097774855727496e-05 3.607610402697138e-06
-3.195047118170830e-05 -5.055207563480622e-06 2.257352376548953e-05 5.082538494816916e-06
-3.030506732085728e-05 -3.287005751183639e-06 2.081489994477411e-05 3.127818013910067e-06
-2.867837985779116e-05 -1.548475625166395e-06 2.026695011705927e-05 2.779403495083728e-06
-3.526342484620005e-05 -5.076998300704847e-06 2.382087852831609e-05 3.529498389209282e-06
-3.359992376732430e-05 -3.294316014524926e-06 2.396622114905208e-05 3.067401891581664e-06
-3.194586674843983e-05 -1.525343873340223e-06 2.264449329441566e-05 1.111957347447780e-06
-4.237070730681846e-05 -4.868150867120644e-06 2.453474865755816e-05 2.346983432247224e-06
-4.189936549042859e-05 -5.063472348292297e-06 2.455062030109948e-05 2.413173401892146e-06
-3.675432584352952e-05 -3.294904094983350e-06 2.352120856795260e-05 3.064729056479886e-06
-3.858544465965938e-05 -5.069431966936130e-06 2.379156370512395e-05 3.557769191445399e-06
-3.526363017279550e-05 -1.513905002371203e-06 2.375695675164609e-05 2.621633942145594e-06
-4.256593131057512e-05 -4.396693044686337e-06 2.452196681750449e-05 2.266679996915054e-06
-4.145192900736465e-05 -3.286728588864384e-06 2.474550702757139e-05 2.375847459754348e-06
-3.858822860504161e-05 -1.513555792705247e-06 2.402503147441077e-05 2.105634220576305e-06
-4.256601436372461e-05 -2.176358530230964e-06 2.459839957669476e-05 2.380678730127611e-06
-4.190025835849699e-05 -1.510758582415970e-06 2.469774135001241e-05 2.328421009229836e-06
-4.237101386468042e-05 -1.705677177957352e-06 2.463330591833394e-05 2.360457885983486e-06
