-1.390898475545370e-04 1.850523248576153e-05 1.054729465413605e-05 -3.704220400084232e-06
-1.396483639458481e-04 1.715709844596537e-05 1.085327979701450e-05 -3.298534830415001e-06
-1.396480960986352e-04 1.080126390925771e-05 1.040829567356584e-05 -4.914612955380223e-07
-1.390895266238426e-04 9.452887438573170e-06 1.004574359034639e-05 4.932952157403311e-08
-1.377415089942277e-04 1.906357096523977e-05 9.858435068472057e-06 -3.783585133990997e-06
-1.352129422449224e-04 1.397875087620826e-05 8.248281713923736e-06 -1.503618373245803e-06
-1.377410477101976e-04 8.894399596448863e-06 9.253078306980179e-06 2.176632238445950e-07
-1.282538017535014e-04 1.905887824774068e-05 7.643088028930771e-06 -2.731393429112269e-07
-1.282527190303809e-04 8.894471177326873e-06 6.806906607577731e-06 -2.620974453486997e-07
-1.230216141079746e-04 1.397512025543822e-05 7.697570723978528e-06 2.771070458158764e-07
-1.187757732949026e-04 1.905451708639768e-05 6.797827672059164e-06 -1.444176211372637e-06
-1.187751262339363e-04 8.893751736062977e-06 7.417045553240277e-06 1.085927022956633e-06
-1.140318949684406e-04 1.397376867992853e-05 6.422395599757987e-06 -7.159436774996580e-07
-1.092888528996107e-04 1.904902091453594e-05 6.616206852048477e-06 -1.402020007244888e-06
-1.092875239651108e-04 8.897463673424561e-06 6.908301109603189e-06 -8.739292216721034e-07
-1.045483240954768e-04 1.397345183702088e-05 6.911904777862505e-06 -1.340353196136745e-06
-9.982305523931681e-05 1.902826454457489e-05 5.902302397640169e-06 -1.336973653037765e-06
-9.982210066213670e-05 8.919246423741807e-06 6.068672273374620e-06 -1.469364043838922e-06
-9.510893240483915e-05 1.397413079505460e-05 4.449516388219410e-06 -1.240719761670033e-06
-9.042051759654685e-05 1.898863225714576e-05 4.727652997018321e-06 1.576197485688968e-06
-9.041840997336208e-05 8.958468951184679e-06 3.769789140517154e-06 -2.648921395539572e-06
-8.574381148973021e-05 1.397250803586470e-05 4.676121661526916e-06 3.358941844917159e-07
-8.110170013025781e-05 1.892682493556433e-05 3.908489468371312e-06 -2.971274050799087e-07
-8.110004878457831e-05 9.017923452497398e-06 4.883761324672325e-06 1.265162138444941e-07
-7.647555434178178e-05 1.397225701139180e-05 4.625603101040471e-06 -8.796030829648186e-07
-7.190206788677421e-05 1.883913846937632e-05 4.746431739207221e-06 -2.319425306659428e-06
-7.190344510514663e-05 9.107807912377184e-06 4.557754324156421e-06 -6.705193128404816e-08
-6.736101538275935e-05 1.397333931004510e-05 3.927198987677753e-06 -1.126022544865485e-06
-6.289158324642288e-05 1.872858646219246e-05 2.910368068769443e-06 -1.674341723385748e-06
-6.288955607414851e-05 9.213413833737215e-06 3.412943737367782e-06 -5.602552189265188e-07
-5.845867541961802e-05 1.396905935995407e-05 3.143196573011813e-06 -1.433280699728460e-06
-5.410661722811872e-05 1.859800811883341e-05 4.767791455097283e-06 -4.657012488534717e-07
-5.410473582645701e-05 9.336205855069283e-06 3.619356119132014e-06 -6.271498788472511e-07
-4.979646288186812e-05 1.396621891921334e-05 4.562644429137362e-06 -3.871990250313361e-07
-4.559154830494396e-05 1.843066875485750e-05 3.176179246586487e-06 -1.138972495752931e-06
-4.559541107786941e-05 9.507147419922876e-06 4.159528432995055e-06 -6.595169183423789e-07
-4.161401092296349e-05 1.396732218466361e-05 3.125489841627336e-06 -1.758210689366546e-06
-3.775196723284877e-05 1.823723755547684e-05 4.862428211959828e-06 3.426692724971288e-07
-3.774410650250594e-05 9.698322881211435e-06 3.301133617824133e-06 -1.896034601396572e-06
-3.488101847908819e-05 1.428364437210361e-05 4.182813966621539e-06 5.430300386567732e-07
-3.205722224739439e-05 1.806389152611228e-05 8.954923801109420e-07 -2.395688415037216e-06
-3.205543608516028e-05 9.869916984050410e-06 3.142197077169236e-06 7.123763027964190e-07
-2.807981465572764e-05 1.791234181498326e-05 1.291492446943908e-06 -1.466568615349356e-06
-2.880892577190439e-05 1.532726113177151e-05 2.790048411825912e-07 -2.997769321504150e-06
-2.806439747147986e-05 9.980925772900384e-06 9.696919590509687e-07 -3.167352463500282e-07
-2.526618811431195e-05 1.010276637991330e-05 3.174395933191205e-06 3.771383516692301e-07
3.619986584523742e-06 5.983591942888704e-07 -1.933442032565258e-05 5.233813434294308e-05
3.705746877608089e-06 4.756527112286951e-07 -2.715479026242677e-05 7.980539646226231e-05
3.704098176740439e-06 -2.628093793183744e-07 -1.585295733134925e-05 -4.718403318891016e-05
3.608134011914904e-06 -4.174726198099423e-07 2.022251324535337e-05 9.916952132600533e-06
-2.525996271526656e-05 1.780636912556544e-05 5.742392897856716e-06 -2.197472946415309e-06
-2.279149885341933e-05 1.757250820921117e-05 2.812088545443298e-06 -4.020510260203748e-06
-2.466016431373498e-05 1.299622315611533e-05 4.111459376587636e-06 -1.462721996086849e-06
-2.275917019230686e-05 1.001214413842425e-05 2.747354163520303e-06 2.317706716251022e-06
3.436745985892749e-06 6.387035197886220e-07 4.802108591112592e-05 9.862538224988630e-06
3.132867819729682e-06 6.696817425351375e-08 -3.564807120078290e-05 -4.380110662596667e-05
3.408055838144267e-06 -4.765836959095304e-07 7.680286465209856e-05 4.877441109196206e-05
-2.198177882504990e-05 1.521648185878658e-05 2.619631392435149e-06 -1.914624821317832e-06
-2.041058614325224e-05 1.704273921692848e-05 7.934737673913417e-07 -4.579010456488844e-06
-1.817511347976436e-05 1.629072642390915e-05 -2.254414223352708e-08 -2.909913054166415e-06
-2.124526956568900e-05 1.206376471773896e-05 1.797578208036951e-06 1.457280648591223e-06
-2.042626358819998e-05 9.534681874255673e-06 6.470113788096470e-07 2.255696064309949e-06
2.269002163189100e-06 6.846891641440871e-07 2.523674395039542e-05 1.752141974515976e-05
2.271944835574000e-06 -5.034469936442914e-07 -9.503487190703519e-06 1.428694070015491e-05
1.662443678322493e-06 6.231144191506615e-08 -1.759150023750630e-05 -1.168258763850363e-05
-1.611135437267905e-05 1.528318894492562e-05 -2.067642410587352e-07 -1.441105389514794e-06
-1.785510017710483e-05 1.393705663073566e-05 1.591873105576966e-07 4.599731474554811e-07
-1.861908713954534e-05 1.105080568238995e-05 1.027448723904459e-06 1.795036454426106e-06
-1.829941289073552e-05 8.709159860969100e-06 2.792577765800041e-06 -1.604470529300520e-07
9.983276153021393e-07 7.823104686749662e-07 -2.043412872294538e-06 6.142492255380461e-07
1.003891076080593e-06 -6.094758443629829e-07 1.677901603553606e-05 -3.095773147054745e-06
2.493511458271740e-07 2.869624703710552e-08 -9.687972060944101e-06 8.349128747912114e-06
-1.421199140127251e-05 1.409940711075814e-05 8.443352283216699e-07 -2.428740209876933e-06
-1.252676139372580e-05 1.274849525549649e-05 1.817638427021693e-06 -1.089967513890710e-06
-1.598386220204635e-05 1.061739164210724e-05 2.149727915031779e-06 -8.026683326701019e-07
-1.643290256484724e-05 7.563684923029078e-06 4.109364587595945e-06 4.981483634533027e-07
-6.071563882812453e-07 9.990428745110355e-07 9.320299176112951e-06 -1.189875545180086e-06
-6.056960201175603e-07 -8.512984472050097e-07 -6.107608717691954e-06 -5.241323398899381e-06
-1.295473594413401e-05 1.073591482231370e-05 9.556545288510949e-07 -6.243633966829087e-07
-1.107201256883651e-05 1.123400398661591e-05 2.761950006687369e-06 4.468286587301785e-07
-1.365592238063757e-05 8.541547863088787e-06 1.685277468996528e-07 -5.051295338816542e-07
-1.486661495200023e-05 6.206865016076126e-06 2.777003804732141e-06 2.426996543135921e-06
-1.557594848066668e-06 2.550872154362825e-08 1.057614470726649e-06 1.572501198734228e-05
-2.658634474195167e-06 1.324160422922395e-06 -8.695133873973394e-06 -5.708629847970702e-06
-2.664978646587167e-06 -1.198744019592456e-06 6.836337246855251e-06 -1.089931611009434e-05
-9.812478793906090e-06 9.623689839950656e-06 3.095932420644707e-06 -7.007448938694340e-08
-8.823202534461277e-06 7.983985503554842e-06 1.538586440863364e-06 -1.415658040714453e-06
-8.070058286259634e-06 6.268790915717169e-06 7.544408078282598e-07 -1.341270433094681e-06
-1.224335482360603e-05 6.623782300610852e-06 1.879570228309595e-06 -8.115292855792369e-07
-1.362516345021709e-05 4.704390687496044e-06 1.399793534520695e-06 1.832945240331856e-06
-3.566912967025707e-06 6.821233347971342e-08 1.941385555387683e-06 -6.876987377386996e-06
-4.668839597942622e-06 1.631069644730944e-06 5.003739522021873e-06 1.396308660437997e-05
-4.676498938860044e-06 -1.539548493251799e-06 -3.220881877352863e-06 1.134490137300858e-05
-9.745463514955571e-06 6.256282312906441e-06 1.065747400980200e-06 -2.023997074084006e-06
-7.511117232564758e-06 4.540484759235654e-06 1.500677627213024e-06 3.789200273124759e-06
-6.452342826752424e-06 1.912082445164325e-06 1.884691066542618e-06 6.576333593755655e-07
-6.956460770794892e-06 2.202142460477823e-06 2.980536402509220e-06 -4.800346845805998e-06
-7.208778659338981e-06 2.799531968930022e-06 5.184280131384695e-06 -5.241007855057533e-06
-1.127368840585751e-05 4.488733624079552e-06 3.689758755498495e-06 9.544935231560616e-07
-1.270200406325022e-05 3.126951658285228e-06 -1.373288726411610e-06 -3.772798329340882e-06
-5.646060497375227e-06 3.024134505753506e-07 -5.451986778203373e-07 -3.313789898446231e-06
-6.487188315860998e-06 -1.800055596266546e-06 2.272104615988170e-06 -3.129691291587195e-06
-8.677336979465215e-06 3.326354385949081e-06 -2.392049801532322e-06 7.878923225584812e-07
-7.012943633248202e-06 1.082982691459768e-06 -2.923798324516121e-06 -4.905842477800168e-06
-7.611657854354773e-06 2.006187589135088e-06 1.757416642561562e-06 -6.362200349946393e-06
-1.059957286579159e-05 2.646716670251031e-06 1.595775740018859e-06 4.085872978713156e-06
-1.211235331815305e-05 1.562172580618059e-06 -2.170093336059482e-06 -3.701319149434621e-06
-7.088383238269264e-06 -7.185443653160561e-07 -2.143404060751943e-06 -3.405389869666758e-06
-7.028450053407192e-06 -2.059346461881204e-06 5.187070373193701e-06 -6.815764753735662e-06
-9.046141460769164e-06 6.805853594326856e-07 2.449467305959181e-06 7.412597872456667e-06
-1.188387856057264e-05 1.975803739495239e-08 2.707315093845826e-06 -4.567544376281951e-06
-1.195792569365896e-05 -1.454786356544076e-06 3.384146397917923e-06 -1.295323015403227e-06
-8.169332224817011e-06 -1.692183899201953e-06 -2.440460454456909e-06 -1.974369552416756e-06
-7.345165310283969e-06 -2.613434410453165e-06 8.781332654406094e-06 -7.967461357769308e-06
-7.759774870376313e-06 -4.145405425300171e-06 9.380567283569950e-06 6.171079466093377e-07
-1.049266328990944e-05 -1.658014199194077e-06 1.573106243051424e-06 2.649421357132835e-06
-8.347726934296227e-06 -5.589157704573521e-06 4.083469277793830e-06 2.379629129104272e-06
-1.234690495908001e-05 -2.937196611973772e-06 -6.899890488538699e-07 -2.532851565634890e-06
-9.161144306158946e-06 -4.212782082486663e-06 -4.466885227206213e-08 4.667311016372140e-06
-1.116554739438921e-05 -4.328192808834406e-06 -6.753889981665395e-07 1.483824635193227e-06
-9.070533469295780e-06 -6.945549978650827e-06 -2.970696986466150e-06 -7.068859583205393e-07
-1.298711808998714e-05 -4.323755021651912e-06 -3.383302214661195e-06 -8.726595325012312e-07
-1.239262067223090e-05 -5.662263279094804e-06 -1.196934721365991e-06 2.049347590485475e-07
-1.105072232829061e-05 -6.482497302748942e-06 2.744485328574519e-06 -1.204646292376623e-06
-9.943181294896480e-06 -8.211728558686763e-06 2.316102427545194e-06 2.405846923051598e-07
-1.095892226930743e-05 -9.368012943762204e-06 7.641890772724483e-07 2.329174673834182e-07
-1.386433246492499e-05 -5.586518068052619e-06 -1.988842774190486e-06 8.852203404885751e-07
-1.319899278252376e-05 -7.129422811000087e-06 -4.590472727401622e-07 -8.586198906011362e-07
-1.242624698504737e-05 -8.902709699472808e-06 7.036794776137239e-08 2.412449816864013e-07
-1.209736664411364e-05 -1.039381945266816e-05 -5.005955899136405e-07 1.123686971511585e-06
-1.494482924913522e-05 -6.677712686121006e-06 1.763464452388516e-06 -6.736173618672470e-07
-1.460819733338360e-05 -8.884822655780269e-06 2.309029579829538e-06 3.053651360100670e-06
-1.333891947816466e-05 -1.128303985580045e-05 3.535320467618204e-06 1.848641615346107e-06
-1.466728797324695e-05 -1.202257125120041e-05 1.751813418713141e-06 -6.833420028614926e-07
-1.607195065707828e-05 -1.260820945367349e-05 9.106725508573457e-08 -5.300384756024912e-07
-1.619665130128699e-05 -9.347102025010733e-06 1.088718676489713e-06 1.295382890747203e-06
-1.619240647983169e-05 -7.559999553713685e-06 3.003717236855367e-06 -2.006086715756477e-07
-1.588239063567645e-05 -1.110179563235807e-05 -9.688478947196597e-09 8.516476106277556e-07
-1.753248945230161e-05 -1.303190175626478e-05 -1.417659197323179e-06 3.192534632811546e-07
-1.902943852473550e-05 -1.328646871284104e-05 4.202324215723045e-08 1.188273977657834e-06
-1.745099178005290e-05 -9.743640306128927e-06 3.816285336524860e-07 3.690946280691197e-07
-1.756577029439545e-05 -8.205549566742430e-06 1.056636587808322e-06 -9.229138669303006e-07
-2.054561674892287e-05 -1.336788496843134e-05 1.517604831552311e-06 1.285734575487786e-06
-1.886503873423458e-05 -1.115857008977039e-05 -1.135661070725955e-07 1.756374487491898e-07
-1.903453110524306e-05 -8.604273469928336e-06 3.383412349540189e-07 4.007822630850762e-07
-2.088178358912677e-05 -1.138205439868724e-05 1.186744295148004e-06 1.187327826179615e-06
-2.220140475864343e-05 -1.335931847994402e-05 -6.796735557457917e-08 1.368286974763621e-06
-2.054843670023437e-05 -8.742603497754512e-06 1.197383765803857e-06 1.884328436505224e-06
-2.446666573964101e-05 -1.335366992832167e-05 -3.441004264521314e-07 1.034299794412945e-06
-2.268287995573899e-05 -1.025697595195686e-05 7.097554472169500e-07 1.372996260142461e-06
-2.220167212871537e-05 -8.750593537809412e-06 1.090954797792465e-06 1.946279082772325e-06
-2.759066792851949e-05 -1.335408200340424e-05 1.788519227244319e-06 1.989028407666250e-07
-2.604390872892011e-05 -1.087313676060187e-05 3.240853457870295e-07 2.523820346901169e-07
-2.447163426160658e-05 -8.756922301071372e-06 3.577604281132582e-07 9.385499159059845e-07
-3.169081485543082e-05 -1.335157580594785e-05 -1.036535458040249e-06 1.156740401873594e-06
-2.964280330023337e-05 -1.105836855759718e-05 7.850016849071407e-08 1.910760775474000e-06
-2.758438404271550e-05 -8.759057929479083e-06 -7.315778944657344e-07 1.072497447298656e-06
-3.595757167740922e-05 -1.335212480142508e-05 2.000315583891556e-06 1.136701327011504e-06
-3.382344907257339e-05 -1.105783061924018e-05 6.075087425707460e-07 1.426267738303157e-06
-3.169211113093124e-05 -8.765044568395532e-06 7.714024233904424e-07 2.111474508511061e-06
-4.025087146079640e-05 -1.336588734165945e-05 1.547338565505020e-06 2.722355331115226e-06
-3.809907387839686e-05 -1.105833406114184e-05 1.507218364228742e-06 1.564749186653537e-06
-3.595868097759461e-05 -8.763508383734492e-06 9.430061386842968e-07 1.845901613431694e-06
-4.455944959968503e-05 -1.337496472842337e-05 1.723358885922338e-06 1.539454515996683e-06
-4.240244345728957e-05 -1.106388408110090e-05 1.809657041209972e-06 5.488378641424440e-07
-4.024735576029195e-05 -8.756812539585448e-06 2.047384218548796e-06 -1.153907149841617e-06
-4.887438642612201e-05 -1.337737392703137e-05 2.535214956925435e-06 2.147785877675065e-06
-4.671711498951014e-05 -1.106431967682871e-05 1.945415420191322e-06 1.203269003252300e-06
-4.455989488873505e-05 -8.753161607759659e-06 1.299987073419018e-06 1.506116960731533e-07
-5.320944320606432e-05 -1.339820429067593e-05 3.653840686293209e-06 2.524429075013614e-06
-5.103519747647447e-05 -1.106557542797411e-05 2.998201308635560e-06 8.770386392228171e-07
-4.887455239121134e-05 -8.752295913437319e-06 2.987875169253033e-06 -1.310864329761926e-07
-5.755817425294739e-05 -1.340112517583547e-05 4.045438295019023e-06 2.900604680986678e-09
-5.538385090075142e-05 -1.106887511063164e-05 4.077164073662059e-06 1.786235774621582e-06
-5.320710303507790e-05 -8.736510260094022e-06 2.695652790158891e-06 2.020547549135681e-07
-6.191023422161465e-05 -1.340029975426461e-05 5.461716702194929e-06 4.231320709002886e-07
-5.973409592633561e-05 -1.106789295745330e-05 5.149468386513209e-06 1.906513850969727e-07
-5.756025385978322e-05 -8.735342606248188e-06 5.391253122694901e-06 1.968299661033126e-06
-6.626843360135141e-05 -1.341411401023430e-05 5.117874402408097e-06 4.192483407803931e-06
-6.408563444125285e-05 -1.107381802282568e-05 4.160618292945554e-06 1.673777477873112e-06
-6.190676279433686e-05 -8.740940041818708e-06 4.342361515243895e-06 1.151556630318174e-06
-7.561487843874450e-05 -1.314665670172890e-05 6.097704986226930e-06 1.039392674503893e-06
-7.499847097170100e-05 -1.340282418932164e-05 5.891658183916277e-06 1.010090300321914e-06
-6.822377041628731e-05 -1.107584626380327e-05 6.550611903148549e-06 1.877662567371827e-06
-7.063376854687558e-05 -1.341445318436985e-05 6.208988450754076e-06 6.058934662876473e-07
-6.626832872970548e-05 -8.736439377979479e-06 5.178961576940310e-06 -2.560656322172630e-07
-7.587013832238599e-05 -1.252923825797012e-05 6.192439457226649e-06 9.906826501275107e-07
-7.441206665745188e-05 -1.107730456303787e-05 5.624336407752910e-06 6.881086791274743e-07
-7.063343810981568e-05 -8.738011396927578e-06 6.645416317281438e-06 2.016648335609799e-06
-7.586965613265696e-05 -9.625890631523747e-06 6.082682159549389e-06 4.436585456134140e-07
-7.499787091533033e-05 -8.752190568855650e-06 5.906790353268798e-06 6.190351464218281e-07
-7.561434583442011e-05 -9.008410635880426e-06 6.017816022962655e-06 5.269231338431970e-07
