7.590849608019723e-05 -1.147297131287179e-05 -6.024446270339458e-06 2.643460145919480e-06
7.619785866147892e-05 -1.077454765191667e-05 -6.046982879173885e-06 2.596812460653675e-06
7.619779295949356e-05 -7.481803236782323e-06 -6.035466849977786e-06 2.399899804862456e-06
7.590842825203092e-05 -6.783399405536699e-06 -6.010463181208814e-06 2.349570452312751e-06
7.520994908021880e-05 -1.176224283044116e-05 -5.971445012315785e-06 2.661816211702680e-06
7.389929616036617e-05 -9.128174318131700e-06 -5.856604472233291e-06 2.482854543005616e-06
7.520988810967223e-05 -6.494138128393092e-06 -5.953359567186197e-06 2.328854287940510e-06
7.029070107573157e-05 -1.176038351222806e-05 -5.531899990071028e-06 2.671861366591729e-06
7.029071917551530e-05 -6.496125659580670e-06 -5.522916260931277e-06 2.272035554989456e-06
6.757736469463573e-05 -9.128289162262131e-06 -5.258421892346249e-06 2.463718834260729e-06
6.537998103588673e-05 -1.175248310802309e-05 -5.030000986948261e-06 2.821528507491075e-06
6.538007960370983e-05 -6.504352836329316e-06 -5.085100083345031e-06 2.325774396010594e-06
6.293085572113717e-05 -9.128407044209790e-06 -4.813932093879610e-06 2.413852741117013e-06
6.049060985332185e-05 -1.173804314730133e-05 -4.292880463041515e-06 2.854986701162329e-06
6.049041290385405e-05 -6.518638253510422e-06 -4.659213477830731e-06 2.431722780099819e-06
5.805573171858547e-05 -9.128337203027589e-06 -4.487924763387374e-06 2.430792536114509e-06
5.563336787706654e-05 -1.171799507345329e-05 -3.727166746773988e-06 2.681462772776906e-06
5.563278367751994e-05 -6.538391230384514e-06 -4.473803981973195e-06 2.505864590605461e-06
5.321783885178984e-05 -9.128031718572809e-06 -4.402828037748469e-06 2.525497161571790e-06
5.081795355907961e-05 -1.169280683916015e-05 -3.698209130682332e-06 2.421838193464605e-06
5.081728091905487e-05 -6.562786594518997e-06 -4.441303761914257e-06 2.481097135500871e-06
4.842629616893505e-05 -9.127526265089023e-06 -4.410660427479401e-06 2.598963658145438e-06
4.605342800457390e-05 -1.166256806748070e-05 -4.116266206696745e-06 2.284375137432236e-06
4.605310592416262e-05 -6.592122478229271e-06 -4.457556193399280e-06 2.432843434934160e-06
4.369042715008512e-05 -9.127091238683708e-06 -4.458928252786292e-06 2.556077600608839e-06
4.134921610405113e-05 -1.162784127538667e-05 -4.478231178452883e-06 2.324627144243711e-06
4.134915350996603e-05 -6.625828773479409e-06 -4.512333081147334e-06 2.426521337844251e-06
3.901913175636939e-05 -9.126744850998870e-06 -4.540462952325593e-06 2.434821552052466e-06
3.671262365276513e-05 -1.159026899006119e-05 -4.637850283809276e-06 2.364863717750727e-06
3.671251622718491e-05 -6.662668114933744e-06 -4.574698790068879e-06 2.374736635848550e-06
3.441774968766217e-05 -9.126376145431339e-06 -4.640274226867449e-06 2.322593732727620e-06
3.214770405492859e-05 -1.155036637950305e-05 -4.675084188645026e-06 2.309230812609788e-06
3.214749247336732e-05 -6.701930038702916e-06 -4.681871850142113e-06 2.283549059739153e-06
2.988974647342562e-05 -9.125890151622102e-06 -4.720375948811236e-06 2.267187736284194e-06
2.765827901136714e-05 -1.150682708630743e-05 -4.717196983880554e-06 2.295093094532789e-06
2.765809106049540e-05 -6.744788177483958e-06 -4.706521121362422e-06 2.207287086784271e-06
2.552909003718688e-05 -9.125213418813512e-06 -4.660869139836390e-06 2.231683290507896e-06
2.342848546520635e-05 -1.145803530096712e-05 -4.587180087446203e-06 2.298735522835274e-06
2.342796038076396e-05 -6.794767847389095e-06 -4.557634420693164e-06 2.094298746238796e-06
2.186096968903538e-05 -9.304433601611845e-06 -4.496603713345518e-06 2.182725835998102e-06
2.028936501889002e-05 -1.141155219202860e-05 -4.367021597133221e-06 2.334801455858371e-06
2.028789181968655e-05 -6.842211986418733e-06 -4.353797764816343e-06 1.957130294709235e-06
1.804937770523816e-05 -1.136910303520506e-05 -4.125523636530696e-06 2.378217182243057e-06
1.847399564005465e-05 -9.895476484485946e-06 -4.189478883863775e-06 2.204069119565990e-06
1.804670161684401e-05 -6.873611701441448e-06 -4.109916303103339e-06 1.873567539345141e-06
1.644352551772279e-05 -6.908440166622416e-06 -3.890983803208902e-06 1.805270307046291e-06
-2.581779555049039e-06 -4.630453431943221e-07 7.948662568243806e-07 -2.019916174841772e-07
-2.632947539667340e-06 -3.399424791648858e-07 8.089906510340552e-07 -2.352431372556359e-07
-2.632649477910814e-06 1.183699094639483e-07 8.081714329211626e-07 -3.629987811983126e-07
-2.581753839547874e-06 2.396682957725487e-07 7.935619154204334e-07 -3.971417342849891e-07
1.644083061584539e-05 -1.133809474015231e-05 -3.913762520520803e-06 2.399361674070494e-06
1.500759304343994e-05 -1.122767136235311e-05 -3.691811105515140e-06 2.402739720218631e-06
1.610789835789495e-05 -8.571778353545577e-06 -3.869109550595219e-06 2.020327720450855e-06
1.499768680280329e-05 -6.821094504625088e-06 -3.690253929337560e-06 1.730657784560731e-06
-2.459229307168910e-06 -5.139815882535159e-07 7.612417870898104e-07 -1.885029437862975e-07
-2.335840189269398e-06 -1.136562578648264e-08 7.247456037716052e-07 -3.279452946018781e-07
-2.460340272536054e-06 2.902532163045186e-07 7.589591807216722e-07 -4.118538327653728e-07
1.454487076564399e-05 -9.867460404417192e-06 -3.627127305359644e-06 2.202362925785542e-06
1.361071126516947e-05 -1.094922719651390e-05 -3.467675183299530e-06 2.381696041063336e-06
1.227530684957595e-05 -1.052695046361077e-05 -3.233982178788720e-06 2.327320099879081e-06
1.411390542719322e-05 -8.016772928754621e-06 -3.558493085100461e-06 1.902856854770448e-06
1.362601785064543e-05 -6.501984245837796e-06 -3.473279739012341e-06 1.621267040420783e-06
-1.628904701666409e-06 -5.277915383397134e-07 5.323981736384893e-07 -1.996116628523602e-07
-1.628437273563898e-06 3.043347565677590e-07 5.270935253287383e-07 -4.246618245201738e-07
-1.198335436274292e-06 -1.119441408745094e-07 4.172246693040121e-07 -3.214253966222724e-07
1.102188484531493e-05 -9.952904499285860e-06 -2.990034340226375e-06 2.248887069131169e-06
1.209157069930195e-05 -9.134126322239579e-06 -3.208501077207761e-06 2.089580978884535e-06
1.254963033408984e-05 -7.402231194846464e-06 -3.289268594164520e-06 1.770814698517766e-06
1.236050721811681e-05 -5.969355035512535e-06 -3.256498659159104e-06 1.470178109718141e-06
-7.317554921054102e-07 -6.052552693568152e-07 2.984569649346435e-07 -1.995457812123919e-07
-7.320939248420445e-07 3.804789264924274e-07 2.934247731926392e-07 -4.604028261536709e-07
-2.013141434447344e-07 -1.128184420840651e-07 1.558815069481174e-07 -3.359165388421187e-07
9.854043915352704e-06 -9.256188190989884e-06 -2.747099059804641e-06 2.128578331249477e-06
8.799199403441062e-06 -8.448627111910452e-06 -2.514215754359677e-06 1.973017031050958e-06
1.095249013325084e-05 -7.134311498483903e-06 -2.981550857694514e-06 1.702112416885248e-06
1.123575815177780e-05 -5.239467407221909e-06 -3.047920531428735e-06 1.284919115346404e-06
4.076392615963610e-07 -7.726338162073895e-07 -5.167874239262804e-09 -1.599681667533848e-07
4.074669441766008e-07 5.462184551279911e-07 -4.110032754596519e-09 -5.123810634166504e-07
9.066655306749358e-06 -7.217336592551600e-06 -2.573992606197267e-06 1.719569990931968e-06
7.865626386252505e-06 -7.532921314814861e-06 -2.300094746433239e-06 1.790956702223347e-06
9.510183070817359e-06 -5.843972539457277e-06 -2.682533203803495e-06 1.411333083105903e-06
1.027975245480952e-05 -4.356758973717459e-06 -2.868336382521781e-06 1.060169340332054e-06
1.078026936116590e-06 -1.137380008431984e-07 -1.767489327928953e-07 -3.323900909381170e-07
1.875270980807410e-06 -1.014000815207918e-06 -3.973724638268124e-07 -6.107244839232683e-08
1.873772349387592e-06 7.876399321035567e-07 -3.898141054928103e-07 -5.850228499298657e-07
7.046444408580332e-06 -6.535619065992508e-06 -2.108044748304863e-06 1.583272340695187e-06
6.371117320283089e-06 -5.487030668377008e-06 -1.930447665405945e-06 1.337736708486180e-06
5.835452368595891e-06 -4.378114321183894e-06 -1.761577373393938e-06 1.061609107261858e-06
8.606436824347275e-06 -4.618424312633036e-06 -2.490944551901542e-06 1.124448508085332e-06
9.513387082106909e-06 -3.360821047417119e-06 -2.732585107622418e-06 7.906406630004954e-07
2.515528962721889e-06 -1.170026006679940e-07 -5.761809238926879e-07 -3.131910301943349e-07
3.301355888676651e-06 -1.251435058243131e-06 -8.349147211384328e-07 6.582189617953064e-08
3.301420025477925e-06 1.034173670474058e-06 -8.248163165242022e-07 -6.735476851963333e-07
6.967195892744511e-06 -4.376026459136020e-06 -2.082284511872096e-06 1.067605600665640e-06
5.428877422348815e-06 -3.236093688341428e-06 -1.624867657713785e-06 7.453078642324232e-07
4.596825958209690e-06 -1.453027414462116e-06 -1.284803219084508e-06 1.700158142814663e-07
4.974504852951978e-06 -1.654394784580641e-06 -1.426404271670153e-06 2.459798632647206e-07
5.176171087904596e-06 -2.065186606573598e-06 -1.509918035776392e-06 3.863092116097856e-07
7.976708367431954e-06 -3.214928890588252e-06 -2.357676286174059e-06 7.501963688596533e-07
8.943846895770206e-06 -2.295394454902163e-06 -2.639529278710392e-06 4.733731684608192e-07
4.007460330489348e-06 -2.839748889060224e-07 -1.067412735142891e-06 -2.369738615757528e-07
4.600086125696273e-06 1.212339634447553e-06 -1.267055186144385e-06 -7.261738224818793e-07
6.212375045212559e-06 -2.428460324079010e-06 -1.852112842195077e-06 5.111643458886897e-07
4.999742517216175e-06 -8.507712506565095e-07 -1.424717951939983e-06 -2.965976768371761e-08
5.447905583861506e-06 -1.512297680971620e-06 -1.590693666534380e-06 2.031151904775977e-07
7.525399118982635e-06 -1.965200469849135e-06 -2.243676819064660e-06 3.694951732132498e-07
8.589922023240023e-06 -1.205075920492000e-06 -2.586317499882118e-06 1.175821543123238e-07
5.024703552061117e-06 4.441081278001411e-07 -1.419011918638747e-06 -4.646950828410677e-07
4.969433365951700e-06 1.407064716495199e-06 -1.394738727430267e-06 -7.877845632440664e-07
6.448222533780307e-06 -5.826707197137637e-07 -1.913840929210106e-06 -9.543951906800554e-08
8.469072788918144e-06 -1.129788866849965e-07 -2.573777561263248e-06 -2.517568954828424e-07
8.583704911300328e-06 9.652802631101519e-07 -2.639606094479425e-06 -6.216486064799684e-07
5.790133058152358e-06 1.145885087969835e-06 -1.677808776036601e-06 -6.926468018521561e-07
5.183335993575863e-06 1.826603866688969e-06 -1.466017359536339e-06 -9.277673304952167e-07
5.442989307910054e-06 2.988356204608179e-06 -1.549990558391657e-06 -1.326425979826173e-06
7.498414203293596e-06 1.100051911368544e-06 -2.268546082634383e-06 -6.624569952846851e-07
5.837672039071909e-06 4.125653470443946e-06 -1.678560698150092e-06 -1.730864133206345e-06
8.928882208345234e-06 2.057395474431180e-06 -2.777746459432903e-06 -9.913203819206830e-07
6.486005609900984e-06 3.025191713334367e-06 -1.912735739003010e-06 -1.335108062760783e-06
8.035972550802389e-06 3.113531929877131e-06 -2.464868966791754e-06 -1.360287694405646e-06
6.374543662866889e-06 5.216037576658367e-06 -1.859729160483678e-06 -2.121977498000254e-06
9.487150076365383e-06 3.115275398832156e-06 -2.990484772955974e-06 -1.356174769120585e-06
9.030634923753012e-06 4.169923447999898e-06 -2.826373493788804e-06 -1.727707307099098e-06
7.942318840269619e-06 4.835348495345038e-06 -2.423829705060183e-06 -1.976687368755411e-06
7.041165476363370e-06 6.268034367993761e-06 -2.087829085339483e-06 -2.512923022049593e-06
7.851151191500320e-06 7.257801262741774e-06 -2.365434769117475e-06 -2.889095641783488e-06
1.025587885904001e-05 4.098498009911050e-06 -3.285598076691832e-06 -1.686381660946828e-06
9.705332210342163e-06 5.368112907994795e-06 -3.069737632497972e-06 -2.151419961281552e-06
9.055062002341775e-06 6.867499759056131e-06 -2.807132703494672e-06 -2.733031206218499e-06
8.777200516441610e-06 8.171421325446145e-06 -2.692797095860392e-06 -3.273563138504905e-06
1.120853819435980e-05 4.969678245572265e-06 -3.662800450375851e-06 -1.965198218665491e-06
1.092166086395952e-05 6.861625927020237e-06 -3.527797799179138e-06 -2.711971103191806e-06
9.826016544523601e-06 8.977812352749849e-06 -3.073844330042223e-06 -3.627808402018132e-06
1.098953983377401e-05 9.675434279507654e-06 -3.541947790696133e-06 -3.976252531007462e-06
1.224063863810477e-05 1.025375607160879e-05 -4.095144737435866e-06 -4.333505098682918e-06
1.233993448889602e-05 7.271488021330371e-06 -4.136830116749483e-06 -2.865902169679071e-06
1.232861543269717e-05 5.695117263775870e-06 -4.142488620485263e-06 -2.193916505464726e-06
1.205616562495459e-05 8.857517880353215e-06 -3.987069674318465e-06 -3.609307101790600e-06
1.357562940545602e-05 1.068077327121133e-05 -4.746492889435209e-06 -4.619294546636597e-06
1.497475078568793e-05 1.096124049066658e-05 -5.507634841112976e-06 -4.860540298067540e-06
1.348525397019325e-05 7.624706858287116e-06 -4.679841429049890e-06 -3.007758475466224e-06
1.359461581576536e-05 6.227129555791507e-06 -4.751834406833804e-06 -2.334214215879273e-06
1.640881511926234e-05 1.107844695124060e-05 -6.337225933056128e-06 -5.004021271841098e-06
1.479745262518100e-05 8.940180903385937e-06 -5.360983563798610e-06 -3.699099904657350e-06
1.496542126789051e-05 6.541449882693804e-06 -5.481544289172504e-06 -2.372709248693298e-06
1.672244320751618e-05 9.161912423268961e-06 -6.515580740736106e-06 -3.840196192308209e-06
1.802427114468024e-05 1.112090012075520e-05 -7.366991152970469e-06 -5.107667284985725e-06
1.639724706824618e-05 6.632752372203382e-06 -6.307983269748305e-06 -2.336652781442598e-06
2.028232876848236e-05 1.116436849515335e-05 -8.885272719685182e-06 -5.186539868526640e-06
1.848223838057526e-05 8.062333895522251e-06 -7.649991877916761e-06 -3.142342698918420e-06
1.802157444916391e-05 6.591937401326736e-06 -7.370806179658947e-06 -2.216717576555867e-06
2.347288193872840e-05 1.123270645875033e-05 -1.110729410554348e-05 -5.240496517227258e-06
2.187466409329263e-05 8.672333565105649e-06 -9.995537999041542e-06 -3.511477915889740e-06
2.028315767058221e-05 6.537497993161840e-06 -8.896745638712218e-06 -2.084925373051385e-06
2.781232523255328e-05 1.130918608661655e-05 -1.408326870696290e-05 -5.206751403866617e-06
2.562099791984091e-05 8.855616168504463e-06 -1.260591836312695e-05 -3.596144758930213e-06
2.347302834040109e-05 6.473501693707948e-06 -1.112297220131088e-05 -1.988098589609706e-06
3.246183760271149e-05 1.137732450090335e-05 -1.711479334536437e-05 -5.119357251124397e-06
3.011625617661311e-05 8.856067927332953e-06 -1.562438371988716e-05 -3.546851270236352e-06
2.781219742350561e-05 6.401776992151121e-06 -1.410031052053463e-05 -1.935917579496472e-06
3.722950009704213e-05 1.143835167381281e-05 -2.003974594972621e-05 -5.049006247830014e-06
3.482659982144733e-05 8.856681524703225e-06 -1.859687661320754e-05 -3.502268837618045e-06
3.246163494037187e-05 6.335418058656203e-06 -1.712891996405978e-05 -1.928668156811458e-06
4.210430447780372e-05 1.149250032912486e-05 -2.296300633583882e-05 -5.040214966762810e-06
3.964987859689430e-05 8.857092615009561e-06 -2.149402791689644e-05 -3.461210520508369e-06
3.722936988851460e-05 6.275451386058133e-06 -2.005229484625922e-05 -1.914604354696390e-06
4.707331317753894e-05 1.153873764606327e-05 -2.602121001470097e-05 -5.045205416764806e-06
4.457420636436024e-05 8.857304767807277e-06 -2.447581832411215e-05 -3.415312989578273e-06
4.210423345108422e-05 6.221931996208922e-06 -2.297770500534214e-05 -1.837416713625015e-06
5.212069174131073e-05 1.157567419846529e-05 -2.914682382654654e-05 -4.978599844042980e-06
4.958535707716679e-05 8.857286520640262e-06 -2.759877186470192e-05 -3.363907881401979e-06
4.707331897939246e-05 6.175892454121633e-06 -2.603835940794855e-05 -1.734311619772180e-06
5.722823140240187e-05 1.160289128098138e-05 -3.214639197790275e-05 -4.867781225927376e-06
5.466594843866468e-05 8.857046569054123e-06 -3.068336434780301e-05 -3.315995800464792e-06
5.212077482600163e-05 6.138689173177021e-06 -2.916281033828023e-05 -1.699879449800739e-06
6.237827839607874e-05 1.162138200824066e-05 -3.501472663379891e-05 -4.821117242558659e-06
5.979750978679489e-05 8.856680768233843e-06 -3.359280750967938e-05 -3.280539962214069e-06
5.722835766483787e-05 6.110845394152188e-06 -3.215784112805392e-05 -1.726407834071677e-06
6.755566892605731e-05 1.163263567883788e-05 -3.793601865804809e-05 -4.861642541919314e-06
6.496355750582968e-05 8.856326381122596e-06 -3.645519732629600e-05 -3.259040624905216e-06
6.237839800655972e-05 6.091613736548704e-06 -3.502133262725131e-05 -1.716443118770057e-06
7.868329835619258e-05 1.133342309972384e-05 -4.462634672586046e-05 -4.744483263624823e-06
7.794529339377919e-05 1.163908611896212e-05 -4.417817690753471e-05 -4.929655640475055e-06
6.988008359893205e-05 8.856088458156398e-06 -3.929438243036789e-05 -3.247826243778520e-06
7.274810275317611e-05 1.163800196077682e-05 -4.101273043796779e-05 -4.915679849699460e-06
6.755574941082955e-05 6.079748422421134e-06 -3.793954117249706e-05 -1.643498406345959e-06
7.898899395242562e-05 1.059546294794548e-05 -4.481205041217168e-05 -4.297038274378116e-06
7.724241029699900e-05 8.855939308114753e-06 -4.374793670083755e-05 -3.240834829292699e-06
7.274813567607056e-05 6.074013835384066e-06 -4.101431832879207e-05 -1.572554883269876e-06
7.898899499613947e-05 7.116412163412772e-06 -4.481213159211460e-05 -2.184423857302549e-06
7.794530436076044e-05 6.072803367472659e-06 -4.417873941542733e-05 -1.552498326674368e-06
7.868330216123092e-05 6.378461475275130e-06 -4.462656339033562e-05 -1.737434365607968e-06
