6.095667392409135e-05 -9.907329775347692e-06 -1.429842855724367e-05 5.818428814141596e-06
6.116438409594492e-05 -9.404832777655114e-06 -1.478977370745979e-05 4.899420390655549e-06
6.116537638667561e-05 -7.036848156983635e-06 -1.453342823535814e-05 7.977214382242767e-08
6.095783898988557e-05 -6.534764172741082e-06 -1.407120290660402e-05 -6.236495712911531e-07
6.045502807001618e-05 -1.011567788664098e-05 -1.313540997644733e-05 6.108239695364068e-06
5.951454934115548e-05 -8.221273384563207e-06 -1.149080885995482e-05 2.546840252955702e-06
6.045653075786217e-05 -6.326639914231412e-06 -1.304397243011268e-05 -8.120777807002181e-07
5.691569552895588e-05 -1.012138325233991e-05 -1.157595091301962e-05 2.690594047575074e-06
5.691890470681749e-05 -6.326983984515860e-06 -1.176528013189900e-05 2.403201728018478e-06
5.495652488574018e-05 -8.227193874821646e-06 -1.247123708572036e-05 1.692046939076179e-06
5.337453236204721e-05 -1.011207134083135e-05 -1.123310821904497e-05 1.142872965563940e-06
5.337370479216868e-05 -6.344092627127680e-06 -1.009826173325946e-05 8.772276251742481e-07
5.161424862426358e-05 -8.226374260811260e-06 -7.547037469149599e-06 1.418620065609476e-06
4.985960910423186e-05 -1.010328933970892e-05 -7.432463256856566e-06 1.123440232188408e-06
4.985655011715523e-05 -6.343242394003088e-06 -8.148438869537429e-06 4.482881688797227e-06
4.810368800865844e-05 -8.220148792466850e-06 -9.166123529180224e-06 3.067747234710611e-06
4.635312680738331e-05 -1.009341000722653e-05 -9.146285457674419e-06 4.127269688169672e-06
4.635550803930513e-05 -6.346738798036381e-06 -7.990938880938183e-06 1.863955756397348e-06
4.460777943910502e-05 -8.222099847984913e-06 -6.662707296357155e-06 2.379369909528538e-06
4.286294289088678e-05 -1.008517836892792e-05 -5.889861073581626e-06 4.486780149240978e-06
4.286210330639347e-05 -6.357922776844811e-06 -4.954302292416658e-06 -6.809649129621098e-07
4.112043754078897e-05 -8.220862557097653e-06 -5.931267023199526e-06 1.204051418724450e-06
3.939019946209041e-05 -1.006937809536476e-05 -7.670218392903994e-06 4.253191682056736e-06
3.938674615053039e-05 -6.366257265554939e-06 -8.160089523036311e-06 -2.707193825004060e-09
3.766101828522485e-05 -8.214421184212144e-06 -7.180653989183780e-06 2.583061798458212e-06
3.593591137547734e-05 -1.006621572994857e-05 -7.231715327294684e-06 1.389184993351102e-06
3.593386299959436e-05 -6.358911301692812e-06 -5.260272990373655e-06 3.869627557317133e-06
3.421091112427604e-05 -8.210275200699608e-06 -7.244149248447269e-06 2.035616076948808e-06
3.248737978146245e-05 -1.005416782531509e-05 -6.000921714130470e-06 3.577923549936428e-06
3.249283551319070e-05 -6.365691858597109e-06 -7.744189061189651e-06 1.905190670568990e-06
3.077342578732367e-05 -8.213347458525972e-06 -4.165538667915352e-06 2.569060856728406e-06
2.907170495521300e-05 -1.003994219943477e-05 -5.139006259772661e-06 6.977942842385483e-07
2.906736524588293e-05 -6.385653996318980e-06 -5.149337572146025e-06 2.306340556129602e-06
2.736572710332476e-05 -8.212300315930592e-06 -7.232258690110428e-06 2.231319988613711e-06
2.565737192662646e-05 -1.004529154220719e-05 -6.287015178652847e-06 2.794362480285736e-06
2.565980213346111e-05 -6.381317157212024e-06 -5.869888105730324e-06 1.838798226338950e-06
2.401721917535523e-05 -8.212913942708418e-06 -6.233743432573380e-06 1.039988838848179e-06
2.236751957066810e-05 -1.004852461472540e-05 -6.478259460068737e-06 2.784687559512867e-06
2.236819448376743e-05 -6.377942334041562e-06 -5.677186199538469e-06 1.709036972459550e-07
2.113451760959632e-05 -8.359008268473450e-06 -3.095488149783447e-06 3.989749325846626e-06
1.987741569186307e-05 -1.004540190413323e-05 -4.306823353779363e-06 3.799742102076307e-06
1.987467541067550e-05 -6.363690952639626e-06 -5.366682235307281e-06 2.580683796886742e-06
1.805913271507369e-05 -1.006114586724140e-05 -7.228390120706520e-06 2.319359646223643e-07
1.842115388571770e-05 -8.838753325574453e-06 -7.126926599415127e-06 -5.902428669034857e-07
1.806058894815239e-05 -6.366203036014249e-06 -2.126887552018401e-06 2.511443731366963e-06
1.673312858782653e-05 -6.360911004465313e-06 -3.297303194486690e-06 1.870700017027781e-06
-2.932870693960802e-06 4.691538193208970e-07 -4.084601675646305e-05 7.017938652482118e-06
-2.998801490291684e-06 5.568769036985867e-07 -3.512500382953024e-05 -2.851073485804360e-05
-3.012961311636149e-06 1.169906273709163e-06 -2.047793205464989e-05 2.449347140814195e-05
-2.946235530243966e-06 1.303146074094954e-06 -1.265697835538385e-05 -3.513776958583656e-05
1.672593347445582e-05 -1.007014216903494e-05 -2.634799326860966e-06 1.961393118717233e-06
1.551777603734358e-05 -1.000662945320275e-05 -3.732986768489722e-06 2.104898521594659e-07
1.646747592513759e-05 -7.745643041788721e-06 -6.031507117167962e-06 7.266104791024406e-06
1.551711579259273e-05 -6.246281883048620e-06 -4.755346373758877e-06 -8.251934969229145e-07
-2.808803586673868e-06 4.452926119261869e-07 -4.476594365355751e-05 2.097461661735749e-05
-2.593943210430154e-06 8.126194198225126e-07 5.799678886280875e-05 1.368709410308853e-05
-2.793911780779490e-06 1.346844757250796e-06 -3.809918994354473e-05 -4.866606638819428e-05
1.513713026911049e-05 -8.861169706331460e-06 -5.045659787325617e-06 2.635865788255684e-06
1.432896998691641e-05 -9.807258035128218e-06 -4.550922307452710e-06 -2.110299551509406e-07
1.315193369166915e-05 -9.466987870119679e-06 -1.974690758168370e-06 3.037367714565516e-06
1.476567676020440e-05 -7.261664921404514e-06 -5.796133864386712e-06 7.588122668128737e-07
1.434935269648678e-05 -5.923015449902608e-06 -7.363261483061078e-06 6.534025058668834e-06
-1.842250950259076e-06 3.936970279513237e-07 -1.682390646152976e-05 -1.697977822290500e-05
-1.875669458314437e-06 1.339396390484876e-06 -8.448946957272902e-06 1.368553245689683e-05
-1.368390062117013e-06 8.149071600253298e-07 1.063712400220246e-05 -2.098766434394623e-05
1.201556561210476e-05 -8.994545329656082e-06 -1.720241040452474e-06 6.546748826169104e-06
1.299690812867755e-05 -8.251263546366797e-06 -3.933273118052634e-06 5.926159508555359e-07
1.340222021370376e-05 -6.716101143790538e-06 -2.492344565564299e-06 3.368778781433366e-06
1.323924124204862e-05 -5.387807368032011e-06 1.584742789905577e-06 4.372518684717684e-06
-8.356653087055701e-07 2.672835100992062e-07 -2.869220804511497e-06 1.091298735253232e-05
-8.162804638141487e-07 1.429250869254650e-06 -3.605923675681705e-06 1.010355348973748e-05
-2.155718486339948e-07 8.097240394991777e-07 9.547030703622188e-06 -2.778582063799807e-05
1.094218882964931e-05 -8.401341369457490e-06 -1.022158450456655e-06 2.829385222405539e-06
9.933140659470848e-06 -7.685361168676011e-06 -1.266464615700103e-05 1.171268003072154e-06
1.196780838950009e-05 -6.468124052408025e-06 -1.618012301236161e-06 -3.223120425688281e-06
1.224505775728737e-05 -4.685264160196985e-06 -1.050815148991838e-05 4.745721875121399e-06
5.137215916379842e-07 7.580647701199786e-08 -4.871075629427688e-06 1.141082324257116e-05
4.979057193809672e-07 1.597439864115572e-06 -3.168409800186440e-06 1.405183199215224e-05
1.018950615168854e-05 -6.554459482611139e-06 -6.268209958616630e-06 1.791065134376378e-06
9.012379145181240e-06 -6.858215910615010e-06 -7.050305229591043e-06 5.700855050217267e-07
1.062882969002814e-05 -5.252278465252261e-06 1.102126571439892e-06 9.932790975845181e-07
1.136753376531901e-05 -3.804238812157635e-06 -2.850274218371831e-06 -6.893778978521428e-06
1.277993741974586e-06 8.233620371174822e-07 3.993856669379740e-06 -1.969194714218813e-05
2.187048045365238e-06 -2.090415603021141e-07 -5.121644069557350e-07 8.084761924265926e-06
2.189862005883749e-06 1.864501669381248e-06 -3.325040812428919e-06 5.358874429115347e-06
8.193797873401750e-06 -5.930628576913763e-06 5.354172753924388e-07 2.802101237700140e-06
7.477590156052267e-06 -4.903210299236157e-06 -5.607310852648744e-07 2.819239711929834e-07
6.873512661129061e-06 -3.795843437023525e-06 -2.848987905239091e-06 4.622573378148521e-07
9.748108869168230e-06 -4.049118666424442e-06 -3.310130779355917e-06 -9.120024829589800e-07
1.065701568984200e-05 -2.777712790870089e-06 -1.089623287685783e-05 1.125270085980540e-05
2.940367907507332e-06 8.368884832300988e-07 -2.403480769411972e-06 5.546343604812021e-06
3.831401833596760e-06 -4.749983327735115e-07 5.653849416181858e-06 -1.143568047492291e-05
3.833605108608043e-06 2.150309290090666e-06 7.850235923211472e-07 -7.314334228290726e-06
8.076284909980067e-06 -3.803580757899822e-06 -2.576066452220094e-06 -2.191173510512687e-06
6.397320058471464e-06 -2.622239123317065e-06 -2.274617360717230e-06 7.296551030067947e-06
5.327934441803494e-06 -6.881834751881252e-07 -1.305127246595232e-05 -3.668662932192622e-06
5.792911015722261e-06 -9.127341386303614e-07 -2.523788018175419e-06 -2.944553906073730e-06
6.052210729404034e-06 -1.371144198736290e-06 1.284660984870377e-06 -1.131361758731032e-07
9.117981311735559e-06 -2.622399135046651e-06 -1.568124641711742e-06 -4.336451429026441e-07
1.014739291698028e-05 -1.629780256559870e-06 8.498734215544122e-07 6.717166415721143e-08
4.646611164855479e-06 6.367532749544302e-07 -2.873475976228703e-06 3.437020012820317e-06
5.306970449133282e-06 2.368551115301773e-06 9.317560060808863e-07 -7.489110754498195e-06
7.222346195320763e-06 -1.785431454375106e-06 -3.841245319774856e-06 1.356926727419886e-06
5.813110473798250e-06 -1.826107166364086e-09 -7.643629247500501e-08 5.992945347584643e-06
6.343402532149776e-06 -7.547528215753226e-07 3.437246286486465e-06 -1.046807867731338e-06
8.651598448145220e-06 -1.287190504264428e-06 -3.726875918700795e-06 -2.493698150122010e-06
9.849323954493075e-06 -4.267666953538714e-07 -3.941945397436014e-07 1.023851854868304e-05
5.817812552301829e-06 1.466033013466751e-06 -1.524745209932907e-06 1.238083838018177e-06
5.714031227756817e-06 2.602239403048680e-06 2.362649240870410e-06 -3.215706621162898e-06
7.455766339957014e-06 2.555005549712782e-07 9.878647050054590e-07 -8.513103668938364e-06
9.752546858668006e-06 8.111478330154305e-07 -4.306132142562560e-06 7.084439549154764e-06
9.955422483689560e-06 2.061554368649221e-06 -9.962923798969271e-06 1.051826783952786e-06
6.676083994985557e-06 2.278790924265884e-06 -4.398351239243280e-06 3.013327156480914e-06
5.934822372180870e-06 3.107321880254841e-06 3.578608792333389e-06 -3.161223514264579e-07
6.199908855990613e-06 4.503834751879332e-06 3.900518453006106e-06 -4.101044751158270e-06
8.676623705203403e-06 2.196090270311247e-06 -1.491651883967159e-06 -1.240368602062527e-06
6.634803847771653e-06 5.929463929540249e-06 -9.298275441613792e-08 -4.904336642999674e-07
1.044861090215753e-05 3.351959098347163e-06 -8.441132424712258e-06 -3.062155590439052e-06
7.459331663885380e-06 4.530024575853993e-06 -3.501692890783546e-06 -3.443395131161303e-06
9.377681653798967e-06 4.643382284425359e-06 -1.059938528279531e-07 -5.270839200902874e-06
7.269239387211306e-06 7.330428780517177e-06 -3.136857079575662e-06 2.286365408865463e-06
1.122625466385895e-05 4.650899044738597e-06 -2.108357560862837e-06 8.847877878891866e-06
1.066106250111525e-05 5.986845353332043e-06 -4.131734608077380e-06 -2.945830466718053e-06
9.247527213755503e-06 6.851829898800306e-06 -5.276976737232665e-06 -3.838667569070363e-06
8.078407466400757e-06 8.740903675807166e-06 2.750355997984660e-06 4.293033455128821e-06
9.121946641315493e-06 1.006969279808229e-05 3.980568048161525e-06 -2.355307635164352e-06
1.229106486719947e-05 5.878210941530690e-06 -5.638967947303856e-06 -5.529920885601342e-06
1.156070612583330e-05 7.549325173252739e-06 -1.116166307577009e-05 -4.607910233550619e-06
1.070061842417353e-05 9.549059882718760e-06 -3.105231594152081e-06 -4.226417583371095e-06
1.033380603685368e-05 1.133490927638966e-05 3.965980979782925e-06 -1.558810697334206e-06
1.360544406070363e-05 6.995466054223750e-06 1.408502360073384e-05 2.807221229246803e-06
1.320907449941827e-05 9.540113023601578e-06 -7.987263341327421e-06 -5.130612462037737e-06
1.172338701819631e-05 1.246670731204371e-05 1.554583494737005e-06 5.277720055759818e-07
1.331808923551475e-05 1.346827142376064e-05 4.977802998381819e-07 -6.317926809116775e-06
1.505128738582595e-05 1.431576283406455e-05 7.902186268786780e-07 -6.874159347676835e-06
1.518057721939639e-05 1.011316896755983e-05 -8.660668761893946e-06 -4.691913679442781e-06
1.515530445405223e-05 7.946756576803460e-06 -4.313115438681862e-06 1.662720014524362e-06
1.478321820431078e-05 1.233166922837354e-05 -2.903878497220089e-06 -6.561625165498355e-06
1.693242553119138e-05 1.495037443575622e-05 -2.603120809503686e-06 -2.968710942629505e-06
1.893529873506040e-05 1.538686185213016e-05 -1.210478438826932e-05 -4.149657221532307e-06
1.679318980063333e-05 1.060203624033597e-05 -2.032211104120074e-06 -5.528410940411737e-06
1.695268515972761e-05 8.652730911222628e-06 7.543906355772475e-07 1.912078746997052e-06
2.099637797968067e-05 1.558574265160976e-05 -3.148469951335446e-06 -7.635283004976942e-06
1.866257518684400e-05 1.247794898781115e-05 -4.887546619300743e-06 -3.112462886733182e-06
1.890912321896970e-05 9.040725195464906e-06 -5.485327748510416e-06 -4.031231597248155e-06
2.144415304559281e-05 1.280541657584958e-05 6.337066784853659e-07 -4.850149242741054e-07
2.335995488637786e-05 1.567867282873238e-05 -9.303852579676345e-06 -1.120565528434846e-05
2.097856716169076e-05 9.143608530003955e-06 -5.893548187931868e-06 -2.610021960097995e-06
2.668064318131489e-05 1.577350578386202e-05 -7.090186637258799e-06 -1.199926642754565e-06
2.401677359169713e-05 1.119792285128943e-05 -5.726930394058736e-06 -2.137467193785866e-06
2.335340777439139e-05 9.050376485667867e-06 -6.676638783231245e-06 -2.273547871965708e-06
3.144383371907130e-05 1.591475610557605e-05 -8.672018624557706e-06 -4.927306021272769e-06
2.904531016670769e-05 1.208593479962118e-05 -8.307545183901981e-06 -4.682549878799567e-06
2.668994246240847e-05 8.926386648431488e-06 -1.052264890072723e-05 1.476761521215268e-06
3.798104346427363e-05 1.606583636148638e-05 -1.017934915605958e-05 -3.669575331889661e-06
3.466914085930585e-05 1.235894245573319e-05 -8.753963542243674e-06 -2.206817903164484e-06
3.144328423523380e-05 8.792278679496788e-06 -6.339829796412458e-06 -2.033712442734802e-06
4.504843200831655e-05 1.619605389754384e-05 -1.263977983797615e-05 -5.979419743352629e-06
4.147658774615498e-05 1.236057754556644e-05 -1.034690266612105e-05 -3.601057306840863e-06
3.798410709058648e-05 8.653858478946308e-06 -1.098132106353251e-05 -4.637229736143122e-06
5.230796302208336e-05 1.629594890835481e-05 -1.328904064167889e-05 -1.015572791655734e-06
4.864895714169213e-05 1.236313019952998e-05 -1.507935994788110e-05 -3.462593983321044e-06
4.504545741844972e-05 8.526184009190014e-06 -1.238231680950180e-05 6.035153026180785e-08
5.974865651346472e-05 1.637934136461866e-05 -1.587421221646985e-05 -2.588302666114992e-06
5.599988315022856e-05 1.235737318975781e-05 -1.361309064832614e-05 -2.243847472516325e-06
5.231279847993152e-05 8.425330637168325e-06 -1.362945763725392e-05 -5.024379339428399e-06
6.732042638350820e-05 1.644911745016254e-05 -1.747306603919855e-05 -5.888199338136818e-06
6.351396909787406e-05 1.236014682979519e-05 -1.614146552594296e-05 -3.910752217513458e-06
5.974331646239512e-05 8.336938231863215e-06 -1.520595178816086e-05 -3.761023395881826e-06
7.502263553227327e-05 1.650558405022513e-05 -2.000996508557224e-05 -4.016071390963027e-06
7.115372196752990e-05 1.235664251294490e-05 -1.991600366569312e-05 -2.588276321696296e-06
6.732588985192297e-05 8.266591290578519e-06 -1.898751024490496e-05 -1.375087538837676e-06
8.280501139975869e-05 1.654090358836802e-05 -2.073904941513494e-05 -4.599568110768405e-06
7.890204834975020e-05 1.236223014569879e-05 -1.942782100014046e-05 -3.433848596978132e-06
7.501942312820966e-05 8.213962853617218e-06 -1.874466555218974e-05 -2.066742476714956e-06
9.065062825047536e-05 1.657749901254275e-05 -2.324102699765436e-05 -2.829750447032994e-06
8.671722774930619e-05 1.236540344569360e-05 -2.238017712654092e-05 -3.421999563176327e-06
8.280284454987384e-05 8.185655960984541e-06 -2.090030771404179e-05 -2.822507468837896e-06
9.852210496731180e-05 1.658098610213350e-05 -2.607232061914676e-05 -5.942756837046861e-06
9.458681191631957e-05 1.236217227183735e-05 -2.453801388289954e-05 -2.918984390337866e-06
9.065219428355436e-05 8.151170067346735e-06 -2.385021477687538e-05 -2.997613913988274e-06
1.154455286667472e-04 1.613069773471080e-05 -3.070476382691744e-05 -3.280711180352873e-06
1.143241064597455e-04 1.659574287651939e-05 -3.045032633633359e-05 -3.354858609410625e-06
1.020569871883123e-04 1.235881277517800e-05 -2.711233749022141e-05 -3.422077330618417e-06
1.064281328295457e-04 1.659512328152333e-05 -2.781378858781760e-05 -3.910121236694448e-06
9.852459804527878e-05 8.138764176964196e-06 -2.595735421278674e-05 -3.880167151025451e-07
1.159098379065274e-04 1.500827974529332e-05 -3.082244346762526e-05 -3.090483179764171e-06
1.132556493781451e-04 1.236228239943424e-05 -3.019983398308634e-05 -2.682813010940078e-06
1.064263144938741e-04 8.126135554638637e-06 -2.793575501616851e-05 -2.214491849530895e-06
1.159063680199608e-04 9.718135851516735e-06 -3.099926668245960e-05 -2.147957780038682e-06
1.143206807869815e-04 8.131259453919197e-06 -3.060878312333207e-05 -1.858737110588942e-06
1.154419264875097e-04 8.596173389552458e-06 -3.088298348750559e-05 -1.933991114085730e-06
