-9.211858704650984e-06 2.591846597653640e-06 -4.350291529572932e-05 9.980344964555027e-06
-9.217238556270671e-06 2.578977213828221e-06 -4.414685032743057e-05 8.733305739873351e-06
-9.216842947687429e-06 2.518716614486152e-06 -4.408812884869890e-05 1.273019329845181e-06
-9.211461471716461e-06 2.506064803782633e-06 -4.343255216911429e-05 -4.154116682143907e-08
-9.198854106617765e-06 2.597103067976306e-06 -4.198805814485638e-05 1.038196809483410e-05
-9.176011286174670e-06 2.548766895468457e-06 -3.978461719262932e-05 4.869606007108739e-06
-9.198540036252684e-06 2.500921756143497e-06 -4.188301592488105e-05 -4.864711098652120e-07
-9.118331077879828e-06 2.596385879002366e-06 -3.934859562867118e-05 5.920404599510525e-06
-9.119306146861670e-06 2.504250149798962e-06 -3.905565601864433e-05 2.622710823373469e-06
-9.080803347690280e-06 2.552550507139868e-06 -3.823098475448343e-05 3.962800157091945e-06
-9.041801654152715e-06 2.608470822703499e-06 -3.617449065876327e-05 5.639988250851207e-06
-9.043656466473523e-06 2.500403056711379e-06 -3.634419189601905e-05 2.484934742247142e-06
-8.993294723627778e-06 2.555826859905014e-06 -3.369683346185496e-05 4.429357895378447e-06
-8.940827041546715e-06 2.614014536620852e-06 -3.278751965479438e-05 5.253054628815651e-06
-8.938243677300738e-06 2.494587561953704e-06 -3.260067166176790e-05 4.129117280578271e-06
-8.887418421324440e-06 2.553325044431138e-06 -3.200930610451134e-05 4.924647331504959e-06
-8.835059496090411e-06 2.616535541243294e-06 -3.112027461998434e-05 6.667802972433545e-06
-8.836066955952721e-06 2.492090578489156e-06 -3.009005869896456e-05 2.318656761709126e-06
-8.780583522000951e-06 2.556360089609962e-06 -2.785456970365797e-05 4.042927374661264e-06
-8.712782659788199e-06 2.635339094295479e-06 -2.717044275314113e-05 4.821588382863028e-06
-8.712727246584755e-06 2.480332357695978e-06 -2.623710815907463e-05 2.470276955777049e-06
-8.637759450524858e-06 2.558657080942431e-06 -2.552325265387190e-05 3.547249900947262e-06
-8.551054516107206e-06 2.653358020374939e-06 -2.472830427622286e-05 5.457785756513139e-06
-8.550112705774158e-06 2.464675083501356e-06 -2.514940365048227e-05 3.072434906233033e-06
-8.456581830385971e-06 2.559223998914126e-06 -2.349605193630452e-05 4.815358046494783e-06
-8.346613052619082e-06 2.680002893488422e-06 -2.169303212119049e-05 7.023279676240971e-06
-8.349475891177582e-06 2.442836105183165e-06 -2.124017079419818e-05 2.776651561533428e-06
-8.233928857240085e-06 2.562918971161969e-06 -1.988876289630887e-05 4.554257526778082e-06
-8.103614742378542e-06 2.710411280870808e-06 -1.954593261668795e-05 4.953108025786188e-06
-8.100623421605401e-06 2.411876772876642e-06 -1.954671806387958e-05 3.783266263812763e-06
-7.957182791863858e-06 2.558551014561831e-06 -1.912098487371711e-05 3.958957290176955e-06
-7.782628256584478e-06 2.749594928500737e-06 -1.773641090161543e-05 4.804707241479677e-06
-7.782896917992428e-06 2.365541796648913e-06 -1.770535529448767e-05 2.881971143605460e-06
-7.596709816299861e-06 2.557829275667251e-06 -1.596676733499249e-05 3.969680758404231e-06
-7.390586299075379e-06 2.787399201416604e-06 -1.495470759135128e-05 4.822494809510600e-06
-7.391687868492421e-06 2.331655831747231e-06 -1.464804264597414e-05 3.505751380223747e-06
-7.183601401639981e-06 2.562398554058928e-06 -1.421937144569673e-05 4.000169854774164e-06
-6.945190278377837e-06 2.841621683164243e-06 -1.287603549399389e-05 5.647348746099322e-06
-6.947143607856485e-06 2.282359714774820e-06 -1.407054619117650e-05 3.247458120545690e-06
-6.759708932702214e-06 2.587783454582183e-06 -1.265511701176493e-05 5.303449090673621e-06
-6.539826458625523e-06 2.888122350394594e-06 -1.177852339791081e-05 6.486130440596840e-06
-6.538365905894304e-06 2.227783270744962e-06 -1.102884738860629e-05 3.038492004661304e-06
-6.194325570218939e-06 2.929166769757349e-06 -1.038217780289178e-05 4.584056995981105e-06
-6.275680095100388e-06 2.679501833081378e-06 -1.010040113127395e-05 4.780825656828187e-06
-6.192324431625039e-06 2.190359083341352e-06 -9.905105847703604e-06 2.867299524427290e-06
-5.911907136851638e-06 2.157000810856186e-06 -8.458965219339946e-06 3.243739323049126e-06
1.246178365923999e-06 -3.618639606013396e-07 1.159412039132949e-05 -1.787815687659093e-05
1.287294307658246e-06 -4.619759990264643e-07 7.769958363419627e-06 1.260395698724949e-04
1.259241303629594e-06 -6.155809957779529e-07 4.874055901261862e-05 -4.838357633075422e-05
1.211436033368262e-06 -6.950581374807175e-07 3.638668041945335e-05 -6.149346643444649e-06
-5.917432403390278e-06 2.954797902986831e-06 -8.879411914643398e-06 2.834196468646529e-06
-5.643757119525728e-06 2.961716907059299e-06 -8.144286232622126e-06 3.539125407813392e-06
-5.866800376660281e-06 2.453582587783004e-06 -8.032086871639855e-06 4.311914934351492e-06
-5.654939390178938e-06 2.101880797031270e-06 -8.385888186000056e-06 3.843326802662204e-06
1.138939950863714e-06 -3.180497547237507e-07 2.963633902692655e-05 -8.722424403963872e-05
1.041163908937454e-06 -6.213335571840244e-07 -3.247362912811905e-05 1.994082039760646e-06
1.116597142324103e-06 -7.357361133661493e-07 1.182594486672961e-05 2.881287798801963e-05
-5.563827860247896e-06 2.709864963177175e-06 -8.106950676443035e-06 4.074841384340812e-06
-5.359075692876195e-06 2.943895334737258e-06 -7.397930022524117e-06 4.897296477588878e-06
-5.061510647127487e-06 2.889347051756087e-06 -6.538223233389496e-06 5.840487148528995e-06
-5.483600934780819e-06 2.336450726330057e-06 -8.164630374836516e-06 4.866523923128049e-06
-5.379715312190968e-06 1.986915967300209e-06 -7.393477731453783e-06 2.710185685259056e-06
7.676363377856079e-07 -3.415010064748553e-07 9.618457473438006e-07 1.959550803274216e-05
7.657073631426247e-07 -7.607340587572177e-07 2.053717359762059e-05 -8.428669160342742e-06
5.696711024821975e-07 -5.944757143406531e-07 -1.193943051572739e-05 -1.025622888432029e-05
-4.745790482557703e-06 2.804407619601454e-06 -5.060489401995681e-06 6.101620204452523e-06
-5.031572508666423e-06 2.596138297104131e-06 -6.856010112140558e-06 5.106065951914731e-06
-5.138604853656373e-06 2.188085869601834e-06 -6.819750392671811e-06 3.046517818866395e-06
-5.098785093824267e-06 1.804363242114908e-06 -6.197871369295026e-06 1.789157082165621e-06
3.248353780387943e-07 -3.134028528574485e-07 1.506766768201990e-05 -8.406904409220665e-06
3.227536055081047e-07 -7.941255133143112e-07 -3.931005661672084e-06 -2.373330168312938e-06
5.743539208804344e-08 -5.977956591116858e-07 -8.244110036733854e-06 2.062157961995773e-05
-4.427912378844019e-06 2.663994837256888e-06 -2.948462398112420e-06 4.086498811441748e-06
-4.106065551978755e-06 2.472665225184300e-06 -4.523874895789516e-06 4.341845149611536e-06
-4.737070307903110e-06 2.112932085230527e-06 -5.638680262642774e-06 1.783549915915963e-06
-4.824000939122733e-06 1.564051522382189e-06 -6.472092355856211e-06 2.385950904173185e-06
-2.164603222629674e-07 -2.492551323933281e-07 -2.860341541362111e-07 -1.311200219118105e-05
-2.269384931525537e-07 -8.928743408577035e-07 3.682887558886845e-06 -1.999730552772401e-05
-4.185055174199582e-06 2.142678501352526e-06 -5.481980635503331e-06 3.647345923727293e-06
-3.793954863063747e-06 2.240830248544417e-06 -4.445220400228997e-06 4.295077525846749e-06
-4.325948373630704e-06 1.732606486735620e-06 -6.375846867669687e-06 2.500792359614739e-06
-4.572096396678904e-06 1.255573856535795e-06 -7.144138374348493e-06 1.648173821306105e-06
-5.580104567939419e-07 -5.700482627281736e-07 8.373881300942950e-08 1.915997754560152e-05
-9.433933980409508e-07 -1.530405922594812e-07 -4.250346743875980e-06 -8.187867978248954e-06
-9.387656709862707e-07 -1.022825594063189e-06 4.153791092135058e-07 -1.920151210508600e-06
-3.507382437945196e-06 1.957726480491057e-06 -3.742163758028395e-06 2.433025077408188e-06
-3.233016451898415e-06 1.615957423061436e-06 -2.186107751645399e-06 2.469552414469348e-06
-2.985304776990525e-06 1.238354015909096e-06 -1.734069482128963e-06 2.946381589160332e-06
-4.032439293832953e-06 1.334501813566492e-06 -4.791665236649031e-06 1.584599801227606e-06
-4.362651953714611e-06 8.832740293439701e-07 -6.073853482401868e-06 -2.081541321346751e-07
-1.255801094451227e-06 -5.897443785554038e-07 -6.136885011110679e-07 -8.967047394990268e-06
-1.642431255595394e-06 -2.348223756127381e-08 -4.187063635666731e-06 8.789270832127610e-07
-1.647139648740197e-06 -1.134176283574795e-06 -2.124715947375359e-06 3.625805277194142e-06
-3.436242166447717e-06 1.246709380240059e-06 -2.650881895149864e-06 1.952272704480706e-06
-2.782113551043152e-06 8.194281149695138e-07 -2.824067960947340e-06 1.770755789346458e-06
-2.292313964180378e-06 6.809387168089521e-08 -8.165647194220151e-07 4.293356046011686e-06
-2.491950219148167e-06 1.596799222233397e-07 -3.422210284310239e-06 2.919404859107964e-06
-2.612136752589683e-06 3.420267851766021e-07 -4.598791968677567e-06 1.793830898735729e-06
-3.815849651914933e-06 8.242696699467013e-07 -3.097552972082654e-06 1.249122935203608e-07
-4.212068145836967e-06 4.451948533143103e-07 -4.373820039281989e-06 2.880994317675043e-06
-1.989087289597069e-06 -5.066141872616484e-07 -4.853203391192057e-06 -2.416883325036161e-06
-2.246020369969805e-06 -1.223830597255002e-06 -6.492252482645603e-06 8.327948952321467e-06
-3.091399205162076e-06 5.083254598568315e-07 -4.854469636411521e-06 2.891537423721211e-07
-2.487956264107497e-06 -2.222584621788512e-07 -3.894691803805676e-06 -2.885964196594444e-06
-2.722436412015665e-06 9.501558089295060e-08 -5.772850078590284e-06 -6.188245922197853e-08
-3.644569762275876e-06 3.130102456846725e-07 -3.062900625774147e-06 3.449839222423913e-06
-4.134382458782331e-06 -3.478399585182321e-08 -5.687151934090472e-06 3.928745442466672e-06
-2.462570811077433e-06 -8.458346415110793e-07 -1.197419098892547e-06 -6.909436348655510e-07
-2.404044560484762e-06 -1.321563556885160e-06 -3.283772503883115e-06 4.480862959101534e-06
-3.170079181075789e-06 -3.091117755584729e-07 -2.316317046178311e-06 -2.270362514766638e-06
-4.128902313417623e-06 -5.443144596844773e-07 -6.172975474714867e-06 9.839638250981254e-07
-4.261261660635488e-06 -1.089759038732953e-06 -5.782330394437662e-06 -6.493163417785734e-07
-2.813388229031059e-06 -1.178545512642614e-06 -2.847739967515033e-06 -1.928605719278878e-06
-2.485683204009749e-06 -1.542773606685258e-06 -3.697375216939463e-06 -1.584220876516040e-07
-2.571203041309010e-06 -2.181637324462744e-06 -1.512318070696713e-06 -1.089978657858154e-06
-3.690773503772869e-06 -1.135381853514334e-06 -4.254376975275587e-06 -1.671908210807269e-06
-2.736657341459101e-06 -2.860594916805173e-06 -1.017317803013357e-06 -4.175427162140300e-07
-4.513652365076282e-06 -1.657972878145790e-06 -4.596548308112435e-06 -3.989965394727554e-06
-3.132654229051380e-06 -2.185995329482028e-06 -2.783797618264939e-06 -3.656637882401449e-07
-4.018400899268306e-06 -2.243925358137563e-06 -5.047886529608625e-06 -2.374665809873488e-06
-3.019066855361982e-06 -3.535191459794730e-06 -2.541117896891081e-06 -6.539983034359436e-07
-4.903572724358562e-06 -2.249317196735905e-06 -4.823412484926132e-06 -4.383826534648788e-06
-4.641660667549899e-06 -2.879413475127271e-06 -5.494200262062563e-06 -1.819447332369405e-06
-3.961737674510752e-06 -3.292585951089657e-06 -4.616882922270582e-06 -5.963942320741265e-07
-3.393905632628382e-06 -4.224191795602828e-06 -2.407113658224486e-06 -2.442681779226752e-06
-3.889634216963124e-06 -4.897293593948196e-06 -2.426678310076631e-06 -4.214974060052131e-06
-5.443822050269194e-06 -2.824473692889496e-06 -5.920720102274305e-06 -2.124079182036090e-06
-5.087783826759930e-06 -3.637265863304733e-06 -5.682444568961169e-06 -1.990838671931589e-06
-4.659756417001897e-06 -4.638554055427658e-06 -3.637072898097220e-06 -3.976493160866886e-06
-4.474145331747434e-06 -5.551151390086755e-06 -3.168259594573196e-06 -5.087868086898304e-06
-6.117054364609176e-06 -3.354066337286949e-06 -6.536678553982333e-06 -2.441548464472639e-06
-5.924342125975432e-06 -4.641993026227309e-06 -5.776352634332676e-06 -4.281686837489330e-06
-5.171666482960395e-06 -6.141896607971808e-06 -5.256837972462547e-06 -5.415899911612511e-06
-5.986372049873007e-06 -6.679745357517687e-06 -4.952320697060831e-06 -4.266066737355969e-06
-6.886131988181706e-06 -7.153094578452483e-06 -5.379659570345042e-06 -5.026114217153935e-06
-6.946335963376500e-06 -4.933127607029180e-06 -4.692174079302405e-06 -3.691095941490781e-06
-6.931744030482823e-06 -3.815842350616522e-06 -5.359683061251570e-06 -3.269490266341887e-06
-6.736892169267199e-06 -6.094879242680687e-06 -4.848318937976012e-06 -4.135717765360565e-06
-7.885167372743061e-06 -7.510056690715720e-06 -6.567697615773816e-06 -5.881338294365411e-06
-8.959232768011600e-06 -7.762892162969667e-06 -6.065671422520536e-06 -4.955659030116115e-06
-7.800705461793962e-06 -5.188657320525923e-06 -5.028374480407922e-06 -3.752071751305012e-06
-7.885199753869822e-06 -4.154404977488596e-06 -4.875198469943405e-06 -2.712073324311102e-06
-1.007411758553858e-05 -7.888082321509321e-06 -5.316770526917407e-06 -3.730717782520780e-06
-8.802757169867803e-06 -6.190770129801963e-06 -6.884004839226438e-06 -5.676605243407287e-06
-8.940635575654824e-06 -4.345522475126824e-06 -6.624647658380424e-06 -3.195274208354062e-06
-1.031547713293131e-05 -6.370142093846375e-06 -6.594951857222934e-06 -3.667005824666039e-06
-1.136937348338665e-05 -7.963194170789681e-06 -5.787517704148396e-06 -2.330769297868310e-06
-1.005849084525360e-05 -4.384898517629311e-06 -8.951664252120076e-06 -4.279157691180451e-06
-1.321442676845135e-05 -8.038963676118200e-06 -8.675706439926450e-06 -2.767460818034130e-06
-1.172706768813391e-05 -5.485618385339787e-06 -6.556823276970255e-06 -2.411188831529366e-06
-1.136779843647312e-05 -4.309159710180592e-06 -7.237903267881734e-06 -4.067069975906837e-06
-1.590459503914985e-05 -8.155397132384584e-06 -7.200861905742167e-06 -6.451931981815448e-06
-1.453831342368997e-05 -5.975906890376006e-06 -6.479872133881574e-06 -5.206208971487027e-06
-1.321517622433425e-05 -4.206937494745753e-06 -4.792026418758160e-06 -3.500780130115707e-06
-1.966408815669322e-05 -8.269745342664859e-06 -8.541177823577805e-06 -4.618554345785755e-06
-1.775390876231425e-05 -6.128143993685387e-06 -8.577027943578252e-06 -4.199200745103424e-06
-1.590643792408929e-05 -4.092198312060030e-06 -8.406608641631478e-06 -2.504626475808973e-06
-2.376555633916668e-05 -8.381412147071849e-06 -8.704181732719941e-06 -4.187379694474384e-06
-2.168100082595657e-05 -6.133930063116560e-06 -7.984562491288506e-06 -5.353185557073137e-06
-1.966049909272368e-05 -3.991493633532276e-06 -7.205151216184178e-06 -4.199411030921971e-06
-2.804321881603628e-05 -8.468955420931636e-06 -1.260062619042610e-05 -4.335181008051354e-06
-2.587804591981553e-05 -6.134462860255218e-06 -1.137842220374344e-05 -3.378007625703492e-06
-2.376656097936852e-05 -3.886689115424618e-06 -1.031707209130359e-05 -4.671541358880561e-06
-3.245809661668202e-05 -8.527491128501605e-06 -1.222082852291767e-05 -7.106344980502497e-06
-3.022965587472518e-05 -6.139278552808592e-06 -1.154255517066142e-05 -4.131009576267840e-06
-2.803964230745704e-05 -3.805034831877468e-06 -1.174816488493458e-05 -2.616075206386305e-06
-3.697041099760122e-05 -8.559248145251281e-06 -1.441874846534085e-05 -4.023644573961767e-06
-3.470582613483869e-05 -6.136737816076051e-06 -1.393945639432562e-05 -4.717149520008278e-06
-3.246105204817295e-05 -3.748699994779797e-06 -1.207853354453186e-05 -1.948139286427868e-06
-4.152560143156119e-05 -8.595585439142848e-06 -1.603551377182819e-05 -4.384429456663934e-06
-3.923741646934569e-05 -6.141445978686266e-06 -1.496686218334216e-05 -4.243962152116076e-06
-3.696754286342441e-05 -3.718080040501409e-06 -1.471178289742268e-05 -4.960389465763471e-06
-4.612735379966057e-05 -8.610473608092487e-06 -1.859325179276108e-05 -4.744008763941378e-06
-4.382189061373281e-05 -6.144392611243637e-06 -1.734591903383011e-05 -3.933813237783366e-06
-4.152463674910976e-05 -3.691116358073557e-06 -1.592860135775015e-05 -3.868181598012022e-06
-5.073201856817140e-05 -8.606382383655879e-06 -2.004953848426994e-05 -3.759290688386946e-06
-4.843250123305720e-05 -6.143649495987345e-06 -1.971795355341253e-05 -3.165044539251202e-06
-4.612839558361289e-05 -3.677509478404932e-06 -1.926080055207975e-05 -2.152644562094616e-06
-5.532716342701288e-05 -8.606884215170460e-06 -2.150466027634836e-05 -4.964690896554727e-06
-5.302857846802916e-05 -6.144577972904427e-06 -2.013022087625537e-05 -4.572930678872561e-06
-5.073048693071865e-05 -3.682338758728061e-06 -1.908249751417134e-05 -3.920741057812615e-06
-6.520518692345018e-05 -8.345526045840315e-06 -2.420937737619212e-05 -5.627211066825076e-06
-6.455218451295042e-05 -8.615942242850587e-06 -2.379772254240079e-05 -5.686300513427899e-06
-5.739187067906969e-05 -6.141257213808942e-06 -2.271819684015934e-05 -4.340381103956669e-06
-5.993897785210766e-05 -8.609225880879858e-06 -2.287245073878559e-05 -4.137792465107975e-06
-5.533008935035743e-05 -3.678593846134915e-06 -2.185590683694536e-05 -4.194619934761307e-06
-6.547566930150718e-05 -7.692654695356112e-06 -2.438696620635737e-05 -5.358104738473192e-06
-6.392788095989897e-05 -6.152259304686096e-06 -2.318248355649510e-05 -4.313048550070206e-06
-5.993481479629596e-05 -3.679716528016539e-06 -2.284419933419678e-05 -4.195899595714107e-06
-6.547433977332696e-05 -4.613734896597262e-06 -2.423010548566030e-05 -3.433989609061256e-06
-6.454957768329943e-05 -3.688754384836674e-06 -2.362519641594095e-05 -3.103693301282110e-06
-6.520345952757488e-05 -3.959781172676299e-06 -2.404233389687440e-05 -3.167778255004921e-06
