1.005171384776630e-04 -1.525497958019515e-05 -5.054523066332326e-06 8.292590189480111e-07
1.008962520929557e-04 -1.433858171770982e-05 -5.510072439970504e-06 3.117127839235665e-08
1.008954071392689e-04 -1.001978851640013e-05 -5.220630783614711e-06 -3.596158027486129e-06
1.005162334049072e-04 -9.103143699414583e-06 -4.800388291195315e-06 -4.040074582011342e-06
9.960163925578589e-05 -1.563479361596553e-05 -3.992028351124350e-06 1.082492465980584e-06
9.788234629574610e-05 -1.217795675067390e-05 -2.480206238214887e-06 -1.550053510242140e-06
9.960062041052650e-05 -8.723120182082105e-06 -3.922241520936560e-06 -4.101414913340706e-06
9.313954667401707e-05 -1.563521961799040e-05 -1.746145253831429e-06 -5.795335085479824e-07
9.313857291457008e-05 -8.713322158085493e-06 -2.814577657820259e-06 6.510564434251805e-07
8.957295080393693e-05 -1.217317654233395e-05 -3.422944599220907e-06 5.144156686868444e-07
8.669168065317324e-05 -1.561807285596294e-05 -4.568148662024703e-06 -1.902386279688085e-06
8.669285603386016e-05 -8.731831916074057e-06 -3.644067873141991e-06 1.028311445296098e-06
8.348229888746785e-05 -1.217649430702729e-05 -3.467059404443149e-06 -4.591743322360486e-07
8.027221029563978e-05 -1.561942244160769e-05 -3.755911086737134e-06 -2.634701981830033e-06
8.027082476163608e-05 -8.733695565493604e-06 -2.641533077365416e-06 9.384102174758645e-07
7.706113159574908e-05 -1.217472003739175e-05 -3.939400564953360e-06 -1.694954090568402e-06
7.386125869300890e-05 -1.559952804015304e-05 -3.552885820511016e-06 -1.373509112566999e-06
7.386328968964031e-05 -8.751557455160977e-06 -3.467393617949784e-06 -1.031549882213186e-06
7.066704213877856e-05 -1.217723388106279e-05 -1.635746895016976e-06 -1.158575109027449e-06
6.748208896578483e-05 -1.557793051307156e-05 -2.858157022880255e-06 1.254688418028292e-07
6.747990519566926e-05 -8.774278243239958e-06 -2.632806324974654e-06 -9.400939045153619e-07
6.429765552561451e-05 -1.217439076957373e-05 -4.393924178445847e-06 -5.223436835802109e-07
6.113234718823385e-05 -1.555062207540977e-05 -3.961205629996724e-06 2.028293780334921e-06
6.113066330879605e-05 -8.797404587680184e-06 -3.613887820820350e-06 -2.787628917228084e-06
5.797548319867921e-05 -1.217431924623431e-05 -1.926700169261072e-06 -5.971341105522641e-07
5.484066447644500e-05 -1.552611630608979e-05 -2.647070422764440e-06 -2.746444902477334e-06
5.484286083734966e-05 -8.830006927537987e-06 -7.229503523048686e-07 -3.363546993877545e-07
5.172598995315694e-05 -1.218041075579331e-05 -1.907144579156985e-06 -2.524198408354443e-06
4.863192259271027e-05 -1.549213942344159e-05 -1.315387337514849e-06 8.066726912127090e-07
4.863649472575593e-05 -8.870737187263669e-06 -2.854184717239952e-06 -2.084170649390477e-06
4.554798066070943e-05 -1.218295225732158e-05 -1.223829133644708e-06 -6.329969786275985e-07
4.249244065253635e-05 -1.544109181795121e-05 5.582667003970253e-07 -7.460571936712915e-07
4.248700171318592e-05 -8.917785575620625e-06 -1.051024006015969e-07 -1.810096610944949e-06
3.944721661403651e-05 -1.217844428725574e-05 -5.212796461514575e-07 -9.633434841944247e-07
3.644116184596403e-05 -1.537817551866572e-05 -6.799049795825859e-07 -1.417705736667700e-06
3.644400160113320e-05 -8.983569868271197e-06 6.283223110186700e-08 -3.364057709396214e-07
3.358243935723844e-05 -1.218115664520349e-05 1.489454858369923e-06 3.236051341692401e-07
3.076655924955041e-05 -1.530517608431895e-05 3.440694041497244e-07 1.033162038050451e-06
3.076879880186337e-05 -9.065108244563885e-06 -1.468058319102807e-07 -2.412387040685210e-06
2.866552627324688e-05 -1.242734091982492e-05 -1.412851013314779e-07 -2.296104499598990e-06
2.656732375050676e-05 -1.523762588151135e-05 -1.884439542728708e-06 1.562384224054208e-06
2.656234320901375e-05 -9.135961845714878e-06 1.834806118922531e-06 1.730529680659188e-06
2.358147909803201e-05 -1.516872824354866e-05 1.272535002258733e-06 -1.769363913444246e-06
2.414450954737875e-05 -1.320621583091099e-05 1.993262904321206e-06 -2.049161814318276e-06
2.357331482492862e-05 -9.185333935423421e-06 -1.269247877345345e-07 -5.914773074626231e-06
2.144658921465590e-05 -9.242026346155779e-06 4.919429511601459e-06 -4.669825609848680e-06
-3.235617917086121e-06 -9.168937709369482e-07 9.388949158661539e-06 -3.552705691992695e-06
-3.285146843705685e-06 -7.371967345687789e-07 -1.455469583188987e-05 -2.116244948891846e-05
-3.327545812850341e-06 -2.065001027380257e-07 6.970671993966087e-06 3.505467235086540e-05
-3.274475961008821e-06 1.298159615365195e-08 1.806664263807041e-05 4.695843152892894e-05
2.143877419701614e-05 -1.512402815655980e-05 1.960951505133482e-06 -1.718970260082325e-06
1.955033721853589e-05 -1.496637623197812e-05 2.074211486336167e-06 -2.180982130389493e-06
2.100053736080395e-05 -1.145683126508318e-05 6.607791909310317e-06 2.086262383679088e-06
1.953098513790407e-05 -9.134719097892617e-06 -2.607470187924923e-07 -5.995469331146534e-07
-3.099280729889294e-06 -1.007808097604023e-06 2.148994828998361e-05 2.536182456387201e-05
-2.904956524617213e-06 -4.865778531844282e-07 -3.226003104757780e-05 -3.124765631479761e-05
-3.124918926273028e-06 1.177949249778493e-07 6.446664223208411e-05 2.164381157696639e-05
1.893838587367585e-05 -1.316835730908441e-05 2.759494316639903e-06 -2.641243682251954e-07
1.771391855519237e-05 -1.458794334017267e-05 6.576569565210103e-06 -3.066109046139185e-06
1.595657707395505e-05 -1.402774746620975e-05 2.684368897913219e-06 -2.276356197559769e-06
1.836672090433953e-05 -1.071740268348181e-05 -1.274712967648686e-06 1.999507108491740e-06
1.772550581028834e-05 -8.737078496764801e-06 6.747302965034832e-06 -8.803985781221344e-07
-2.042700292796619e-06 -9.926516651832432e-07 1.486900341620005e-05 1.233573797987518e-05
-2.070645730874242e-06 4.861570246679786e-08 -2.590886684150719e-06 1.034083061224204e-05
-1.521878182289754e-06 -4.562466686801664e-07 -7.408145089952784e-06 -2.216488868811451e-05
1.431083011448158e-05 -1.326966176369922e-05 1.044369713517465e-06 6.675352423159795e-07
1.571453081506172e-05 -1.218809244492322e-05 3.485569139895834e-07 8.788476130740962e-07
1.631114442614970e-05 -9.916951862614685e-06 3.499908633442712e-07 -4.567929753057642e-06
1.605922772111547e-05 -8.053483781396031e-06 -2.288485345819086e-06 9.025768348359056e-06
-9.220409056415356e-07 -1.147018059243638e-06 4.577981567839963e-07 5.484340496444158e-06
-9.007190960051621e-07 1.595131684421317e-07 9.343529945101753e-06 1.657179627736070e-05
-2.332861994143687e-07 -4.389759035517825e-07 -9.397452180476617e-06 -1.578863523486045e-05
1.278103307297149e-05 -1.234874164442354e-05 2.766911682464528e-06 -7.713181828293363e-07
1.142111427952875e-05 -1.129120601257482e-05 -4.023272590143165e-07 1.042393579824161e-06
1.422092946946094e-05 -9.565018653888071e-06 6.910333313838696e-07 -2.487188972315845e-06
1.460018071932943e-05 -7.109771894501172e-06 4.918319291142236e-06 -9.830797471223968e-07
5.663913620733147e-07 -1.342184294697195e-06 6.311776451306666e-06 7.973576166318338e-06
5.554677146094781e-07 3.633190836712514e-07 -1.443991289890702e-06 1.870687608309327e-06
1.176473861254838e-05 -9.684198489859751e-06 -4.550373062242132e-07 5.114855480795950e-07
1.020629543482729e-05 -1.009556449824830e-05 -3.964647113491867e-07 2.661328783851563e-06
1.233814301436854e-05 -7.895077492174308e-06 3.617691400176581e-06 -3.993957689666632e-06
1.334614313767949e-05 -5.953717181166620e-06 -4.441281133863718e-06 -3.485999680154932e-06
1.419603646077716e-06 -4.547836209848861e-07 -5.497701626829551e-07 -2.427276492652035e-06
2.459709876886554e-06 -1.655931202118509e-06 -6.317567090641142e-06 -3.391101580351011e-06
2.461329016978522e-06 6.828737426630041e-07 -2.029975869484746e-06 -3.331618676726725e-06
9.139134838100031e-06 -8.800761480034460e-06 2.353518473338104e-06 -1.582873196420880e-06
8.267573154811827e-06 -7.432579207861573e-06 2.571522620266226e-06 -1.755326109677289e-06
7.577903839905421e-06 -5.990389016647054e-06 6.776218321721994e-07 -6.274890883784528e-07
1.117176563763085e-05 -6.301356064473609e-06 6.455769932149189e-06 -6.835703331584315e-07
1.235934245249761e-05 -4.684525209588971e-06 -5.498374057176823e-06 -4.466545723726474e-06
3.290509334004124e-06 -4.920802709845439e-07 9.733037951189735e-06 6.841073493207549e-06
4.300270106771148e-06 -1.934961639108690e-06 -2.385617563184372e-06 -3.249955909669620e-06
4.303546739379983e-06 1.012435805300340e-06 -1.035024694461822e-06 -2.051452456126590e-06
9.045213309977704e-06 -5.984685087518662e-06 5.169604335045532e-06 -1.582667417909290e-08
7.050935484263268e-06 -4.519530384150540e-06 -1.556253478991293e-06 4.270898150384780e-07
5.990104583284765e-06 -2.203264996836663e-06 -1.001821848736113e-05 1.019698445200886e-05
6.464448522902608e-06 -2.461429534427609e-06 -5.521679438426200e-07 9.257178916745612e-06
6.718941810101315e-06 -2.994348663499465e-06 5.963937228958106e-07 4.175264760450648e-06
1.035561302805763e-05 -4.483493801137217e-06 1.154696447132535e-06 -1.398352129334090e-06
1.160707791358092e-05 -3.293586377953048e-06 1.125554218978034e-06 1.217922336437552e-05
5.216890197961670e-06 -7.042420232859248e-07 1.209683490103466e-06 -4.988908980069589e-06
5.988695988618040e-06 1.251434497731537e-06 -4.161157428629651e-06 6.795762093756680e-06
8.069758180852854e-06 -3.465954106045029e-06 -1.010525455282935e-06 -1.857838166724937e-06
6.497942796114871e-06 -1.435717812974249e-06 5.339050978558313e-06 8.393035307751257e-06
7.069488657658971e-06 -2.278111115112675e-06 3.126135208061874e-06 7.107566125532846e-06
9.772658472490552e-06 -2.859703275636273e-06 4.548078889793275e-06 -1.176579363515932e-06
1.114398396848546e-05 -1.890433039607262e-06 1.093958701947782e-05 9.566471009522170e-06
6.542292771928629e-06 2.469342603203120e-07 7.693120055904406e-06 -4.937075239818430e-06
6.474115557625028e-06 1.500330894258093e-06 -6.236631334159020e-06 1.247002951853306e-05
8.374532035058821e-06 -1.061516516836054e-06 -5.324702061562040e-07 -8.165394322092837e-06
1.098832032235445e-05 -4.736204170394054e-07 1.615426552924194e-06 8.711484193452424e-06
1.113708762216277e-05 9.260923847444462e-07 -8.563492273936864e-06 1.232686027497405e-06
7.542389464731825e-06 1.157900202926495e-06 3.688974802072429e-06 4.382015045344875e-06
6.754520306257373e-06 2.037997848208743e-06 -1.236110862111794e-05 1.585917829963827e-05
7.086599584655112e-06 3.534515310637847e-06 -6.455329041311873e-06 1.227008875609876e-06
9.730228412156922e-06 1.104408866812802e-06 2.087912658200354e-06 -1.582928429618583e-07
7.593114198460416e-06 4.998223805678891e-06 3.263475492184230e-06 -1.029614664417405e-05
1.157542219654002e-05 2.333184900746928e-06 -5.490457388884990e-06 2.009247929507584e-06
8.431794142984794e-06 3.580238604284461e-06 3.965353755940374e-06 -1.351292610900632e-06
1.041711957360355e-05 3.692961706050312e-06 9.537731357047718e-06 4.128232391734095e-07
8.284256387796733e-06 6.402843430481172e-06 3.466400270694716e-06 -1.105261804688433e-05
1.229294578435441e-05 3.681432101108407e-06 -8.694380392481622e-07 -1.381301044233001e-06
1.170944229897525e-05 5.056257580992741e-06 -1.213934541464667e-07 9.063899613953720e-09
1.030426731767856e-05 5.915769820558082e-06 -7.834050239017526e-07 7.349173937458272e-06
9.135346907928363e-06 7.755038663002017e-06 -1.049872705834973e-06 7.460928859695696e-06
1.018359497310162e-05 9.043963857322499e-06 2.809329090417807e-06 -1.492521024362277e-06
1.329752638498608e-05 4.969920643700182e-06 3.464100751545099e-06 -7.317583947646973e-06
1.259556066909707e-05 6.606660375096182e-06 -1.503717817562565e-06 3.091805536645314e-06
1.174863883304831e-05 8.541143431115494e-06 4.530313384762330e-06 -8.478293848291962e-07
1.138255524874224e-05 1.021868091418094e-05 9.769257721278518e-06 1.967074279284878e-06
1.451094516281112e-05 6.084649518346238e-06 6.195498936203949e-06 -2.076404726177567e-06
1.416755464537428e-05 8.530604641728431e-06 2.515986943524515e-06 -1.969316912870485e-06
1.274445211112437e-05 1.125181671593923e-05 6.434258644674327e-06 7.914799464407777e-06
1.424875156017000e-05 1.215737709402419e-05 5.379134754021124e-06 7.240466882430990e-06
1.586061619077424e-05 1.289822949807145e-05 2.820423660440427e-06 3.290558012242302e-06
1.599805568837520e-05 9.059346693690132e-06 5.692449133321061e-06 3.997024029091679e-06
1.597753949946910e-05 7.019502205428048e-06 2.703519728903274e-06 5.174918402664589e-06
1.562816944460596e-05 1.110433706949112e-05 5.077079761859533e-06 3.533617324234190e-06
1.758010717718389e-05 1.343984493177994e-05 -2.724216684104196e-07 2.826175207119078e-06
1.938936157362744e-05 1.380253398881102e-05 4.855360258058605e-06 4.573089209434169e-06
1.746523554446074e-05 9.516966044880972e-06 2.113100420967905e-06 1.927980940873875e-06
1.760257825578152e-05 7.707906886854832e-06 4.094619173430880e-06 1.284852938840546e-05
2.122782456540967e-05 1.395876223294463e-05 3.931170985513529e-06 3.552396624354927e-06
1.915363326254354e-05 1.120386005474112e-05 2.744186457072271e-06 4.683453515309023e-06
1.937255678280869e-05 8.123047373522744e-06 1.253173320510357e-06 2.895438706397959e-07
2.163066694443025e-05 1.148766126392059e-05 1.593783489052761e-06 4.199225646020385e-06
2.331635919156529e-05 1.401504053830397e-05 8.406190377562172e-06 1.645531757238532e-06
2.121769749243788e-05 8.240045492166252e-06 9.620482333341151e-06 7.380822348736268e-07
2.621496883289097e-05 1.405608019296123e-05 6.443141336946716e-06 2.841831765995035e-06
2.390280551197671e-05 1.007958643489497e-05 2.611041423649769e-06 3.463821386273520e-06
2.331011052516475e-05 8.189009091438134e-06 4.728835322300382e-06 2.216582547124445e-06
3.031350024706383e-05 1.413613615201954e-05 1.006020432029189e-05 3.730770076038658e-06
2.826567251153596e-05 1.086239427798367e-05 7.085528202438850e-06 2.525297885611562e-06
2.622455758586304e-05 8.117917021678496e-06 8.564202497280726e-06 3.908434673095058e-07
3.585312373213659e-05 1.420682601942756e-05 7.953004030516353e-06 5.273583324110749e-06
3.306346029579482e-05 1.109129854294831e-05 7.165044335456583e-06 1.849671911763565e-06
3.031278899187143e-05 8.046188946778710e-06 9.954128849626244e-06 1.104008898345648e-06
4.174539480288940e-05 1.427051185660373e-05 1.085788223339121e-05 2.322328285559426e-06
3.878111853993220e-05 1.108901889376092e-05 1.062682240027286e-05 3.370460949915190e-06
3.585861396841153e-05 7.975963746336007e-06 8.040420622086526e-06 3.872639856365537e-07
4.772224070609209e-05 1.432047309994161e-05 1.474951203827211e-05 5.823290534490388e-06
4.471970764296499e-05 1.109385995124346e-05 1.259652317069316e-05 2.663615821248991e-06
4.174168975675171e-05 7.909443407251981e-06 1.125099797124279e-05 2.443622077806295e-06
5.378537235002251e-05 1.435167411980636e-05 1.616801167051916e-05 4.409612162415316e-06
5.074326466677549e-05 1.109203444563510e-05 1.491485120510249e-05 3.818245935659998e-06
4.772432571979642e-05 7.867039551409371e-06 1.410204800171094e-05 8.891148357180662e-07
5.987800403356652e-05 1.437449429139261e-05 2.071808269015449e-05 2.557844578360300e-06
5.682563633434495e-05 1.109689684760262e-05 1.866789087820272e-05 2.009725103714871e-06
5.378125152289990e-05 7.836223586863002e-06 1.686577202143885e-05 1.200333795112810e-06
6.601416184914228e-05 1.438892498285806e-05 2.261782211121058e-05 4.399677805281078e-06
6.294137454603165e-05 1.109773322641422e-05 2.181654655825999e-05 3.827772807239072e-06
5.988041822369202e-05 7.820373893453104e-06 1.922606591359011e-05 2.233064300134067e-06
7.216239224211233e-05 1.438932475752698e-05 2.526073487127558e-05 3.689472596449988e-06
6.908792215832774e-05 1.109686038847808e-05 2.391159371275992e-05 3.069659978688326e-06
6.601366169385043e-05 7.807732531376257e-06 2.383842418164630e-05 3.098558568105646e-06
7.834475187211739e-05 1.441262819791198e-05 2.761852548901113e-05 5.496734176302817e-06
7.524446381828295e-05 1.109426303352764e-05 2.625654292832471e-05 2.296037651341190e-06
7.216326127791589e-05 7.800590661571005e-06 2.533274499643898e-05 4.091278823706685e-07
8.452979856360840e-05 1.440471646702795e-05 2.916585393511333e-05 2.039555238469360e-06
8.144281552464748e-05 1.109530400637064e-05 2.893556124297778e-05 2.690228511389652e-06
7.834361719088095e-05 7.776753944756439e-06 2.705641337176345e-05 4.775776737882001e-08
9.778729797855553e-05 1.403673035092922e-05 3.495652416192730e-05 5.166600875147148e-06
9.690809154182920e-05 1.440128088798908e-05 3.421794143007268e-05 5.404698606036393e-06
8.730001380399414e-05 1.109083042860229e-05 2.924653705954970e-05 2.868252992955681e-06
9.072095392164260e-05 1.440459993690959e-05 3.048691658648107e-05 3.599701890219802e-06
8.453298988735845e-05 7.781279905595205e-06 2.902960292993833e-05 3.412402316096877e-06
9.815132873135991e-05 1.315682877597046e-05 3.524156364369995e-05 4.485353558938080e-06
9.607102888846228e-05 1.108331449232218e-05 3.303118911989640e-05 2.624619731505469e-06
9.072251863402599e-05 7.770879931985711e-06 3.070093214231299e-05 2.815841568822260e-06
9.814885133304590e-05 9.010662341441095e-06 3.448192826128322e-05 9.971164173950139e-07
9.690647533005181e-05 7.767899885029401e-06 3.370921902484946e-05 5.365629191604623e-07
9.778494985228780e-05 8.131917200952061e-06 3.423360645357372e-05 6.356717781105751e-07
