7.895292885067869e-05 -1.036208975312213e-05 1.370029145087673e-05 -7.101416711863438e-07
7.927439438541845e-05 -9.585094214402973e-06 1.344170403404479e-05 -1.298660992909969e-06
7.927583070707499e-05 -5.925157559215191e-06 1.332406871013357e-05 -4.724562357224994e-06
7.895457670214364e-05 -5.148842129925447e-06 1.356976115934686e-05 -5.266902674747664e-06
7.817667669600795e-05 -1.068412572301754e-05 1.433073420558460e-05 -5.031046081405073e-07
7.672395870285448e-05 -7.756703448192528e-06 1.487252943854079e-05 -2.856869672378427e-06
7.817878033734765e-05 -4.827237521266307e-06 1.417291309233071e-05 -5.440877395105090e-06
7.271784246613901e-05 -1.069315412685203e-05 1.385502818032206e-05 -1.709535540196228e-06
7.272122825124364e-05 -4.831272285445309e-06 1.368556378036116e-05 -3.067085670917877e-06
6.970795487580622e-05 -7.764512988333365e-06 1.350586763815689e-05 -2.295407348241575e-06
6.726662472361597e-05 -1.068752884126050e-05 1.317029134335113e-05 -2.812018494561432e-06
6.726340086410826e-05 -4.837267669092388e-06 1.355447916335587e-05 -2.368207616506047e-06
6.453605627988645e-05 -7.759750855672957e-06 1.334411820543285e-05 -3.109762800981427e-06
6.181363928654624e-05 -1.066862706523428e-05 1.283775199923700e-05 -4.601684761623974e-06
6.181310011271421e-05 -4.848335917195862e-06 1.230259220189732e-05 -1.625054708246339e-06
5.909708215247100e-05 -7.758274530474148e-06 1.206885566744284e-05 -3.076435747296631e-06
5.639579983252921e-05 -1.064659120313612e-05 1.224500506698438e-05 -3.791512370368593e-06
5.639474796202430e-05 -4.870709411014855e-06 1.188841811786502e-05 -2.547856781857576e-06
5.369938021439651e-05 -7.759608520052374e-06 1.224977017054364e-05 -3.181825763391085e-06
5.101152107409100e-05 -1.063022036000065e-05 1.217813205484124e-05 -3.179884709738286e-06
5.101205696196510e-05 -4.892829043331532e-06 1.165102509409015e-05 -3.242918317435839e-06
4.833365446654611e-05 -7.763122099605474e-06 1.149433623085206e-05 -3.007923389144722e-06
4.568486537082917e-05 -1.058852956932832e-05 1.127312467303851e-05 -2.967906469197840e-06
4.568403656378019e-05 -4.938683343651257e-06 1.072100345809502e-05 -2.906472532266650e-06
4.305278009755905e-05 -7.763450994284266e-06 1.074115319045574e-05 -2.960277909934212e-06
4.045436531666439e-05 -1.053512324674416e-05 9.669807841495262e-06 -4.702325170473491e-06
4.045449295369333e-05 -4.992702700732519e-06 9.903940871637355e-06 -1.791998283715176e-06
3.787302598955694e-05 -7.764470983289479e-06 9.006359932964530e-06 -3.036715087919042e-06
3.533076285492207e-05 -1.047350416122937e-05 8.994490918333265e-06 -3.664783133316115e-06
3.533212938801129e-05 -5.057525326740422e-06 8.109871639754026e-06 -7.985872249828421e-07
3.281064674158081e-05 -7.765924534631381e-06 8.285509358456679e-06 -1.961876572920250e-06
3.033419157457333e-05 -1.040119748718759e-05 7.519389053077168e-06 -3.231454687293283e-06
3.033355491372634e-05 -5.130978146518669e-06 8.868705910239976e-06 -2.700915490111309e-06
2.787921772822776e-05 -7.766990292636466e-06 7.795527951616695e-06 -3.864441649898195e-06
2.548054386094127e-05 -1.030802723459962e-05 7.758588464071228e-06 -2.586505844904386e-06
2.548103289445723e-05 -5.229053092967288e-06 6.893291256182277e-06 -3.877582116245847e-06
2.320795560213898e-05 -7.768244342135059e-06 6.102119234097277e-06 -2.954319562030844e-06
2.100435285263694e-05 -1.019494163205501e-05 3.239766152778279e-06 -4.912247441245849e-06
2.100450283090174e-05 -5.349423059691172e-06 4.370356538341672e-06 -1.060401456059388e-06
1.937318963827752e-05 -7.955766242584185e-06 3.594703717406955e-06 -3.140582272431980e-06
1.777017311069795e-05 -1.009861279448351e-05 6.085639836646050e-06 -2.275705582351438e-06
1.776987712738345e-05 -5.455344184689365e-06 5.490775743052217e-06 -2.390085884346562e-06
1.551809744986671e-05 -1.000743892512592e-05 7.241283536207848e-06 -3.357985398119542e-06
1.592886519877720e-05 -8.547754887966100e-06 7.727237748561665e-06 -2.192352002205166e-06
1.550956185333331e-05 -5.521753819774591e-06 6.541543890028102e-06 -1.967733052584286e-06
1.392655640092722e-05 -5.596358000223096e-06 4.186361298301071e-06 -2.612446218211481e-06
-1.889502086349677e-06 -4.887542738622590e-07 4.435413754717810e-05 -5.943618824733293e-05
-1.922629325472869e-06 -3.338202677154974e-07 1.556118139020124e-05 -1.034524478054580e-04
-1.925511082081816e-06 -3.431573908986709e-08 -3.007334488511982e-05 4.566309628686128e-05
-1.902962962042702e-06 8.227372847340172e-08 -3.383939834195984e-05 -8.050232151141646e-06
1.392422594507424e-05 -9.941268660958969e-06 4.594557937361062e-06 -3.583579965443253e-06
1.253382802952872e-05 -9.802564252809267e-06 3.991463089715895e-06 -3.190238612909628e-06
1.358159677543180e-05 -7.228610445403982e-06 3.695607799450000e-06 -2.407120742149267e-06
1.250896322646394e-05 -5.554548448901780e-06 3.366323481340363e-06 -3.939076416166611e-06
-1.797919665899338e-06 -5.623304491419492e-07 2.678967242567892e-05 5.341680309029072e-06
-1.718761889682591e-06 -1.873521683455081e-07 6.018328072428369e-06 3.863699277154576e-05
-1.832514567816303e-06 1.372675074615442e-07 -3.159369875468783e-05 -6.133061047590547e-05
1.207527307936092e-05 -8.474745652785275e-06 3.420944094124217e-06 -2.975489032007722e-06
1.119753246223436e-05 -9.496631291434313e-06 2.879199271828615e-06 -3.323475143594276e-06
9.948136102461558e-06 -9.071976314080425e-06 2.520655898932912e-06 -4.425103502996696e-06
1.165912665655625e-05 -6.706682858097040e-06 3.576954755761460e-06 -4.114655161652840e-06
1.120209325770263e-05 -5.301449685497149e-06 3.575041592980102e-06 -3.425531735781535e-06
-1.179012653989104e-06 -4.567739487675769e-07 -1.207571336065424e-05 -2.059884552573766e-05
-1.193130031791318e-06 1.199358626590056e-07 5.635324265677212e-06 -6.932247916390863e-06
-8.735572119650365e-07 -1.814510405383701e-07 4.425064470422467e-06 2.856576420679883e-05
8.798610960183196e-06 -8.504365377844049e-06 2.957182638133032e-06 -4.460683494029192e-06
9.767918318561906e-06 -7.753888499545127e-06 2.594562458608512e-06 -5.192584701328014e-06
1.019474844384765e-05 -6.147380558810799e-06 2.747341795158617e-06 -3.534574071613012e-06
1.001615649226670e-05 -4.855632755194968e-06 1.723006888483161e-06 -1.826895229764538e-06
-5.199233625576195e-07 -5.630525618834757e-07 -1.845301500055370e-06 -1.000300857600540e-05
-5.008821872559869e-07 1.864930733837782e-07 -5.653221126751722e-06 -1.404440794467923e-05
-1.175048116499196e-07 -1.319538085430004e-07 8.971547486397414e-06 1.621940798084015e-05
7.744587605924133e-06 -7.840700400345968e-06 2.323395590212237e-06 -1.316114239543437e-06
6.826241963426376e-06 -7.092382782178548e-06 3.903048583332196e-06 -1.889413767021991e-06
8.729184173498784e-06 -5.910904181729619e-06 1.646375199114154e-06 -1.645908697035098e-06
8.980301820870502e-06 -4.235374076705997e-06 2.359615129364756e-06 -4.069192735983307e-06
3.660530979354654e-07 -6.839706642177999e-07 -8.090883313209891e-06 -4.026974221318327e-06
3.577573786979977e-07 3.168112712791351e-07 -1.951839846034433e-06 -7.636654525863557e-07
7.063084635361302e-06 -5.982181847735912e-06 4.355699441135566e-06 -2.808482193701438e-06
6.033073649163924e-06 -6.256805451480797e-06 3.528717209250442e-06 -3.539646596267294e-06
7.450514055457886e-06 -4.778675604311204e-06 5.102890063124975e-06 -4.353692650740234e-06
8.116201830409832e-06 -3.497155932964209e-06 2.995636016711819e-06 -3.913798228642427e-06
8.741115326761017e-07 -1.406471340337848e-07 5.214583464168151e-06 -9.632701632669165e-06
1.459831275145688e-06 -8.586290430017915e-07 2.850935397273075e-06 5.932286056834300e-06
1.480661781140320e-06 5.235695264546087e-07 -4.319263784708057e-06 3.629449710499882e-06
5.345693805774547e-06 -5.376141379770797e-06 2.868530784748767e-06 -5.376451952446601e-06
4.798439967741876e-06 -4.471768236414342e-06 6.147919156729529e-07 -8.917375286781622e-07
4.389145880398224e-06 -3.529435788801561e-06 2.006420582687404e-06 1.131998785945300e-06
6.673538422613552e-06 -3.726524008962321e-06 3.052561756246457e-06 -1.180599420511562e-06
7.427211594025425e-06 -2.673742065166596e-06 3.109096016401731e-06 -2.414540672439588e-06
1.960101430982359e-06 -1.644585036670300e-07 -1.598550895417187e-06 4.066982302792046e-06
2.558772096073668e-06 -1.011701781707488e-06 -9.956160261236111e-07 -9.236229582362862e-06
2.550392655125508e-06 7.232558831531971e-07 5.912829487529952e-06 -1.271824379112637e-05
5.302777215143417e-06 -3.521729212609049e-06 1.342567145083825e-06 1.584874663959396e-06
4.087504285136060e-06 -2.587524622664405e-06 2.152339954559742e-06 -4.042651477747560e-06
3.525787766196003e-06 -1.161818335119158e-06 3.400361409813022e-07 1.795309809289176e-06
3.796514384060221e-06 -1.318641737090520e-06 8.195274546804806e-07 4.741041119631670e-06
3.929660334708851e-06 -1.642306809195687e-06 -2.127731101686765e-07 3.300748056876739e-06
6.136453367474734e-06 -2.554877303084246e-06 7.984582410176102e-07 -9.467862486071270e-07
6.913042505284102e-06 -1.812302509791177e-06 4.477865504635530e-06 3.787631274541128e-06
3.083580273025387e-06 -2.882676839681569e-07 1.035348723325482e-06 1.221595690777245e-06
3.546308750064249e-06 8.708256933089400e-07 -3.016801938925820e-06 1.908614406408646e-06
4.723107110074715e-06 -1.926315619881331e-06 4.467655475712832e-06 -1.724468638617530e-06
3.829280263970923e-06 -7.130934778981903e-07 4.796998754621765e-06 4.870950039006170e-06
4.149483800269635e-06 -1.212178536702994e-06 2.148403226245095e-06 5.190940879466847e-06
5.769700103636727e-06 -1.551963363170830e-06 2.511628856251684e-06 -2.002418526090088e-06
6.586828209475573e-06 -9.635997905830152e-07 4.738410764826388e-06 3.055781958970063e-06
3.876318375487157e-06 2.756560434381012e-07 3.919137248856732e-06 1.114118250774290e-06
3.846055454378248e-06 1.008557821314843e-06 -1.355734452676179e-06 4.791763671280795e-06
4.931534702629854e-06 -4.869435278203545e-07 1.434112828040133e-06 -4.867797206188629e-06
6.461445842828496e-06 -1.284531195271841e-07 1.895075759136163e-06 3.260645701634643e-06
6.500077262440904e-06 6.744244467563911e-07 1.350205979825371e-06 3.661309404204141e-06
4.460030787954434e-06 8.065201883351687e-07 5.264318831856342e-06 7.644245266254245e-07
4.017702025529813e-06 1.301154533634426e-06 -2.362311377713303e-06 5.514988673182746e-06
4.240432512231536e-06 2.118988509546232e-06 -2.162611967032974e-06 1.000665165113575e-06
5.707679164427068e-06 7.855386545072741e-07 1.447871477236860e-06 8.428316596198832e-07
4.554763464733922e-06 2.898941069484561e-06 9.747294667125261e-08 2.584728983622897e-07
6.709488905314525e-06 1.474515955753817e-06 3.215439266758859e-06 5.067406405782167e-06
4.990363541395553e-06 2.155861998181238e-06 2.605904614815504e-06 -7.815785200408366e-07
6.075153474521754e-06 2.222669998934332e-06 2.560252731585541e-06 2.099099106325086e-06
4.950609290873183e-06 3.635618186790563e-06 1.767072411746637e-06 1.674648221346388e-06
7.057498633218494e-06 2.224405634714760e-06 4.781425017353979e-06 2.693712544357056e-06
6.739335098074190e-06 2.949133676387610e-06 3.507059475040871e-06 1.924137470372361e-06
6.021338893321662e-06 3.390043117330297e-06 6.337423902383883e-07 2.388669131692603e-06
5.428808132385281e-06 4.320074618577485e-06 3.134017380493857e-07 2.601792620628295e-06
5.974431415912255e-06 4.940113680387327e-06 1.180428058113223e-06 2.887136301249404e-06
7.527473771314004e-06 2.909954298277316e-06 4.585410254633234e-06 1.385780096781646e-06
7.172001609079483e-06 3.738963096699139e-06 3.462246779204263e-06 2.098682915998919e-06
6.760567250234979e-06 4.690999145859088e-06 1.924156610896173e-06 2.578750407243153e-06
6.584685362542817e-06 5.489586361160187e-06 1.775439937969338e-06 2.803270855994443e-06
8.106434589186779e-06 3.498844465715927e-06 3.223024075138760e-06 1.774028531764377e-06
7.929608787330893e-06 4.682246965041595e-06 3.524449376201694e-06 6.327069966170545e-07
7.251089149272579e-06 5.964997242456048e-06 9.194163238448125e-07 2.738648955124779e-06
7.962600303892435e-06 6.354563142778007e-06 4.725523395012019e-06 4.869900765329398e-06
8.709258795168390e-06 6.654076368681048e-06 7.839905204659297e-06 4.691207332078782e-06
8.777390720690844e-06 4.931462021815342e-06 6.345155500715491e-06 2.512638785278084e-06
8.773688021689406e-06 3.976882165637714e-06 4.739995054062838e-06 2.150269713715926e-06
8.612308412249615e-06 5.864217308462175e-06 7.769404552577484e-06 3.123377683837521e-06
9.478139872469157e-06 6.867890808806319e-06 8.635790800983805e-06 4.550790580317735e-06
1.025540600320831e-05 6.989320683875402e-06 6.368944447266144e-06 4.740802479327990e-06
9.440204308287935e-06 5.144538582502440e-06 6.244365399466525e-06 3.685632930022925e-06
9.499402938851864e-06 4.330801481120077e-06 5.911853491418417e-06 3.555563564410012e-06
1.103494668086527e-05 7.023410913452203e-06 4.431054228434379e-06 5.527752861855022e-06
1.017771691744783e-05 5.886508187128937e-06 6.145750421157689e-06 5.088669385977331e-06
1.026564070831178e-05 4.553361560867545e-06 5.975007268764324e-06 2.954813869355363e-06
1.121221417279824e-05 5.998646532608953e-06 5.242957171902160e-06 3.986821984227019e-06
1.188857395117368e-05 7.010204609816372e-06 6.281152928256124e-06 5.786244836377804e-06
1.104608780134742e-05 4.632523547507676e-06 6.341280992389353e-06 1.751856591941526e-06
1.305917739141571e-05 6.993729138009415e-06 9.649944935139374e-06 5.645986552873023e-06
1.214354660683424e-05 5.417397918059670e-06 7.295190800371423e-06 1.989148761178663e-06
1.189434644627374e-05 4.643904473393826e-06 7.072683174394768e-06 1.431393873084236e-06
1.462521618704554e-05 6.969556380516608e-06 1.072010430792318e-05 5.885511879388913e-06
1.385732125734581e-05 5.735365188235643e-06 9.921935471678008e-06 4.580569378867322e-06
1.305625545868081e-05 4.658953432393533e-06 7.661008051383492e-06 2.526031894142960e-06
1.663555414283384e-05 6.937292954792519e-06 1.467510971761366e-05 3.879424427997032e-06
1.563965922148005e-05 5.828389161342875e-06 1.328041803138928e-05 2.729957358594460e-06
1.462338261479223e-05 4.684264740325817e-06 1.269173586425031e-05 2.118705336676007e-06
1.867727961717275e-05 6.915386366041507e-06 1.538269665430244e-05 4.859190208763839e-06
1.766383963187344e-05 5.831079638617093e-06 1.417377998506503e-05 4.349494149222394e-06
1.663443284488168e-05 4.721730262637976e-06 1.242506230089378e-05 2.049205374909613e-06
2.068654561922929e-05 6.903336498784190e-06 2.334058505961091e-05 5.366411225456023e-06
1.968527466656245e-05 5.829336288734607e-06 1.984580083434375e-05 3.231720997166403e-06
1.867777976601948e-05 4.746038795742547e-06 1.745561279909603e-05 3.047390264980931e-06
2.267564999285906e-05 6.890287356329785e-06 2.316916448958863e-05 6.774025646919674e-06
2.168494964639935e-05 5.828229819381844e-06 2.305377639298270e-05 4.956511053604715e-06
2.068720362754971e-05 4.752372947599472e-06 2.156804838416864e-05 2.653557274079280e-06
2.464026475042656e-05 6.883003013596828e-06 2.686573797773763e-05 3.283119222286090e-06
2.366097108903483e-05 5.834521212463494e-06 2.533437684002545e-05 4.069720826439952e-06
2.267262145059697e-05 4.772189357924104e-06 2.410777739215391e-05 2.482566141275548e-06
2.657716761142045e-05 6.873946067206645e-06 3.075510237067644e-05 4.474176689406041e-06
2.561259742488563e-05 5.835254802767390e-06 2.872144077576022e-05 3.649775226985690e-06
2.463969172634178e-05 4.788178654348679e-06 2.686277878584806e-05 4.225272511683240e-06
2.851658217055146e-05 6.868802532135010e-06 3.356927056446240e-05 7.168342858457980e-06
2.754550822600648e-05 5.830739178195991e-06 3.188187464832114e-05 3.914183022768037e-06
2.658061408239627e-05 4.791287002761943e-06 3.063361790186193e-05 3.035158937967272e-06
3.045301004888119e-05 6.861481277942251e-06 3.554000138143308e-05 5.334829827431079e-06
2.948723349086953e-05 5.835559945099811e-06 3.491094964616627e-05 3.996475174864858e-06
2.851255897090888e-05 4.797277480008906e-06 3.352446300749494e-05 8.051356107281314e-07
3.237723618612103e-05 6.866634293484736e-06 3.804329386844295e-05 4.268451099901151e-06
3.141570382554883e-05 5.834274727179721e-06 3.684097752743724e-05 3.738265191802068e-06
3.045566229534845e-05 4.808363869670868e-06 3.566696364940191e-05 2.413702774532167e-06
3.652458644194500e-05 6.760051812402816e-06 4.306470011309334e-05 5.338302078226349e-06
3.625009545142589e-05 6.874369763250775e-06 4.271117360616734e-05 5.473614130488219e-06
3.323813384044697e-05 5.839648228694965e-06 3.887751806859573e-05 3.681971606251704e-06
3.431122923122008e-05 6.882504031155790e-06 3.995031107012171e-05 5.022604686964707e-06
3.237374653771750e-05 4.806853124567825e-06 3.808281449583842e-05 3.086925989086179e-06
3.663823976582241e-05 6.484734675045588e-06 4.321352199009073e-05 5.003479496417945e-06
3.599041493848818e-05 5.838139305632139e-06 4.227648123985588e-05 4.149886219503268e-06
3.431227349169001e-05 4.798290752165043e-06 3.977734411807075e-05 2.702963142291978e-06
3.663933195467445e-05 5.190272361462057e-06 4.320714304828768e-05 3.324799458578190e-06
3.625153712603045e-05 4.801005332893896e-06 4.265252170283513e-05 2.780006513714178e-06
3.652581471040953e-05 4.915168615867989e-06 4.304383272463143e-05 2.940716785171594e-06
