4.281755906132633e-05 -4.397650843308509e-06 4.031787720410563e-05 -5.567143304732100e-06
4.301053084136764e-05 -3.931394551933298e-06 4.052413197324982e-05 -5.017049537924606e-06
4.301010515096542e-05 -1.733786055006834e-06 4.062868268126894e-05 -1.845292018548679e-06
4.281701466002934e-05 -1.267059660657069e-06 4.043386344602467e-05 -1.332964347348275e-06
4.235163094680630e-05 -4.590904981229396e-06 3.980142256443391e-05 -5.789560938896256e-06
4.147546668267782e-05 -2.831997920722333e-06 3.895140278904642e-05 -3.561047687903491e-06
4.235077841282672e-05 -1.073539708904722e-06 3.994008215590984e-05 -1.138506804265732e-06
3.905871015100830e-05 -4.590230400255955e-06 3.721220110609895e-05 -5.692984217245746e-06
3.905647565312323e-05 -1.068349585781167e-06 3.744174931382643e-05 -2.347869787938973e-06
3.724701174370986e-05 -2.828131193327517e-06 3.471249653277090e-05 -4.284838611031482e-06
3.578494953813967e-05 -4.579156217841136e-06 3.327836805572578e-05 -5.969852408757318e-06
3.578707127881639e-05 -1.080154690253486e-06 3.309002858962192e-05 -2.406040771560724e-06
3.415469434753575e-05 -2.831279123267113e-06 3.236762978324012e-05 -4.107676607581307e-06
3.251528671234484e-05 -4.587769231414134e-06 3.146152515608712e-05 -6.784656719229111e-06
3.251747858654722e-05 -1.078476844388087e-06 3.075943657465595e-05 -7.153767361346059e-07
3.087907560283489e-05 -2.834285136430371e-06 2.918854138596228e-05 -3.528742629639916e-06
2.925594002934529e-05 -4.569491164365084e-06 2.873753293909683e-05 -4.130972645171731e-06
2.925556413276538e-05 -1.097809181045658e-06 2.864353986919552e-05 -3.091170814129889e-06
2.763720555375823e-05 -2.832760849299074e-06 2.685005640114723e-05 -3.919764726675498e-06
2.602636817966810e-05 -4.548837886978659e-06 2.521109291756629e-05 -5.099459092601451e-06
2.602916954789530e-05 -1.117723667862804e-06 2.503832846278491e-05 -3.051207839146923e-06
2.442351821210165e-05 -2.835168994274519e-06 2.341849294341994e-05 -4.115217334874570e-06
2.284192634145402e-05 -4.516695964458992e-06 2.405493149322627e-05 -3.800298673338123e-06
2.284288268081978e-05 -1.155221269673474e-06 2.308894039291209e-05 -4.281696913088106e-06
2.127475807910884e-05 -2.837404847661223e-06 2.285386754118757e-05 -3.358507056355763e-06
1.973047893969616e-05 -4.481292043719844e-06 2.015773459326733e-05 -5.426109225565334e-06
1.973225538594828e-05 -1.195837103352847e-06 2.097542354201960e-05 -1.996611917591720e-06
1.819879453926858e-05 -2.838730755311179e-06 1.863476843731146e-05 -3.621742009650331e-06
1.669467481123270e-05 -4.433704697159135e-06 1.862680078616994e-05 -3.498870379702071e-06
1.669305456726271e-05 -1.241586873925959e-06 1.796712272733696e-05 -3.129457103206088e-06
1.520823754696355e-05 -2.836475028460202e-06 1.758085334528934e-05 -3.455773105362781e-06
1.377073507266687e-05 -4.357759980584720e-06 1.564494506542025e-05 -5.061889227575959e-06
1.377288766637790e-05 -1.317761622088191e-06 1.590974479128703e-05 -2.741858264950370e-06
1.236489246442575e-05 -2.839285224856368e-06 1.490826183791717e-05 -4.305353519875442e-06
1.102567517835499e-05 -4.258771277479209e-06 1.482329689764243e-05 -5.724959447306920e-06
1.102020093191172e-05 -1.418478216105372e-06 1.516193767896444e-05 -3.881163055863925e-06
9.764119606094301e-06 -2.834383692072905e-06 1.347134766271485e-05 -4.132420699608811e-06
8.558821426019555e-06 -4.155253267751613e-06 1.049135225958728e-05 -4.251477404489456e-06
8.564313434298367e-06 -1.525084502503946e-06 9.727268379786511e-06 -1.443931041293323e-06
7.672353208691475e-06 -2.935839346511908e-06 8.747275956003638e-06 -3.396676721773323e-06
6.828104724268391e-06 -4.057180643747730e-06 9.210102265993291e-06 -4.871530858213651e-06
6.822840644284812e-06 -1.625782459318186e-06 9.560163788345896e-06 -3.814062029677993e-06
5.664753901589379e-06 -3.970644682038178e-06 9.575384035886847e-06 -6.969564888729199e-06
5.864332223243622e-06 -3.232642091118687e-06 1.001260523260034e-05 -5.386629658182899e-06
5.661992194996240e-06 -1.695395004723445e-06 7.928061272420151e-06 -1.828340167377666e-06
4.873718082694320e-06 -1.763330260824897e-06 5.145901472624816e-06 9.149744481331035e-07
-4.847737182275832e-07 -2.144687628502891e-07 5.469615740191452e-06 -1.830959077689337e-05
-5.180496225128038e-07 -1.545646071481186e-07 -2.174729952696455e-05 3.186299729903666e-05
-4.706625352399304e-07 -1.440316770238795e-07 1.358612361820335e-05 3.604128237459666e-05
-4.352982355401068e-07 -1.136877320133435e-07 4.798116270693176e-05 -1.681748491761218e-05
4.862575725021216e-06 -3.911244820025358e-06 8.001179296152407e-06 -7.601759965951223e-06
4.194933117272274e-06 -3.817339916015719e-06 6.921745454401335e-06 -4.969864532442643e-06
4.691213875434543e-06 -2.571512354717951e-06 6.025511569033225e-06 -2.317245737208252e-06
4.173175039388096e-06 -1.772971990909061e-06 6.306691870077996e-06 6.717601733043547e-07
-4.005128118939426e-07 -2.388700082683170e-07 8.534988943719265e-05 -5.300872413777653e-05
-3.873866639737117e-07 -1.246409558701279e-07 -5.392851205068970e-05 -2.885687680586455e-06
-3.655196746359703e-07 -1.077543380223957e-07 5.379237470959845e-05 -2.928979405897464e-05
3.966794914989012e-06 -3.171341757584744e-06 5.064675980408070e-06 -4.371376359674286e-06
3.570157694813608e-06 -3.638415791495438e-06 3.362518272202814e-06 -3.268643004674676e-06
3.003007084506840e-06 -3.415346101843691e-06 2.006516001059590e-06 -5.756805522611812e-06
3.765217103422662e-06 -2.328525680466939e-06 5.999701531294308e-06 -3.022473360480093e-06
3.556934148917287e-06 -1.693984059748475e-06 6.502311361662027e-06 -3.302399728058772e-06
-2.881095637432897e-07 -2.204126948053312e-07 3.127251013535286e-06 9.773938705125745e-06
-2.725446919222276e-07 -6.325688702679743e-08 1.721316647115317e-05 9.544153942467374e-06
-2.091412122550322e-07 -1.699738683848160e-07 -1.593572375885171e-05 -1.586553375022219e-05
2.498358431097692e-06 -3.126550073565420e-06 3.373543458212927e-06 -7.531086028857819e-06
2.911693643118165e-06 -2.802833852277559e-06 3.389342847549569e-06 -7.264804582990758e-06
3.099399600283296e-06 -2.083618297334605e-06 5.651432813418966e-06 -3.436085934861312e-06
3.013619378397026e-06 -1.534190676680937e-06 4.486357739421612e-06 -3.580229665451239e-06
-9.625219967886909e-08 -2.101583201468630e-07 2.505696683086008e-06 8.814918632446039e-06
-1.120218722086902e-07 -2.953666660393594e-08 1.918168394833527e-06 5.936300107926008e-06
-1.927291281154321e-08 -1.762297270720926e-07 -3.487397864650349e-06 -5.941980024854656e-06
2.048206859393487e-06 -2.810055206020215e-06 3.436754227041591e-06 -5.205522166449015e-06
1.671736489894230e-06 -2.474541466718298e-06 3.749838451710196e-06 -5.764394175476964e-06
2.455543907436916e-06 -1.983161921583843e-06 3.741837908438930e-06 -9.407597265068286e-07
2.544415482368972e-06 -1.294499161711058e-06 2.535291963476353e-06 -1.476125832663426e-06
9.636681190764659e-08 -2.581541375456676e-07 8.602978976035687e-07 8.312347967264573e-06
8.854582351024391e-08 -2.177888368358746e-09 2.618238616760036e-06 5.948156733485810e-06
1.768159237768602e-06 -2.002023193503534e-06 4.072909196053502e-06 -4.118728710451325e-06
1.381832485550833e-06 -2.110195518888230e-06 4.827496828464122e-06 -5.550809270062490e-06
1.917496259778349e-06 -1.515595584404004e-06 1.983117464339223e-06 -2.321039237475233e-06
2.170468537631976e-06 -1.031062376746593e-06 7.708371922007568e-06 -3.424151615771663e-06
2.038302436223468e-07 -1.675296242042595e-07 -3.044460253313350e-06 -1.508114667791061e-05
3.579355736851707e-07 -2.874019022418239e-07 3.941582668118184e-06 1.074777664483533e-05
3.608042295179700e-07 2.896431327642096e-08 2.323134678161947e-07 2.852610528834513e-06
1.144210654290263e-06 -1.741455582301990e-06 5.215072702999967e-06 -9.967304963429249e-07
9.857957126035472e-07 -1.398182845374826e-06 2.174810501036581e-06 -2.625915504643401e-06
8.898508273025687e-07 -1.056563973634745e-06 -2.166825870436549e-06 -4.775782432404738e-06
1.624778565378887e-06 -1.118294522849433e-06 1.223084892468504e-06 -3.586959175783693e-06
1.883698866545023e-06 -7.611437732416814e-07 7.082608275708216e-06 1.922247549890369e-06
4.664529971859106e-07 -1.219669242095472e-07 4.996466430129042e-06 -5.626978639551116e-07
5.759687884149807e-07 -3.361354237208105e-07 -1.597027785363102e-06 -7.121423639009583e-06
5.878678333097840e-07 5.386141737065935e-08 -7.097123362553537e-06 1.882486023098300e-06
1.168491141555890e-06 -1.044860156709951e-06 3.646809883418762e-06 -2.882607052461433e-06
8.293028311817670e-07 -7.524834553134022e-07 -2.440536371307544e-06 -3.393426713090155e-06
7.865495275298821e-07 -3.517484061653397e-07 3.224306635517670e-06 -1.112368132484910e-05
8.208277942381052e-07 -3.782527226975046e-07 3.177115832643721e-06 -9.419425023924957e-06
8.238576585275146e-07 -4.579948076284181e-07 2.648635524522961e-06 -5.382892736323534e-06
1.428548576655237e-06 -7.267269354845160e-07 2.727860486744065e-06 6.215890352670930e-07
1.669068663879496e-06 -5.006333059065887e-07 3.499692773766507e-06 -2.652587177313910e-06
7.064612026029109e-07 -1.499164847411549e-07 1.493440741847752e-06 8.411076061426974e-06
8.216058298847212e-07 8.899109226713148e-08 8.572837407866384e-06 -1.320000776841196e-05
1.033413526975584e-06 -5.386487227627042e-07 5.469438233647169e-06 1.472569138282948e-06
8.519661129736566e-07 -2.443233036805334e-07 1.975539877982019e-06 -2.786223723960513e-07
8.952820592123531e-07 -3.488032535739325e-07 5.045191087754716e-06 -4.750638557276500e-06
1.316809244006198e-06 -4.386540507932309e-07 -4.814993990501372e-07 1.390620727301880e-06
1.522605218026119e-06 -2.744749317700466e-07 -9.911643723076376e-07 9.353570618054862e-07
8.886657678021803e-07 -3.092809310306757e-08 -3.753151638683605e-06 3.023306689368844e-06
9.013792743289052e-07 1.234974206751162e-07 1.019241594016178e-05 -1.104455072267033e-05
1.098467860586199e-06 -1.792790842976444e-07 2.010087476519361e-06 1.306975374798272e-06
1.439547980771827e-06 -8.195065110407557e-08 3.024666818306093e-06 -4.582845266729596e-06
1.372793460256052e-06 6.485321838384033e-08 -1.223277675341807e-06 -8.716416489448778e-07
1.038574079934930e-06 9.178171208971383e-08 -2.300652927816559e-06 4.193511223029807e-06
9.538585917070285e-07 1.749396478213583e-07 1.489908699472726e-05 -6.522102998304941e-06
1.033689951013864e-06 2.670343738472680e-07 8.965572009821246e-06 5.962550189050047e-07
1.252257674501913e-06 9.991858724504938e-08 6.597303630734394e-06 2.811209278541037e-06
1.136391609292585e-06 3.152413764211212e-07 8.254649369020888e-07 1.315945752173057e-06
1.342776472984059e-06 2.085228065791179e-07 -9.242761157613147e-06 2.466532522466035e-06
1.162407507940002e-06 2.800762651447819e-07 -3.639891184417147e-06 3.158810372637635e-06
1.272381280588971e-06 2.911407323059001e-07 7.574212759923818e-06 -2.594859707676814e-06
1.225575334165618e-06 3.476778278359133e-07 2.614766052053037e-06 1.494198120076848e-06
1.309780354909629e-06 3.020225145980374e-07 -3.667434334279545e-06 6.865127790885985e-06
1.278606467072716e-06 3.399196583531349e-07 6.866199752294278e-06 -2.979241265480736e-07
1.266800368120512e-06 3.498462690938497e-07 3.123604851921204e-06 3.696816260975459e-06
1.267341432858975e-06 3.129001080064741e-07 4.799102202631065e-06 -3.848942427474827e-06
1.288029976571329e-06 2.512897023803297e-07 3.407093233427625e-06 4.483743061783986e-06
1.240626761555332e-06 3.507308604895042e-07 -7.552066728286435e-07 2.922931295712927e-06
1.249581409772609e-06 3.358871183219633e-07 4.376635327646587e-06 2.389202378335226e-06
1.275482122104906e-06 2.649455134675509e-07 1.662283659050738e-06 6.211871377811149e-06
1.291750826852065e-06 1.569441507376945e-07 2.710197706023023e-06 4.665404532567104e-06
1.152239068232671e-06 3.705715569488458e-07 2.887936273890749e-06 8.537921154584776e-07
1.163380350402542e-06 2.495135977414580e-07 3.916999378294031e-06 2.399696059943883e-06
1.241046737923955e-06 6.015848570474695e-08 6.396630716620034e-06 1.442772231351960e-06
1.148488505521121e-06 -3.848084122172742e-08 6.207089358172536e-06 3.172581133093460e-06
1.019125840920665e-06 -1.587100346981535e-07 4.880654902074121e-06 5.414380580795183e-06
1.022207117810282e-06 2.184160773860519e-07 6.219639423551645e-06 3.010431256841622e-06
1.026576003174159e-06 3.597879984232976e-07 5.846486691370968e-06 -1.987779542717225e-07
1.057419823691954e-06 4.059586343314046e-08 5.181866496586369e-06 3.711855997709994e-06
8.413220959657578e-07 -2.582267908187881e-07 6.327461988994087e-06 5.565147481296251e-06
6.252939823992444e-07 -3.447323760110945e-07 5.969650758865011e-06 4.177589658138922e-06
8.757780505143449e-07 1.870640052897207e-07 6.711747034841221e-06 3.232958975473891e-06
8.562884151355959e-07 3.609832292748453e-07 8.097665502744949e-06 3.142339416703478e-06
3.901749239153963e-07 -4.026709472321353e-07 4.746884522483007e-06 4.946707797641946e-06
6.776520445303127e-07 -5.649243979502221e-09 6.550801571648636e-06 4.035978088261101e-06
6.423221922827308e-07 3.734844883937118e-07 5.377723159843272e-06 2.682716648044642e-06
3.444447836775550e-07 -5.123083044868281e-08 6.584062871038893e-06 4.495125167519752e-06
8.341409640878901e-08 -4.597421965129834e-07 6.566373416067166e-06 6.005559129395474e-06
4.056103818152049e-07 3.973787386511349e-07 7.752774656884735e-06 3.046235971157834e-06
-4.020146962761578e-07 -5.131635804771431e-07 7.871877029412633e-06 5.483315112239978e-06
4.738305729333090e-10 1.675336450208150e-07 6.783992323756219e-06 4.186660076778651e-06
7.954647807284028e-08 4.544106457630854e-07 6.884766352581340e-06 3.519970928333206e-06
-1.179050790897516e-06 -5.916751961023311e-07 1.016509108417307e-05 4.821159285306188e-06
-7.728056675502403e-07 4.994231381266663e-08 9.246014695655113e-06 3.847445851085797e-06
-4.082033739601842e-07 5.310972479917921e-07 7.452111947263525e-06 2.980988681367456e-06
-2.346562536643231e-06 -6.712030698179971e-07 1.260700897939660e-05 3.509627865498658e-06
-1.741294480219129e-06 9.062645619600499e-09 1.130577853327331e-05 3.421624183726917e-06
-1.181256645831575e-06 6.137852536607892e-07 1.093388240486587e-05 3.612948578341480e-06
-3.701721941012511e-06 -7.497091739945903e-07 1.388386035246313e-05 5.072922927453539e-06
-2.999572306449608e-06 1.104110204834211e-08 1.238928428979938e-05 5.278619440936456e-06
-2.347695758185477e-06 6.917292152673604e-07 1.011945429263215e-05 4.845579106285988e-06
-5.187596268692571e-06 -8.203461763557531e-07 1.833119234914372e-05 5.703771274492369e-06
-4.422812372928716e-06 4.107427901270589e-09 1.709091645316494e-05 3.162730215920796e-06
-3.696810626995578e-06 7.659729344673585e-07 1.626432066348256e-05 2.642201654600253e-06
-6.769826649051772e-06 -8.582855646150614e-07 1.857979621569909e-05 7.673053565239403e-06
-5.968957117627184e-06 6.213049605645274e-09 1.744943803845086e-05 4.841484534227938e-06
-5.190885763766373e-06 8.305147248049124e-07 1.672978868050713e-05 2.782987726539206e-06
-8.418615558024610e-06 -8.933125456296880e-07 2.031815074598161e-05 4.469848977447634e-06
-7.581772058286826e-06 1.004511244902798e-08 2.023151647496958e-05 3.654963270469932e-06
-6.770562519863771e-06 8.741620727958248e-07 1.906632672845032e-05 8.161170206717319e-07
-1.014289098890464e-05 -9.306640324578935e-07 2.227675682260073e-05 4.557419059763907e-06
-9.268118523848783e-06 1.055797938679966e-08 2.094154282329658e-05 4.604009784936764e-06
-8.417932407408777e-06 9.152788588201855e-07 2.001371530839161e-05 3.788576408300462e-06
-1.193599583883916e-05 -9.564689699150817e-07 2.462619239648259e-05 5.642649176184063e-06
-1.103111768593012e-05 1.183692542737877e-08 2.366508789829075e-05 4.024193777385525e-06
-1.014380492390502e-05 9.520816559781299e-07 2.263356255757498e-05 4.605974805892675e-06
-1.375937650813791e-05 -9.612970209102625e-07 2.418456209262628e-05 3.740488113863516e-06
-1.284522370298285e-05 1.565523993326918e-08 2.459536508626499e-05 3.766483552145209e-06
-1.193744791112373e-05 9.838827460171189e-07 2.464712454715100e-05 1.732855925106761e-06
-1.561704391893160e-05 -9.774592882741414e-07 2.703847232955448e-05 3.388410213545309e-06
-1.468275657314295e-05 1.667570992015907e-08 2.531847482986262e-05 4.445777296781145e-06
-1.375947473119273e-05 9.942875968413896e-07 2.388578072052835e-05 4.643036405200832e-06
-1.961306561076234e-05 -8.856014681926143e-07 2.795306549564286e-05 3.399492938547959e-06
-1.934562767326343e-05 -9.959002131362096e-07 2.782357113392427e-05 3.436783278715626e-06
-1.644884209087291e-05 1.574867649324444e-08 2.731138731700276e-05 4.066307447238275e-06
-1.747068215441404e-05 -9.872754091878710e-07 2.631955509672685e-05 3.535281941815572e-06
-1.561697930457855e-05 1.009966524146157e-06 2.720560549308194e-05 5.243751063071742e-06
-1.972390216950800e-05 -6.188405576307065e-07 2.801345193645487e-05 3.313309191376580e-06
-1.908995037567890e-05 1.137415843361867e-08 2.764256290559513e-05 3.295303390621370e-06
-1.746927524538751e-05 1.015494437113847e-06 2.654647610103579e-05 3.880653539037736e-06
-1.972363713056328e-05 6.411110961150936e-07 2.801391280393039e-05 3.249566198210846e-06
-1.934492015364809e-05 1.018786571966295e-06 2.789479081975616e-05 3.228292289930830e-06
-1.961267031655824e-05 9.082707398574790e-07 2.797287492859084e-05 3.231019246649213e-06
