-6.049272497209041e-05 9.749487071402495e-06 4.937287427776282e-05 -6.120841931720820e-06
-6.071573802774202e-05 9.211062309858674e-06 4.966859956029406e-05 -5.613904614645454e-06
-6.071668336366373e-05 6.673646689946085e-06 4.969820270642369e-05 -3.003613503425699e-06
-6.049383880607496e-05 6.135859452725463e-06 4.941109162169358e-05 -2.524517495570867e-06
-5.995432977208001e-05 9.972525277497543e-06 4.870458896813081e-05 -6.294426690892732e-06
-5.894609834539916e-05 7.943593101811555e-06 4.737570432669493e-05 -4.341812365976458e-06
-5.995584880097758e-05 5.913211859330563e-06 4.876329916265067e-05 -2.366404802838999e-06
-5.616799720118827e-05 9.976667016115055e-06 4.474597705197859e-05 -5.333113985893543e-06
-5.617081707426189e-05 5.919898107559311e-06 4.489013934891426e-05 -3.701877860279618e-06
-5.407579146434160e-05 7.950168170334885e-06 4.370594320245011e-05 -4.642794793767684e-06
-5.237763233753219e-05 9.976554512023329e-06 4.212641977757575e-05 -5.685574824353150e-06
-5.237506591670534e-05 5.920466520091841e-06 4.214592813075323e-05 -3.766439651496940e-06
-5.048179225804369e-05 7.945462089590976e-06 3.957337884054359e-05 -4.661237440221521e-06
-4.859565610803887e-05 9.962583956378736e-06 3.721217605117669e-05 -5.045100870198274e-06
-4.859562190831696e-05 5.924932429755112e-06 3.731086896427396e-05 -4.116106702647090e-06
-4.671495872073889e-05 7.941865527783277e-06 3.567955168831821e-05 -4.352979134543354e-06
-4.483741173545220e-05 9.954414367022557e-06 3.382268659736689e-05 -5.060148325812759e-06
-4.483750939069186e-05 5.926661880887001e-06 3.434735015009975e-05 -3.479342459606120e-06
-4.296168965650624e-05 7.939069407760192e-06 3.276640350449183e-05 -4.143647120377923e-06
-4.108863403864365e-05 9.944134662631030e-06 3.001311470867499e-05 -6.807630930987203e-06
-4.108870740033245e-05 5.931753336352079e-06 3.051556217991585e-05 -1.200148598979148e-06
-3.921923763414170e-05 7.937576959643304e-06 2.862219210657494e-05 -4.156755828825160e-06
-3.735814960396475e-05 9.926628280106195e-06 2.671928058288297e-05 -7.629137339945989e-06
-3.736063658902754e-05 5.950129064576208e-06 2.738797878029969e-05 -1.255070539398524e-06
-3.550484795790232e-05 7.939241417496714e-06 2.531745825236097e-05 -4.928149662679598e-06
-3.366407856336803e-05 9.903352145262557e-06 2.304058004152275e-05 -7.993308522719018e-06
-3.366180115295390e-05 5.970249311913439e-06 2.300700323463844e-05 -1.968432427298049e-06
-3.182723105862599e-05 7.933874571918107e-06 2.107420667289025e-05 -4.816981299848806e-06
-3.000583195990342e-05 9.876437530789827e-06 2.104058549626553e-05 -5.575828815780353e-06
-3.000344193612710e-05 5.985201525816344e-06 2.050835716040722e-05 -3.225183160301655e-06
-2.818896398814682e-05 7.928988641363973e-06 2.018347559338190e-05 -3.964047031284676e-06
-2.638745633729223e-05 9.851951390963287e-06 1.722117089427899e-05 -7.542782460533910e-06
-2.638954530613495e-05 6.009122885539449e-06 1.766770425864721e-05 -1.062027816254331e-06
-2.459601527574813e-05 7.932462871070707e-06 1.413958581645219e-05 -4.759102446146941e-06
-2.282002369823971e-05 9.827753957598263e-06 1.236003137813098e-05 -6.325766108252160e-06
-2.282078539244006e-05 6.039790496081298e-06 1.248810458999560e-05 -3.688016936726215e-06
-2.112371484658109e-05 7.933980749616671e-06 1.172552355622672e-05 -5.021968039736024e-06
-1.944324831740451e-05 9.800986942196929e-06 1.143909873426395e-05 -5.060736068536836e-06
-1.944195990564514e-05 6.066683908446264e-06 1.126429668507495e-05 -4.086668742680048e-06
-1.818769562169754e-05 8.076900495119906e-06 1.060707806515908e-05 -4.665075282506428e-06
-1.692428434881533e-05 9.772249059298976e-06 9.623783460429256e-06 -5.605877788707934e-06
-1.692107967577777e-05 6.091818112692153e-06 9.221946628289511e-06 -3.553392448356692e-06
-1.511390564656134e-05 9.745172862605593e-06 8.572930836432117e-06 -5.997871629125211e-06
-1.545994465079206e-05 8.551007055960601e-06 8.749065961059474e-06 -5.261138448823709e-06
-1.510952939586654e-05 6.106996195896330e-06 8.399159486292136e-06 -3.490223003800732e-06
-1.380607890384865e-05 6.130686346330234e-06 7.647444320168524e-06 -2.795002470093400e-06
2.233863216359024e-06 6.360047677443193e-07 -1.557079527662072e-05 5.529489325647266e-06
2.293569657630023e-06 4.253605533810785e-07 -3.662953874746461e-05 2.392497169949760e-05
2.312927276239494e-06 2.290244139395777e-07 -1.444873558053614e-05 8.868099546249787e-05
2.262151375547404e-06 6.912231997125649e-08 8.251074567694012e-06 -1.511355810152028e-05
-1.380375751229373e-05 9.721557476758047e-06 8.109916903163975e-06 -6.037240598511895e-06
-1.264181679564082e-05 9.633490906343502e-06 5.912141919886086e-06 -5.392239391626989e-06
-1.353440044002362e-05 7.477769223731064e-06 7.610930510990766e-06 -3.679263763103973e-06
-1.263796149025005e-05 6.058589589917660e-06 5.884715491715701e-06 -2.173727600986741e-06
2.066644996675059e-06 7.401205660422525e-07 4.400289076641516e-05 -1.001296189871973e-05
1.978060735113564e-06 3.478922633555532e-07 5.446760488609559e-06 -2.404905471134167e-05
2.131740154226997e-06 -6.704711783210376e-09 -1.630508548300334e-05 -5.363671693247851e-05
-1.226777170470935e-05 8.531318980118644e-06 5.068645105853686e-06 -3.989195855518726e-06
-1.151020988360315e-05 9.411079572294309e-06 4.681879435128899e-06 -4.107563853832233e-06
-1.042840898624573e-05 9.075586944553628e-06 4.644908522707115e-06 -3.972937167055332e-06
-1.192349572618066e-05 7.029563501314177e-06 4.816615562642725e-06 -2.983296208154032e-06
-1.153080802835303e-05 5.793614829340251e-06 5.020322362990279e-06 -2.848119793546005e-06
1.413576545910528e-06 7.024588703503404e-07 -1.361328539074469e-05 5.444321618252202e-06
1.414957710333271e-06 -1.996227482384282e-09 1.000793969352515e-05 2.800573764610723e-05
1.064757716576560e-06 3.448650783798831e-07 -1.041485220654172e-05 -3.152936513129507e-05
-9.400238898915634e-06 8.618288860581130e-06 4.616697665729393e-06 -4.070254593367104e-06
-1.028225049101774e-05 7.945793800957794e-06 4.651417280709260e-06 -3.829611572628264e-06
-1.065600703085908e-05 6.527626603922150e-06 5.169678600019001e-06 -3.415479091685961e-06
-1.050162421015304e-05 5.344205814498281e-06 5.989036973139551e-06 -3.440238843794482e-06
6.268608539463313e-07 8.062098155284822e-07 8.973482237482433e-06 1.600016348677112e-05
6.278900850328696e-07 -3.929340874180002e-08 -4.347981194681097e-06 -1.960873028811403e-06
1.763085158127102e-07 3.401022726890357e-07 -2.574625790194508e-06 -1.274792103871666e-06
-8.434217530493431e-06 8.051086046654232e-06 4.680505965168014e-06 -4.237335763876379e-06
-7.554462618081782e-06 7.387681978113170e-06 3.980891499654308e-06 -3.775501239107580e-06
-9.342482056592766e-06 6.303524679757964e-06 5.376245107067306e-06 -4.103986116642809e-06
-9.575813898259145e-06 4.730218799500465e-06 6.317133543491990e-06 -3.271289240152716e-06
-3.512894571504368e-07 9.475513313063097e-07 -1.205442983378962e-06 -3.911748108062140e-06
-3.512270328529640e-07 -1.949674149080854e-07 4.541070097262445e-06 -1.059053644781444e-05
-7.776212277091844e-06 6.370844980392791e-06 3.778567199697185e-06 -3.654672056961876e-06
-6.774613197481282e-06 6.633389991487109e-06 3.142692127724366e-06 -3.579986214987939e-06
-8.146231565041701e-06 5.228556442396090e-06 3.654412719627746e-06 -3.757019521114971e-06
-8.786983724843541e-06 3.988350261297748e-06 3.695947113081665e-06 -1.323883622653558e-06
-9.400263441925661e-07 3.653629828140732e-07 -2.832952582561947e-06 1.432121366226844e-05
-1.627496877236654e-06 1.135819590060799e-06 1.637471771830506e-06 -2.853314618780923e-06
-1.630950260671800e-06 -4.160392480953505e-07 3.729186233054616e-06 -2.378277206072434e-06
-6.089120227414786e-06 5.807212867531079e-06 2.232256761015371e-06 -4.186133055346006e-06
-5.515611786002224e-06 4.929499446388207e-06 2.028488644362011e-06 -3.252461222618088e-06
-5.054189236226091e-06 3.998057528852255e-06 1.843298966625633e-06 -2.274062283224086e-06
-7.395282462519819e-06 4.204786773556661e-06 2.012653486738156e-06 -1.505378126937428e-06
-8.157660116976362e-06 3.149379092264714e-06 1.457394800370325e-06 -1.361646309634748e-06
-2.184429660961549e-06 3.606143388160798e-07 1.577985635363494e-06 -5.685860401439129e-06
-2.860537106344432e-06 1.344667666899810e-06 2.627581812049510e-06 7.920691770450766e-07
-2.865068123923373e-06 -6.303648200395101e-07 -2.104627193630652e-06 4.372729352565061e-06
-6.016419401171389e-06 3.998710138856916e-06 2.659444940821720e-06 -2.222281742012817e-06
-4.701174667172808e-06 3.033273277542693e-06 1.274177941810505e-06 -2.908662898733101e-06
-3.979430816305060e-06 1.508883957755773e-06 4.175710248909241e-06 4.041506711022174e-06
-4.303823859532098e-06 1.679856095971240e-06 4.151499749670876e-08 2.107345853222772e-06
-4.477426165761484e-06 2.032713022377528e-06 -8.005557235158397e-07 -3.466275196356119e-07
-6.868397366692927e-06 3.022433569709260e-06 3.539565360978465e-06 -2.167719702083263e-06
-7.689705295752760e-06 2.238436565649902e-06 2.279176315963170e-06 -1.821545595735129e-06
-3.470688618391206e-06 5.022973493150652e-07 3.968947822041933e-06 -1.595300112655416e-06
-3.976655091119733e-06 -7.887755884928427e-07 1.587131921316576e-06 3.204863942033659e-06
-5.367275033713875e-06 2.347916175730557e-06 2.505096603183109e-06 -2.480474271393621e-06
-4.326598285509248e-06 9.900779042011934e-07 -8.856878353519414e-07 -1.377934377323713e-06
-4.709734214209092e-06 1.557994800540885e-06 -9.543467712918237e-07 -3.657495030002779e-07
-6.485812855144331e-06 1.954833274702972e-06 4.739687689003045e-06 -1.101618104706846e-06
-7.397101465004904e-06 1.302016750294243e-06 2.745929360956170e-06 -2.002855069154398e-06
-4.346208063768052e-06 -1.239956124637904e-07 5.963735075752620e-07 -2.783840670537242e-07
-4.294543569748383e-06 -9.546973279221509e-07 1.693248829302581e-06 2.612029169086898e-06
-5.564447950090212e-06 7.666404159279537e-07 4.539332605837889e-06 -1.066553624607462e-06
-7.296854839183739e-06 3.625250529645654e-07 2.392069252143368e-06 -3.555412278505413e-06
-7.400964015802617e-06 -5.675326871969192e-07 3.446168104980590e-06 -2.171789727349276e-06
-4.999908522076026e-06 -7.252300268122947e-07 2.214414427601288e-06 1.502138754784005e-06
-4.475621328748631e-06 -1.312697160194967e-06 2.581240808056830e-06 2.596401929356898e-06
-4.695335226263398e-06 -2.310299041502126e-06 3.561975463485128e-06 2.231324631599197e-06
-6.465747437238411e-06 -6.818168156472477e-07 2.991597651941358e-06 -1.479059519187153e-06
-5.032437661497056e-06 -3.294962113336317e-06 3.857179929730527e-06 1.164378759583342e-06
-7.705055963250584e-06 -1.505523978296882e-06 4.699168199598310e-06 -2.616808670897736e-06
-5.593745287839620e-06 -2.339811714968012e-06 2.086223165549015e-06 2.399889624458856e-06
-6.936157287664217e-06 -2.416279910590770e-06 3.793754526987465e-06 -1.653998407915991e-07
-5.499734808173275e-06 -4.242934587835146e-06 4.177351247744088e-06 2.124017747448864e-07
-8.198694501497554e-06 -2.419372498205641e-06 4.450818589494885e-06 -1.621434180080103e-06
-7.805268377693442e-06 -3.335050762450464e-06 3.327724146371467e-06 -1.305224780867405e-07
-6.861155478267523e-06 -3.912995962341746e-06 3.691960084100886e-06 9.090911610588476e-07
-6.080797016863449e-06 -5.156989209096220e-06 5.016845758063278e-06 8.557621623901073e-07
-6.781503888381544e-06 -6.014730748245526e-06 4.011350664441204e-06 1.031894423393728e-06
-8.869470070855231e-06 -3.272402017895211e-06 2.619430101793538e-06 -8.861732842914537e-07
-8.390213034148335e-06 -4.372737280768787e-06 1.946878221871725e-06 7.720713288575240e-07
-7.824358771232117e-06 -5.675365245994482e-06 2.586558598552795e-06 1.569441842032856e-06
-7.582367943884866e-06 -6.811300868146622e-06 3.038452700413518e-06 1.674534815956596e-06
-9.693993903707850e-06 -4.021962959872247e-06 3.722756028085940e-06 5.169230672047752e-07
-9.442350009738129e-06 -5.668683010755113e-06 3.891010802104552e-06 2.863670480793501e-06
-8.488533750004141e-06 -7.517090508147695e-06 3.590564151208959e-06 2.458859628632992e-06
-9.510781899528570e-06 -8.139190013183064e-06 3.549170590035968e-06 2.419472098422662e-06
-1.060961238468642e-05 -8.652720238324725e-06 4.016539195719975e-06 3.090790784071590e-06
-1.069241447832885e-05 -6.031494448721381e-06 4.725086780988420e-06 1.992948870552219e-06
-1.067754563027386e-05 -4.648306745065661e-06 5.746130564308583e-06 1.988438449003154e-06
-1.044553485739520e-05 -7.423702445590501e-06 3.743625491149422e-06 2.104487575948366e-06
-1.178512908245108e-05 -9.031277785678078e-06 4.935570909742860e-06 3.719328477446689e-06
-1.301968537164765e-05 -9.280467944258481e-06 6.122307867614915e-06 4.600984982508029e-06
-1.170549927222435e-05 -6.343159650361516e-06 3.825946518696803e-06 8.247312320995739e-07
-1.180112891676691e-05 -5.114122007942229e-06 4.520632225554720e-06 9.594777147011518e-07
-1.428461245530613e-05 -9.385272164277518e-06 7.488897980883692e-06 4.915882453694185e-06
-1.286214477688194e-05 -7.498493700157358e-06 5.129595042813204e-06 2.556215012141640e-06
-1.301050713912114e-05 -5.389472758304713e-06 4.210153795888118e-06 -9.025547992183849e-07
-1.455823697159800e-05 -7.696285891884519e-06 6.962755356437952e-06 3.763386890705506e-06
-1.570369960744306e-05 -9.424948116913176e-06 4.871351205075688e-06 3.944847154687498e-06
-1.426856521091274e-05 -5.467842332937008e-06 5.877097535200775e-06 -3.715750713879498e-07
-1.767891043998876e-05 -9.464987115068024e-06 2.633975608454484e-06 2.723485943382884e-06
-1.610261457514636e-05 -6.728957158043796e-06 4.774185149676538e-06 3.321859541794358e-06
-1.569762272074235e-05 -5.431787086122685e-06 4.505706668606072e-06 1.792968359058150e-06
-2.049525479929229e-05 -9.519576713765024e-06 8.510157596260919e-06 8.543791355659548e-07
-1.908477271035052e-05 -7.260383376915454e-06 5.867501624408619e-06 1.237563888713797e-06
-1.768715980839808e-05 -5.381040736647950e-06 5.608916052832750e-06 2.835078294486853e-06
-2.432779703738499e-05 -9.581233093380460e-06 8.167511187627299e-06 1.995370308813412e-06
-2.239405403975979e-05 -7.419847141177477e-06 8.820652178550897e-06 2.127332134972865e-06
-2.049640879074693e-05 -5.319357123963413e-06 7.231007821181739e-06 2.266861309456444e-06
-2.841869641371339e-05 -9.640756896776101e-06 6.628644590584884e-06 2.749225753816320e-06
-2.635520345340489e-05 -7.424479190839550e-06 7.095709025435747e-06 2.405302810348220e-06
-2.432408201321299e-05 -5.263371014918622e-06 8.443145120573744e-06 2.687033619151361e-06
-3.260149516278111e-05 -9.678888554092068e-06 6.045870718528028e-06 1.502829370969718e-06
-3.049895894832689e-05 -7.419216060019757e-06 6.628006763645251e-06 2.328365219647927e-06
-2.842202375437349e-05 -5.204124023642335e-06 6.709367339958679e-06 1.932631642187236e-06
-3.686571440389531e-05 -9.725606073727506e-06 6.896072314147503e-06 2.656143055516438e-06
-3.471784434791784e-05 -7.416415316814645e-06 5.848297343588574e-06 2.231080489579982e-06
-3.260244069872339e-05 -5.155685008165281e-06 5.916238319290542e-06 3.182282659458239e-06
-4.121525692381356e-05 -9.765830579062420e-06 7.598413557874545e-06 1.542756569948520e-06
-3.902778323140389e-05 -7.417293620237424e-06 8.163068557138341e-06 1.446631257412551e-06
-3.686409949991639e-05 -5.108685966034028e-06 7.550472221179060e-06 8.407254003429822e-07
-4.563606514869395e-05 -9.798965965221328e-06 5.688573438166675e-06 3.413423094094034e-06
-4.341570371948291e-05 -7.411859715806875e-06 5.733919750140990e-06 2.866205762145211e-06
-4.121881227180930e-05 -5.063266060261527e-06 6.718708018445825e-06 2.632560579424875e-06
-5.012581736122898e-05 -9.838807182185757e-06 6.918487055097829e-06 2.235893940598971e-06
-4.786726992034499e-05 -7.414715289717795e-06 6.688892695436913e-06 2.835556660072467e-06
-4.563435086415953e-05 -5.026242501584772e-06 5.719888203118949e-06 2.672457120037914e-06
-5.467848771901842e-05 -9.863306514883658e-06 6.915950046577467e-06 2.377871131029572e-06
-5.239393211616267e-05 -7.419255257865775e-06 7.049909904232847e-06 1.606167332826646e-06
-5.012341013032032e-05 -4.996111150462312e-06 7.736022392308633e-06 2.017806740042562e-06
-5.927319237043476e-05 -9.875311795328025e-06 7.412357739654312e-06 3.990145668843194e-06
-5.697190145163892e-05 -7.414886610619818e-06 6.533847179968959e-06 2.633404860379992e-06
-5.468089254582276e-05 -4.971749411528379e-06 6.090441268537875e-06 1.770076942139053e-06
-6.917494870308572e-05 -9.625598622272742e-06 9.470709952855994e-06 3.233596803855573e-06
-6.851790120975943e-05 -9.897355012888882e-06 9.215320481878991e-06 3.289717381855606e-06
-6.133839750706981e-05 -7.412112253122977e-06 8.318852591428505e-06 2.302531181849305e-06
-6.388913420002166e-05 -9.886920567330474e-06 8.149500093199502e-06 2.667542532666218e-06
-5.927458807446878e-05 -4.950550350170766e-06 7.792949530266488e-06 1.140532784446152e-06
-6.944714723366202e-05 -8.969108224945614e-06 9.579308367709213e-06 3.044520823022885e-06
-6.789012509617770e-05 -7.419499917151693e-06 8.848954975753112e-06 2.428615152888567e-06
-6.388637471615485e-05 -4.942273349399011e-06 8.057484505151385e-06 1.707573712706912e-06
-6.944662485887665e-05 -5.870761577689775e-06 9.427302548085758e-06 1.982153956524547e-06
-6.851655576397434e-05 -4.941375494367007e-06 9.028674305163758e-06 1.707019187684876e-06
-6.917418274685619e-05 -5.213533002158020e-06 9.303524646833631e-06 1.777376832020143e-06
