7.718756717954045e-05 -1.044663375499806e-05 1.982554269693814e-05 -2.642365295467390e-06
7.750372861915463e-05 -9.683410959994884e-06 1.996799543515680e-05 -2.536025393436990e-06
7.750340722556816e-05 -6.084685371822344e-06 1.985561259210057e-05 -2.130357775230062e-06
7.718715254741020e-05 -5.321050273173040e-06 1.971185271381950e-05 -2.066463225256707e-06
7.642430035290981e-05 -1.076276236691904e-05 1.953287749751601e-05 -2.652112490772786e-06
7.499169893153954e-05 -7.883597897105461e-06 1.872871252802503e-05 -2.285400876674142e-06
7.642363420283739e-05 -5.004686144176387e-06 1.943631159274504e-05 -2.077105229933699e-06
7.104579260624870e-05 -1.076139738415103e-05 1.717187442719763e-05 -2.117624974814016e-06
7.104357997792866e-05 -5.000012763059143e-06 1.742716441890773e-05 -2.919103190738619e-06
6.807057867368283e-05 -7.878402404592649e-06 1.796241053996904e-05 -2.877333767761524e-06
6.565842056071498e-05 -1.076131346633513e-05 1.733100415859137e-05 -3.961078949980272e-06
6.565832867054181e-05 -4.995000557577416e-06 1.738331882177846e-05 -1.955251287077239e-06
6.297004187907961e-05 -7.878640043209492e-06 1.626225547918258e-05 -3.019771533678791e-06
6.028134174846287e-05 -1.076482737127571e-05 1.628803339651797e-05 -2.585092266523993e-06
6.028514004970042e-05 -4.998536061578627e-06 1.526062428842790e-05 -2.370477473963315e-06
5.759467371069265e-05 -7.884348618088596e-06 1.510348027900555e-05 -2.314490747886381e-06
5.490315547890713e-05 -1.076358308678906e-05 1.480399892737824e-05 -1.868096364592164e-06
5.490318367438573e-05 -5.005739605383865e-06 1.482937953049646e-05 -3.411600907063894e-06
5.221292169348883e-05 -7.883901266271179e-06 1.395130209396555e-05 -3.053658565656532e-06
4.953837212679755e-05 -1.073423820302610e-05 1.438982271758979e-05 -2.344919643549354e-06
4.953700447322900e-05 -5.029677998758671e-06 1.344577060314617e-05 -3.436130360618837e-06
4.687419051222477e-05 -7.879948887605663e-06 1.368840362332808e-05 -2.692928930551757e-06
4.423476977521315e-05 -1.069762292176243e-05 1.292091186410808e-05 -4.846672660062399e-06
4.423712562150476e-05 -5.064053001919449e-06 1.264663531448661e-05 -7.091018262368775e-07
4.161552993549311e-05 -7.882693676744242e-06 1.196596292368912e-05 -2.537963828261245e-06
3.902568552730878e-05 -1.065076959033369e-05 1.220690839538144e-05 -3.653729858659690e-06
3.902549356526706e-05 -5.115592892659184e-06 1.144658711300692e-05 -4.746281769968640e-07
3.644573742159570e-05 -7.882770779560398e-06 1.144462081776647e-05 -1.662301654015146e-06
3.389929308647352e-05 -1.058486602057297e-05 9.530262082051194e-06 -5.273643048552102e-06
3.389893843804270e-05 -5.176858495071287e-06 1.104904543657158e-05 7.149671065852125e-07
3.137710285694962e-05 -7.879171922834823e-06 9.813632026889930e-06 -3.076100214348667e-06
2.892431839020558e-05 -1.047755440103845e-05 1.093163352106016e-05 -3.632347890807619e-06
2.891905210710309e-05 -5.268864140783712e-06 9.361714483735002e-06 -1.878475014455024e-06
2.650111015632628e-05 -7.868761761346198e-06 9.491021010179557e-06 -2.237929944835147e-06
2.414750954212561e-05 -1.036426169646995e-05 7.596037527085041e-06 -2.657651861005254e-06
2.414708450507167e-05 -5.372030439453835e-06 9.518144901388391e-06 -3.905797049293639e-06
2.192014540641042e-05 -7.866904077937648e-06 7.609163127216003e-06 -2.984006185491404e-06
1.976661526136232e-05 -1.023978352047399e-05 8.766300511322714e-06 -1.364238702348575e-08
1.976571111524434e-05 -5.501833635962421e-06 6.050238115481194e-06 -2.860994960905051e-06
1.817203960929213e-05 -8.045003287743674e-06 7.692535666645365e-06 -1.160241869995423e-06
1.661875184746496e-05 -1.011896407193793e-05 5.131418035905317e-06 -2.286918890000987e-06
1.661687965250050e-05 -5.620781686623274e-06 8.533114121302362e-06 -3.497206347770134e-06
1.444565490564859e-05 -1.001254110608535e-05 5.216365079827807e-06 -3.712223246690816e-06
1.483710516671071e-05 -8.609751059528148e-06 4.920881894823119e-06 -4.211348495863454e-06
1.443838150617995e-05 -5.697468588646345e-06 3.033472424710085e-06 -3.666354839946898e-06
1.292217516116411e-05 -5.775849071775977e-06 4.712765222618891e-06 -2.757411858289287e-06
-1.711793415418637e-06 -9.932031329134829e-07 -2.270425039275239e-05 -1.193539009374921e-05
-1.744479139107740e-06 -9.752075299012188e-07 2.426743116319378e-05 6.159751763908968e-06
-1.790201218426723e-06 -6.115411712002895e-07 3.958490835026742e-05 -9.420757572316952e-06
-1.761676835714344e-06 -5.482986876546250e-07 -1.693866049443305e-06 -3.398831122719157e-05
1.291674776357478e-05 -9.940785483159576e-06 8.489418109601774e-06 -4.375314346498953e-06
1.158676588727751e-05 -9.804130070380669e-06 8.486572560700383e-06 -2.594653728799866e-06
1.258934629462634e-05 -7.342685107461775e-06 6.151821488678783e-06 -1.911030543633320e-06
1.156232720414881e-05 -5.737576122857029e-06 5.383088316160850e-06 -1.579057872480696e-06
-1.654393113958414e-06 -9.853243216310520e-07 -5.050440986405565e-05 -4.898126255245337e-05
-1.449237913542827e-06 -7.281428859527601e-07 2.135180277522781e-05 3.062728236714819e-05
-1.678392843667911e-06 -5.316731645753877e-07 -7.044761040962645e-05 -3.036400305413034e-05
1.114740128319974e-05 -8.533133538870023e-06 7.019385945413437e-06 -1.782287663719012e-06
1.031217021533013e-05 -9.505901649863202e-06 5.225255919115913e-06 -1.486249549205089e-06
9.121531804359097e-06 -9.093099629783691e-06 2.967480998748651e-06 -2.061195166075485e-06
1.074805493106422e-05 -6.840783318799989e-06 6.136069188416366e-06 -1.510830584405499e-06
1.031169882493600e-05 -5.495986619645333e-06 6.925865825310312e-06 -1.717151272772547e-06
-1.064179610736505e-06 -1.054597647803152e-06 -1.446923307917501e-05 2.412391470118688e-06
-1.078757837518280e-06 -4.494887637176889e-07 7.728165244026200e-06 -5.803225259288113e-06
-7.555775369647364e-07 -7.333701111669380e-07 1.240622183229607e-05 -1.012525618857081e-05
8.027914216173243e-06 -8.544416094421679e-06 5.075598856174583e-06 -1.710044987587875e-06
8.946853764984542e-06 -7.833882993068109e-06 2.993554705778504e-06 -3.395416901417859e-06
9.350796248255124e-06 -6.304260782031922e-06 5.655951249317250e-06 -2.307853004058311e-06
9.179723024009212e-06 -5.072885377091385e-06 5.944197255429610e-06 -2.236448656316242e-06
-4.592759403344190e-07 -1.098652770240735e-06 -1.901884316729426e-06 8.117867696010075e-06
-4.447528290087659e-07 -4.234470865898728e-07 -1.265326531129851e-05 1.293568459888083e-05
-7.880947246672853e-08 -7.236525244686121e-07 3.458954034772291e-06 -2.484398678276466e-05
7.026914325156603e-06 -7.908362253554444e-06 8.029145681136063e-06 -2.398703910887780e-06
6.152847359862105e-06 -7.191877406010894e-06 4.406862754470909e-06 -3.200942971744700e-06
7.956461982970676e-06 -6.077006827353591e-06 6.851596130739272e-06 -2.223756496150543e-06
8.189759774545803e-06 -4.485052830921180e-06 3.720849636341576e-06 -1.808325977253642e-06
3.381902309376205e-07 -1.220265250283697e-06 9.028451735002537e-08 1.440270277272745e-05
3.190093224944700e-07 -3.134362607972567e-07 4.289083280447350e-06 1.611617019546056e-05
6.376097517553205e-06 -6.136997608501785e-06 5.163907754807465e-06 -2.032832700045608e-06
5.411878160285621e-06 -6.394789622299906e-06 2.807508818974510e-06 -3.405437916541912e-06
6.740933286846143e-06 -4.998022260649574e-06 4.097917063444861e-06 -6.476602389948279e-07
7.363879052888463e-06 -3.794233808060906e-06 3.549683493937006e-06 -2.630072709042970e-06
7.936308444750792e-07 -7.552009878846400e-07 -4.681206771871352e-06 -2.923671666059400e-05
1.315863260152235e-06 -1.385429540990291e-06 1.270279053563929e-05 1.354306910682918e-05
1.328210432685871e-06 -1.558117833361903e-07 2.343015332059552e-07 9.016220374069328e-06
4.774869994892945e-06 -5.560599602946190e-06 2.172311137932463e-06 3.474572955744497e-07
4.274990813411717e-06 -4.711168536816415e-06 4.138076417201423e-06 -8.204890938467870e-07
3.902804153746345e-06 -3.829031258738341e-06 2.622634301149416e-06 -2.626596930220676e-06
6.016172830217670e-06 -4.010821712710796e-06 1.366667708905158e-06 -1.104717924897087e-06
6.715128206196297e-06 -3.036212907608969e-06 5.122468966553709e-06 -1.389049015794263e-06
1.753007195894878e-06 -7.665385977685812e-07 8.330571232206622e-07 9.966145183075618e-06
2.289260262998601e-06 -1.538932929311039e-06 -9.655468127960019e-06 -1.370708604335225e-05
2.291555090278858e-06 1.316355894277496e-08 8.042805636463850e-07 -9.712249655436013e-06
4.745665547829368e-06 -3.820783673196690e-06 4.608426101037039e-06 -1.266307348744700e-06
3.627843928530683e-06 -2.958690274415229e-06 1.349988174656534e-06 -5.639757447679147e-06
3.143979667513787e-06 -1.660789987842278e-06 2.109287571421391e-06 -4.885759207491554e-06
3.378970702332667e-06 -1.795279340959382e-06 1.216116922093544e-06 7.750122100919523e-07
3.490393216076665e-06 -2.086779548681438e-06 -7.861812580744684e-07 2.660359235746919e-06
5.514252521552383e-06 -2.927391279176544e-06 2.106718120868747e-07 -2.169815027756189e-06
6.231895793630355e-06 -2.240334186946376e-06 7.148554636542585e-06 2.799996259234993e-06
2.760041003314891e-06 -8.856670003875153e-07 3.980953207427945e-06 9.102430070782450e-06
3.174814828711735e-06 1.630612810139720e-07 5.668304345511862e-06 -6.317961787715420e-06
4.213714755102329e-06 -2.348619838261092e-06 7.951248662508552e-06 -7.461403544894572e-07
3.418700593576202e-06 -1.256596898222034e-06 6.212433805652215e-06 5.629359798462846e-06
3.694308148057596e-06 -1.697399338331174e-06 3.459334949033061e-06 4.280994613822340e-06
5.174531582609092e-06 -2.007153083059564e-06 1.507686578475131e-06 -3.742302119950528e-06
5.920189994800120e-06 -1.465379505571811e-06 6.083782571900419e-06 5.595857051609897e-06
3.473544969011654e-06 -3.725905801226209e-07 2.325339396434555e-06 3.217036153738400e-06
3.444846600840301e-06 2.898723016512608e-07 -1.769327541531452e-07 -1.498348438793754e-07
4.408022961245882e-06 -1.045547229103448e-06 1.793458154129946e-06 -5.974455350031600e-06
5.790236452451251e-06 -7.067343703026865e-07 1.106625812652568e-06 2.753272822638864e-06
5.802319260932180e-06 -1.768363340771644e-09 -6.463755931064189e-07 -5.779165909610951e-07
4.003321714195765e-06 1.066986681565600e-07 5.101408335051449e-06 2.755153043022099e-06
3.600479703905000e-06 5.484996131585572e-07 -2.312656441200223e-06 6.731249431995348e-06
3.813798160178413e-06 1.253700897616126e-06 -4.981323161348557e-06 4.268301203821168e-06
5.105900468820892e-06 9.750947653510100e-08 3.844051799484810e-06 -3.030345160385059e-06
4.112095831453206e-06 1.914952049851662e-06 6.349434125426489e-07 2.010314854074928e-06
5.970619892561164e-06 7.012914306492767e-07 1.251002742920418e-06 5.285592225743737e-06
4.485110390580796e-06 1.286650272852489e-06 4.696961665256050e-06 3.087697044632650e-07
5.417864445231481e-06 1.345828360063889e-06 5.835281386932698e-06 1.880418359323938e-06
4.468860647571762e-06 2.534922197671912e-06 9.808963876192906e-06 4.072373277579217e-06
6.246787202599230e-06 1.345468259736699e-06 4.598117368029423e-06 6.823562178980929e-06
5.969916375386341e-06 1.959418368375428e-06 5.166628126410655e-06 1.355983870972737e-06
5.372851505630059e-06 2.329531726617299e-06 9.804230192646285e-07 3.515655610009830e-06
4.880834804965124e-06 3.089585057519382e-06 1.723986451314501e-06 3.269075151012738e-06
5.336341447487708e-06 3.573451864128129e-06 4.455378270856319e-06 7.700096195701884e-06
6.609164415104296e-06 1.926878658828430e-06 6.289974109164024e-06 6.383971218898344e-07
6.314495624084604e-06 2.606738309080343e-06 6.094401990487379e-06 3.915497261255029e-06
5.980435725132305e-06 3.370529983968972e-06 6.108007878619210e-06 7.605445729069181e-06
5.838649479744358e-06 3.996238210729316e-06 7.387340199941992e-06 7.160482079501681e-06
7.051388996612535e-06 2.414712499421141e-06 6.821708971615104e-06 2.424014883429137e-06
6.904744576323952e-06 3.355938875783501e-06 5.157031522239519e-06 3.146958361162945e-06
6.366447082845278e-06 4.360127589128023e-06 4.121189944993849e-06 5.556388319614364e-06
6.926721245198355e-06 4.656845077894428e-06 3.051488281388877e-06 5.800852436204584e-06
7.508523142615560e-06 4.875545859978906e-06 3.034724586778433e-06 6.436100093987621e-06
7.566219292954470e-06 3.550825985385657e-06 5.346836426638461e-06 2.834536249483787e-06
7.565491484083367e-06 2.801922793424263e-06 5.707904774493069e-06 3.210698893221050e-06
7.437252782020815e-06 4.273884332594859e-06 3.433304012387755e-06 4.193009725168885e-06
8.098699835176193e-06 5.028919684011371e-06 5.383990321838394e-06 6.458340076501959e-06
8.692565172362795e-06 5.111535081049946e-06 6.968604062536297e-06 6.489247188028108e-06
8.076782354203125e-06 3.716048237444332e-06 6.048812833386177e-06 2.751405558693077e-06
8.122053354744140e-06 3.088267362841254e-06 6.666886325090063e-06 3.785167500090090e-06
9.286655738304605e-06 5.127702580778148e-06 7.903194785549910e-06 6.708189456217348e-06
8.638115196826232e-06 4.279069931130474e-06 7.388650714340172e-06 4.838221868306860e-06
8.704669825201871e-06 3.268954988016591e-06 7.411701031003678e-06 2.091536736678352e-06
9.421589221412630e-06 4.360850886432166e-06 8.847363378793207e-06 5.510962467668135e-06
9.925509686748154e-06 5.106064058206569e-06 8.132033450401773e-06 6.065518651933047e-06
9.295528590340442e-06 3.335222265995320e-06 9.390590146646943e-06 2.281681719667262e-06
1.078137814810758e-05 5.082037956444000e-06 7.413379849359810e-06 5.867455179433040e-06
1.011614652878413e-05 3.930235340383082e-06 7.686748348378617e-06 5.199343140612294e-06
9.927461719850048e-06 3.354925856182202e-06 7.536604790862189e-06 3.914648764976294e-06
1.189604667227834e-05 5.045994006439338e-06 1.186392641374562e-05 4.967308973840438e-06
1.135455561315585e-05 4.166366599949238e-06 1.024239176507531e-05 3.874667420333643e-06
1.077705795848703e-05 3.384229085476149e-06 9.934855584762567e-06 4.471817126055611e-06
1.331646886914923e-05 5.013759513705159e-06 1.163516567340088e-05 5.157729255533086e-06
1.261278921070520e-05 4.231343766329371e-06 1.098303655815020e-05 5.584013416335306e-06
1.189451131095269e-05 3.419547744823547e-06 9.498805975927709e-06 5.331552112743363e-06
1.474439260782443e-05 4.973937638481224e-06 1.485567151128274e-05 4.804932926566644e-06
1.404414564315866e-05 4.230331733143795e-06 1.355322634264645e-05 4.101749911866102e-06
1.331881953095512e-05 3.447618784546882e-06 1.259035188969161e-05 4.429218310688084e-06
1.610239544583836e-05 4.946759277700784e-06 1.755394670447795e-05 6.383138598563272e-06
1.543109218304305e-05 4.228190620062460e-06 1.600177787772549e-05 5.044501946489448e-06
1.474347094243502e-05 3.485997902694873e-06 1.450984579671683e-05 4.929309189768365e-06
1.743128274784283e-05 4.927903747824283e-06 2.096016740064298e-05 7.495259351144206e-06
1.677164377215954e-05 4.221674815897956e-06 1.893218674578103e-05 4.284425139747185e-06
1.610565000670033e-05 3.501136994405204e-06 1.810840500446898e-05 3.090233818348115e-06
1.874438791997876e-05 4.921933815216041e-06 2.274507425834509e-05 5.631080646428585e-06
1.808888444907707e-05 4.225101113176777e-06 2.222364000862662e-05 5.495294637896958e-06
1.742908821005924e-05 3.517839676627963e-06 1.969887762823772e-05 1.935992640848560e-06
2.002259768646007e-05 4.899211309424905e-06 2.673603657703556e-05 5.854799073578240e-06
1.939278339511454e-05 4.225391912631660e-06 2.468837850426778e-05 4.092061378459464e-06
1.874431527238281e-05 3.529754960341544e-06 2.421794899852909e-05 4.256711587490184e-06
2.126647716991170e-05 4.890778657348323e-06 3.028656677194060e-05 6.630441762598362e-06
2.064643165324213e-05 4.223138279162893e-06 2.804123458887800e-05 4.894259846371942e-06
2.002409214348329e-05 3.548466519536519e-06 2.574361599572552e-05 2.843396660675643e-06
2.251242257081069e-05 4.895496342443941e-06 3.416237822622866e-05 4.246560252813398e-06
2.188745133092291e-05 4.225286042486544e-06 3.302024664481440e-05 4.962135324616293e-06
2.126457722366984e-05 3.557853783710108e-06 3.069867189290279e-05 3.281942971854047e-06
2.376372617023878e-05 4.891099168021405e-06 3.789102950357077e-05 8.575818048697153e-06
2.313882190991067e-05 4.222450657820034e-06 3.496178033699495e-05 5.416889009338311e-06
2.251431570931869e-05 3.552539172628034e-06 3.364708020869248e-05 6.215053470061398e-06
2.643805022545635e-05 4.816429606726799e-06 4.527592655817512e-05 6.068706595013117e-06
2.625886870038157e-05 4.889945554937318e-06 4.509136433638953e-05 6.280690524945112e-06
2.432474734032180e-05 4.221190066085796e-06 4.004875988819692e-05 4.541780441428112e-06
2.501277482781512e-05 4.883707784935150e-06 4.109646676564235e-05 7.979817757523846e-06
2.376356568131910e-05 3.552313485195450e-06 3.851091191526797e-05 1.431219024900458e-06
2.651233996848879e-05 4.638163578749986e-06 4.533916811169311e-05 5.716462996115562e-06
2.608800491072086e-05 4.216062334598854e-06 4.503200585519156e-05 5.389663883196930e-06
2.501441668710783e-05 3.555096441283525e-06 4.074303662081183e-05 1.239314172522264e-06
2.651296099615285e-05 3.793151418101189e-06 4.505817326981722e-05 5.394402218913182e-06
2.625999069707886e-05 3.542027558457250e-06 4.469836292746880e-05 4.699991061811733e-06
2.643883118011347e-05 3.615302499248996e-06 4.495392324929173e-05 4.964148179860153e-06
