9.702082687042466e-05 -1.444565520535134e-05 3.528564119636033e-06 -3.493079205698225e-06
9.738988091533804e-05 -1.355412653053701e-05 4.089131575515357e-06 -2.869993349170404e-06
9.739062115759865e-05 -9.352228019002408e-06 4.237072937273205e-06 1.118067549954685e-06
9.702159828976408e-05 -8.460574829296637e-06 3.702904022271751e-06 1.660187131021699e-06
9.612976894722831e-05 -1.481507579071204e-05 2.327083764851893e-06 -3.601560520439149e-06
9.445898416119507e-05 -1.145350410344467e-05 3.357204032058215e-07 -1.023877158701533e-06
9.613050332748389e-05 -8.091112254566193e-06 2.559826909072239e-06 1.721598651252514e-06
8.985317592528014e-05 -1.481918168242195e-05 -3.783718920870837e-07 1.001039439025737e-07
8.985335258188880e-05 -8.088671051985573e-06 -6.516549404584196e-08 -3.069798739136546e-06
8.638856717438871e-05 -1.145427902337988e-05 1.327614738474023e-06 -1.640414628848164e-06
8.357789488695304e-05 -1.481497736559642e-05 7.601134111511971e-07 -3.380519290429190e-06
8.357675217703772e-05 -8.092106190489080e-06 5.726802631250433e-07 -1.068587460322746e-07
8.043815111048439e-05 -1.145247169012928e-05 -2.441332892819737e-07 -1.505730406976949e-06
7.730477698774978e-05 -1.480256581331386e-05 -6.105095014256060e-07 -3.541091436170754e-06
7.730428416969498e-05 -8.099214743636278e-06 -7.534923823133071e-07 3.527628647779479e-07
7.417694474957184e-05 -1.144888913122695e-05 -1.273770631823481e-06 -1.632546810041885e-06
7.106537101249840e-05 -1.477729797056700e-05 -2.765390101829418e-07 -1.292814567340856e-06
7.106329671766580e-05 -8.116079192564259e-06 -1.880228033150030e-06 -1.695523518152753e-06
6.795359833030234e-05 -1.144577751840310e-05 -1.940102044159222e-06 -1.339161666074037e-06
6.484329189880926e-05 -1.477184678792479e-05 -1.346330055702756e-06 -1.422274811217110e-06
6.484548500724240e-05 -8.123209427954427e-06 -1.520475332520576e-06 -1.573091476531744e-06
6.173709517163077e-05 -1.144850884124522e-05 3.079448774889930e-07 -1.170546592500257e-06
5.864475560056552e-05 -1.475325351783568e-05 1.341322265123164e-07 -4.758281527585200e-06
5.864221026045153e-05 -8.140208992268700e-06 7.428543968472346e-07 1.065631782537736e-06
5.555884403548435e-05 -1.144491386787487e-05 -1.356871428396416e-06 -2.375150905731496e-06
5.249409207763049e-05 -1.471724790271001e-05 7.831268316443724e-08 -1.616652585800412e-06
5.249937112917391e-05 -8.177334148108442e-06 -1.684139191094242e-06 -2.509558493809656e-06
4.944797415843402e-05 -1.145016888740964e-05 8.201851362174282e-07 -8.307578512805062e-07
4.643047168924882e-05 -1.467733111814652e-05 1.670975290825857e-06 1.490465658801212e-06
4.642635415436326e-05 -8.223924317681892e-06 1.782331103384011e-06 -3.363333080442718e-06
4.342518211669674e-05 -1.144882553286177e-05 1.250416359743875e-06 -6.711338731246287e-07
4.045391415262265e-05 -1.462112511775822e-05 1.154936784900631e-06 1.345806389082309e-06
4.045543252780574e-05 -8.277214726423268e-06 1.677805352318682e-06 -2.301998745001525e-06
3.749646351683389e-05 -1.144987666130939e-05 2.455235190399726e-06 -1.651207034470914e-06
3.457456771299396e-05 -1.455720635726448e-05 2.720406079235800e-06 -2.688664622744723e-06
3.457403053380216e-05 -8.347293581707488e-06 3.981770633425798e-06 -6.681375291372219e-07
3.179334751618830e-05 -1.145083018912626e-05 4.391536488721504e-06 -7.986771482786380e-07
2.906635744034763e-05 -1.447036135707195e-05 4.772058160852918e-06 -1.597343695388138e-06
2.906997384923529e-05 -8.439781039211142e-06 2.006282370422059e-06 -8.009299458974712e-07
2.703987601919696e-05 -1.168776856534182e-05 2.592699221517226e-06 -3.653490017284711e-06
2.502201662405154e-05 -1.439201279126580e-05 2.867525922824387e-06 -1.750499804777362e-06
2.501579064419088e-05 -8.521809351417243e-06 3.027688783757268e-06 -2.329596066384714e-07
2.215133268591872e-05 -1.432139655894687e-05 4.420299786927740e-06 4.441946682657990e-07
2.269112268833359e-05 -1.243560687868749e-05 4.428829562112053e-06 -4.669983517276848e-07
2.213908193517121e-05 -8.568155375217641e-06 -4.735067774137703e-08 -4.199506684565608e-06
2.008983631492617e-05 -8.626779535997815e-06 -5.177881808028692e-07 -1.503138891069646e-06
-3.125234763112935e-06 -7.866844421553187e-07 1.707968393362516e-05 -7.351244115609502e-06
-3.188217450492391e-06 -6.581011704980043e-07 1.679547000427204e-05 -1.162007288662081e-04
-3.154371626493824e-06 -1.465109494821446e-07 -1.275589862126319e-05 9.280682911432242e-05
-3.076488679007914e-06 3.960336226892003e-08 -8.639709736146596e-06 1.026261236310534e-05
2.008795673839520e-05 -1.427060279467498e-05 1.596798960085598e-07 4.390901819823752e-07
1.826243922976911e-05 -1.411609482680277e-05 3.591488036627734e-06 2.374217037145169e-06
1.965652942857432e-05 -1.074298404190191e-05 2.291543603322658e-06 -3.544716587628913e-06
1.824943181088259e-05 -8.531525539052370e-06 4.023854783305529e-06 1.178344199240989e-06
-2.986811671438901e-06 -8.345090168190384e-07 -2.426147432204057e-05 5.663820878831065e-05
-2.641373110446088e-06 -4.038219546854621e-07 2.280713987284650e-05 -1.967361785203383e-06
-2.897096233770802e-06 1.208876724172759e-07 -3.569425527548987e-05 -3.122530042535208e-05
1.766858915556839e-05 -1.238621816934126e-05 4.531959795478404e-06 -6.576464746561183e-07
1.649225949386234e-05 -1.374435084526575e-05 4.133993370495104e-06 2.679236455222812e-06
1.481895293694625e-05 -1.320570779275488e-05 4.267942013080679e-06 8.799498504141226e-07
1.712708019925878e-05 -1.004712570200824e-05 5.172515690752536e-06 -2.666878343236234e-07
1.650972745775052e-05 -8.148819242683968e-06 6.026581235536084e-06 -7.142215816956604e-06
-1.947991500268105e-06 -8.892467488395774e-07 -7.806504513053214e-06 -1.235727533500907e-05
-1.971858447142691e-06 1.109758028779702e-07 -1.077868144289473e-05 3.911882479045825e-06
-1.438208659901979e-06 -4.129921881223049e-07 1.821727477737151e-05 2.497645784369714e-05
1.325937083897643e-05 -1.247670727100879e-05 5.029862878430577e-06 -2.076704210956397e-06
1.458650972861038e-05 -1.145768312347208e-05 4.766293052727676e-06 -1.792233764065303e-06
1.516158250418476e-05 -9.281104250859339e-06 2.808943126596264e-06 -5.014011703298356e-06
1.492560240397489e-05 -7.507641418901118e-06 -1.218344904575727e-06 -4.468888526170884e-06
-8.917250231920934e-07 -9.595465928267642e-07 -5.828052436808058e-06 -2.164333044397139e-05
-8.951498997542731e-07 1.967613840933592e-07 -7.798756261503496e-06 -1.456552731049760e-05
-2.565433312060309e-07 -4.141708873995670e-07 5.866247084429126e-06 3.605044979629955e-05
1.180980658078842e-05 -1.159570273042152e-05 3.489295872182584e-06 -1.779498349051812e-06
1.050530618776935e-05 -1.058543215619714e-05 2.337022089024618e-06 -3.362245864201741e-06
1.316982500812357e-05 -8.953271698472569e-06 6.300419617901841e-07 2.107018275723488e-06
1.351349586939112e-05 -6.601616915741230e-06 4.018739470011597e-06 5.195982869947319e-07
4.623644631771612e-07 -1.159979707633241e-06 -2.158609776051099e-06 -1.998792591081601e-05
4.542449083798666e-07 4.011879139817678e-07 1.674286339178537e-06 -1.976134351360220e-05
1.083716297526435e-05 -9.053903686893135e-06 2.443277314411463e-06 -1.498649725636150e-06
9.360395624722044e-06 -9.445572646965142e-06 2.811262189177946e-06 -4.026414515053149e-06
1.138298553208168e-05 -7.351075478827322e-06 1.128674395152704e-06 -5.809601634805229e-08
1.233606888912831e-05 -5.524061826617501e-06 8.910612056949571e-06 -3.223805440161969e-06
1.259049848909402e-06 -3.886258206567800e-07 1.072979181075721e-06 2.410271106066517e-05
2.200065377291764e-06 -1.458127969522438e-06 -6.406462496765899e-06 -5.150108464187859e-06
2.198160282215890e-06 6.703907238430537e-07 1.178549694064078e-06 1.899592353020898e-06
8.358366310990435e-06 -8.208361774780948e-06 3.121724551460444e-06 -1.026477858994978e-06
7.539484695616252e-06 -6.913701532427041e-06 2.758819395970945e-06 2.152501924705619e-07
6.903651222744831e-06 -5.553359914632681e-06 -6.491734807401734e-07 -1.834576057150573e-06
1.026822652341979e-05 -5.847028325912874e-06 -2.068614097811348e-06 -1.281723358974640e-06
1.138411433080996e-05 -4.309262158086149e-06 3.439544904888958e-06 -3.067733226377407e-06
2.963352934149968e-06 -3.989305458142863e-07 -1.832455907704405e-06 -1.028138617624249e-05
3.892832087769133e-06 -1.744708236974116e-06 1.436545543592318e-05 6.020099878903543e-06
3.899082750436397e-06 9.721741029123320e-07 6.313545533447483e-06 1.717235998608349e-06
8.271039240387926e-06 -5.547761734135891e-06 3.839343343115834e-06 6.924342623183985e-07
6.422979305790941e-06 -4.171213469026192e-06 -3.826552002825473e-06 -1.070878886317635e-05
5.460888542433543e-06 -2.006268410628659e-06 7.231453383441864e-06 2.035574803436398e-06
5.887467786901566e-06 -2.239379832274117e-06 1.060505999119826e-07 4.813736327491125e-07
6.112285510727652e-06 -2.731153878215731e-06 -3.710181231200279e-06 -1.485992449678057e-06
9.496292778441377e-06 -4.135276138522007e-06 1.617566818822790e-06 3.866648914822113e-07
1.067488277914353e-05 -3.018719973661016e-06 1.887999161428861e-06 -3.004337710803894e-06
4.742876531579618e-06 -5.894551396992877e-07 -2.313104418526221e-06 3.747015390115634e-06
5.450690853139763e-06 1.186247340279603e-06 -4.321581525068986e-06 1.028123942189828e-05
7.382168341897725e-06 -3.180612004302331e-06 7.270420611720412e-06 -4.402356749275553e-07
5.931016187022587e-06 -1.290546089071073e-06 1.757417943777621e-07 -2.992549143954691e-06
6.445568081683430e-06 -2.067221836002918e-06 -1.459739867578234e-06 -2.761685589266263e-07
8.956464388576388e-06 -2.623640932508307e-06 1.969999393534434e-06 1.030225867989993e-06
1.023319118059127e-05 -1.706228069353889e-06 4.821531324354677e-06 9.953551233893679e-07
5.964595963850869e-06 2.701592145613922e-07 2.821040957244611e-06 3.041132957516850e-06
5.898024595375966e-06 1.417164826644159e-06 6.478183141583210e-06 1.100916721834107e-06
7.659562211730749e-06 -9.587396633228801e-07 1.371641739259642e-08 -3.165311869678538e-07
1.007848675620869e-05 -4.012682411091191e-07 9.468507054889497e-06 4.501229050655904e-06
1.020996978040605e-05 8.944321028936221e-07 2.643022909445016e-07 8.943019239077579e-09
6.873201019598799e-06 1.108302824902672e-06 -4.955167089665865e-07 -7.395685823507256e-06
6.150816330684310e-06 1.910431602523637e-06 1.091799789368418e-05 -5.695349182436743e-06
6.460714138873843e-06 3.287834206524985e-06 1.467036439726542e-05 1.664410081682622e-06
8.913476658626074e-06 1.057544919225795e-06 3.292180038230450e-06 -1.629467706801755e-06
6.941668168173182e-06 4.639975619963794e-06 8.161407599312252e-06 -3.320222967728197e-07
1.061356358278609e-05 2.192342526869836e-06 -6.195414089638717e-06 6.809934138202960e-06
7.705475654486322e-06 3.333113282091038e-06 -2.435077581995960e-06 6.633780595607230e-06
9.551855574968190e-06 3.436961436569178e-06 9.888446792742351e-06 -1.395974131481292e-06
7.598814825406155e-06 5.931930907032272e-06 -7.423607205393194e-07 -5.398426759797068e-06
1.126761350435978e-05 3.454772463458177e-06 -3.909630166439966e-06 -2.026570713683653e-06
1.072656013342350e-05 4.690015659999713e-06 9.121072160165379e-06 -3.733671769358432e-06
9.437600536864311e-06 5.468316725721428e-06 1.584407120092720e-06 6.340710223493777e-06
8.372001915572204e-06 7.148732684458615e-06 5.922055251885507e-06 -1.430489623622901e-05
9.329890635525689e-06 8.319950948404846e-06 1.661838286243806e-06 4.949529635262072e-06
1.215762640654080e-05 4.612460753208055e-06 -4.021540612252738e-06 1.413486817251778e-06
1.151501159317538e-05 6.093083830692250e-06 7.191919088856309e-06 5.455519875903073e-06
1.074973086308254e-05 7.857257820233015e-06 2.226122091093724e-07 8.239324638111308e-06
1.042369044271042e-05 9.373534518089282e-06 -3.706414508906132e-06 5.336657960204119e-06
1.327601355172300e-05 5.631507030546859e-06 -9.508172696113001e-06 1.535162178406291e-07
1.293306639002615e-05 7.839819152965928e-06 7.506518092515270e-06 7.647229701517680e-07
1.164899886048243e-05 1.029874374992602e-05 5.176100083315041e-06 -2.169716960356453e-06
1.301015439994861e-05 1.112156387693263e-05 1.609601365881687e-06 1.554560545119186e-06
1.446961769753645e-05 1.179435384179290e-05 -1.103288134485577e-06 6.629551225689211e-06
1.458748577493636e-05 8.320015005899921e-06 7.909467108572840e-06 2.407339325209074e-06
1.457950542401057e-05 6.481114622116788e-06 6.563007150151960e-06 -2.013457595019410e-06
1.425533947398391e-05 1.016803938028640e-05 7.234698991386563e-07 3.505166730577709e-06
1.603225352941767e-05 1.228287650008194e-05 7.949856453219511e-06 4.023997007486298e-06
1.765312046199062e-05 1.259997560175653e-05 9.287376196951135e-06 8.803473416669461e-07
1.592233024056020e-05 8.733714859893241e-06 1.994214074869386e-06 4.639554784291125e-06
1.604773228941670e-05 7.107411097101910e-06 2.941704764035085e-06 2.236240493892964e-06
1.930524208900745e-05 1.273311498317897e-05 6.136315719434737e-07 4.643695861171199e-06
1.745244642677740e-05 1.026102993780890e-05 5.681335292686874e-06 4.035799226422787e-06
1.764075673403803e-05 7.483583218592505e-06 2.251570932519688e-06 3.119121821162155e-06
1.967376266318062e-05 1.051527511956117e-05 5.034189711964591e-06 1.382631026380407e-06
2.116681522318357e-05 1.276876686716397e-05 8.508970756265656e-06 6.655141644681168e-06
1.930060145183941e-05 7.599119045411240e-06 8.312083249970629e-06 7.611723312535996e-07
2.376448372604502e-05 1.281092521516179e-05 9.824276032791967e-06 -8.611344863058263e-07
2.168978371397515e-05 9.245610731435063e-06 8.144638729648976e-06 3.330132699378977e-06
2.115949959668706e-05 7.555746047676934e-06 7.568606072923622e-06 2.691332101808909e-06
2.742922414169221e-05 1.287334197634126e-05 7.924719896642250e-06 7.263018300283501e-06
2.559969554247779e-05 9.948062741385956e-06 8.460071682504617e-06 4.489032392649783e-06
2.376411269484982e-05 7.493110504560980e-06 8.377473234256928e-06 1.998419775063632e-06
3.238301222972712e-05 1.293688601754017e-05 1.170468291202119e-05 5.584415638386563e-06
2.988795252757930e-05 1.014835901846801e-05 9.648086551167475e-06 1.914470860501619e-06
2.743386576418706e-05 7.429069931721522e-06 1.039629289647610e-05 -4.306250140701729e-07
3.763099135548326e-05 1.299322704083457e-05 1.241411096629574e-05 3.169996964855799e-06
3.498849385841983e-05 1.015686648164493e-05 1.166061429465405e-05 3.297509177765585e-06
3.237335879981246e-05 7.366210796101697e-06 1.009737871122144e-05 1.204741413818473e-07
4.299236327985178e-05 1.304411208142456e-05 1.730664934006291e-05 3.446279211567680e-06
4.029721820141498e-05 1.015159850969297e-05 1.522136052950552e-05 3.655548782076316e-06
3.763738331171675e-05 7.315950726229620e-06 1.212242047552164e-05 2.915034047755342e-06
4.842211759150161e-05 1.308313718422891e-05 1.811578880909669e-05 4.979085863088167e-06
4.569580884962866e-05 1.015360329997623e-05 1.784833460589506e-05 3.247957201924627e-06
4.298958425436776e-05 7.261765514469153e-06 1.781878351642259e-05 3.667502659362340e-06
5.391669874858412e-05 1.310493303297080e-05 2.054341445118239e-05 5.355160795106622e-06
5.116056166935962e-05 1.015113258050238e-05 1.883754963967680e-05 2.952594033415638e-06
4.842464857380759e-05 7.221984637639244e-06 1.823376286943007e-05 1.567121943063046e-06
5.946594395544919e-05 1.313535829663035e-05 2.523271185801431e-05 2.921034061423455e-06
5.668111150920052e-05 1.015325616660102e-05 2.355230529884167e-05 2.370483386668739e-06
5.391313713783935e-05 7.199488462932676e-06 2.108535808559241e-05 3.585271572224110e-07
6.508480160594043e-05 1.316995022786145e-05 2.768524138277096e-05 6.572122288876622e-06
6.226494417735174e-05 1.014798089870199e-05 2.541835155518258e-05 2.995187328254404e-06
5.947017428219140e-05 7.165375827836591e-06 2.433189886417926e-05 1.622303973396636e-06
7.073775232111252e-05 1.317654635531060e-05 2.978424049395487e-05 4.077396139382991e-06
6.790977290495221e-05 1.014742525571899e-05 3.001351603564032e-05 3.957020299005385e-06
6.508454638157126e-05 7.126592675281151e-06 2.777586754921458e-05 4.360606868485128e-07
7.640574989090887e-05 1.319174808706592e-05 3.202551233642823e-05 3.814934125214009e-06
7.356636420326740e-05 1.015016310269845e-05 3.000491132468690e-05 2.636477783613032e-06
7.073579829746137e-05 7.120199467323550e-06 3.028774134679692e-05 3.623483923562557e-06
8.860789607365443e-05 1.286734846847006e-05 3.900602544171832e-05 5.701881941707941e-06
8.779953161820236e-05 1.320218561522120e-05 3.830569964716813e-05 5.750206734865916e-06
7.895555283880533e-05 1.015133909343145e-05 3.437797727377640e-05 2.486880657715731e-06
8.210361744364326e-05 1.320069300860518e-05 3.601288246457275e-05 2.461312965005385e-06
7.640657615143879e-05 7.109921373337518e-06 3.175092717269166e-05 7.510524568925463e-07
8.894271933929713e-05 1.205898560423444e-05 3.930892809847969e-05 5.317759107420942e-06
8.702912990309677e-05 1.015339396285002e-05 3.702534629719257e-05 3.616072957056179e-06
8.210257400926341e-05 7.103811126167023e-06 3.579400786578306e-05 3.921965231380350e-06
8.894208203505001e-05 8.248186437007295e-06 3.891548046306612e-05 2.103992055840035e-06
8.779865110522310e-05 7.104779178663562e-06 3.793913146598295e-05 1.747040969435667e-06
8.860716427536703e-05 7.439692782934677e-06 3.860399558655177e-05 1.779835628860878e-06
