6.218036535171949e-05 -1.017196502470650e-05 -1.017539983027146e-05 -5.257237533097644e-07
6.239517524726741e-05 -9.654765663176837e-06 -9.826049330111196e-06 9.923731800319896e-08
6.239412902704987e-05 -7.214790437949861e-06 -1.004162456633805e-05 3.479073475804663e-06
6.217913716917389e-05 -6.697127832525697e-06 -1.035476070368434e-05 3.870922764912350e-06
6.166203136635695e-05 -1.038591150026352e-05 -1.100465594949733e-05 -7.035674251605626e-07
6.068902150741778e-05 -8.434273314828134e-06 -1.199863446655685e-05 1.713158353176506e-06
6.166044078916034e-05 -6.482925489211306e-06 -1.103422819573225e-05 3.937789279717439e-06
5.802130596482885e-05 -1.037583597599170e-05 -1.053625780386382e-05 2.398460425113665e-06
5.801774260230019e-05 -6.485655551641508e-06 -1.021147777742588e-05 7.702296145636211e-07
5.601939003826068e-05 -8.427028780317904e-06 -8.786065965825616e-06 2.304651171016201e-06
5.439252489006628e-05 -1.037365629462195e-05 -9.126742339748441e-06 4.088826110325679e-06
5.439288585861145e-05 -6.477620534898413e-06 -1.028535959407501e-05 1.793330529961188e-06
5.257494267258936e-05 -8.427079316813904e-06 -1.166684349896489e-05 2.595481054600035e-06
5.076453335937547e-05 -1.036304607830584e-05 -1.066602184373190e-05 4.071694539841583e-06
5.076773420565141e-05 -6.497471758942057e-06 -1.007524290018725e-05 -1.398294389962651e-06
4.896297313113275e-05 -8.433206499174609e-06 -8.019578921538867e-06 1.193406899279928e-06
4.717153440697998e-05 -1.034845893766095e-05 -7.221866533131297e-06 9.737089204616955e-07
4.716830266039816e-05 -6.516485884463809e-06 -8.264953539594153e-06 1.530985972122008e-06
4.538233567031791e-05 -8.429330937784055e-06 -8.828417328516370e-06 1.765251886596123e-06
4.361213752338333e-05 -1.032635414518252e-05 -9.094031576760956e-06 3.367353755063999e-07
4.361192130242326e-05 -6.530809719397449e-06 -1.004205762997147e-05 4.138703764262234e-06
4.184876930195464e-05 -8.427976079878753e-06 -8.635368197651350e-06 2.938219036885218e-06
4.009291194130482e-05 -1.031120973880403e-05 -6.384031192998915e-06 5.834411870527742e-07
4.009591601687523e-05 -6.549157993031097e-06 -6.023307806074522e-06 3.660721742909341e-06
3.834374675981701e-05 -8.432728017699414e-06 -6.473915502136513e-06 1.783074871305871e-06
3.660612797063168e-05 -1.028841380869420e-05 -6.172616576404509e-06 3.054776581310792e-06
3.660707761933896e-05 -6.578583933997608e-06 -8.204019405189491e-06 5.238250892056359e-07
3.487345938717570e-05 -8.434501034522654e-06 -6.006816008320622e-06 2.448900599318187e-06
3.315055236292677e-05 -1.028141264512966e-05 -7.262529915507788e-06 9.669728466564988e-07
3.314461729840548e-05 -6.586014790023114e-06 -5.291446643464096e-06 2.501267957717865e-06
3.142209927023723e-05 -8.428981427801066e-06 -8.807930991028255e-06 1.743618528846539e-06
2.968940824013029e-05 -1.028274615553598e-05 -7.215059437833277e-06 4.158284837748708e-06
2.969279839936227e-05 -6.573175807088416e-06 -7.359325497034722e-06 1.444095659324391e-06
2.796192490463094e-05 -8.427116848342565e-06 -4.691697335628208e-06 2.065010659513817e-06
2.623612977584211e-05 -1.027711398597990e-05 -5.288141806981850e-06 1.842086395064028e-06
2.623278329882725e-05 -6.572326536725571e-06 -5.589735202279871e-06 1.981389364025262e-06
2.457753463358515e-05 -8.424009616203864e-06 -4.972565731242736e-06 3.181924631330897e-06
2.292123269663203e-05 -1.028467501636847e-05 -4.596003059873572e-06 1.938320472986903e-06
2.292011533045032e-05 -6.559758715142852e-06 -5.361230734725207e-06 3.465423924502162e-06
2.167272030247488e-05 -8.566551037160812e-06 -7.668565706808156e-06 1.611060480400795e-07
2.038648639700368e-05 -1.030257038749447e-05 -5.874590750381755e-06 1.343627565055028e-06
2.038886625667841e-05 -6.555171946369848e-06 -4.917134685704904e-06 1.248936077738059e-06
1.852990191712594e-05 -1.030376901782827e-05 -2.186993922152427e-06 4.620527047585178e-06
1.889337689251459e-05 -9.065790780654260e-06 -2.317533535437134e-06 5.130991968435860e-06
1.852872726095896e-05 -6.537635531109723e-06 -7.235878705017414e-06 9.172061706081418e-07
1.717237030147076e-05 -6.525352724121940e-06 -5.487531079741780e-06 1.418134376920200e-06
-3.099553626674930e-06 4.392732909484401e-07 4.417967541046345e-05 -6.420328086154721e-06
-3.152094284303720e-06 6.382437970435156e-07 3.819085970978395e-05 2.688339699113348e-05
-3.140731634575557e-06 1.097413937953419e-06 2.303333851330661e-05 -2.304362469311918e-05
-3.089127215185327e-06 1.253928399591754e-06 1.551481205619574e-05 3.612212307954092e-05
1.718179583814647e-05 -1.030832528380061e-05 -6.482447947598028e-06 2.802269176852760e-06
1.593882222198645e-05 -1.024511490802268e-05 -4.687936923677522e-06 4.559219243964228e-06
1.690305784050972e-05 -7.950963803033163e-06 -2.680131189604220e-06 -3.159689566555034e-06
1.595061340009659e-05 -6.406348498574781e-06 -3.914605775907354e-06 4.026525806768559e-06
-2.940175946529997e-06 3.444850940051341e-07 4.739339085081435e-05 -1.895846625889497e-05
-2.649193203507367e-06 9.195592045136584e-07 -5.689178900133470e-05 -1.582588979689289e-05
-2.956429880304927e-06 1.330964472173489e-06 4.134955193411522e-05 4.898367208966422e-05
1.554764046651414e-05 -9.076145758445526e-06 -3.164544161007937e-06 1.663655254362998e-06
1.469918153773049e-05 -1.004332618492238e-05 -2.853308708762674e-06 4.932392951168572e-06
1.349797322474096e-05 -9.702487083997539e-06 -4.946099903037507e-06 1.672616561783981e-06
1.518278241809574e-05 -7.450643652885098e-06 -2.545979293864082e-06 3.020762363368873e-06
1.473924067820279e-05 -6.067794020195953e-06 -4.344981513042184e-07 -3.638453652498086e-06
-1.952527206805033e-06 3.658898234477946e-07 1.902943159246797e-05 1.753592231295360e-05
-1.917484332933264e-06 1.377781865503596e-06 9.285244449683946e-06 -1.445324195726893e-05
-1.411742960046860e-06 9.267211958380662e-07 -9.770066043677361e-06 1.875138362771818e-05
1.233785100215035e-05 -9.229231174347661e-06 -4.725466760922412e-06 -1.853031930968090e-06
1.334734569097805e-05 -8.465802328373391e-06 -3.075478127833319e-06 3.698159688920149e-06
1.377015088193396e-05 -6.874794217410468e-06 -4.866268799137219e-06 -1.949173094303226e-07
1.360559758704868e-05 -5.529679653513506e-06 -8.911869689486790e-06 -1.535072974938663e-06
-8.458387458758882e-07 3.150427847879150e-07 3.072689547946472e-06 -1.186817284630418e-05
-8.651690677458267e-07 1.470203859915516e-06 4.583695754342685e-06 -1.092261330298373e-05
-2.181155065265470e-07 9.327572184753050e-07 -9.496157545799953e-06 2.532515705848947e-05
1.123118440753661e-05 -8.613771664230670e-06 -4.757753107149856e-06 1.419220673199958e-06
1.020122369729991e-05 -7.874252915116656e-06 7.302985400394683e-06 2.606566925160320e-06
1.228445094009617e-05 -6.618083685538273e-06 -4.714838710843016e-06 6.222313088328433e-06
1.256383081507233e-05 -4.780776262838225e-06 4.132690333920639e-06 -2.835479822533188e-06
4.840267180331248e-07 1.182547875506932e-07 5.464973101533985e-06 -1.225978945335788e-05
4.995250114313078e-07 1.689650900982787e-06 3.136023959198563e-06 -1.589605272948632e-05
1.045913239670933e-05 -6.707109960363370e-06 8.756850581352566e-07 1.261944420544344e-06
9.251815934103175e-06 -7.021166226017124e-06 2.261569450710130e-06 2.688920803982442e-06
1.089273975294208e-05 -5.359085617804266e-06 -6.380327829297278e-06 1.142863953797059e-06
1.167563478182613e-05 -3.866049020330650e-06 -3.311746111503337e-06 8.129983141924443e-06
1.291629852232446e-06 9.182478879552587e-07 -4.266578874569703e-06 1.779423012544036e-05
2.248479842637305e-06 -1.549941722711233e-07 -7.164715384723617e-07 -9.165709684872287e-06
2.243153841116607e-06 1.984263551314932e-06 2.259204107823862e-06 -7.754112067797256e-06
8.401282891069414e-06 -6.059163069833746e-06 -4.685117628617834e-06 -2.314113797322163e-07
7.662875336387254e-06 -5.005304232191155e-06 -3.144972521858933e-06 1.759954688750553e-06
7.045932770689599e-06 -3.871485339304222e-06 -5.994142860800977e-07 1.050580707473785e-06
9.982432998113756e-06 -4.131240164715717e-06 -1.376351800282036e-06 2.554432448660081e-06
1.094916417230105e-05 -2.806165233116893e-06 5.053263227827074e-06 -1.068365201489624e-05
2.993456378810982e-06 8.985099901015292e-07 1.341711343301383e-06 -6.778773742289002e-06
3.937049169787472e-06 -4.367422065105554e-07 -7.766796139884432e-06 1.067055794966691e-05
3.934585506850917e-06 2.269599245967902e-06 -2.804631557207888e-06 4.928535110831002e-06
8.269586630349767e-06 -3.879762241141937e-06 -1.289967954692685e-06 3.714803175437733e-06
6.565126667929325e-06 -2.659527230628217e-06 -1.081514828637503e-06 -6.550788883835038e-06
5.502678258860299e-06 -6.917754687366577e-07 9.556396124438387e-06 3.740502803053966e-06
5.955521418522788e-06 -9.246446911385620e-07 -7.284200372776153e-07 3.182764956420919e-06
6.218238530937934e-06 -1.383251060061580e-06 -4.605217014781379e-06 3.552734025078863e-07
9.344166467812671e-06 -2.648062270144034e-06 -2.955578479547282e-06 9.469078449332377e-07
1.040322145215535e-05 -1.650416923406906e-06 -5.966444125288302e-06 3.455616728332858e-07
4.773225400305766e-06 7.133922162938949e-07 3.411912672382516e-07 -4.969798839470424e-06
5.446752412988487e-06 2.457058825071028e-06 -3.727395283123544e-06 5.718956558518249e-06
7.411393989801502e-06 -1.788249142983926e-06 6.028942984296610e-08 -1.300572955380085e-06
5.954609546213519e-06 1.600526794758961e-08 -2.753545155964948e-06 -6.349572849950791e-06
6.509662637885439e-06 -7.596887683903738e-07 -6.762448401192307e-06 1.145526804174919e-06
8.861710457082750e-06 -1.272002752186375e-06 -4.753642600197451e-07 2.189943108562540e-06
1.008034397149795e-05 -4.130825891646955e-07 -4.226205800329273e-06 -1.051220067250434e-05
5.937806468188671e-06 1.558397098232574e-06 -8.751331073829296e-07 -3.085365533318841e-06
5.856557169501789e-06 2.679975877196703e-06 -5.213168076837306e-06 1.660977139515090e-06
7.652291727506683e-06 3.154929579214383e-07 -4.918372456066374e-06 7.313255609982657e-06
1.001027024782201e-05 8.564586103431220e-07 -8.483356403730916e-07 -7.990655095735789e-06
1.023832015542806e-05 2.156804462106434e-06 4.304970363570780e-06 -2.956828653150822e-06
6.822332973686137e-06 2.366252001791633e-06 1.473371665018985e-06 -4.762548707240548e-06
6.092569034126388e-06 3.189375803633359e-06 -6.733542030393230e-06 -1.324956116145105e-06
6.355566245797247e-06 4.661544393100973e-06 -7.013666249527968e-06 9.468519261023881e-07
8.901441137898900e-06 2.298384144635420e-06 -3.004696769807197e-06 -8.055088843900821e-07
6.789125694221641e-06 6.139950806954951e-06 -2.993454174737904e-06 -3.719303884500554e-06
1.072735592720885e-05 3.482395886458987e-06 2.866231924444777e-06 4.534198281909624e-07
7.634129409202968e-06 4.696125122612768e-06 5.737984400466698e-09 1.213841962832087e-07
9.591561357102936e-06 4.807621720976462e-06 -4.171600213672807e-06 1.986050469862349e-06
7.441501596536245e-06 7.564439835342473e-06 -3.083871069022607e-07 -6.966586505117053e-06
1.149237276406453e-05 4.805679630318762e-06 -3.214004444913813e-06 -1.194348959081707e-05
1.091181028400120e-05 6.165170442794320e-06 -8.832210485816087e-07 -6.206713223775215e-07
9.478352522375818e-06 7.034822160754532e-06 6.604705654417038e-07 1.788223298810875e-07
8.281252265624491e-06 8.965643921099423e-06 -6.807251983764005e-06 -8.787838361075898e-06
9.336769525139289e-06 1.034399468154099e-05 -8.277025721605151e-06 -3.130730032352620e-06
1.256565286676030e-05 6.066039213884814e-06 1.472079567051111e-07 1.773355438042634e-06
1.183315606660459e-05 7.758010900455186e-06 5.712664260361597e-06 4.341956898457325e-07
1.094642369094586e-05 9.814171376732366e-06 -1.810873742100014e-06 -1.075812297492973e-06
1.056148208596150e-05 1.163725583138808e-05 -8.519501961765501e-06 -4.488120403272755e-06
1.390937682759835e-05 7.203944934046248e-06 -2.016367893919926e-05 -6.976798825867690e-06
1.353031752058757e-05 9.826130939455671e-06 1.562402917952160e-06 -5.897458545805256e-07
1.200662723860383e-05 1.278903200084220e-05 -7.219387902373320e-06 -6.974265781787239e-06
1.363512499977757e-05 1.381034732034977e-05 -6.838495586593054e-06 -5.235911209192930e-07
1.541082935498670e-05 1.468896562761897e-05 -7.981058010160315e-06 -5.898965249108329e-07
1.553925694364576e-05 1.039351004167594e-05 1.487074276993015e-06 -9.149078034307450e-07
1.552093660792574e-05 8.174400741412592e-06 -2.999527639242387e-06 -6.215603306409577e-06
1.513141020146508e-05 1.265860920867698e-05 -4.059961445612251e-06 2.282555961995415e-08
1.734170780787799e-05 1.534273690803326e-05 -5.582524723131958e-06 -4.878538502451246e-06
1.938829941224400e-05 1.578887958437498e-05 3.044770845875827e-06 -3.890697422685133e-06
1.719112174153038e-05 1.089264347716880e-05 -5.926427713680867e-06 -2.837337965336298e-07
1.735070795738975e-05 8.872870691616634e-06 -8.714846588201357e-06 -6.314874354915027e-06
2.150965130408392e-05 1.599332108047967e-05 -7.116996535208338e-06 -5.162855726135382e-07
1.910741215941953e-05 1.280500718676216e-05 -4.009192833343438e-06 -3.428701092619650e-06
1.936392912416658e-05 9.290855242054321e-06 -3.610790355270280e-06 -9.713693338061407e-07
2.197110027466655e-05 1.313710360134349e-05 -1.117265126150388e-05 -6.148725585346119e-06
2.392553289569273e-05 1.609322721016035e-05 -2.007707606598824e-06 2.914567654935507e-06
2.147450342391437e-05 9.389954362021029e-06 -4.025177055046480e-06 -2.316894680589600e-06
2.734279040546108e-05 1.618881989182865e-05 -6.152757845661136e-06 -7.106355516653861e-06
2.460848760106254e-05 1.149031544706051e-05 -6.107349792185584e-06 -3.710384721077035e-06
2.392256043152436e-05 9.290798159054280e-06 -4.706414363065516e-06 -2.534885596263442e-06
3.222073368974122e-05 1.633646901470026e-05 -6.865980789335138e-06 -3.506952160919358e-06
2.976662836536649e-05 1.240855351812521e-05 -6.118818789635686e-06 -1.769824491679996e-06
2.733948311340226e-05 9.166832826083896e-06 -2.468164119295225e-06 -6.285685074237764e-06
3.893854309583299e-05 1.649052024136487e-05 -8.970643476025326e-06 -4.824102265730809e-06
3.553681889700945e-05 1.268327977135744e-05 -8.599597210969220e-06 -4.279928409410315e-06
3.222351516733865e-05 9.023915950859108e-06 -9.264788845512354e-06 -2.599032984352194e-06
4.617644846683664e-05 1.661131276842579e-05 -9.920549331463632e-06 -2.325757674410580e-06
4.251890658365712e-05 1.267966477522701e-05 -1.049947408411252e-05 -2.780687285990826e-06
3.893627952797975e-05 8.869212338338919e-06 -8.062127684669599e-06 3.301525481287712e-07
5.363783264824222e-05 1.671537002231521e-05 -1.330835188297389e-05 -7.372849487631744e-06
4.987309239366360e-05 1.267650443915501e-05 -9.403345091022320e-06 -2.804890809353198e-06
4.617955007575738e-05 8.746097592301262e-06 -1.029953633657709e-05 -4.458623192526659e-06
6.126567646799039e-05 1.680304257592032e-05 -1.446618687263453e-05 -5.885721559628515e-06
5.742658934056457e-05 1.268163471671729e-05 -1.492103315723305e-05 -4.241383066826768e-06
5.363330269671508e-05 8.641909653530992e-06 -1.278062670046683e-05 6.927990123867994e-07
6.904993272662888e-05 1.687218080536265e-05 -1.711706081944551e-05 -2.573067765316293e-06
6.513509833966415e-05 1.267925980049976e-05 -1.628111931316900e-05 -2.471507196640474e-06
6.127071276950602e-05 8.559078079447219e-06 -1.534197435299071e-05 -6.817735559081204e-07
7.693015827707609e-05 1.692206099590880e-05 -1.814048981039300e-05 -4.313467523385565e-06
7.297494766901524e-05 1.268231429391955e-05 -1.650851036680442e-05 -3.925159297969169e-06
6.904492092475807e-05 8.490627551365682e-06 -1.539311120769976e-05 -3.105637676932775e-06
8.490177327178903e-05 1.696671080212402e-05 -2.119618802633962e-05 -3.916576163598662e-06
8.090259568705225e-05 1.267687756252791e-05 -2.058312574468816e-05 -2.859099739627817e-06
7.693307426587416e-05 8.436460321058832e-06 -1.952835720019766e-05 -2.383206871970953e-06
9.293581030484453e-05 1.698431163921465e-05 -2.246261408735253e-05 -5.306502086657405e-06
8.891245740713374e-05 1.267327697496811e-05 -2.152441603221941e-05 -2.735471022313218e-06
8.490408645001858e-05 8.384682223205933e-06 -2.112453028780985e-05 -1.158017775706305e-06
1.010229481140120e-04 1.701277250747547e-05 -2.394454231482749e-05 -2.692971270025982e-06
9.696943273410183e-05 1.267549679551748e-05 -2.311440247395263e-05 -3.347506082996192e-06
9.293471021016176e-05 8.363319415105887e-06 -2.180010375254573e-05 -1.245373041349993e-06
1.183789114192815e-04 1.653643548074176e-05 -2.796289124466539e-05 -4.834043750766906e-06
1.172270920898807e-04 1.701294500344265e-05 -2.760938626223431e-05 -4.989183928737459e-06
1.046506303417345e-04 1.267816553045397e-05 -2.476052557658194e-05 -2.964977775097026e-06
1.091147279763201e-04 1.701158233411082e-05 -2.591811434787033e-05 -4.419059814645204e-06
1.010206724637662e-04 8.342079097918715e-06 -2.396413415875337e-05 -3.678281703636516e-06
1.188562188872729e-04 1.538570305079569e-05 -2.810517615461035e-05 -4.457982930676418e-06
1.161307577711677e-04 1.267365118610196e-05 -2.730233387995033e-05 -3.544562723242615e-06
1.091168273027207e-04 8.340177492472102e-06 -2.587450116085710e-05 -2.066346907317734e-06
1.188597341308597e-04 9.959672090693734e-06 -2.806805551850558e-05 -2.682767000504674e-06
1.172306449073244e-04 8.331960558153628e-06 -2.759049927994413e-05 -2.155284971026000e-06
1.183825828990815e-04 8.808559841929814e-06 -2.793014498111829e-05 -2.313737986489513e-06
