2.942484373535332e-05 -3.180451072745444e-06 4.352163832013555e-05 -6.620512611563295e-06
2.956461024284704e-05 -2.842966223182746e-06 4.345811244935825e-05 -6.336934886538319e-06
2.956522090094230e-05 -1.249696769795962e-06 4.366792551892124e-05 -5.136542563468224e-06
2.942552555652526e-05 -9.123625105579483e-07 4.372445706494548e-05 -4.702085073390920e-06
2.908738748869572e-05 -3.320179330119548e-06 4.359104670036099e-05 -6.816760992547882e-06
2.845557425055655e-05 -2.046824229811668e-06 4.396056596273952e-05 -5.702371290331616e-06
2.908819070892965e-05 -7.727369904998144e-07 4.372445613229544e-05 -4.425900633859359e-06
2.672038028512525e-05 -3.316150748699350e-06 4.274305652991940e-05 -8.127646855756393e-06
2.672139874763643e-05 -7.806977749339306e-07 4.223231051030816e-05 -1.790056128083908e-06
2.541678055740707e-05 -2.049477514784096e-06 3.883039809801998e-05 -4.584824411804512e-06
2.436363953149223e-05 -3.311160015365373e-06 3.761494180338501e-05 -4.598785856917172e-06
2.436313862351690e-05 -7.883299095905244e-07 3.802281447818890e-05 -5.118663535225081e-06
2.318589156123315e-05 -2.050183767374378e-06 3.702945642097303e-05 -5.309576393042533e-06
2.199639068783608e-05 -3.323709076344652e-06 3.517947280157206e-05 -6.028269154948397e-06
2.199582003530279e-05 -7.766533674984827e-07 3.527137589001881e-05 -4.729756771578739e-06
2.080323090206763e-05 -2.049250718172445e-06 3.342120722090111e-05 -5.689387286170697e-06
1.962244355313567e-05 -3.307043550605407e-06 3.255664582936905e-05 -6.334793811283298e-06
1.961817208098469e-05 -7.853565170544918e-07 3.098091293727166e-05 -3.412902345299680e-06
1.844742029690801e-05 -2.044242493291604e-06 3.039936090598354e-05 -4.489887188414378e-06
1.728281064422303e-05 -3.292101275089860e-06 2.799195317682045e-05 -7.605405205696717e-06
1.728233884619376e-05 -7.971744034766861e-07 2.893725009370199e-05 -2.383071235471086e-06
1.612049886763516e-05 -2.046523280032186e-06 2.735802656109773e-05 -5.485358873869706e-06
1.496618768722356e-05 -3.279505114643739e-06 2.711002598962262e-05 -7.749619931748461e-06
1.496866625266670e-05 -8.193425580903437e-07 2.620248631684655e-05 -2.478980924697927e-06
1.382167418141037e-05 -2.050951838806762e-06 2.474929626336669e-05 -4.351722297990133e-06
1.269565309890135e-05 -3.243355035156229e-06 2.181583274403850e-05 -6.664733320255587e-06
1.269285733517699e-05 -8.536257637438362e-07 2.147287871583973e-05 -2.012333286481353e-06
1.157744416589953e-05 -2.045887735711969e-06 1.959301513534960e-05 -4.916495634160588e-06
1.049697731237091e-05 -3.185268766823095e-06 1.959690679821031e-05 -6.549160645540796e-06
1.049544328367499e-05 -9.041129265122556e-07 2.001350528031177e-05 -5.017518972193118e-06
9.435722141757103e-06 -2.044633074453120e-06 2.014695812926841e-05 -5.394259288924626e-06
8.414745220916141e-06 -3.124904570789315e-06 1.777752516062209e-05 -8.021531484171374e-06
8.415896378762228e-06 -9.661355786931544e-07 1.864747551637153e-05 -2.634492841343352e-06
7.418751916873108e-06 -2.047302244141021e-06 1.519117657965369e-05 -5.662072595547604e-06
6.472113601251637e-06 -3.045633936707854e-06 1.351328092874148e-05 -6.153952483765308e-06
6.477932206984737e-06 -1.057380092632598e-06 1.335347123472693e-05 -5.212648796704112e-06
5.592715696302624e-06 -2.055076550495018e-06 1.297158633846922e-05 -4.006569387340999e-06
4.766651192870843e-06 -2.958061218131212e-06 1.217270305015153e-05 -7.734756254913849e-06
4.760524969698146e-06 -1.151512680840528e-06 1.093795964618685e-05 -1.828186274221521e-06
4.157606037278440e-06 -2.116060098105784e-06 9.559632108014402e-06 -5.654250629260249e-06
3.590950466875580e-06 -2.872673559915632e-06 8.928110148585614e-06 -6.051366963593452e-06
3.587594153566035e-06 -1.240868292320758e-06 1.011950354260223e-05 -4.473139646360291e-06
2.815762183839918e-06 -2.795390792690029e-06 1.073115366690996e-05 -6.364699163888083e-06
2.940978615738350e-06 -2.315866103999423e-06 1.063373795961235e-05 -5.803374962280250e-06
2.806148947514112e-06 -1.290920764306927e-06 9.816200478993252e-06 -4.563970209628770e-06
2.290994331097172e-06 -1.354641731387211e-06 9.863119291201590e-06 -6.811090629760468e-06
-5.733432400729026e-08 -7.501584477329405e-07 5.511898050041460e-06 1.899448483175157e-05
-5.982594078875000e-08 -8.016070183168988e-07 1.789443512141855e-05 -2.913080421132422e-05
-7.191236344163155e-08 -7.133276988153401e-07 2.404620365729302e-05 8.574626776222689e-06
-6.807127053938551e-08 -7.344089786797568e-07 3.107102392491180e-05 4.809891929426374e-05
2.293009489828836e-06 -2.739058281866726e-06 1.014647671126692e-05 -6.099956871367833e-06
1.861923651660444e-06 -2.668749647585295e-06 7.588084520077778e-06 -6.158067591828050e-06
2.164792038116276e-06 -1.874782532220619e-06 8.893370297715787e-06 -4.188475333737427e-06
1.840373629960120e-06 -1.384294072390654e-06 7.599845019190617e-06 -6.135177247028751e-06
-6.771495295899051e-08 -7.182083397961979e-07 2.687389838212750e-05 1.850691566430952e-05
-2.470179553527126e-08 -7.358674260189740e-07 -6.199748094216337e-05 -1.800799954523633e-05
-5.996122726608892e-08 -7.528598486407192e-07 8.032092822851143e-05 4.798505221014077e-05
1.711037470685962e-06 -2.248310294842086e-06 6.913055090641089e-06 -4.508758664421027e-06
1.462708270949951e-06 -2.543109931001457e-06 6.545794165570993e-06 -5.308449850427773e-06
1.116708587038136e-06 -2.396345715086232e-06 5.619892007945581e-06 -4.864390646110758e-06
1.584251454303865e-06 -1.733191882990792e-06 7.275272149221952e-06 -3.731309346119986e-06
1.455848522420930e-06 -1.345900402149689e-06 6.496974922959716e-06 -5.958401731847043e-07
-3.459123374857920e-08 -7.848095845495290e-07 1.148506136644217e-05 1.122892518787826e-05
-4.643252460509242e-08 -7.416056030540050e-07 1.051905467356882e-05 -1.215642900972422e-05
-3.390943475051184e-08 -7.345452502445701e-07 -4.623433538928151e-06 -2.399633167127278e-05
8.213384379324029e-07 -2.207787396596999e-06 4.343136125081557e-06 -4.087703553964684e-06
1.058316486685085e-06 -2.017123214563335e-06 4.462905088723351e-06 -5.215386470587097e-06
1.173734973406549e-06 -1.585304000609545e-06 5.690261365797017e-06 -3.094220621464770e-06
1.122778104539755e-06 -1.261379561301204e-06 6.894343013075185e-06 -3.510203545668673e-06
-2.200311274137928e-08 -7.806910040090202e-07 6.188791910152856e-06 1.818156347487787e-05
-1.862712706703053e-08 -7.588157521875799e-07 -3.421284921876730e-06 2.435167573217329e-05
3.907140262848287e-09 -7.390591536733891e-07 -1.397984557130982e-05 -4.390907976720515e-05
5.668009085257844e-07 -2.012110564803311e-06 4.240299726086727e-06 -4.466160044921839e-06
3.699242163091863e-07 -1.806196534791351e-06 4.577979998390277e-06 -3.481268612872538e-06
7.915634645688549e-07 -1.530706781499970e-06 5.030458854839108e-06 -7.635324839264480e-06
8.453304358510062e-07 -1.145327481191852e-06 2.235422342661191e-06 -3.626002041475621e-06
1.426350093463412e-08 -7.730489606637110e-07 8.352954310699136e-06 1.912421007106056e-05
1.860997956095670e-08 -7.429366864691296e-07 7.330791094785631e-06 1.111453662790263e-05
4.184537931266664e-07 -1.534610537084787e-06 5.805972998628801e-06 -3.929811873784504e-06
2.175294444957879e-07 -1.586595106333124e-06 4.352726754588386e-06 -3.340450926723050e-06
4.912701401643177e-07 -1.273138307544449e-06 8.062767524932982e-06 -2.529243744950758e-06
6.143317430748330e-07 -1.009757850401771e-06 4.729196790697463e-06 -3.547752955197477e-06
3.707008637973758e-08 -7.430071729558599e-07 -7.145762063409281e-06 -9.656749517221780e-06
5.653367377623397e-08 -7.783840775581012e-07 7.324534869489817e-06 -2.115766444200911e-06
5.622936960726845e-08 -7.344891753369780e-07 -1.038239765190517e-07 2.160560971082399e-06
9.618438062396240e-08 -1.379089783387383e-06 4.222040166218301e-06 -3.861923340967508e-06
4.154639774953647e-08 -1.207062842283514e-06 3.080587287429335e-06 -1.902446880936507e-06
3.145924659779184e-08 -1.041951098442244e-06 4.717250647024406e-06 -5.480933330162659e-07
3.436090463984794e-07 -1.061328004722674e-06 7.039151661731835e-06 -2.417959446303837e-06
4.542495196175939e-07 -8.972213171136899e-07 6.519830868672514e-06 -2.800675623013156e-06
6.684745812583709e-08 -7.530480255804893e-07 4.832367598934638e-06 5.096360403926901e-06
9.578981688718711e-08 -7.676939494107618e-07 -1.081660243512890e-05 -8.287202919690991e-06
9.667919262535754e-08 -7.318036167749832e-07 -7.859323074944162e-07 -2.081011881817383e-06
1.291971381353466e-07 -1.033386232687147e-06 2.359375505418709e-06 -1.012709414235084e-06
3.679006833616001e-08 -9.042083762672112e-07 4.421302702836920e-06 -2.543437294662019e-06
9.015185717158411e-08 -7.723200205288264e-07 6.398163773013263e-06 -2.494316746188050e-06
9.584723929004457e-08 -7.900125942086004e-07 -1.521670566915726e-06 5.114354530616428e-06
8.696328376005561e-08 -8.180061926135661e-07 -6.280769887058089e-06 7.258491861237876e-06
2.555857183069750e-07 -8.845246966275503e-07 6.012001457551142e-08 -3.129582360916009e-06
3.332596163894635e-07 -8.071224228149568e-07 7.102934888234218e-06 5.534875589365637e-06
1.040600473426985e-07 -7.760354074585755e-07 5.566700843385774e-06 -2.046277609009074e-06
1.335469155357741e-07 -7.308536956569909e-07 3.616656823462244e-06 5.225552386775788e-06
1.008035214810585e-07 -8.265739364874195e-07 4.155197080008549e-06 -3.430535498455283e-06
1.036576428538951e-07 -7.621540421414617e-07 5.310187058234718e-06 -4.631409002035940e-06
1.068340838562789e-07 -7.877747039620029e-07 -4.855663299245617e-06 5.177855850889655e-06
2.081448763515377e-07 -7.831562037271058e-07 6.307508926383115e-06 -5.043142679479609e-06
2.473382636091058e-07 -7.621985414341512e-07 9.547276401773182e-06 5.629253421875744e-06
1.333193708312515e-07 -7.448524591953939e-07 6.709952476527085e-06 -2.172584767762179e-07
1.514441062161179e-07 -7.311353071797054e-07 -6.921218277155298e-06 1.089594807135414e-05
1.489582962656157e-07 -7.257046389131885e-07 4.444086727651008e-06 -4.846668920056484e-06
2.042531878714810e-07 -7.224144148813041e-07 -6.032623531243772e-07 4.544949433187811e-06
1.408310728631864e-07 -7.173180517810310e-07 4.482719860782906e-06 1.232429329809410e-06
1.657461556997366e-07 -7.263595006501148e-07 5.841531978493492e-06 5.670588542335088e-06
1.733050623106220e-07 -7.414136589735550e-07 -1.655065406323609e-05 1.377685086493571e-05
2.258011417164167e-07 -7.911902928603864e-07 -1.858388641173094e-05 5.160985541594951e-06
1.558758321175866e-07 -6.976892355034097e-07 9.857441115791014e-07 -1.806357886779075e-06
2.648166297795831e-07 -8.879105340680547e-07 -2.684570622415648e-06 3.119444060666218e-06
6.491751049135036e-08 -7.338543792176603e-07 1.527453440565569e-05 2.176446539636911e-07
2.067861205511741e-07 -7.769130560879931e-07 6.333974622982022e-06 -2.028555109775139e-06
9.192653091889579e-08 -7.771438853133348e-07 1.284514780956339e-06 3.861152969507167e-06
2.483861916413025e-07 -1.004493123403342e-06 1.457517917432359e-05 5.968584182292134e-06
-4.528292031993287e-08 -7.918449024442485e-07 1.119411924247184e-05 5.119320615154975e-06
-2.128821664634066e-08 -8.720173835160390e-07 -1.165663602086679e-06 3.051897531511571e-06
1.180042664096006e-07 -9.539995794903471e-07 2.624045533065710e-07 -3.694415694089382e-06
2.256137697932724e-07 -1.141294629975000e-06 -3.153826003680783e-06 8.370100926901174e-06
1.413438369502680e-07 -1.329813947223654e-06 3.363164423692105e-06 5.486443966232206e-06
-1.867172598018855e-07 -8.569702950036484e-07 6.691384458897919e-06 1.471772537169081e-07
-1.178672161815098e-07 -1.026710283422828e-06 1.291520357494948e-06 -2.958421391213456e-07
-1.732622363484564e-08 -1.270132869537192e-06 8.562473370279420e-06 1.523891581612604e-06
2.575095236615417e-08 -1.518078654551472e-06 1.102261911817359e-05 3.395064073451384e-06
-3.796810949977400e-07 -9.493079805542016e-07 1.047004733022470e-05 2.282431327586485e-06
-3.342837767917939e-07 -1.269503249036078e-06 2.591940358455500e-06 1.146314675829624e-06
-1.390490533699257e-07 -1.692015083063121e-06 7.360739000460264e-07 5.104062440931437e-06
-3.611114775168265e-07 -1.879548890794038e-06 4.985253235595798e-06 8.313308510772467e-06
-6.154633211689683e-07 -2.048856819274285e-06 8.170445834233772e-06 3.178255231436264e-06
-6.311455098277661e-07 -1.357632743344377e-06 5.397132805950921e-06 2.536183009493937e-06
-6.210551698782038e-07 -1.043881275466776e-06 5.483000326056216e-06 4.683645545782699e-06
-5.663582145416135e-07 -1.711335113608141e-06 8.220646629085222e-06 4.885461574841599e-06
-9.243581526683495e-07 -2.175138314537470e-06 7.531836240346015e-06 -5.085248793526005e-07
-1.278041417522497e-06 -2.282422229410288e-06 6.085998124871507e-06 1.882726378659924e-06
-8.934980543712546e-07 -1.433133422398552e-06 8.054795714704013e-06 2.435612567215649e-06
-9.231849359242566e-07 -1.120181854172321e-06 7.046627506077066e-06 4.162786556411579e-06
-1.654911068070093e-06 -2.352367830036446e-06 5.361729238375427e-06 4.298198245397480e-06
-1.210954439873166e-06 -1.748995931869930e-06 6.473245403280355e-06 2.129828889072954e-06
-1.263329774086359e-06 -1.144974144245128e-06 7.863979142695279e-06 2.708084978759184e-06
-1.736738941206873e-06 -1.816472759840305e-06 4.998533519895288e-06 3.529461083385098e-06
-2.126066387122204e-06 -2.406787152510706e-06 7.835251765091229e-06 3.658227355742994e-06
-1.640874381211574e-06 -1.128926407771989e-06 3.612257160545176e-06 1.943103436269585e-06
-2.806025396366645e-06 -2.458549315167546e-06 8.058118981226525e-06 5.943652940521455e-06
-2.241864687772876e-06 -1.499815134151723e-06 7.653689493359925e-06 2.115120473219318e-06
-2.116675763686668e-06 -1.074437111241824e-06 6.731030246157930e-06 6.276580671920912e-07
-3.855217485126820e-06 -2.536783411497965e-06 9.256023514632415e-06 3.758459646204000e-06
-3.314312307993709e-06 -1.676518387765732e-06 1.025988039151662e-05 3.463625402814411e-06
-2.809883417755578e-06 -1.003529554845693e-06 1.114730511687712e-05 2.744756528328631e-06
-5.393564159240113e-06 -2.619667298311479e-06 1.147571360410012e-05 1.424478327067744e-06
-4.599706694808871e-06 -1.733051688506266e-06 1.119772249670092e-05 2.499461472292402e-06
-3.855858365954270e-06 -9.258568379324568e-07 1.028313311234413e-05 2.833648671784833e-06
-7.138797953938196e-06 -2.697819640744232e-06 1.184675788853362e-05 3.057112449742858e-06
-6.245121559656695e-06 -1.729941864725848e-06 1.107303249923107e-05 2.389496405206575e-06
-5.396252715966020e-06 -8.446216914631591e-07 1.140314762669845e-05 4.366022660950057e-06
-9.015673327419749e-06 -2.774920601440485e-06 1.357136487393558e-05 4.257033791775119e-06
-8.052906281602605e-06 -1.727946006242906e-06 1.252605234624156e-05 3.348747611791380e-06
-7.140392142675793e-06 -7.597533371939145e-07 1.153055427876251e-05 3.180737652939972e-06
-1.102060009600663e-05 -2.832028292082380e-06 1.376273985364534e-05 4.447804646187126e-06
-9.998683987714483e-06 -1.731983212607363e-06 1.388039799901762e-05 3.087618243259701e-06
-9.012275535353059e-06 -6.853691547241746e-07 1.330884565950695e-05 1.616371307856985e-06
-1.313593827028950e-05 -2.886010864198048e-06 1.583664361562431e-05 3.732499408370507e-06
-1.206160833177416e-05 -1.733717899582577e-06 1.511348291907930e-05 2.437626688099799e-06
-1.102091583518952e-05 -6.324585596658133e-07 1.507459168032500e-05 1.366294605084534e-06
-1.532371157100359e-05 -2.918440142555785e-06 1.693424368206822e-05 6.566032440054559e-06
-1.422135182573855e-05 -1.733966276728720e-06 1.525885538678089e-05 3.896977397774658e-06
-1.313638612375428e-05 -5.832115031977574e-07 1.424734475402085e-05 3.463348463024296e-06
-1.757342120728766e-05 -2.952692004781301e-06 1.770880975509826e-05 2.448824882250570e-06
-1.643554775877658e-05 -1.732963384920057e-06 1.880487249505299e-05 2.730305523580056e-06
-1.532318455425389e-05 -5.491741807757566e-07 1.783634518136489e-05 -2.948325479611751e-07
-1.988280180310602e-05 -2.975021097300087e-06 2.035489419746712e-05 2.643401901085379e-06
-1.872276271742752e-05 -1.733077082480454e-06 1.806318784605315e-05 2.384304022116364e-06
-1.757358346741094e-05 -5.128173490200613e-07 1.806385696793342e-05 2.717499851156818e-06
-2.221112429015953e-05 -2.981661977151689e-06 2.460101845322521e-05 5.055568805469874e-06
-2.104468428542245e-05 -1.731202642719253e-06 2.256488849551170e-05 2.772657478050871e-06
-1.988392739710866e-05 -4.903632561689919e-07 2.009647404792498e-05 2.055879031945524e-06
-2.723067928302922e-05 -2.852932210441474e-06 2.950237575132745e-05 5.447262518984800e-06
-2.689574159132762e-05 -2.990660734996296e-06 2.838647473630205e-05 5.872638666634703e-06
-2.325806939468726e-05 -1.729605133017890e-06 2.452689446433788e-05 4.537675513778624e-06
-2.454567927843999e-05 -2.977753723674847e-06 2.477480615779768e-05 6.489472151129606e-06
-2.221126492085811e-05 -4.783242698001986e-07 2.361922860137165e-05 2.378213814020761e-06
-2.736952261512120e-05 -2.519398946781381e-06 2.996868010634015e-05 4.371760567210244e-06
-2.657452868753017e-05 -1.730260712495943e-06 2.776267707880376e-05 2.039691633645248e-06
-2.454552521967410e-05 -4.819082958722798e-07 2.577617027421460e-05 1.454407016911780e-06
-2.736929864415566e-05 -9.412955485523854e-07 3.024525790045473e-05 -7.646663750482501e-07
-2.689551860578482e-05 -4.700401845800301e-07 2.898158352726556e-05 -1.827761102227461e-06
-2.723044741250078e-05 -6.077745258930278e-07 2.987541025145780e-05 -1.560002936109502e-06
