9.184618223938100e-05 -1.367662930392456e-05 3.520870528672062e-06 -2.895398797135979e-06
9.219768710861259e-05 -1.282791121533420e-05 3.719235950960924e-06 -2.698353874830410e-06
9.219718740968151e-05 -8.825698353367442e-06 3.665101660467929e-06 -1.125190757727431e-06
9.184554189244910e-05 -7.976381887621177e-06 3.465363028018848e-06 -9.199729284976099e-07
9.099757122998959e-05 -1.402823331652893e-05 3.093087067183568e-06 -2.905072125781276e-06
8.940298651750618e-05 -1.082607902694635e-05 2.496435064253549e-06 -1.846541239167332e-06
9.099655548963699e-05 -7.624436895710633e-06 3.037195422063364e-06 -9.004235412859736e-07
8.500996721768677e-05 -1.402406079202607e-05 3.350904892258612e-06 -9.027663014579950e-07
8.500708746921383e-05 -7.620436052705029e-06 3.285525483820592e-06 -2.296010451494014e-06
8.170863789323513e-05 -1.081994434746295e-05 3.727081319951955e-06 -1.487088905006805e-06
7.904188786104127e-05 -1.400808049474809e-05 2.682313324139448e-06 -3.462711575752859e-06
7.904314415176319e-05 -7.632942159366057e-06 2.700480617937726e-06 3.193842368530943e-07
7.607047708519494e-05 -1.082164401683316e-05 1.502028756983753e-06 -2.034390462580580e-06
7.309535627522097e-05 -1.400986124738637e-05 9.892169793730950e-07 -3.287180522594717e-06
7.309581951917713e-05 -7.634746848040368e-06 4.880025952529887e-07 -9.406825540109130e-07
7.012267101337280e-05 -1.082204620303506e-05 4.624739142833942e-07 -2.107908514553759e-06
6.716990192844462e-05 -1.397984427388434e-05 1.230730545642826e-06 -9.343141690542253e-07
6.716710383846420e-05 -7.658679247967954e-06 6.518960559600141e-07 -3.103836706078147e-06
6.422090244021464e-05 -1.081630852387500e-05 2.212251269744712e-06 -1.994844617568304e-06
6.128345900874828e-05 -1.395466785351794e-05 2.392156066051389e-06 -1.577852423143088e-06
6.128340078281414e-05 -7.674823526449502e-06 1.440685262394711e-06 -2.548942632209697e-06
5.835091810788398e-05 -1.081420956534208e-05 1.588753953021170e-06 -1.713377951508435e-06
5.544041932772659e-05 -1.392126623132993e-05 9.465718220547909e-07 -1.548693458322757e-06
5.543977998045473e-05 -7.708280853033787e-06 7.142033699457405e-07 -2.777715218062318e-06
5.254114234737754e-05 -1.081495014694792e-05 8.100224260204766e-07 -2.089400488333766e-06
4.966528920771177e-05 -1.388684875284732e-05 1.614308534910254e-06 -9.837383502481512e-07
4.966846251239196e-05 -7.747252837147082e-06 1.722030197208865e-06 -3.546244813503962e-06
4.680774088542844e-05 -1.081782416144541e-05 3.470609082328975e-06 -2.494701228026525e-06
4.397887833460839e-05 -1.384291431462747e-05 5.281639265297570e-06 -9.152842016479755e-07
4.397629512911238e-05 -7.789448910378748e-06 4.758001780829428e-06 -3.222651146637129e-06
4.115859073510719e-05 -1.081536270348695e-05 4.610295765572186e-06 -2.063776282748531e-06
3.836336644913419e-05 -1.380048150454531e-05 2.954082100105979e-06 -2.988613794635551e-06
3.836477428063330e-05 -7.832897841846169e-06 3.027780665324798e-06 -1.725147222367225e-06
3.558700587475338e-05 -1.081800618984290e-05 3.036494809580806e-06 -2.372986803396569e-06
3.285343215314219e-05 -1.373582823973458e-05 3.775940569490063e-06 -8.125873982435707e-07
3.285099411216506e-05 -7.900440200784457e-06 5.123766381064595e-06 -3.343506774056534e-06
3.024525926223217e-05 -1.081492863362699e-05 4.485052329865353e-06 -2.707612611003057e-06
2.767908020436332e-05 -1.365591299613444e-05 4.662121519553675e-06 -1.844880677983942e-06
2.768103910269762e-05 -7.977158128599284e-06 2.297605690179594e-06 -8.495708291561357e-07
2.576954326983660e-05 -1.103326535362770e-05 3.715649649014502e-06 -1.157067832768310e-06
2.386844293715561e-05 -1.358293098917393e-05 4.249874696959876e-06 -2.270765983900341e-06
2.386364862010595e-05 -8.054875476540389e-06 5.384106918539822e-06 -2.669485425957037e-06
2.116357775409778e-05 -1.352069789666653e-05 5.191070748935718e-06 -2.706672112858365e-06
2.167267749097216e-05 -1.174526371676310e-05 4.823440326275560e-06 -4.003949037916894e-06
2.115675626914151e-05 -8.095075215485805e-06 3.642785246770530e-06 7.650732988698706e-07
1.922341311454065e-05 -8.140105344164095e-06 3.219201088045906e-06 -1.041134401807378e-06
-2.933141836175836e-06 -7.363430957138135e-07 1.853499833534202e-05 -8.750849078646250e-08
-3.010664205971411e-06 -5.302169664042953e-07 5.038287126792981e-05 -3.656673776965382e-05
-2.954736025276495e-06 -1.070036750614326e-08 1.732245418777050e-05 -2.234393413419966e-06
-2.888282419841331e-06 8.498896345951762e-08 -2.924115340857599e-05 2.053456056154907e-05
1.922528046638846e-05 -1.347436311561129e-05 5.847477142226977e-06 -2.019229276057639e-06
1.750473171968512e-05 -1.332862150209069e-05 3.831950992447048e-06 -2.434293068157082e-06
1.881772266466563e-05 -1.014333471199094e-05 2.102312096574533e-06 -7.327970962422770e-07
1.748516705951442e-05 -8.044613185840726e-06 5.164348850514525e-06 -3.751720876972686e-06
-2.752298954974831e-06 -8.213621640713729e-07 -7.608376675809928e-05 2.829078508578809e-05
-2.568449583804639e-06 -2.940080838605903e-07 3.663094149576546e-05 -8.018022001023602e-06
-2.762941928731096e-06 1.234044968718149e-07 -7.274734637109875e-05 2.379843595467934e-05
1.694441194827180e-05 -1.169338726453558e-05 3.727124277387674e-06 6.465238587887425e-07
1.583157765832360e-05 -1.298018509340381e-05 1.443441277808468e-06 -2.965635667787112e-06
1.424087931291811e-05 -1.247012122609144e-05 2.406764952424919e-06 -3.934436224751442e-06
1.642642781932618e-05 -9.480216585618175e-06 5.834440057528628e-06 -2.659334808782076e-06
1.584507666098131e-05 -7.680913207137249e-06 4.991112517121054e-06 -8.795552317726846e-07
-1.820212768262907e-06 -7.887927293676613e-07 1.920185089890231e-06 -9.957520181187829e-06
-1.818343260095885e-06 1.850611875014612e-07 -1.726435964236677e-05 -1.874436011126581e-06
-1.329976890723280e-06 -3.143166525161865e-07 1.701564364520533e-05 3.147088280501328e-05
1.275455777694150e-05 -1.177953450292236e-05 2.235050653896339e-06 -5.206086689769808e-06
1.402034649095182e-05 -1.080898710313299e-05 3.245013819170937e-06 -3.007464478142535e-06
1.456392087349319e-05 -8.752190912721863e-06 3.682262126554255e-06 -8.873550161984538e-07
1.433560548423404e-05 -7.059906891740403e-06 3.922542689836076e-06 2.363817738428328e-06
-7.752917769516679e-07 -8.891633685590731e-07 -1.263127627713264e-05 -2.236029819653734e-05
-7.736765025953762e-07 2.549486761502984e-07 4.901603757835619e-07 -1.894741511563048e-05
-1.649877893410966e-07 -2.959414218332945e-07 5.765947191031187e-06 3.461149979963879e-05
1.137204960732801e-05 -1.094389072963301e-05 1.695282159642551e-06 -5.507424124123396e-06
1.013258112228236e-05 -9.985752192216454e-06 5.805035597638681e-06 -1.412973204357117e-06
1.266537818759515e-05 -8.433383432869423e-06 8.941524747397582e-07 -1.184613900578557e-06
1.299656956048142e-05 -6.205509233846005e-06 5.528998882322719e-06 -9.483421312811059e-07
5.278139880812306e-07 -1.072629126022358e-06 -3.197902675649660e-06 -1.096533266960393e-05
5.284039374635389e-07 4.507795428672166e-07 -3.998639267982451e-06 -2.190660008235488e-05
1.044495302609879e-05 -8.531759310143570e-06 3.872118954657644e-06 7.363895522501253e-08
9.043548039516427e-06 -8.901338135152648e-06 4.350070353265993e-06 2.710151988183008e-06
1.095940118719068e-05 -6.919467716769201e-06 2.152144052487984e-06 -3.054742499202573e-06
1.186610460135897e-05 -5.176084827412500e-06 -6.010114060213035e-09 7.784837261512957e-07
1.302487175274702e-06 -3.117607397725202e-07 9.280234800037958e-06 2.233667744777220e-05
2.208713413171263e-06 -1.325403906931122e-06 -9.065122240460115e-06 -1.085430256402080e-05
2.216940480383621e-06 7.413797237551176e-07 2.073229362055136e-07 -6.711316269331115e-06
8.090022404536379e-06 -7.723162082074464e-06 2.178911000643277e-06 8.267726519150635e-07
7.307829456086530e-06 -6.497908298006578e-06 2.686964755927520e-06 -2.091451886200780e-06
6.693500956582264e-06 -5.206404904725112e-06 4.999977543267091e-06 -3.605359513280541e-06
9.902978987411982e-06 -5.484559353061706e-06 4.298350762961292e-06 -2.384057509531638e-06
1.096123022267964e-05 -4.013369218550027e-06 -8.166507575142732e-08 -2.256768806135943e-06
2.947530317218919e-06 -2.982787461406241e-07 -4.092615206127483e-06 -4.992363212701913e-06
3.840876233840342e-06 -1.590471951432592e-06 1.331063601325227e-05 1.861183512407751e-05
3.830376242843474e-06 1.024605442885741e-06 7.883075764854711e-06 9.912386080309857e-06
8.003207121085570e-06 -5.200836970494070e-06 6.151197243670064e-07 -5.321874749236312e-06
6.234127786777393e-06 -3.877729905525519e-06 6.756253637398041e-06 1.023387337756243e-06
5.307407747497311e-06 -1.833467471251311e-06 -9.874426900899720e-07 7.458318746523364e-06
5.740751745373285e-06 -2.068198065791878e-06 9.023744202284190e-06 -3.019574409546789e-06
5.968602813013227e-06 -2.536890228152022e-06 1.495982501466454e-05 -8.869948218021674e-06
9.173023474831549e-06 -3.844953329640269e-06 7.320108304274223e-06 -1.055931537601091e-06
1.028349359076424e-05 -2.789030902336475e-06 -1.720131910652810e-06 -4.422152500154090e-06
4.636711867698413e-06 -4.823360945190315e-07 -1.540891584233901e-06 -6.894570351450773e-06
5.323191777671297e-06 1.200844344263837e-06 -2.193000101598491e-06 1.128638756044205e-05
7.143447735267203e-06 -2.938864413723137e-06 -3.016529746152506e-06 -2.868611440795724e-06
5.767251185733203e-06 -1.136609329871388e-06 1.708814553941853e-06 9.817117028325340e-07
6.282957809292227e-06 -1.902095425705618e-06 1.034096206284788e-05 -6.670616197221854e-06
8.646333565285602e-06 -2.400802801330854e-06 3.586260958933279e-06 3.316143746228383e-06
9.856682060234733e-06 -1.539529176451467e-06 -3.641892994680131e-06 -1.091452502707987e-05
5.795997052772873e-06 3.401840583393102e-07 2.569325786675183e-06 1.858705321680807e-06
5.756940728840552e-06 1.415915993266144e-06 1.175696058666226e-06 3.861511708840927e-06
7.420781255291858e-06 -8.229355470970619e-07 3.781599120994382e-06 6.557964113838134e-06
9.719768269361241e-06 -3.010571541379767e-07 3.555527123001945e-06 -7.309605997625013e-06
9.829599976597086e-06 9.251045662043314e-07 9.116830617384442e-06 -2.894696616360845e-07
6.673043557460148e-06 1.134464947899426e-06 -2.696290651123052e-06 -2.209519925594176e-06
6.014278564726705e-06 1.884410285958758e-06 2.542638689239586e-06 -3.888498578634487e-06
6.319349595853700e-06 3.189295531579572e-06 9.288893310696939e-06 -1.528455099369265e-06
8.616801768058043e-06 1.087502180576036e-06 5.245638030169715e-07 2.329043852384912e-06
6.762542639487058e-06 4.453343279938755e-06 4.655831473994054e-06 7.086339780581832e-07
1.018839959203566e-05 2.156118709051061e-06 7.310138477588334e-06 -4.117555604494559e-06
7.471906587883185e-06 3.240180814435604e-06 1.481952201993636e-06 2.740218818465974e-06
9.209126954895360e-06 3.331587027474610e-06 -2.688800768547453e-06 2.715934704770286e-06
7.363077859982426e-06 5.656907621432483e-06 -9.080733350650181e-06 -2.134325631733437e-06
1.079635499453132e-05 3.340930078061194e-06 2.146335097600536e-06 -7.981826442538975e-06
1.030206282094749e-05 4.506997819727358e-06 5.582340510413898e-07 2.487197642962729e-06
9.106568316949681e-06 5.244128386582489e-06 7.663472702350542e-06 -2.490922683053448e-07
8.119298503267844e-06 6.800134187148067e-06 6.507685409233493e-06 6.677731913970233e-06
9.006017637146177e-06 7.875139567294741e-06 3.921922917589327e-06 1.067603147270969e-06
1.162800349794955e-05 4.435215955147256e-06 4.871516673598235e-06 2.351795361923684e-06
1.103181184715857e-05 5.821271729848168e-06 3.713082035028298e-06 1.077604557356947e-06
1.031868610120648e-05 7.452361797521302e-06 2.791617371440585e-06 8.751519362055530e-07
1.001622039583840e-05 8.858064118488566e-06 -5.694881425646321e-07 3.095145951645438e-06
1.265348536621262e-05 5.389206149323053e-06 2.144100395478834e-06 7.834318873167444e-07
1.234537428343165e-05 7.441742168620087e-06 4.469750257405950e-06 5.915622896025185e-06
1.116380924797012e-05 9.719884811733250e-06 2.560558530662416e-06 6.135524826393820e-06
1.242122428009780e-05 1.046316713230504e-05 3.159942924293976e-06 6.196061157055465e-07
1.376273728374173e-05 1.107149230418489e-05 5.804230644221929e-06 1.242739898524752e-06
1.387332218394052e-05 7.885861734640151e-06 3.595386648070948e-06 3.622606122716770e-06
1.386055802097509e-05 6.181074830148486e-06 4.454300065672322e-06 1.485187430258626e-06
1.356992345909484e-05 9.586268693845923e-06 4.246846521240375e-06 1.671347301216527e-06
1.518167492782425e-05 1.151824419884205e-05 5.276735347703097e-06 4.553733350004701e-06
1.666419460200150e-05 1.180334514419933e-05 5.430309184552022e-06 5.932839724066143e-06
1.509529704650619e-05 8.266685027711722e-06 3.943585502812374e-06 2.977413381355290e-06
1.521331368484669e-05 6.769963562492997e-06 4.036609994989066e-06 -1.157211385462069e-06
1.818399503819321e-05 1.191610532867144e-05 5.485265875976405e-06 5.094941963584458e-06
1.648385019800472e-05 9.663605452129855e-06 5.210223717221843e-06 4.237424482419259e-06
1.666272178418039e-05 7.118330421684617e-06 6.625096998948386e-06 1.441507536820650e-06
1.852119471343302e-05 9.892477435522540e-06 4.323131862495403e-06 4.142160140980572e-06
1.988988856930749e-05 1.194775263635044e-05 3.789441282804080e-06 5.745831520470352e-06
1.818115491650023e-05 7.221756384047034e-06 4.829402583856457e-06 2.305378958712278e-06
2.225834835270751e-05 1.197980624587529e-05 7.747113798443452e-06 5.122298139228767e-06
2.037493132478976e-05 8.734745276459710e-06 7.325882878826195e-06 3.215632273619059e-06
1.988826476503031e-05 7.188794430949410e-06 7.165946761050687e-06 2.509800215954968e-06
2.558046367441779e-05 1.203091707726613e-05 8.969814442709558e-06 3.938480012229950e-06
2.392098550542564e-05 9.374246062047550e-06 8.645710041637820e-06 2.910474289895894e-06
2.225612163572589e-05 7.144230752905116e-06 8.381514056236856e-06 2.357416567215378e-06
3.005574644129921e-05 1.208080185802036e-05 1.243141709009991e-05 3.510327160149647e-06
2.780449127686462e-05 9.562321304000117e-06 1.058077208268897e-05 3.388926419588416e-06
2.558260263502023e-05 7.094020255522298e-06 9.459457800984869e-06 1.868274889426199e-06
3.479545126090755e-05 1.212931120024165e-05 1.442047465965309e-05 3.520542539611408e-06
3.241011553415816e-05 9.565317411671107e-06 1.312343790888059e-05 4.017167397413336e-06
3.005088886124287e-05 7.045139434078454e-06 1.071459376377905e-05 4.715237670355332e-06
3.964135390726683e-05 1.217592871730629e-05 1.734642657453859e-05 4.962277583113709e-06
3.720323884681203e-05 9.559614721703759e-06 1.634647602306988e-05 2.530281074847470e-06
3.480145694850538e-05 6.995053281002272e-06 1.586538101672024e-05 2.295334192029540e-06
4.457243888830578e-05 1.222058085004518e-05 1.980442303076742e-05 8.208266228915659e-06
4.209189114043630e-05 9.562388773100627e-06 1.748316067235164e-05 3.931326519577959e-06
3.963759640593159e-05 6.946746823012351e-06 1.672954958778639e-05 9.299403222701397e-07
4.957447274205355e-05 1.225289176917286e-05 2.471247910094987e-05 4.022536251122281e-06
4.706392917827425e-05 9.560579750333396e-06 2.309234669681854e-05 3.503639811258388e-06
4.457327252334011e-05 6.902106561491323e-06 1.985637317136221e-05 -3.954774603383091e-07
5.464281465509636e-05 1.228847006848328e-05 2.463618859755347e-05 3.755520209794152e-06
5.209740139950419e-05 9.562180856751742e-06 2.486397695117481e-05 3.904334357167722e-06
4.957479060686904e-05 6.869861329352905e-06 2.417981815327249e-05 2.810230242381679e-06
5.976051558435490e-05 1.231997368946625e-05 2.975486772338820e-05 6.998328488054010e-06
5.719365922847105e-05 9.565535908909540e-06 2.631175464704110e-05 3.144132761849459e-06
5.464123568346854e-05 6.839683388103861e-06 2.541413085467810e-05 3.910133957349512e-06
6.491380268702626e-05 1.233797039499191e-05 3.134081672371385e-05 2.761217314613909e-06
6.233154934939727e-05 9.567592480322175e-06 3.160327901012635e-05 2.855576744625960e-06
5.975909569059228e-05 6.813512290886604e-06 2.967651576679804e-05 -1.275771385721809e-06
7.009335921931375e-05 1.233909341386936e-05 3.618233884761255e-05 3.716838572567700e-06
6.750226070559069e-05 9.562843964884601e-06 3.296723520697506e-05 3.712053558437465e-06
6.491651747161558e-05 6.793338415332552e-06 3.090754480694552e-05 3.774295556998345e-06
8.122023890376606e-05 1.203103197077343e-05 4.277032982703501e-05 4.864540473102017e-06
8.048500625441837e-05 1.233618211465102e-05 4.228715848015720e-05 5.068364384988033e-06
7.242068720225268e-05 9.560163095864129e-06 3.713115176774247e-05 3.595773442351163e-06
7.529595568884958e-05 1.234276789981820e-05 3.662006087425939e-05 5.069342143853514e-06
7.009403179179637e-05 6.783015447617702e-06 3.640473172718573e-05 3.788328016996706e-06
8.152471532197585e-05 1.129496537776498e-05 4.298056953732591e-05 4.416196356112519e-06
7.978562182227659e-05 9.561442818704423e-06 4.163802865248335e-05 3.641062694386824e-06
7.529532385689263e-05 6.778343709579775e-06 3.656458133128939e-05 1.961780127917698e-06
8.152472622542824e-05 7.827974861909979e-06 4.296547717596495e-05 2.920418605861996e-06
8.048485199967514e-05 6.786510782147330e-06 4.224176902757652e-05 2.227417242639193e-06
8.122020547242557e-05 7.091744710201340e-06 4.274657578299215e-05 2.445650134191748e-06
