6.015574906568872e-05 -9.788180016535183e-06 -9.550105130894257e-06 4.895549809109623e-06
6.036390071892627e-05 -9.286135678732469e-06 -9.827479865503259e-06 4.686363946510560e-06
6.036274211493877e-05 -6.917987116077113e-06 -9.221888492799670e-06 3.069698508865736e-06
6.015446339867939e-05 -6.415640194379381e-06 -8.882857057441194e-06 2.749378127382918e-06
5.965328984688147e-05 -9.996005806600484e-06 -8.955039113630369e-06 4.875314027601251e-06
5.870940862622883e-05 -8.100898346735617e-06 -7.450744512532004e-06 3.431545259455341e-06
5.965177876104486e-05 -6.207598065577102e-06 -8.193701230288169e-06 2.688673043175390e-06
5.611325349045139e-05 -9.991859914739255e-06 -7.479364466132777e-06 1.263238209423503e-06
5.611180124876920e-05 -6.204307310312497e-06 -6.648330110839395e-06 2.944492216745099e-06
5.415376644126524e-05 -8.098098265029930e-06 -8.620935477694009e-06 1.391118458960793e-06
5.256112286534549e-05 -1.000320366118697e-05 -7.067397740454417e-06 3.918215526578057e-06
5.256378115082244e-05 -6.198192461168181e-06 -7.740015485494958e-06 -6.082451834246637e-08
5.078936131610052e-05 -8.103543389724281e-06 -6.209167801086412e-06 2.343592442105084e-06
4.901571275100717e-05 -1.001224414569041e-05 -7.937170121685557e-06 1.033425160610213e-06
4.901375880204886e-05 -6.194549030698453e-06 -7.996124427623313e-06 4.458520473521294e-06
4.723610552355619e-05 -8.103051064314701e-06 -9.349898097983443e-06 2.256094388226792e-06
4.545048560760902e-05 -1.001829491904137e-05 -7.397353190152559e-06 3.211906229534581e-06
4.544988282444480e-05 -6.185857683280784e-06 -8.086565292774162e-06 1.042573151045306e-06
4.365735302788871e-05 -8.101647121765566e-06 -6.494277714961938e-06 2.249512491641895e-06
4.185949076185623e-05 -1.002578760186080e-05 -6.466521263271534e-06 1.629912182669637e-06
4.185507023411916e-05 -6.172299562650894e-06 -6.699739068541086e-06 2.104560829256698e-06
4.005164233433018e-05 -8.096895386448945e-06 -6.654552094176161e-06 1.890835083599992e-06
3.823494799358543e-05 -1.004232922543984e-05 -5.794235979492577e-06 3.177783830658960e-06
3.823694646223290e-05 -6.153049231532663e-06 -5.513296520294027e-06 2.060764414221572e-07
3.641945528403169e-05 -8.097414023828456e-06 -5.267530264956258e-06 1.606171357022966e-06
3.460840924962702e-05 -1.003667600778695e-05 -4.855444522122620e-06 3.114872687255601e-06
3.460611952033306e-05 -6.154330265491496e-06 -6.125097400852231e-06 5.149428818780715e-07
3.279625634593542e-05 -8.095401188521082e-06 -6.189980695901695e-06 2.090564191164518e-06
3.098692168786845e-05 -1.003163553302506e-05 -6.545041950722410e-06 2.599218114711566e-06
3.098797585508837e-05 -6.160931865538161e-06 -6.317736941621675e-06 1.585954230570676e-06
2.918252613707103e-05 -8.096305088801875e-06 -5.256380214795230e-06 3.298443099389648e-06
2.738883896761384e-05 -1.001624132355708e-05 -4.411902741364469e-06 3.483662299937218e-06
2.738668658549864e-05 -6.174042291552239e-06 -3.941811236227819e-06 2.443469655354494e-06
2.559793213921203e-05 -8.094165482319790e-06 -4.328421189213822e-06 2.940590936342245e-06
2.382094452745942e-05 -9.989845341527284e-06 -4.876630121404941e-06 1.967021005365402e-06
2.382559668414692e-05 -6.202395415340239e-06 -3.816172220288386e-06 2.060968998211695e-06
2.212687478572399e-05 -8.095315425904725e-06 -4.256944768273693e-06 9.707538791579062e-07
2.044668857170909e-05 -9.962969953115228e-06 -4.377664279409009e-06 1.745041288320647e-06
2.043989581229306e-05 -6.226750796535142e-06 -5.997535038924483e-06 2.071053155095236e-06
1.918460561303869e-05 -8.239347468114079e-06 -4.961152919688774e-06 2.895404393266776e-06
1.791425062271580e-05 -9.939648343554258e-06 -3.999071797846058e-06 1.916920990902237e-06
1.791639020976996e-05 -6.249908108133596e-06 -4.389718611501638e-06 2.449200552154869e-06
1.610505751433665e-05 -9.920574100662432e-06 -3.244605696312099e-06 1.800012632462333e-06
1.645247793431095e-05 -8.721101685705768e-06 -3.222201760744416e-06 1.339500376868464e-06
1.609699097761354e-05 -6.270363794619918e-06 -4.632926101633334e-06 6.195297383767920e-07
1.479607773891317e-05 -6.283977383934640e-06 -5.518617883567621e-06 4.825005245561949e-06
-2.508536905758724e-06 -4.181477446065825e-07 -3.949302125981161e-05 5.419756288615616e-06
-2.530711833896107e-06 -2.721862852757052e-07 -8.927737490601641e-06 -2.006180088802761e-05
-2.495647444201944e-06 1.290551848861867e-07 6.931023556664095e-07 4.264994780020707e-05
-2.467986653208183e-06 2.850627973602676e-07 -3.386004620217634e-05 -1.126797050383103e-05
1.480073942305989e-05 -9.912537176274209e-06 -4.410719912147831e-06 1.832155972873850e-06
1.362377656414245e-05 -9.835860481553781e-06 -2.250814681581511e-06 3.189190478759993e-06
1.453234873312032e-05 -7.645410308774033e-06 -3.481117470669561e-06 1.993998429396430e-06
1.361989086656859e-05 -6.190527677624635e-06 -2.517505629114393e-06 6.333360967899020e-06
-2.434803300437879e-06 -4.902657682608160e-07 -3.883452728278578e-05 -1.676116452590964e-06
-2.191056482767671e-06 -8.652912009236977e-08 4.917746888236064e-05 2.351661471522985e-05
-2.381566859164517e-06 3.636472691430758e-07 -6.494941695921942e-05 -5.270285614024346e-05
1.324746163705232e-05 -8.720255000668975e-06 -1.758837689349194e-06 3.004442623361019e-06
1.246293319977949e-05 -9.624005579890819e-06 -2.702781243840967e-06 3.220565662913813e-06
1.134144818764416e-05 -9.282835430010448e-06 -2.994832252672224e-06 2.821075940988440e-06
1.289264856935705e-05 -7.176843674039082e-06 -1.771421557289697e-06 4.215208841418758e-06
1.248336275385836e-05 -5.909833873796717e-06 1.696790106518099e-07 -1.623383399239334e-06
-1.572867721354177e-06 -4.670236216403581e-07 -2.156257505963138e-05 -2.531503564189523e-05
-1.573746922873965e-06 3.140270503737981e-07 1.311662725715878e-06 2.578502424309984e-06
-1.140521820548814e-06 -9.936015726760840e-08 1.189340424421517e-05 2.892987409707175e-05
1.028736974799371e-05 -8.813128593645765e-06 -2.404230238904521e-06 1.756941165373402e-06
1.119147353561071e-05 -8.122102951537960e-06 -2.134328371900120e-06 3.232972711219110e-06
1.158077191324782e-05 -6.662351540693395e-06 -1.908559740225173e-06 5.161234621112038e-08
1.142492728434646e-05 -5.453333499734673e-06 -4.111078730239422e-06 2.470318492842284e-07
-6.995466265180992e-07 -5.529809207268308e-07 5.041088228375479e-06 -1.636778728468428e-05
-7.118302579130298e-07 4.313250860968415e-07 -1.707614187387158e-05 -1.900984372206963e-05
-1.866925012972229e-07 -9.340694074638638e-08 1.114783086524162e-05 3.832654636415204e-05
9.300397679924573e-06 -8.234562296138284e-06 -2.538955713823814e-06 9.520874354401820e-07
8.396719051022736e-06 -7.565625183006052e-06 -2.431009952214746e-06 -3.159075211901552e-07
1.023730294692357e-05 -6.438413383917904e-06 -3.768974723903431e-06 4.232624576040481e-06
1.048466206726068e-05 -4.817578469630607e-06 -9.667478939099706e-07 1.682797063741050e-06
4.171417449009130e-07 -7.130064101793090e-07 -1.145338488138626e-05 -1.744418420987754e-05
4.104613033604207e-07 5.643252896393887e-07 2.554992004965096e-06 -1.862411104715244e-05
8.629606235737641e-06 -6.523663592319214e-06 -3.127780967650593e-06 8.363809009665744e-07
7.581335298868785e-06 -6.803042547217575e-06 -1.975875142449796e-06 2.083476383538031e-07
9.018297066960395e-06 -5.339194258252928e-06 -5.543095129391534e-06 1.010147543131388e-06
9.698328227440920e-06 -4.048187060324690e-06 -1.138385634590897e-06 3.477337737757079e-07
1.057268651021863e-06 -8.209769218608334e-08 5.988069592923723e-06 1.886707575615638e-05
1.824006312300679e-06 -9.482237379285494e-07 -3.469333114805128e-06 4.873286969113463e-06
1.829889081625946e-06 7.968401904148346e-07 -3.166957647877105e-06 2.979813208763451e-06
6.857887989111570e-06 -5.958175905874247e-06 -1.864235724055679e-06 4.293993384797841e-06
6.232148580568643e-06 -5.036029113594022e-06 -1.911954823118233e-06 2.790822999154017e-06
5.723173497162792e-06 -4.054942330503609e-06 -4.192338372749866e-06 1.020697527360303e-07
8.224176082365857e-06 -4.273994957028837e-06 -5.871966751907936e-06 7.534182495966101e-07
9.044083337616793e-06 -3.143666616439703e-06 -3.265037569429683e-06 -3.944720887163014e-08
2.458700476009312e-06 -8.357286642036561e-08 -5.077356125160235e-06 -5.771774803508904e-06
3.206691642876890e-06 -1.178645272196816e-06 1.019044233968252e-05 3.573221822972098e-06
3.211225334823082e-06 1.024273312804533e-06 5.418135129293689e-06 4.556420379919401e-06
6.761177307573417e-06 -4.055280923997210e-06 -1.781823638023067e-06 1.117000581006764e-06
5.330452137482724e-06 -3.033937651567608e-06 -4.553705888472779e-06 -2.279905791173573e-06
4.488765612027215e-06 -1.376276835155668e-06 -2.722842012804874e-06 7.400409644962933e-07
4.847929946588844e-06 -1.556739164770638e-06 2.726263159554228e-06 -6.081717217088380e-06
5.046788491924369e-06 -1.936729160221757e-06 5.665160755173601e-06 -8.800329210618649e-06
7.666130460464044e-06 -3.012695901075825e-06 -3.775215758860453e-07 1.246328554953962e-06
8.563550848228601e-06 -2.164135973623735e-06 -3.209524221432036e-06 -4.533651662124456e-06
3.895302955313265e-06 -2.276632023655574e-07 -4.107547465063979e-06 4.665943462725442e-06
4.451826103910946e-06 1.193552550094080e-06 -4.927247974874406e-06 1.618219729097901e-07
6.060560512160146e-06 -2.289002544350556e-06 -1.796942506292920e-06 3.657939990164953e-07
4.871084824560798e-06 -7.977949228986157e-07 -2.728165805745692e-06 3.674898724114704e-06
5.301117599116016e-06 -1.418701161961309e-06 5.570341894033467e-06 -6.081792408076143e-06
7.265119533223018e-06 -1.864894677171228e-06 -4.359558577392226e-06 3.679356457959197e-06
8.277303925873479e-06 -1.133894699953920e-06 -3.955765321597845e-06 -1.434410190269424e-06
4.874409405710568e-06 4.523411067148051e-07 -4.714922029567060e-06 1.765475520872698e-06
4.806443670369973e-06 1.381220118795979e-06 5.361584674911904e-06 -7.303350063173571e-06
6.254367734103561e-06 -5.589039169972124e-07 -2.118954347837686e-06 2.014613247930234e-06
8.185617252965249e-06 -9.697132887416332e-08 4.195722416144983e-06 -2.631437283735962e-06
8.333909303668343e-06 9.482504870601323e-07 -3.485328213775131e-06 -4.718048073209435e-06
5.599844537174336e-06 1.121912198481926e-06 -5.067429386087190e-06 -7.584261992584495e-06
5.001977595568932e-06 1.794598562349595e-06 1.403798143593162e-05 -1.042161588606084e-05
5.226570753029375e-06 2.960940685757701e-06 1.753718616973053e-05 -1.188420884464083e-06
7.271994696202856e-06 1.065405960839864e-06 6.830726411765339e-07 -3.161472041019265e-06
5.594789481937962e-06 4.130282193135721e-06 4.604257088980820e-06 -3.513628706022456e-06
8.714763518568421e-06 2.023250117618633e-06 -1.310556172094337e-05 3.953481734196625e-07
6.258762842519817e-06 2.989687056379699e-06 -6.564365084039441e-06 5.493021918970151e-06
7.834530265731876e-06 3.073455410440526e-06 2.529167589423018e-06 -2.858652695459535e-06
6.132193099439175e-06 5.262504620846211e-06 -1.154671211679094e-05 -1.028396494387018e-05
9.324312109815817e-06 3.088146476796364e-06 -1.108133556955696e-05 -5.856880352505716e-06
8.868754492765833e-06 4.156841372608122e-06 2.075460200073057e-06 -5.990737592304656e-06
7.722353037861264e-06 4.855925420260064e-06 -1.660203570922121e-08 2.542567256407917e-06
6.781511183072175e-06 6.360840422076349e-06 5.954208166562385e-06 -1.241151394596721e-05
7.625472502050409e-06 7.449683779445572e-06 -9.488305444651830e-08 -2.901467541430528e-06
1.016301073159189e-05 4.080218031724916e-06 -8.373101597043942e-06 -2.522067829170766e-06
9.590317824655326e-06 5.421047538152903e-06 -4.274121969362999e-08 1.529549014826012e-06
8.897579695867836e-06 7.032493932409580e-06 -5.614313039269484e-06 1.607433444685911e-06
8.602401010638080e-06 8.444898244899181e-06 -8.431658205290630e-06 -4.419034082522218e-07
1.122188184596190e-05 4.989849039205540e-06 -1.325102146322918e-05 -1.784760976204132e-06
1.091731303389515e-05 7.019868026135431e-06 -1.671347429528436e-06 -1.528878912293212e-06
9.729223263525078e-06 9.322661709769936e-06 -6.271853844292644e-07 -3.819399615524367e-06
1.098931494547934e-05 1.010609981583513e-05 -3.862871826279557e-06 -6.508414718462603e-06
1.235383610817897e-05 1.076464380758660e-05 -6.490934577745152e-06 -3.454188673559836e-06
1.246394923617568e-05 7.466723623813026e-06 -3.209569044319081e-06 -1.985655880578788e-06
1.245311061925547e-05 5.755273978168800e-06 -5.478066825691894e-06 -4.589879934937033e-06
1.214749523977172e-05 9.211102237207226e-06 -5.632328973362131e-06 -4.078348771399377e-06
1.383334224997800e-05 1.124936387497912e-05 -4.664917282364434e-06 -2.948299406270951e-06
1.538750189735295e-05 1.157994938922939e-05 -4.502313773570375e-06 -5.762429882213803e-06
1.371989572733860e-05 7.854458056953548e-06 -6.214123879643707e-06 -1.127776464867818e-06
1.384307443817579e-05 6.318106825599395e-06 -5.646937340558727e-06 -2.228494804837672e-06
1.698680237163221e-05 1.173240072599166e-05 -7.767217435126079e-06 -5.879423082671347e-06
1.517842784648186e-05 9.320486306270546e-06 -6.145265476755010e-06 -3.286375167477731e-06
1.536595179443744e-05 6.641299268859416e-06 -8.036600899289341e-06 -1.236265320563471e-06
1.734484562790870e-05 9.573057634525207e-06 -7.786601261748329e-06 -3.867351920845002e-06
1.882176837699215e-05 1.178904946152026e-05 -8.396399595251733e-06 -2.844180775397876e-06
1.697823856005800e-05 6.729204484999698e-06 -7.625751527122369e-06 -3.345473479103578e-06
2.138816555557622e-05 1.184161813679487e-05 -1.110549323464137e-05 -7.337314147965626e-06
1.933885457528355e-05 8.330931122889691e-06 -6.427017928760007e-06 -1.613022907098564e-06
1.881865297899778e-05 6.671112857546648e-06 -6.486027064445184e-06 -2.489769258693736e-06
2.503167890746528e-05 1.194387296431749e-05 -1.197140584687755e-05 -4.533632082162811e-06
2.320104240710078e-05 9.021949102069887e-06 -1.151209757037492e-05 -4.933157322525579e-06
2.138898992221712e-05 6.600197076144315e-06 -8.296275247837812e-06 -2.388132860010736e-06
3.002104020729738e-05 1.204673935422515e-05 -1.504365641197792e-05 -4.461755189465828e-06
2.749746314811307e-05 9.225488102955000e-06 -1.338195297008662e-05 -3.882640344075540e-06
2.503266647063347e-05 6.506175879113244e-06 -1.181473465620091e-05 -2.777615664080084e-06
3.536244912897954e-05 1.212200868933062e-05 -1.745275605677145e-05 -2.841055640142451e-06
3.266941100264119e-05 9.225301478644423e-06 -1.688997696461489e-05 -3.254249706036069e-06
3.002041401265454e-05 6.401192061261831e-06 -1.505895415174268e-05 -1.746498611227294e-06
4.083571122830985e-05 1.219145300186489e-05 -1.938915511874405e-05 -5.711786891542879e-06
3.807669178074479e-05 9.233680616469112e-06 -1.772057103989193e-05 -2.995599999089616e-06
3.535840561031402e-05 6.336650188941393e-06 -1.797365896370506e-05 -3.035464954876610e-06
4.641606274560249e-05 1.224081644266195e-05 -2.313814967255946e-05 -6.034803111352771e-06
4.361250111657593e-05 9.232768865202829e-06 -2.129415708495259e-05 -3.535853249529283e-06
4.083761353049537e-05 6.275097101986254e-06 -1.900328392613717e-05 -6.377414832490862e-07
5.205640710072007e-05 1.226291978783608e-05 -2.551541606519719e-05 -5.947681031207764e-06
4.922877539040446e-05 9.231098087785378e-06 -2.406474389344301e-05 -3.624171883451028e-06
4.641679485323404e-05 6.223993261778836e-06 -2.246569269631691e-05 -1.599368030159268e-06
5.774611214882768e-05 1.229165943818217e-05 -2.657954190199704e-05 -2.757895894215869e-06
5.489140774539405e-05 9.234713418063766e-06 -2.703830715684920e-05 -3.455310030101342e-06
5.205400968677776e-05 6.201631294065485e-06 -2.606433040875509e-05 -3.601763256843552e-07
6.347098688457736e-05 1.230772618528030e-05 -3.168791891026840e-05 -5.540387718481439e-06
6.060541136548794e-05 9.239279264213944e-06 -2.805524064780705e-05 -3.154252418265793e-06
5.774423151657994e-05 6.183241254168786e-06 -2.705724935201805e-05 -3.905949128478093e-06
6.921164760901752e-05 1.230684909050092e-05 -3.242391477784622e-05 -5.139430985783185e-06
6.634096111364571e-05 9.231163268382231e-06 -3.257960790482853e-05 -3.930722184045206e-06
6.347605167625159e-05 6.163909768048620e-06 -3.054619365196647e-05 -1.236474920544399e-06
7.495316635011318e-05 1.230926221488850e-05 -3.814377174001990e-05 -5.623724062225012e-06
7.208212398968830e-05 9.231949579127645e-06 -3.448965727420965e-05 -3.583943692954665e-06
6.920944728119508e-05 6.153479193113468e-06 -3.299227420002847e-05 -2.397738609542802e-06
8.723555324651292e-05 1.196301540056177e-05 -4.530803596345448e-05 -6.716846820512380e-06
8.642204708015552e-05 1.230033825567469e-05 -4.408652767401638e-05 -6.937016232956503e-06
7.752257323042218e-05 9.234327787311727e-06 -4.047865380732197e-05 -3.369957603008439e-06
8.068660270916249e-05 1.230652293688745e-05 -4.044168133963506e-05 -3.883347671752996e-06
7.495285888494400e-05 6.158084186413586e-06 -3.822620116911976e-05 -1.589110782571959e-06
8.757249190147597e-05 1.114907826290123e-05 -4.585416933800595e-05 -5.894948589667077e-06
8.564809968206848e-05 9.232280919959995e-06 -4.269646936088228e-05 -3.205852867796342e-06
8.068727978335068e-05 6.160539507178461e-06 -4.043420226010164e-05 -2.593875324115342e-06
8.757244540926304e-05 7.315428162494568e-06 -4.614648948591982e-05 -3.597774548321372e-07
8.642216090617301e-05 6.164443756617796e-06 -4.433682538259449e-05 7.815023917901733e-07
8.723554736526118e-05 6.501670370578276e-06 -4.560083210669405e-05 5.343065145075749e-07
