-1.214235901508152e-04 1.700384602857066e-05 -2.754518624084441e-05 2.017499201961055e-06
-1.218926222905564e-04 1.587140165809430e-05 -2.767481477049819e-05 1.676899971065146e-06
-1.218936433223988e-04 1.053292617436405e-05 -2.790534419046115e-05 -5.116105937092823e-07
-1.214247518650080e-04 9.400823686835357e-06 -2.778190870947923e-05 -8.695456890788793e-07
-1.202912482691218e-04 1.747293623271353e-05 -2.723036647638458e-05 2.168420358509996e-06
-1.181687377088155e-04 1.320304826073651e-05 -2.635048201009863e-05 7.695645181583065e-07
-1.202926790593382e-04 8.931946521864528e-06 -2.745598411890331e-05 -1.015040302098866e-06
-1.123234776333636e-04 1.747250717900671e-05 -2.368008812314258e-05 2.631550438583675e-06
-1.123250927753992e-04 8.938445042468699e-06 -2.377022726093519e-05 -1.668679104328341e-07
-1.079288300433254e-04 1.320590776617059e-05 -2.283889029379134e-05 1.518992341837730e-06
-1.043672473627498e-04 1.746289723356690e-05 -2.200897791272775e-05 3.965349465664818e-06
-1.043638920953622e-04 8.945426291369053e-06 -2.210878275326978e-05 -1.198330149377302e-06
-1.003835730848106e-04 1.320081890257998e-05 -2.153427706794549e-05 1.510270060469310e-06
-9.639434496348775e-05 1.746545939982851e-05 -1.958343700072523e-05 5.700843602290382e-06
-9.639590184142363e-05 8.936299485789918e-06 -1.933433226640324e-05 -2.952534748139453e-06
-9.241223595061642e-05 1.320152877857752e-05 -1.601879521679344e-05 1.790822053343459e-06
-8.844356259413849e-05 1.745267647037440e-05 -1.671128740823662e-05 1.598809536166930e-06
-8.844461841059611e-05 8.954007685733810e-06 -1.494595210677612e-05 1.371236642679347e-06
-8.448291763166581e-05 1.320520902253374e-05 -1.675287845925884e-05 7.502408672748298e-07
-8.052910154851852e-05 1.744038225147298e-05 -1.649383227698716e-05 3.255847418326637e-06
-8.052861537845247e-05 8.971539187128008e-06 -1.714630652428224e-05 -9.760084171202747e-08
-7.658062644190376e-05 1.320444322296192e-05 -1.439487854757019e-05 1.680140092748606e-06
-7.265365249758059e-05 1.739691502450584e-05 -1.341617742081689e-05 2.619649059071437e-06
-7.265441785405989e-05 9.010874788051076e-06 -1.208113700454502e-05 -8.354667906548638e-07
-6.873807499434470e-05 1.320281789604255e-05 -1.145768446196558e-05 1.229228878456804e-06
-6.485310530799370e-05 1.734385694279366e-05 -9.494090823204488e-06 3.709252350094002e-06
-6.485324981466376e-05 9.062876920234055e-06 -1.032862607721318e-05 7.281350638067812e-07
-6.098794231197166e-05 1.320438170746375e-05 -9.254673841603099e-06 2.699406242998823e-06
-5.716560781161880e-05 1.728317418242103e-05 -1.106441460135969e-05 6.514749065208971e-07
-5.716455446457816e-05 9.123328720518537e-06 -8.927428713484148e-06 1.325431511717769e-06
-5.336480129090738e-05 1.320276669447031e-05 -9.471499063314483e-06 3.311540775506599e-07
-4.961179216318726e-05 1.720517764731341e-05 -6.693001457667939e-06 3.172191209910326e-06
-4.961069466883338e-05 9.202294227385527e-06 -9.563560308311773e-06 -1.853851402132660e-07
-4.588393394545294e-05 1.320276335314955e-05 -7.887399013827051e-06 1.900624540222829e-06
-4.221915752250727e-05 1.709835363153093e-05 -6.983192577314348e-06 1.423908086520051e-06
-4.221855595416382e-05 9.303813181472445e-06 -5.587385436726776e-06 2.050661129284919e-07
-3.873123553659703e-05 1.319990825574116e-05 -4.039632604547674e-06 2.088194268902428e-06
-3.531986476436787e-05 1.697071371301841e-05 -4.868095149392275e-06 -1.035684466665850e-06
-3.532074781590293e-05 9.431384904185962e-06 -4.341932120281753e-06 2.529399601118454e-06
-3.278712917149035e-05 1.348373746276018e-05 -4.236181818287666e-06 2.299680787004218e-06
-3.027842833719702e-05 1.684904844825257e-05 -4.644634226624162e-06 2.995110445009912e-06
-3.026857101480135e-05 9.556431646374808e-06 -3.234923890907359e-06 3.769169451520015e-06
-2.671807481353409e-05 1.674580806576899e-05 -4.594919288389060e-06 2.750747370443672e-06
-2.737962657405981e-05 1.442198909669968e-05 -4.506561053060447e-06 5.712527764252172e-07
-2.671542546614939e-05 9.629213051114618e-06 -2.324628086523448e-06 7.135711578753385e-07
-2.419243603097488e-05 9.717065609686961e-06 -1.227230244145135e-06 2.161516558032789e-06
3.529999758424958e-06 4.578351311684315e-07 2.335557653961483e-05 -3.005597746882032e-05
3.588091190282504e-06 2.112130650466012e-07 1.569320860606222e-05 7.376856381180584e-05
3.588958514288307e-06 -3.604063027263680e-07 4.427890915789803e-05 -5.323278449556632e-05
3.542317400151210e-06 -5.320226958165927e-07 4.579637818528250e-05 -2.091433721916997e-05
-2.418454150804704e-05 1.666764113059359e-05 -1.830657882376711e-06 3.173402821385282e-06
-2.194409617084744e-05 1.647318821463999e-05 -3.868083426949845e-06 4.532943726332554e-07
-2.364950073515398e-05 1.232649192147941e-05 -9.011957152887520e-07 2.611553723550927e-06
-2.192387795916095e-05 9.614485082618338e-06 -4.501572235644489e-06 1.670056710103284e-06
3.357003622977238e-06 5.782242727123480e-07 1.271734898267363e-05 -7.129968130390370e-05
3.120193986603159e-06 -6.015147682286381e-08 -3.304254609910079e-05 1.616225446518253e-05
3.417193046266597e-06 -6.146959707231652e-07 1.378968727876258e-05 2.391607250867399e-05
-2.121388993942198e-05 1.434248998498598e-05 -3.211408915796854e-06 2.453754249637458e-06
-1.977520245630184e-05 1.601299191816388e-05 -2.026749244294299e-06 -6.231995953800740e-07
-1.772058942956323e-05 1.534301243697189e-05 -1.957594687614462e-06 1.928591129768787e-06
-2.054483067131669e-05 1.147829066491593e-05 -5.065321279529625e-06 6.465064604707042e-07
-1.978822812729877e-05 9.135136519787692e-06 3.275921812245422e-06 -1.891964000467144e-06
2.222560606338833e-06 5.025693677898112e-07 6.170757466707087e-06 1.039221799188496e-05
2.216344553236398e-06 -6.441273892517124e-07 1.390657359386691e-05 -1.662975937098461e-05
1.626466138244479e-06 -2.995160104687951e-08 -8.990226852762842e-06 3.183335273976649e-06
-1.580042882516006e-05 1.443829544554567e-05 -2.769305943644103e-06 3.990343634495465e-06
-1.743133014659759e-05 1.318991602221056e-05 -3.014216620592482e-06 4.057914852386945e-06
-1.813053905350706e-05 1.052625942639205e-05 -2.111437373512984e-06 -4.064447264598595e-06
-1.783409233064775e-05 8.341718492741123e-06 -3.627194200036683e-06 8.336754071945551e-06
9.662247768742143e-07 6.274697712675717e-07 9.025818308735967e-06 -1.123428166530671e-05
9.523875821919672e-07 -7.723668674633058e-07 -2.132409029671527e-06 2.505861867660203e-06
2.235899980670550e-07 -2.551809419500677e-08 -1.128372555203621e-05 1.440614536221418e-05
-1.401886903632311e-05 1.335157878646817e-05 -8.498623278362516e-07 -1.388233456291700e-06
-1.243266930691498e-05 1.210504579430476e-05 -3.203645934321276e-06 1.909033054626949e-07
-1.568131927857164e-05 1.011937648502666e-05 -2.556962235546042e-06 -1.715310930978960e-07
-1.609546874112242e-05 7.260018995510149e-06 2.216193789494069e-06 2.076606912009728e-06
-6.353968528123034e-07 8.447797359418994e-07 2.807678254883280e-06 3.359340751510821e-07
-6.323372936406419e-07 -1.024935701211051e-06 6.309597722553602e-06 -6.160191298368430e-06
-1.283548605791622e-05 1.023288803580862e-05 -4.221482235449455e-06 1.632696276497502e-06
-1.105286406145941e-05 1.070168173172226e-05 -3.973726388153556e-06 3.866743550205205e-06
-1.349937627284439e-05 8.172939310099866e-06 -2.887011515929837e-06 4.095418632627593e-07
-1.463786056391176e-05 5.961846520231241e-06 -7.887215511498373e-06 1.291486431359344e-06
-1.575861871710813e-06 -3.691633352160008e-08 -5.479993588026188e-06 1.260597383993995e-06
-2.695248692346058e-06 1.186949076476726e-06 -1.800503063732917e-08 2.122404117321264e-06
-2.678630700638065e-06 -1.337900134572255e-06 3.468212772732790e-07 3.577389637810323e-06
-9.851883453250227e-06 9.198477221248103e-06 -2.278576360961131e-06 4.459452232537857e-06
-8.885608773572401e-06 7.651286845789756e-06 1.603750230448586e-06 -6.321146620680803e-07
-8.136970191086194e-06 6.019119899550952e-06 -3.932582350003594e-06 -1.362720408869502e-06
-1.216524441342775e-05 6.358726414517993e-06 3.271938586600150e-06 1.988369236901522e-06
-1.348771131427043e-05 4.511313625910845e-06 -5.985497995064906e-06 -5.169214106902399e-07
-3.585773306923117e-06 -7.574684022087112e-08 7.938971599672186e-07 2.002982414417773e-06
-4.669527500520763e-06 1.530529860175756e-06 8.255446954776483e-07 -4.732321943968373e-06
-4.675910443344227e-06 -1.671813150128822e-06 -3.292606722457563e-06 -1.798021986747036e-07
-9.762931134872034e-06 6.012973752734555e-06 2.468350047356080e-06 -1.128224084752358e-06
-7.579263431791225e-06 4.340924142577710e-06 -6.666020286875789e-06 7.504492106314379e-06
-6.464907740790761e-06 1.802478765131934e-06 -1.179303850543382e-05 7.842154551369526e-06
-6.991408819609570e-06 2.086093323361354e-06 4.678515281126309e-06 -6.662743006906604e-07
-7.262457375309508e-06 2.667519162375390e-06 1.153360607814500e-05 -4.704763094067295e-06
-1.123782863805723e-05 4.311367329053730e-06 4.059310692968775e-06 3.075982908466666e-06
-1.262856837909548e-05 2.987928429183762e-06 -6.703405278164524e-07 2.240420124449074e-06
-5.668061593186603e-06 1.698523230231226e-07 -7.877340615534863e-07 -6.909724155009483e-06
-6.503596795088615e-06 -1.898125804962449e-06 2.133822821747005e-06 2.480548269557885e-06
-8.698682142275878e-06 3.179284492382985e-06 -9.600494675514697e-06 2.345437856913540e-06
-7.036535308910759e-06 9.494960058660980e-07 -2.346808947233850e-06 8.970173347022162e-06
-7.652364477174488e-06 1.884032037963505e-06 9.614980373142900e-06 -3.890566771841526e-06
-1.057893875057228e-05 2.518763558676631e-06 -7.258728772376771e-07 1.162771169514818e-07
-1.207463856990259e-05 1.447026835447067e-06 6.144355597734470e-06 2.461723525855111e-06
-7.082773320136233e-06 -8.438058910049310e-07 -3.216901752734327e-06 -5.567085813733962e-07
-7.019664753254440e-06 -2.173232699313187e-06 -4.936494195858475e-06 2.247490340108074e-06
-9.052735591373074e-06 5.678461834828632e-07 -4.439368476351697e-06 -4.933243835481335e-06
-1.186927060171793e-05 -7.428506307773891e-08 3.349259382286252e-06 1.061360478166634e-05
-1.199283366551172e-05 -1.566950402653383e-06 -6.913512351387010e-06 -2.813437257106260e-07
-8.156365021849231e-06 -1.827788301791062e-06 -2.096788601489579e-06 -2.267742581835499e-06
-7.325196940392501e-06 -2.749568010382357e-06 -5.575497177182006e-06 3.519576502208514e-06
-7.706375729687432e-06 -4.310236120299039e-06 -2.868953349341633e-07 -3.501908143920742e-07
-1.050325087335400e-05 -1.767380132965861e-06 -1.661822513089494e-06 -1.889328736602739e-06
-8.273770998445545e-06 -5.822878498040167e-06 -1.329419785961975e-06 -8.036411974540430e-06
-1.243002263691678e-05 -3.063156161887427e-06 -6.602544669296467e-06 2.616306106125181e-06
-9.136581833867075e-06 -4.366488958665148e-06 2.750260335927557e-06 -1.288234425098668e-06
-1.120989231505609e-05 -4.497014838566545e-06 1.120204908784163e-06 2.850600054536043e-06
-9.018539069725587e-06 -7.264521498631732e-06 -1.240372415756183e-05 -1.042576631578022e-05
-1.313295058383844e-05 -4.504756945814969e-06 -3.077311258485962e-06 -8.248929229999729e-06
-1.250864200323903e-05 -5.902893480628244e-06 -1.554607510455915e-06 -1.930458714267036e-06
-1.109643512016279e-05 -6.762301278399287e-06 -7.275990311629750e-07 6.327331357416351e-06
-9.919623682942212e-06 -8.635837759951644e-06 -9.066378519674586e-07 7.405862156672201e-06
-1.098812386236231e-05 -9.874005916034487e-06 -3.367038265560916e-07 -7.505298426603947e-06
-1.409788236010755e-05 -5.811581817627854e-06 3.469863276712007e-06 -8.147257101646705e-06
-1.337359511557411e-05 -7.457179872551637e-06 -1.010320219193521e-06 2.493190216015423e-06
-1.254688363909980e-05 -9.371645615332480e-06 -1.284477342750453e-06 -3.796470303691805e-06
-1.219686074941010e-05 -1.101276547192112e-05 -2.121632597813465e-07 -1.527566139383846e-06
-1.530501508530500e-05 -6.965895586714310e-06 -6.355506528255748e-06 -3.271157215046607e-06
-1.491383013707666e-05 -9.365713709913109e-06 -8.869314800793259e-07 -3.648584387779798e-07
-1.352730175304874e-05 -1.201673167306000e-05 -4.801538129444031e-07 6.785401263988293e-06
-1.499325501564530e-05 -1.285930530181549e-05 -2.420327581973060e-06 -1.779719957133505e-06
-1.655997728128083e-05 -1.355135707041306e-05 -2.062324272400717e-06 -3.396960881334589e-06
-1.667914306215054e-05 -9.873085628194409e-06 4.009595610381173e-07 3.128896673142580e-07
-1.667465018470619e-05 -7.905797619096249e-06 -4.274920643799597e-06 3.923820955645942e-07
-1.633418875695740e-05 -1.183437093250618e-05 -9.590648771067372e-07 -3.106482283189992e-06
-1.819773794892862e-05 -1.406955586337197e-05 -5.726093029980826e-06 4.026222508752491e-07
-1.990852908794324e-05 -1.439986107442553e-05 -1.396626466204613e-06 9.225285332178208e-07
-1.809921323067951e-05 -1.030991083435345e-05 -2.158695440586185e-06 -5.847222493133132e-07
-1.823397594968746e-05 -8.583547030774520e-06 -1.092431038094396e-06 3.551932370954385e-06
-2.167499538097500e-05 -1.451854383044013e-05 4.505097236775817e-06 -4.058187965744150e-06
-1.970680306939209e-05 -1.192983109919734e-05 -3.214645791967021e-06 3.092582922278434e-07
-1.991412707333482e-05 -8.988824373534122e-06 -2.464826521992523e-06 -1.181221127091360e-06
-2.205849333427355e-05 -1.219563834593277e-05 -8.531011616118278e-07 -1.177325582606242e-06
-2.361977887879763e-05 -1.453827438737216e-05 1.241247132144367e-06 -5.270221365876263e-07
-2.166137362050475e-05 -9.117688185896213e-06 2.374459468986300e-07 -3.477767606501927e-06
-2.632832094978499e-05 -1.457458123318394e-05 -2.156609522351645e-06 2.282161510875399e-06
-2.417992240676797e-05 -1.086068508429239e-05 -5.737626198599990e-07 8.888160079121849e-07
-2.361970075565032e-05 -9.086603878287122e-06 1.432728021300501e-09 -9.462628583682807e-07
-3.010985657741389e-05 -1.461581478478713e-05 2.442795445646293e-06 -5.020153154386969e-07
-2.822265250097853e-05 -1.159244009107082e-05 -7.598569624834577e-07 -2.578166027317624e-06
-2.632377422602217e-05 -9.049487339562976e-06 -1.810557489138718e-07 -5.638070580422317e-07
-3.519370549749825e-05 -1.466454834388270e-05 -3.825483478241724e-08 -2.225598180873822e-07
-3.263911194632494e-05 -1.180593662446795e-05 3.863026031500521e-07 1.374668499354521e-06
-3.011351626282001e-05 -8.995771880277581e-06 7.248401550804446e-08 8.770514769293414e-07
-4.057629839585972e-05 -1.471244870536505e-05 3.204094335433432e-06 8.644687884645720e-07
-3.786783978288881e-05 -1.180760978095332e-05 2.837230604876587e-06 -2.374814263935060e-06
-3.518856542397142e-05 -8.946621610750231e-06 2.812964450887569e-06 -1.360049056139100e-06
-4.604421569192747e-05 -1.475133227617919e-05 1.882100614032368e-06 -1.246404281744373e-06
-4.329832661321081e-05 -1.181026557146600e-05 2.353709974304567e-06 -1.610626636591547e-07
-4.057616001620179e-05 -8.904096256713437e-06 1.850999221407181e-06 -2.474708972638793e-06
-5.156797671445569e-05 -1.477399554600599e-05 4.618330972257872e-06 -1.184823478806183e-06
-4.880005426916361e-05 -1.181025825410438e-05 2.707378160152497e-06 -1.306549881644756e-06
-4.604547762123590e-05 -8.870332410899657e-06 2.851522422513346e-06 3.369631385190914e-07
-5.711172598141778e-05 -1.478180514703191e-05 4.540145510204990e-06 1.058522012319489e-06
-5.433703040002625e-05 -1.181207065980141e-05 4.674722742608445e-06 8.251170695729668e-08
-5.156592277590702e-05 -8.848579253749600e-06 2.864256774499051e-06 1.662584588115696e-07
-6.267351609726941e-05 -1.479233302530379e-05 6.707389542669468e-06 5.049355310033547e-07
-5.988994042742595e-05 -1.181126781914421e-05 5.809079354945343e-06 -1.746150745975298e-06
-5.711183828527389e-05 -8.842470522007757e-06 6.324740322105611e-06 -2.644846050794513e-06
-6.823467061624472e-05 -1.479319835220260e-05 5.957665721061009e-06 -3.656748267906674e-07
-6.545528823142624e-05 -1.181066378646451e-05 6.590264230603959e-06 -7.292953695104654e-07
-6.267458026575560e-05 -8.828440572122905e-06 6.237626214369308e-06 -3.810407967655754e-06
-7.378975991458809e-05 -1.478358018242115e-05 7.198242504186136e-06 -1.180668353313456e-06
-7.101398578336598e-05 -1.181411361065139e-05 5.942243372339414e-06 -3.470128592059638e-08
-6.823329942869983e-05 -8.831609424301490e-06 5.207660554424455e-06 8.063807458148297e-07
-7.933468744117591e-05 -1.478195874012527e-05 8.506787115787387e-06 1.126043548446392e-06
-7.656281686561796e-05 -1.181295742443215e-05 8.256774232208654e-06 -9.310599493452871e-07
-7.378973328913030e-05 -8.844862808774309e-06 7.507604971723630e-06 -4.014531272911505e-07
-9.122775670649538e-05 -1.445409606164798e-05 9.582826919998797e-06 1.435675773063031e-07
-9.044290741837429e-05 -1.478037286324860e-05 9.536282937683334e-06 2.744681049788497e-07
-8.182224615693214e-05 -1.181295266738266e-05 8.595569018164240e-06 -9.249397658450745e-07
-8.489780465848022e-05 -1.479201379224979e-05 8.515769398073439e-06 1.317260498714631e-06
-7.933501733420806e-05 -8.843058316313109e-06 9.229164885910280e-06 -2.395422413068445e-06
-9.155267311127019e-05 -1.366757040549644e-05 9.588332389868027e-06 -6.286223563249915e-08
-8.969651954385685e-05 -1.181659400633401e-05 9.617075940096254e-06 -3.938715078976342e-07
-8.489664112412690e-05 -8.837997599778923e-06 8.085310719274422e-06 -3.003865032174811e-06
-9.155107520523601e-05 -9.966460451062540e-06 9.518924851185696e-06 -6.171923082883899e-07
-9.044125955575646e-05 -8.853804982461112e-06 9.310884545026305e-06 -1.139709340655040e-06
-9.122607890499389e-05 -9.180065077942245e-06 9.467288043364062e-06 -9.481857563597900e-07
