-5.020338881331767e-06 2.022759154447814e-06 -4.032748116813091e-05 1.401403901104962e-06
-5.006953576467161e-06 2.054646337686585e-06 -4.005884926910943e-05 1.753311783134179e-06
-5.007430318181083e-06 2.205728109771966e-06 -4.010012374108134e-05 4.986750763873824e-06
-5.020838728836781e-06 2.237502639145009e-06 -4.037990270210878e-05 5.412784471815437e-06
-5.052610677821360e-06 2.009702780124386e-06 -4.093681043116458e-05 1.366037661820733e-06
-5.111884875701990e-06 2.130412951828442e-06 -4.149791101678156e-05 3.497472865877948e-06
-5.053087707600636e-06 2.250508047830343e-06 -4.102603064750745e-05 5.494745275833730e-06
-5.266387633662544e-06 2.014697638352924e-06 -3.769027325563789e-05 5.713360213516991e-06
-5.265926009967249e-06 2.244747952404025e-06 -3.801194671937850e-05 2.567333124491532e-06
-5.375250348242177e-06 2.128232790383312e-06 -3.588007523441567e-05 4.523554178015449e-06
-5.468348790266773e-06 2.011506918195235e-06 -3.529456661897719e-05 6.299289839300084e-06
-5.466783444518811e-06 2.242146839835459e-06 -3.519326854318093e-05 2.680189595355091e-06
-5.574691652235583e-06 2.125914752660827e-06 -3.467522796606577e-05 4.168884249435082e-06
-5.675819335792822e-06 2.021575511860119e-06 -3.251263446012547e-05 6.595725866495573e-06
-5.678830502129322e-06 2.234503482853851e-06 -3.258759184123930e-05 1.072564301378219e-06
-5.772991226991466e-06 2.129735322181233e-06 -3.027923778235028e-05 3.547147113517887e-06
-5.854768650804902e-06 2.043339813468351e-06 -2.848554228578996e-05 4.796111583006584e-06
-5.854766371996198e-06 2.216462332742078e-06 -2.953595298023867e-05 3.193908153275998e-06
-5.931422957880135e-06 2.129072852473656e-06 -2.912864157862143e-05 4.502817368053978e-06
-5.998970044521138e-06 2.060943401832795e-06 -2.710580955234968e-05 6.666325466400915e-06
-5.999836343414193e-06 2.196375028320334e-06 -2.802070990428532e-05 3.208869631741581e-06
-6.062177695161879e-06 2.128709660900436e-06 -2.598838245333020e-05 5.051698499900078e-06
-6.108214483991662e-06 2.089258139874344e-06 -2.412849636618436e-05 5.824211853474862e-06
-6.109289707868277e-06 2.168246849452309e-06 -2.366705630784599e-05 2.856129774792541e-06
-6.146905578703427e-06 2.128946748947831e-06 -2.269747309713324e-05 3.790186952846962e-06
-6.165836606887492e-06 2.119441067813940e-06 -2.192249679342136e-05 4.187956837323701e-06
-6.163569610694974e-06 2.135438153297560e-06 -2.247795481569124e-05 3.371307476139416e-06
-6.169028338933847e-06 2.126823300023027e-06 -2.140924746983434e-05 4.167655895910863e-06
-6.146649376497956e-06 2.158367820322351e-06 -1.959337470097007e-05 6.087761185182827e-06
-6.150329677078631e-06 2.100852198577216e-06 -1.945915682652793e-05 2.437225222221819e-06
-6.119045289596034e-06 2.133252277112085e-06 -1.764176517166752e-05 4.547017458858096e-06
-6.071132785365290e-06 2.198004900950718e-06 -1.649349852271280e-05 6.227093309474926e-06
-6.071390582971337e-06 2.072172628518435e-06 -1.652477140588183e-05 2.985412218951369e-06
-6.010482384508340e-06 2.135632432199158e-06 -1.575778130096563e-05 4.474256111013927e-06
-5.914982731332256e-06 2.250134531917432e-06 -1.455736376331804e-05 5.922798580480215e-06
-5.914521008441465e-06 2.018443744281764e-06 -1.489529455503971e-05 2.758490369097058e-06
-5.806936859775957e-06 2.132818169862907e-06 -1.331391939157371e-05 4.591437829104713e-06
-5.670317868947621e-06 2.297337138056063e-06 -1.262141269469244e-05 5.238342156098318e-06
-5.669156728598876e-06 1.964282990909248e-06 -1.148919139408150e-05 3.114076356752638e-06
-5.558584271297287e-06 2.148416871766284e-06 -1.136737621621924e-05 3.483882565603310e-06
-5.414908653281975e-06 2.346171763690883e-06 -1.071983270912687e-05 4.352881293524127e-06
-5.419729010459603e-06 1.922151483747958e-06 -1.134389052012808e-05 3.074143735371683e-06
-5.188621302433402e-06 2.390369202261949e-06 -9.731907552558856e-06 6.191894353972411e-06
-5.246907224522562e-06 2.220016628414588e-06 -1.047505628029039e-05 4.408878436431937e-06
-5.195573581912675e-06 1.896945968294393e-06 -1.002991114655674e-05 3.000962776542842e-06
-5.008803851408255e-06 1.862620883063672e-06 -9.603100489799492e-06 2.643859232697998e-06
1.050075214880759e-06 -4.054097592593135e-07 -7.672057371596787e-06 1.874907284995814e-05
1.054502378963261e-06 -4.207860640532274e-07 -3.114119789350848e-06 -1.268633685719715e-04
1.079843961534961e-06 -6.754889353265737e-07 -4.515261217075145e-05 4.958173512178908e-05
1.082646590156368e-06 -7.067925214825974e-07 -3.381089155750160e-05 6.384034321966056e-06
-5.009156326799537e-06 2.425316335954048e-06 -9.286109617381953e-06 7.755434872131350e-06
-4.812058516751939e-06 2.446492742764553e-06 -8.489685822027408e-06 6.765357877630521e-06
-4.983456381198458e-06 2.073249459022217e-06 -9.634793037390488e-06 3.294747640800526e-06
-4.826140079817271e-06 1.805479163962326e-06 -8.190098021197959e-06 2.084705858838551e-06
1.046769100913730e-06 -4.008425571554330e-07 -2.779292202799711e-05 8.888010008821739e-05
9.511547726123899e-07 -4.653500888889601e-07 3.427381185462477e-05 -5.113751405649001e-06
1.069186785209252e-06 -7.126712197467901e-07 -1.087773772438323e-05 -2.927417586039584e-05
-4.759869814367346e-06 2.265986849892042e-06 -7.972210241518442e-06 4.802720881618251e-06
-4.599742021271508e-06 2.448779143081438e-06 -7.788743409402997e-06 5.005027355403017e-06
-4.366511559490370e-06 2.406074818956373e-06 -7.361758518987984e-06 3.824957507584332e-06
-4.698980637116069e-06 1.976495260742340e-06 -7.527775578323955e-06 2.332585388634059e-06
-4.617296960136942e-06 1.703420125491132e-06 -7.854889309448444e-06 2.959731150741075e-06
6.686174172183687e-07 -3.667828787182650e-07 1.018532664000203e-06 -1.908987058786884e-05
6.695972616562830e-07 -7.014015169293370e-07 -1.861497156789474e-05 7.242018323774625e-06
4.766890587255797e-07 -4.893038129447587e-07 1.379907139085311e-05 8.152790856404210e-06
-4.122048390743447e-06 2.338714802573949e-06 -7.414352434257783e-06 3.212236136119466e-06
-4.344274423589067e-06 2.175175660879848e-06 -6.889951589488476e-06 3.313186772399993e-06
-4.431124995432188e-06 1.856628516222229e-06 -7.329846772144502e-06 3.582629248782275e-06
-4.404339087715600e-06 1.555705429535502e-06 -7.691048752523204e-06 3.183999169521874e-06
2.961926518106595e-07 -3.213391964916977e-07 -1.449481315746145e-05 8.565631281909651e-06
2.999234165537204e-07 -7.387678535811715e-07 4.387609440766412e-06 1.266176973653331e-06
8.113898106267703e-08 -4.876257234242231e-07 7.770038257244739e-06 -2.282497833370843e-05
-3.878651414566176e-06 2.234994607240443e-06 -8.036756887287057e-06 4.493505788958015e-06
-3.624929034818414e-06 2.089704833586088e-06 -5.098855447433153e-06 3.317362682498065e-06
-4.123654949245015e-06 1.800489133421619e-06 -6.629626910462719e-06 4.465309120341663e-06
-4.197833699087661e-06 1.361595897467420e-06 -6.051252445132488e-06 1.663161594015323e-06
-2.010825536512546e-07 -2.322677281256142e-07 -2.152121809546939e-08 1.277225410582707e-05
-1.920800283411274e-07 -7.959099333137274e-07 -4.380056855122426e-06 1.805801737684776e-05
-3.688456698371729e-06 1.830083321840969e-06 -4.449988881060350e-06 2.604557666321130e-06
-3.366515791800174e-06 1.910923240718338e-06 -4.103561025440411e-06 2.303062630904291e-06
-3.803065514966231e-06 1.499538181526491e-06 -4.081810305480975e-06 2.160573744632292e-06
-4.007067093327799e-06 1.106840335684144e-06 -4.156447692574112e-06 1.326496595786397e-06
-4.746867821814961e-07 -5.185712181373502e-07 -1.750212305258257e-06 -2.018951843741995e-05
-8.203581536720422e-07 -1.085966939994933e-07 1.789641856501129e-06 7.298990013038243e-06
-8.255509760810780e-07 -8.957893661975007e-07 -2.679673007319264e-06 -6.205733468214317e-07
-3.125782607006438e-06 1.689596282054292e-06 -3.889832860620766e-06 2.929578891364779e-06
-2.890213899547614e-06 1.411126963408366e-06 -4.669943295478369e-06 1.627056778356215e-06
-2.668566156979941e-06 1.094133228046999e-06 -4.600702918549778e-06 -6.196583173041019e-08
-3.562122447653009e-06 1.174289828780075e-06 -4.614671687171189e-06 1.619639894464870e-06
-3.840964043964119e-06 7.848613897680851e-07 -4.359904712658697e-06 2.176406923564787e-06
-1.097342440963638e-06 -4.993906161728067e-07 -2.555484568624046e-06 7.159972147357448e-06
-1.433721028631743e-06 -2.108847015819213e-08 1.285909634762142e-08 -9.268024312737293e-07
-1.429686701175238e-06 -1.015696719355666e-06 -2.224343003948570e-06 -5.995396561570109e-06
-3.060862415560384e-06 1.103929428834347e-06 -4.856713122470138e-06 9.033263235848697e-07
-2.486169660864261e-06 7.237148631527508e-07 -3.094809842472500e-06 1.435092469077588e-07
-2.018194950930759e-06 7.400170886083110e-08 -4.665815545400025e-06 -4.411512789583639e-06
-2.205106836152659e-06 1.574024581288351e-07 -2.314657376082808e-06 -2.873855577488880e-06
-2.322552548233716e-06 3.150611513626620e-07 -1.192892118242651e-06 -1.254518222473601e-06
-3.386924812203840e-06 7.357231324468829e-07 -5.480943822288924e-06 1.646018456559732e-06
-3.725331358359672e-06 4.126024423146320e-07 -5.360915710034335e-06 -2.229146097754366e-06
-1.740967530330013e-06 -4.351537654199580e-07 -1.091917941763604e-07 9.876748881698253e-07
-1.984474135358510e-06 -1.087411119697982e-06 1.261327790522838e-06 -1.105633850343155e-05
-2.751610901441270e-06 4.572107086281459e-07 -1.941296438009213e-06 7.331412822517248e-07
-2.193213716742601e-06 -1.820420228609122e-07 -2.000159143376200e-06 2.081635410305676e-06
-2.414144172425640e-06 9.913022873350947e-08 -3.929947133931337e-07 -2.041049756122884e-08
-3.239014812387760e-06 2.873426154539704e-07 -5.048198371917400e-06 -2.936486617795315e-06
-3.671248232414915e-06 -1.654259127743693e-08 -3.575532593414581e-06 -4.293573533954426e-06
-2.171885015500510e-06 -7.468852615479257e-07 -4.616296812861782e-06 -1.288043964366634e-06
-2.123156447294434e-06 -1.174002697355013e-06 -2.333989759441407e-06 -7.432080149817180e-06
-2.818086931984174e-06 -2.757652728210452e-07 -4.723527935620902e-06 1.603432459986820e-06
-3.675846039485492e-06 -4.771468278939565e-07 -2.888150003835685e-06 -2.327316460894688e-06
-3.810459478338624e-06 -9.640441500751198e-07 -3.233713251314569e-06 -1.864981431361200e-06
-2.487913868265755e-06 -1.048205229901911e-06 -3.661747247544289e-06 -6.781999355534845e-07
-2.197212605204272e-06 -1.378900555790368e-06 -2.072036759819604e-06 -3.119038930380905e-06
-2.272341770526043e-06 -1.977401618772036e-06 -4.464907344488073e-06 -2.994735456068831e-06
-3.290646769038347e-06 -1.005090080169029e-06 -3.748157719526218e-06 -9.339272560469912e-07
-2.417822786930926e-06 -2.608028873143334e-06 -5.359373287720989e-06 -4.633778156747312e-06
-4.055058466000405e-06 -1.475360893916143e-06 -4.575329673771139e-06 3.377257099928119e-07
-2.783170088170884e-06 -1.981300564965601e-06 -4.205885199468531e-06 -3.728231502043490e-06
-3.596883067997223e-06 -2.022690854462293e-06 -3.382470095351245e-06 -2.050024263632362e-06
-2.665503662884819e-06 -3.230725169091383e-06 -4.530145952555964e-06 -5.435327510636369e-06
-4.426046380224054e-06 -2.019828179105891e-06 -4.727114397872352e-06 -2.059538179547292e-07
-4.182046291814966e-06 -2.605833953229885e-06 -3.698087252821726e-06 -3.652143105217346e-06
-3.538796703047948e-06 -2.996652659857838e-06 -3.841936507100922e-06 -5.322271592755605e-06
-3.002109053923259e-06 -3.882115400475692e-06 -5.428817915792301e-06 -4.398846123309160e-06
-3.468919399946575e-06 -4.533764566390594e-06 -5.987618029452507e-06 -3.055606490856324e-06
-4.950361055952425e-06 -2.550918769846417e-06 -3.948499783888431e-06 -3.347019279046339e-06
-4.612252883558734e-06 -3.325554537055210e-06 -3.828174294975049e-06 -4.243387853172803e-06
-4.201628166994097e-06 -4.286858347163562e-06 -5.525492102255737e-06 -3.057421004327851e-06
-4.023558671056826e-06 -5.167725870913576e-06 -5.843473619793447e-06 -2.580642297267556e-06
-5.609066444878398e-06 -3.054443085270753e-06 -3.623079840251507e-06 -3.550916575823631e-06
-5.424648464916288e-06 -4.294566956827447e-06 -4.217520587060165e-06 -2.666834550434878e-06
-4.695069819531501e-06 -5.741102614405048e-06 -4.275095295580320e-06 -2.599979959461146e-06
-5.483000180322327e-06 -6.261701072895990e-06 -5.115116694569038e-06 -4.094818955301745e-06
-6.353766426642934e-06 -6.720885799056588e-06 -5.267651659578228e-06 -3.618061369828324e-06
-6.411708795834750e-06 -4.573105354366682e-06 -6.000369271328537e-06 -3.509349112108318e-06
-6.398631046806446e-06 -3.497738410299442e-06 -5.302576612476994e-06 -3.092588539767586e-06
-6.209116936552286e-06 -5.694704938773288e-06 -5.707185716545230e-06 -3.867768312895471e-06
-7.316609587133855e-06 -7.068855588064191e-06 -4.803458096435380e-06 -2.942683759561193e-06
-8.359833836830638e-06 -7.321120562322011e-06 -5.922307200792308e-06 -3.879772981166089e-06
-7.234006598906091e-06 -4.814345799115253e-06 -6.305602777189662e-06 -3.734158676731093e-06
-7.318549536700027e-06 -3.816803123181405e-06 -6.457805873602435e-06 -4.039963761687256e-06
-9.451267681719924e-06 -7.446957750070412e-06 -7.140227549894919e-06 -5.091773647005731e-06
-8.202615201808179e-06 -5.783543403859195e-06 -5.118834521959533e-06 -2.467929275431024e-06
-8.337930794144909e-06 -3.986785553914989e-06 -5.429447971729488e-06 -3.979464216310986e-06
-9.685221709021474e-06 -5.961830871674083e-06 -6.010156620653479e-06 -4.499218618638151e-06
-1.071716903769260e-05 -7.518771423260890e-06 -7.256571209684318e-06 -6.557685652655841e-06
-9.425702717458628e-06 -4.016406361919243e-06 -3.704098304042449e-06 -3.090685422705205e-06
-1.252002931982186e-05 -7.588705557538301e-06 -5.212242532313852e-06 -6.237701553378596e-06
-1.106661131202931e-05 -5.100662034977743e-06 -6.652304245285191e-06 -5.287938175783790e-06
-1.071106392401491e-05 -3.946259157557059e-06 -5.896786981500817e-06 -3.190941076979047e-06
-1.513668670259719e-05 -7.691643198747642e-06 -8.157304825253247e-06 -2.823146690679908e-06
-1.381456883863303e-05 -5.581764569783749e-06 -7.995019567531163e-06 -2.676637440579408e-06
-1.252460735715487e-05 -3.859692796466128e-06 -9.019350924591846e-06 -3.444113835451585e-06
-1.878478896303308e-05 -7.808707397357844e-06 -9.044806049320895e-06 -4.602204560566061e-06
-1.692596168515030e-05 -5.729096593139873e-06 -7.981913599736758e-06 -3.781747265775737e-06
-1.513676451794688e-05 -3.762546755216974e-06 -6.986859481131292e-06 -4.088404660884310e-06
-2.277247930946419e-05 -7.885366055185673e-06 -1.115735886149220e-05 -5.733542143267593e-06
-2.075518239125707e-05 -5.722212093776118e-06 -1.053180620290544e-05 -2.881173829660944e-06
-1.878900450038884e-05 -3.640824639089287e-06 -1.022474063046227e-05 -2.813968858047076e-06
-2.689119307826586e-05 -7.948073851603978e-06 -1.043988856530797e-05 -6.082450378561092e-06
-2.481125482964078e-05 -5.723705833343902e-06 -9.957399599356891e-06 -4.837132912618109e-06
-2.277045245768853e-05 -3.560597192555921e-06 -9.605098342450931e-06 -1.850297098363808e-06
-3.111625173316281e-05 -8.002887465951031e-06 -1.461606914650242e-05 -3.385728270418095e-06
-2.898960101742267e-05 -5.720074235487370e-06 -1.325854197560229e-05 -4.253076769952179e-06
-2.689453437335119e-05 -3.495637022923419e-06 -1.115399379718613e-05 -3.571880972796089e-06
-3.542062051663387e-05 -8.053387233519070e-06 -1.657706115321500e-05 -6.093573660564777e-06
-3.325183317033577e-05 -5.723616616254781e-06 -1.514040289668853e-05 -3.545274476615935e-06
-3.111305494979114e-05 -3.440530757957755e-06 -1.488140842279629e-05 -4.215245450139169e-06
-3.980171095558776e-05 -8.072161003114447e-06 -1.844229574721754e-05 -6.084059263928494e-06
-3.760541748338370e-05 -5.720859280501061e-06 -1.767311753684261e-05 -4.167771811546593e-06
-3.542277884872944e-05 -3.391831512275233e-06 -1.618349739511980e-05 -1.564581098655548e-06
-4.421151284671503e-05 -8.092095396989407e-06 -1.972356726709632e-05 -5.623555458271726e-06
-4.200098772239524e-05 -5.720013429009868e-06 -1.907213879249363e-05 -4.553770406829568e-06
-3.980197517803134e-05 -3.367895630689718e-06 -1.852463006308261e-05 -2.596232949688669e-06
-4.866416419836161e-05 -8.116353267482549e-06 -2.130754891238810e-05 -6.041291635065403e-06
-4.642912110189443e-05 -5.722038861612180e-06 -2.034964906860244e-05 -5.267168148333831e-06
-4.420992971015939e-05 -3.350272978915304e-06 -1.910851691877272e-05 -4.392085427574608e-06
-5.315142656411557e-05 -8.125687783934888e-06 -2.201007698211433e-05 -4.659237728022457e-06
-5.090611165906783e-05 -5.720674963014284e-06 -2.231911530253612e-05 -3.905129518911449e-06
-4.866605364820051e-05 -3.325998119390279e-06 -2.220616813653553e-05 -3.206071728910077e-06
-6.276054285094372e-05 -7.857798333302676e-06 -2.468350389798046e-05 -4.127343247450060e-06
-6.212131810229874e-05 -8.122635413835890e-06 -2.481960567581407e-05 -4.179836065083209e-06
-5.515924925743721e-05 -5.723848063012154e-06 -2.193423159197281e-05 -4.007801912058517e-06
-5.763462563394428e-05 -8.128521438791294e-06 -2.321459362480706e-05 -5.476296376964844e-06
-5.314850440402240e-05 -3.319085849605534e-06 -2.177579209040462e-05 -2.995539995911318e-06
-6.302532123030356e-05 -7.218457436805079e-06 -2.461999523039969e-05 -4.125840428357686e-06
-6.151513459421525e-05 -5.713013454224981e-06 -2.507244375359156e-05 -4.471868459689095e-06
-5.763872168226320e-05 -3.312913228140815e-06 -2.307766294724098e-05 -3.140166401380968e-06
-6.302667826441618e-05 -4.205679109024958e-06 -2.472312468462520e-05 -4.727126144041867e-06
-6.212393436210761e-05 -3.303164008911840e-06 -2.488767001281525e-05 -4.608114217009667e-06
-6.276229388784609e-05 -3.567399948786150e-06 -2.478097895104696e-05 -4.679846241704853e-06
