-5.033939139122181e-05 7.817702110213974e-06 -4.311446587757674e-05 4.370436716614936e-06
-5.051525029425481e-05 7.393013633990381e-06 -4.304737426030159e-05 4.124753445801563e-06
-5.051509559268280e-05 5.393171880860059e-06 -4.308183025373435e-05 3.620651369009935e-06
-5.033922215288902e-05 4.968389473999706e-06 -4.314965730565897e-05 3.378453300393795e-06
-4.991484082366176e-05 7.993719837842253e-06 -4.319184352415731e-05 4.556503729054639e-06
-4.911744290660496e-05 6.392848709709645e-06 -4.339598681868037e-05 3.928578369991451e-06
-4.991463345337268e-05 4.792303919263950e-06 -4.322725195766042e-05 3.197875479980546e-06
-4.691600860659602e-05 7.996033070997239e-06 -4.139279839608811e-05 6.990912145297680e-06
-4.691551397026016e-05 4.786721711471292e-06 -4.138366585797731e-05 1.117057865907256e-06
-4.526735666636482e-05 6.389728726374882e-06 -3.871121161817209e-05 4.070109295667825e-06
-4.393303573941149e-05 7.989381328075501e-06 -3.747359908288356e-05 5.341815596815397e-06
-4.393162442389044e-05 4.787067866257958e-06 -3.753674700199908e-05 2.919712200489690e-06
-4.244258397588932e-05 6.387353505570502e-06 -3.590975786099427e-05 3.940869580032449e-06
-4.095467030708622e-05 7.981466949587616e-06 -3.365781386825397e-05 5.581806475709813e-06
-4.095547606152781e-05 4.794827437315539e-06 -3.424030071229732e-05 2.379136659823574e-06
-3.946812684100810e-05 6.389241903012438e-06 -3.222216539916519e-05 3.838841971816655e-06
-3.799015863073471e-05 7.970158595530653e-06 -3.147111516257109e-05 5.666191251863026e-06
-3.799121739716677e-05 4.810644862632513e-06 -3.203023466543656e-05 2.115729198014618e-06
-3.652000391493666e-05 6.390984169080429e-06 -3.057193888702075e-05 3.988237017028969e-06
-3.506240581626204e-05 7.952407768645472e-06 -2.802265478980594e-05 6.516629764426603e-06
-3.505952041148247e-05 4.825540749566298e-06 -2.898376644763375e-05 1.895141453442962e-06
-3.360200588574412e-05 6.385935785985037e-06 -2.540377243767559e-05 4.079305409333223e-06
-3.214618607230788e-05 7.937693193978791e-06 -2.455073810685748e-05 4.630724892235851e-06
-3.214573283561099e-05 4.831681932762717e-06 -2.449332554778479e-05 2.665354405344566e-06
-3.069145404345489e-05 6.383789827921988e-06 -2.428635222812796e-05 3.820509504940827e-06
-2.924522222413034e-05 7.927595707944962e-06 -2.206559447089810e-05 7.110094344374974e-06
-2.924501572452638e-05 4.840213104784349e-06 -2.296447413873071e-05 1.582257303091149e-06
-2.780324419454978e-05 6.384163365519208e-06 -2.000669164157434e-05 5.073555972747137e-06
-2.636423519861070e-05 7.924841361229118e-06 -1.957337213641082e-05 5.903355530834909e-06
-2.636364832805603e-05 4.843308570995111e-06 -1.821402863583751e-05 2.185750817260515e-06
-2.492652210745844e-05 6.383378717888722e-06 -1.829494365093531e-05 3.455988086447184e-06
-2.349468713090799e-05 7.913951903924352e-06 -1.538443943560662e-05 6.628004520819578e-06
-2.349259348607989e-05 4.845267439174696e-06 -1.739764461319796e-05 1.812858824410564e-06
-2.206226191732772e-05 6.375931901830926e-06 -1.384987006984846e-05 5.015930048474527e-06
-2.063201598832525e-05 7.905658731232579e-06 -1.469112892457106e-05 2.897081369147891e-06
-2.063252886344230e-05 4.842897374009033e-06 -1.179266451804642e-05 4.417359590037240e-06
-1.926106583841652e-05 6.375480907351517e-06 -1.289443220644977e-05 3.238379920821210e-06
-1.789189539427207e-05 7.907883165143159e-06 -9.955826908638417e-06 5.198099408167774e-06
-1.789246534746922e-05 4.845986646557749e-06 -1.286975273158868e-05 3.862877350752419e-06
-1.686682744322835e-05 6.500000607490170e-06 -9.810717820737571e-06 4.779726443002042e-06
-1.581055567916876e-05 7.921248228997071e-06 -9.759319664573353e-06 3.741815051431344e-06
-1.581191030362885e-05 4.838937687171485e-06 -7.104270031122985e-06 3.607602015875285e-06
-1.428699097845336e-05 7.922679586770850e-06 -5.823281081156597e-06 4.312947060760598e-06
-1.458504405399564e-05 6.907341930103425e-06 -6.897325604622867e-06 2.026797053910990e-06
-1.428657399908296e-05 4.840448131607292e-06 -9.609251531530527e-06 1.956964082120905e-06
-1.318128529361203e-05 4.842439413451601e-06 -7.535835526978911e-06 -4.551964801531417e-08
2.223228330195910e-06 -4.366240440870384e-07 -3.112606218620187e-05 2.260295580067252e-05
2.282202564416593e-06 -6.080662298402468e-07 -1.172354958038052e-05 -1.583345525885774e-05
2.327824555535755e-06 -9.596157879267666e-07 -3.486119986598569e-05 -5.838021127579706e-05
2.290644060560014e-06 -1.062037194784529e-06 -3.573428081781681e-05 -4.149826182791289e-05
-1.318023521510383e-05 7.920549645916428e-06 -6.298984105818232e-06 7.137188746557313e-06
-1.218216843940971e-05 7.857888331023078e-06 -5.211354756865731e-06 7.263022955732513e-06
-1.295805029463482e-05 5.997495030157202e-06 -7.598872319343147e-06 3.734342220697550e-06
-1.218108078221087e-05 4.756828875191387e-06 -5.093703865198469e-06 -2.137133391755670e-07
2.086247258575641e-06 -3.655825731068430e-07 -7.312472343017242e-05 3.551789618365776e-05
1.961963206943468e-06 -7.681252921157710e-07 6.571129194744294e-05 1.732372919065642e-05
2.194199054726365e-06 -1.104408284738860e-06 -5.041092917080045e-05 -9.228217635850961e-06
-1.186381640347748e-05 6.911924559462407e-06 -4.537083888204698e-06 6.894255142001026e-06
-1.119486070500511e-05 7.683367336634091e-06 -4.027205163664506e-06 6.738254013967281e-06
-1.023232939126095e-05 7.400218761146745e-06 -3.223534407538381e-06 6.616634761198314e-06
-1.156219618233167e-05 5.598261652551553e-06 -3.902182192031176e-06 2.861873359736702e-06
-1.121535587266239e-05 4.502046518646625e-06 -2.988969026816239e-06 1.531894117102229e-06
1.421820561501395e-06 -4.129534779349775e-07 -1.357407157058558e-05 -2.270953084652096e-05
1.387013072918620e-06 -1.139148728073579e-06 -1.431572779639792e-05 3.513611475825229e-06
1.029495102091709e-06 -7.517927596490229e-07 1.285196759703535e-05 1.040974644701305e-05
-9.313107237638890e-06 7.009099378590222e-06 -2.957635802897855e-06 6.307360230668650e-06
-1.010631519974729e-05 6.407660890350246e-06 -4.407986018303077e-06 4.165532925184558e-06
-1.044151193885563e-05 5.149140776152092e-06 -5.164946105964985e-06 4.045213648228079e-07
-1.030866012795626e-05 4.086903927857585e-06 -5.423225741370148e-06 2.556165774222179e-06
6.123805752631866e-07 -3.543481240397621e-07 -2.544103609042374e-06 6.825099981356731e-07
6.064838732100430e-07 -1.232469013663770e-06 -4.026643779851035e-06 -7.584387449346564e-06
1.476953010789562e-07 -7.480535901838024e-07 5.507663253737618e-06 3.881850083097532e-06
-8.446121886389814e-06 6.518277763076743e-06 -2.016697694768494e-06 3.976012251271043e-06
-7.637961929808683e-06 5.936949677867799e-06 -2.573250004795656e-06 5.133413718420888e-06
-9.273858008987338e-06 4.949485924188700e-06 -5.199772488412896e-06 -2.625742694506754e-07
-9.489909604732949e-06 3.521978731050081e-06 -5.864175959524775e-06 3.003992069850366e-06
-3.826768447654717e-07 -2.062417619665703e-07 -1.962221854399244e-06 -6.777732138235440e-06
-3.964204372594046e-07 -1.397422694382481e-06 -9.359660460541858e-07 -4.394129620978309e-07
-7.843579665415837e-06 5.021560718517404e-06 -2.265578966416380e-06 4.894666958951012e-06
-6.905100525482644e-06 5.267861913670054e-06 -3.864507335194449e-06 5.968371327299170e-06
-8.187798028742333e-06 3.975632739269201e-06 -8.833585804490612e-07 4.236886200748183e-06
-8.785926011835989e-06 2.828216428254008e-06 -5.363122790845225e-06 8.017416494440502e-08
-9.666405584850705e-07 -7.547743271053280e-07 3.249865774685096e-06 9.225117788735279e-06
-1.695027857605685e-06 8.519380924605828e-09 -1.552946528615030e-06 -3.142797431597282e-06
-1.669425452664510e-06 -1.585561286404893e-06 -8.149944840480834e-07 -2.037256423050657e-07
-6.254447275058012e-06 4.515587267429765e-06 -4.353398126444355e-06 4.583711558047398e-06
-5.699463462465068e-06 3.702916861494679e-06 -7.204256107568126e-07 2.477547379589604e-06
-5.233661721268084e-06 2.831135840140508e-06 1.565476123561224e-06 4.047098982302189e-07
-7.479733055456959e-06 3.025606421664073e-06 -1.882476512766649e-06 1.738984032951848e-06
-8.211251173278262e-06 2.018395503314019e-06 -5.954933094265884e-06 -1.226540556278281e-06
-2.244865488712484e-06 -7.766323370104666e-07 -4.560606450105260e-06 6.144810797945529e-06
-2.928335572501735e-06 2.539139529090643e-07 7.559728823583584e-07 1.395636927449887e-06
-2.924936574651722e-06 -1.767677595027489e-06 5.814678962727230e-06 -1.828940667740392e-06
-6.171852917641084e-06 2.833444775644814e-06 -2.948208923831321e-06 -1.548597133608525e-07
-4.871601570535310e-06 1.909435396858907e-06 5.539106942719895e-07 -3.042277635645449e-06
-4.088478348407209e-06 4.117639336012810e-07 1.471829097650094e-06 9.917506324526544e-06
-4.425163780310096e-06 5.749834229505175e-07 -3.028645493422074e-06 1.145016344044575e-05
-4.612927633060988e-06 9.215928553225046e-07 -5.834326843703996e-06 8.480127302535211e-06
-6.984905669499127e-06 1.899254893397301e-06 -4.784700072441018e-06 -4.298759103496516e-08
-7.793062499468765e-06 1.133347079012802e-06 -3.451971975359183e-06 6.558699655340496e-06
-3.563900040260029e-06 -6.276504684823428e-07 9.104313118843940e-07 -2.907943849325780e-07
-4.076039736936818e-06 -1.924697892140266e-06 -1.050544823048359e-05 1.621057176573557e-05
-5.528576546351914e-06 1.241301823740131e-06 -6.565491541590786e-07 -1.380917539666844e-06
-4.444601493534834e-06 -1.259478983134420e-07 1.186865727911564e-06 1.951710672560841e-06
-4.843542868671940e-06 4.474920118725780e-07 -5.132446436949531e-06 7.715256500575044e-06
-6.621524261317379e-06 8.615507845224831e-07 2.501463590611814e-07 -2.548646883518259e-06
-7.542063887514558e-06 1.966278155938962e-07 1.164449755965758e-06 2.271772671862507e-06
-4.447027686322551e-06 -1.258616333199984e-06 3.422538497839536e-06 9.999401024605146e-07
-4.381550108456702e-06 -2.104526474399881e-06 -1.261972474201900e-05 1.465984036034442e-05
-5.705157633038576e-06 -3.333333180616441e-07 -1.069417717068772e-06 -7.166987207544504e-06
-7.460399138612544e-06 -7.515360105248634e-07 -5.004408386616978e-06 6.065561810369756e-06
-7.607369198609802e-06 -1.702421763204637e-06 -2.828975161331842e-06 1.320399507591195e-06
-5.110604787016504e-06 -1.871414372996948e-06 1.370417842555949e-06 -1.937014406739976e-06
-4.554291569947666e-06 -2.493062873697046e-06 -1.858364280505862e-05 9.801158449473184e-06
-4.751358035681825e-06 -3.560035409308165e-06 -1.337833955802634e-05 -1.172368510318832e-06
-6.634916113662433e-06 -1.806937744038726e-06 -6.600683079468436e-06 -4.234272637797904e-06
-5.086009027013834e-06 -4.634205918087345e-06 -2.881693368501800e-06 -2.913849526902977e-06
-7.969722363834808e-06 -2.689700315607139e-06 6.192516382166632e-06 3.401496074346095e-07
-5.707723646809901e-06 -3.579387194682047e-06 1.863704111279142e-06 -5.186031670223001e-06
-7.155002904911050e-06 -3.662340774093430e-06 -3.799544635265169e-06 7.719960481623038e-07
-5.581249030186389e-06 -5.683113681251540e-06 1.119590630171832e-06 -1.599141890011175e-06
-8.543105349288435e-06 -3.673224720625041e-06 3.910803724100588e-06 -3.645731359368506e-06
-8.117131099870481e-06 -4.665288390217677e-06 -4.138811052395448e-06 -1.010013039612862e-06
-7.055733871842575e-06 -5.310640926016883e-06 -2.701541189276075e-06 -3.224319303620264e-06
-6.181895583440443e-06 -6.715553822808206e-06 -3.977125748841079e-06 2.926134075825674e-06
-6.959780326733873e-06 -7.721203545171777e-06 -1.170472404803426e-06 -7.704452805505286e-07
-9.328235860082968e-06 -4.587761088332429e-06 -3.091540625780532e-07 -3.483877875343682e-06
-8.786032381850961e-06 -5.835061709343871e-06 -3.404641195917524e-06 -1.053911894909484e-06
-8.139000812264450e-06 -7.334416358863353e-06 8.250684331311499e-07 -2.234267910703533e-06
-7.864230634476867e-06 -8.666365347154298e-06 1.160366376997187e-06 -2.807471456219454e-06
-1.031286851568191e-05 -5.426881641505588e-06 -3.661553309412976e-06 -2.357921007680525e-07
-1.002515036697488e-05 -7.333500896868986e-06 -3.678905277821364e-06 -1.755232056499892e-06
-8.913093956577318e-06 -9.507699443919906e-06 -3.667584935528694e-06 -2.722084754367667e-06
-1.010209144353033e-05 -1.025145621222606e-05 -3.422287113472058e-06 -2.137854834686935e-06
-1.139671370768794e-05 -1.088429996773227e-05 -2.820488658535230e-06 -3.686648590747433e-06
-1.149398868005125e-05 -7.752289091987638e-06 -3.461107077584968e-06 -1.810583960537423e-06
-1.147895219913659e-05 -6.139245608048041e-06 -3.956492819398870e-06 1.064717730223322e-06
-1.119572744547798e-05 -9.404711430370363e-06 -2.840828149501524e-06 -2.438538551498723e-06
-1.280659850599858e-05 -1.135407499063580e-05 -2.994215312165789e-06 -4.597446291385157e-06
-1.429716989232342e-05 -1.167580655943332e-05 -3.694216607771465e-06 -3.972611458421736e-06
-1.269598690853138e-05 -8.113877440562384e-06 -3.373050304124464e-06 -1.415632043162225e-06
-1.281384686531253e-05 -6.656735670021170e-06 -4.493443151553761e-06 -4.603018197012736e-07
-1.583301172915749e-05 -1.182486859330487e-05 -5.066395973368333e-06 -3.471297740448016e-06
-1.409321862468633e-05 -9.510095252662029e-06 -3.519960802782885e-06 -1.563862475627684e-06
-1.427383893433579e-05 -6.949197011138236e-06 -2.695217977759883e-06 4.470875707770422e-07
-1.616765957992731e-05 -9.753132316317502e-06 -5.419784913162298e-06 -1.821573506195557e-06
-1.759267157791214e-05 -1.189784801691635e-05 -5.425634079585546e-06 -3.217599057263651e-06
-1.581383897526479e-05 -7.023943406863814e-06 -4.101713936230261e-06 8.603147771248340e-07
-2.007656055671490e-05 -1.196875835213685e-05 -5.597440765867161e-06 -3.313041844685261e-06
-1.808687169874367e-05 -8.553699739284340e-06 -4.464389291975461e-06 -2.131155845336699e-06
-1.759014567420798e-05 -6.951889598268689e-06 -3.794999507522424e-06 -8.095604197521123e-07
-2.363452242601337e-05 -1.208342877215172e-05 -5.867370524992238e-06 -2.285725114523610e-06
-2.184150518018622e-05 -9.217750838385154e-06 -5.702884617715997e-06 -2.881017090375414e-06
-2.007891613573699e-05 -6.858577074204359e-06 -4.315308471908192e-06 -2.192035942915583e-06
-2.854112389087240e-05 -1.219652547009711e-05 -7.873822328453559e-06 -1.926387435566052e-06
-2.605671094467411e-05 -9.418676132299971e-06 -7.136850627737650e-06 -2.199984972537220e-06
-2.363716503216607e-05 -6.749324314475382e-06 -6.952277151071282e-06 -2.254083535760655e-06
-3.383261073208835e-05 -1.228000247894036e-05 -8.833338108175575e-06 -3.766323309417036e-06
-3.116130290804107e-05 -9.410939757559580e-06 -8.209079167947567e-06 -2.886785902504262e-06
-2.854615753521499e-05 -6.632556788080073e-06 -7.302376551238369e-06 -3.228321736360286e-06
-3.926197808265036e-05 -1.235026426615637e-05 -9.196999769267665e-06 -1.747576428349108e-06
-3.652442854104720e-05 -9.412155079165935e-06 -9.651974978524066e-06 -1.562766769578075e-06
-3.382881949965683e-05 -6.540932237963093e-06 -1.001308104877666e-05 -1.549125114150019e-06
-4.481255394531060e-05 -1.240175111979234e-05 -9.030050644157628e-06 -4.467238124666551e-06
-4.202267903311001e-05 -9.409449514629125e-06 -7.922228664838346e-06 -2.708708398780101e-06
-3.926614226886807e-05 -6.470679035506954e-06 -7.734904646308335e-06 -1.356773389490968e-06
-5.044359935643681e-05 -1.244981482715708e-05 -1.111218066308382e-05 -2.074069686212923e-06
-4.761235232082685e-05 -9.409921954375954e-06 -1.168289245027344e-05 -1.504233049953662e-06
-4.480988145124465e-05 -6.418993420336599e-06 -1.068194832281274e-05 5.233243179482666e-08
-5.616702101815246e-05 -1.248188846832464e-05 -8.701491237441313e-06 -3.612209979551918e-06
-5.329406846798528e-05 -9.402509613041967e-06 -8.472096965797839e-06 -2.405315282545711e-06
-5.044756447352197e-05 -6.362477652934526e-06 -9.954634700477405e-06 -1.631290858755156e-06
-6.194650644885893e-05 -1.250527432484746e-05 -9.627892661956202e-06 1.282329079496623e-06
-5.904958788176809e-05 -9.399987284633141e-06 -1.061377465650418e-05 -2.392137556347869e-06
-5.616729856534049e-05 -6.320141491883259e-06 -8.844817981656143e-06 -1.209446554601818e-06
-6.777184041408260e-05 -1.252599805450563e-05 -1.014955011951993e-05 -3.373072985107659e-06
-6.485157132615019e-05 -9.397778739569267e-06 -8.721284573967376e-06 -1.783159195984266e-06
-6.194738326245984e-05 -6.292582455815049e-06 -1.012811820140368e-05 -5.464779920168957e-06
-7.363193175138080e-05 -1.253827976757868e-05 -8.382766833314477e-06 -2.327399455264096e-06
-7.069881508573065e-05 -9.397483319502879e-06 -9.983785364056478e-06 -2.397156565246393e-06
-6.777200344644528e-05 -6.268698546555468e-06 -9.544278641578893e-06 -6.763164249236907e-07
-8.620096550652293e-05 -1.218669399972572e-05 -9.517480051055302e-06 -4.859708036155714e-06
-8.536951994522719e-05 -1.253174037343234e-05 -8.960032666149097e-06 -4.899858592614367e-06
-7.625849662726561e-05 -9.398944023583126e-06 -8.363732536938649e-06 -2.136131565630782e-06
-7.949797974820057e-05 -1.254199174511022e-05 -9.259763329943446e-06 -1.604325302833751e-06
-7.363094674659425e-05 -6.258436748482704e-06 -8.754348164947618e-06 -2.328070124713432e-06
-8.654532400920090e-05 -1.135448648641969e-05 -9.756512000965631e-06 -4.518510388928574e-06
-8.457873864873716e-05 -9.396055099696029e-06 -8.057166262969630e-06 -2.663828819325663e-06
-7.949918869127020e-05 -6.254186220225593e-06 -8.999247774092972e-06 -2.818430913095122e-06
-8.654558971200883e-05 -7.437220067330794e-06 -9.670772089023040e-06 -9.408329669566462e-07
-8.537014917135232e-05 -6.260454729824147e-06 -8.783532150875900e-06 -4.442841904101455e-07
-8.620134044111020e-05 -6.605329298483877e-06 -9.403696864268401e-06 -5.252416381995234e-07
