3.091389837376872e-05 -3.599301395041169e-06 4.856062811090044e-05 -7.188368939701198e-06
3.106142112202148e-05 -3.243088432213733e-06 4.879799120637024e-05 -6.647786951881817e-06
3.106106206454281e-05 -1.563840933723999e-06 4.893810675320061e-05 -4.142721461966215e-06
3.091349470705604e-05 -1.207619830250581e-06 4.871396302531718e-05 -3.589205716474722e-06
3.055771815122788e-05 -3.746855067156502e-06 4.800375395271654e-05 -7.411004913206340e-06
2.988932855360642e-05 -2.403426819142123e-06 4.709930527403592e-05 -5.420405981731370e-06
3.055726137371629e-05 -1.060066612688879e-06 4.816511389802570e-05 -3.360239793503366e-06
2.804920350844713e-05 -3.747093704347982e-06 4.420143245117897e-05 -7.421041751216380e-06
2.804866677210157e-05 -1.060174297803443e-06 4.438743254181457e-05 -3.395167417764465e-06
2.666315393203594e-05 -2.403927406746000e-06 4.213960538523459e-05 -5.391739500944065e-06
2.553939825790186e-05 -3.746352257376951e-06 4.062490953693996e-05 -7.239287362490343e-06
2.553902208500238e-05 -1.062204944850803e-06 4.075666871362654e-05 -3.423071124935416e-06
2.428525997541524e-05 -2.404278963197367e-06 3.867988373165369e-05 -5.368654768288622e-06
2.303504407827569e-05 -3.739865825446975e-06 3.710904578276448e-05 -7.159912778705325e-06
2.303520583474601e-05 -1.069429384825905e-06 3.720065385185911e-05 -3.566679077311699e-06
2.178785748265089e-05 -2.404966253554321e-06 3.534991017889266e-05 -5.318719318967927e-06
2.055010829251123e-05 -3.724741627307355e-06 3.369324307296888e-05 -7.073302784086014e-06
2.055005136292440e-05 -1.085687558744097e-06 3.402942679746966e-05 -3.622843057173588e-06
1.931849744697920e-05 -2.405649061559330e-06 3.222330584097484e-05 -5.331919435411814e-06
1.810319196301460e-05 -3.699453990394807e-06 3.063162811348167e-05 -6.942786168209822e-06
1.810281541867596e-05 -1.112369746921494e-06 3.104109069672425e-05 -3.704220392052102e-06
1.689736904412363e-05 -2.406338894553644e-06 2.916606003712728e-05 -5.329429622201248e-06
1.571516754724148e-05 -3.662912395680606e-06 2.772448121834639e-05 -6.886331289084084e-06
1.571473840999342e-05 -1.150551724115489e-06 2.798961323135366e-05 -3.713843096668892e-06
1.454613393692133e-05 -2.407123210748106e-06 2.621494981515793e-05 -5.308764295701368e-06
1.340748246107943e-05 -3.615133808837074e-06 2.480753671502303e-05 -6.917105890342629e-06
1.340733685369004e-05 -1.200166395812498e-06 2.493698628191270e-05 -3.709069249278725e-06
1.228569761172548e-05 -2.407914594442740e-06 2.333430590931926e-05 -5.290051712265888e-06
1.120049265663175e-05 -3.556589949186585e-06 2.176756760843674e-05 -6.910066194460734e-06
1.120081935563258e-05 -1.260405914984106e-06 2.185538299199788e-05 -3.699736853826110e-06
1.013600995530400e-05 -2.408628242596524e-06 2.043664081951290e-05 -5.269608576680908e-06
9.114578089157449e-06 -3.487154562103617e-06 1.882982925280825e-05 -6.810201803413702e-06
9.115211043777723e-06 -1.330927185635808e-06 1.884867254739636e-05 -3.746371455247631e-06
8.117358707741653e-06 -2.408968142461031e-06 1.753265434849868e-05 -5.302647754381472e-06
7.169596972963791e-06 -3.406074702753357e-06 1.597006968954251e-05 -6.851843880664981e-06
7.170269353906449e-06 -1.412487704155366e-06 1.596332086951646e-05 -3.713666493435269e-06
6.285073534177569e-06 -2.408534174967326e-06 1.467692349519258e-05 -5.298815236588994e-06
5.453188739396997e-06 -3.316951719371853e-06 1.331608383543124e-05 -6.798280155462631e-06
5.453340163722782e-06 -1.504429028048064e-06 1.323171480048828e-05 -3.702801695385990e-06
4.844838357548997e-06 -2.474953616495698e-06 1.223949348947666e-05 -5.401494957221970e-06
4.273507765565150e-06 -3.237887833647895e-06 1.115361284405308e-05 -6.784104876809777e-06
4.271641616064510e-06 -1.585660069827325e-06 1.109810358238185e-05 -3.760096327742877e-06
3.489108534041841e-06 -3.171780031173971e-06 9.632010474229371e-06 -6.734642039126057e-06
3.621465655847206e-06 -2.676875222479249e-06 9.922983948667489e-06 -5.758957376889931e-06
3.486121829629671e-06 -1.635674268479368e-06 9.653256659336014e-06 -3.751767060250666e-06
2.955681850206946e-06 -1.687936546025772e-06 8.559946831704826e-06 -3.776051537716381e-06
-2.144049648998687e-07 -8.068189859516517e-07 -9.197809002996704e-07 -1.884598607985368e-07
-2.194307766860517e-07 -7.944457902281304e-07 -9.328910246388593e-07 -1.541711881958342e-07
-2.192870240014203e-07 -7.493844032928580e-07 -9.250991424102778e-07 -2.593929970145179e-08
-2.143306141725589e-07 -7.376718991166742e-07 -9.095010594205290e-07 6.896368814814157e-09
2.950514930281582e-06 -3.126500175755309e-06 8.509509768121610e-06 -6.678677195345261e-06
2.502641623905659e-06 -3.060356617755603e-06 7.632806314711438e-06 -6.584761449252632e-06
2.830474517124720e-06 -2.230194520930237e-06 8.322982299387485e-06 -4.890135167291767e-06
2.486671800400251e-06 -1.702265992563597e-06 7.627118504209478e-06 -3.743568285211323e-06
-2.021444286174245e-07 -8.121184976516096e-07 -8.873556148103200e-07 -2.025679776398695e-07
-1.900915247953371e-07 -7.629327423439566e-07 -8.544550603877958e-07 -5.819248389751290e-08
-2.025611131413666e-07 -7.330793505643647e-07 -8.774875921162364e-07 2.146482862321242e-08
2.348433251220928e-06 -2.626682875977892e-06 7.346843881755760e-06 -5.726007838121843e-06
2.083623321115872e-06 -2.937042542515135e-06 6.758247461026350e-06 -6.411242568791540e-06
1.709725667909446e-06 -2.786377949938079e-06 5.917120841958043e-06 -6.128984405341221e-06
2.214623670050707e-06 -2.071724774817855e-06 7.078909535338538e-06 -4.526956367473252e-06
2.075376577220776e-06 -1.655598626306971e-06 6.780595567198356e-06 -3.553967696970431e-06
-1.198983855888592e-07 -8.152935957265710e-07 -7.147834448601173e-07 -1.969365251047237e-07
-1.205615364823715e-07 -7.341636308570499e-07 -7.013691895201648e-07 4.480098940251579e-08
-7.810372595589613e-08 -7.758407123780852e-07 -5.982286960140710e-07 -6.919521081514819e-08
1.385548936165656e-06 -2.591454826589975e-06 5.174239948964209e-06 -5.731556516919176e-06
1.649220437104668e-06 -2.381421711111821e-06 5.796856433158166e-06 -5.248398223910320e-06
1.773604807671586e-06 -1.911060180663612e-06 6.091930461275541e-06 -4.146421000488209e-06
1.718354136304942e-06 -1.559354198752329e-06 5.984440359731676e-06 -3.235031895844053e-06
-3.320015916061340e-08 -8.227707449432053e-07 -4.851698874379663e-07 -2.031450224690057e-07
-3.372509970086540e-08 -7.309050549270582e-07 -5.010199388611649e-07 6.529926362182131e-08
1.568189479220682e-08 -7.777388897975841e-07 -3.335180693196636e-07 -7.676921389840850e-08
1.101321475674407e-06 -2.382667188574275e-06 4.486792616810253e-06 -5.255563033855327e-06
8.732265548955073e-07 -2.163915959464626e-06 3.846507631675518e-06 -4.740541100238924e-06
1.359684222775256e-06 -1.848200301491051e-06 5.099499834487323e-06 -3.992035963736619e-06
1.420271708526779e-06 -1.417066191857736e-06 5.285210111892158e-06 -2.778252638984088e-06
7.045386385962194e-08 -8.360750727653513e-07 -1.306191279065009e-07 -3.174573693596276e-07
7.003255557939210e-08 -7.210171105771742e-07 -1.180964123990936e-07 1.838980335005324e-07
9.333084327715378e-07 -1.861858630628226e-06 3.984247148395043e-06 -4.007198589540946e-06
6.955778500889362e-07 -1.928159224156826e-06 3.297860373888861e-06 -4.183636525061123e-06
1.025526026276728e-06 -1.559380350410641e-06 4.223263770396742e-06 -3.175617135606874e-06
1.182095086463840e-06 -1.259372921779804e-06 4.684094469165724e-06 -2.211309645485724e-06
1.283297669078560e-07 -7.792678424684979e-07 1.264812144728245e-07 -4.978483075179835e-08
1.954637070068206e-07 -8.539840670902417e-07 4.658813566873701e-07 -4.139326247094058e-07
1.948386312921126e-07 -7.054723224044045e-07 4.906570273184099e-07 3.482281072876441e-07
5.504938147670043e-07 -1.696076092210674e-06 2.823104019016319e-06 -3.615083917790151e-06
4.603868177767439e-07 -1.488054238442271e-06 2.418785993753370e-06 -2.944677636827341e-06
4.131045515053007e-07 -1.282853845776432e-06 2.125711655368495e-06 -2.247256518534399e-06
8.472380797294337e-07 -1.316065222911223e-06 3.709757370927210e-06 -2.396018216423755e-06
1.000643708513216e-06 -1.103365402126704e-06 4.235299369489121e-06 -1.681417582951656e-06
2.483183793325974e-07 -7.807528400687279e-07 7.805452551061986e-07 -2.426582939515461e-08
3.109475313968766e-07 -8.699142132909332e-07 1.149626525042696e-06 -5.123827739956267e-07
3.113132640393314e-07 -6.891981176184642e-07 1.106433872567179e-06 4.456087884016216e-07
5.710245687492857e-07 -1.274754617696142e-06 2.783006311534228e-06 -2.244788788242390e-06
3.881126417855488e-07 -1.100566664114870e-06 1.916288788417757e-06 -1.584218094557012e-06
3.972639374552666e-07 -8.811813190689849e-07 1.688539905866501e-06 -6.415699736096005e-07
4.116940852511853e-07 -8.989048452543243e-07 1.820414045589060e-06 -7.450609530020663e-07
4.074204832036331e-07 -9.427497556027094e-07 1.865799407705794e-06 -9.611695057496174e-07
7.310155549429602e-07 -1.083841653232642e-06 3.353857872777453e-06 -1.611555442501450e-06
8.619096701580064e-07 -9.611651818885316e-07 3.881037152059597e-06 -1.127164238660387e-06
3.661333263553083e-07 -7.950972522324974e-07 1.433053780648262e-06 -1.204327289358481e-07
4.295523232255338e-07 -6.756327422870536e-07 1.718169041268627e-06 5.509017206093735e-07
5.012400336388678e-07 -9.786461379678840e-07 2.355843642753653e-06 -1.148017025223215e-06
4.286594128961665e-07 -8.315510240325331e-07 1.859556090342682e-06 -3.741330185300547e-07
4.458957891634342e-07 -8.845556982027543e-07 2.020373466677270e-06 -6.789069589565749e-07
6.624389033304831e-07 -9.200023349789109e-07 3.074481581508483e-06 -9.205369455671846e-07
7.637460895244047e-07 -8.448473824476539e-07 3.608708242784117e-06 -5.347167986331040e-07
4.576098747728467e-07 -7.311499202972417e-07 1.905656377102429e-06 2.205262078294760e-07
4.752711985993118e-07 -6.632483584961042e-07 1.906446126099370e-06 6.507102746380459e-07
5.475354063013119e-07 -7.850104006509904e-07 2.514327385747597e-06 -2.046235363373730e-07
7.144471481781053e-07 -7.498652763437173e-07 3.490626504013582e-06 1.567588163538711e-08
6.625470784708435e-07 -6.831989735691832e-07 3.447636744958669e-06 4.843958048149274e-07
5.305135155919500e-07 -6.727362864820717e-07 2.261778931129053e-06 5.572576625501090e-07
5.078865730001073e-07 -6.473577622476303e-07 2.020723558210232e-06 8.401153011913385e-07
5.594769719183117e-07 -6.250846329258578e-07 2.165446813432524e-06 1.311209333163061e-06
6.167775239676583e-07 -6.589559117288988e-07 2.999811384590539e-06 5.683288046849715e-07
6.113223379391379e-07 -6.427900905475126e-07 2.360017441249517e-06 1.697625069041317e-06
6.197712508268438e-07 -6.289110143135558e-07 3.498583035768747e-06 9.532211002488149e-07
5.947232938611524e-07 -6.118875848834064e-07 2.574062711333154e-06 1.343805804962533e-06
6.046140769831142e-07 -6.116826387118659e-07 3.156179139748112e-06 1.362712137587066e-06
6.393467233142049e-07 -6.763275101227863e-07 2.570919472825466e-06 2.042841135981608e-06
5.650017937695548e-07 -6.113655900058900e-07 3.611323841467208e-06 1.344679414677592e-06
5.646705177357155e-07 -6.282752143509268e-07 3.454278312850199e-06 1.698655810303147e-06
6.104661883147387e-07 -6.544352746211868e-07 3.119934332749621e-06 1.922062291112471e-06
6.523778028665469e-07 -7.455731137448132e-07 2.818301587067655e-06 2.351102027677948e-06
6.283472879844187e-07 -8.368462509196482e-07 3.066992047245107e-06 2.624929485583259e-06
4.808273007744398e-07 -6.154529483957589e-07 3.814389471124630e-06 1.668723650106938e-06
5.144826616057974e-07 -6.866764588014912e-07 3.650186215792096e-06 2.041296877675551e-06
5.621472853185261e-07 -8.074895002874022e-07 3.449736223143796e-06 2.483599606917009e-06
5.847225847893887e-07 -9.487094190259707e-07 3.350175587210927e-06 2.893272321100038e-06
3.700703571603536e-07 -6.406683260298980e-07 4.077124169732086e-06 1.883345377371354e-06
3.944820992956104e-07 -8.145553299584046e-07 3.978865174455019e-06 2.416545994779542e-06
5.027510022181292e-07 -1.059066220603667e-06 3.642786240309287e-06 3.126911997037240e-06
3.767070791131916e-07 -1.176284855065266e-06 3.981528767463794e-06 3.342491708761651e-06
2.209032171435500e-07 -1.297400084017269e-06 4.379726821550680e-06 3.585632485543120e-06
2.174322836038951e-07 -8.612741580409182e-07 4.450855781006660e-06 2.493009477503743e-06
2.232049102561930e-07 -6.801543480706349e-07 4.455513240636132e-06 2.021757981026432e-06
2.577424322586472e-07 -1.076453406315052e-06 4.311969618939210e-06 3.056963671819575e-06
2.403322487589153e-08 -1.394180588868885e-06 4.841280678035022e-06 3.783498747467530e-06
-2.094155893396470e-07 -1.476518315117254e-06 5.428325887119246e-06 3.919534040559186e-06
5.141625934104442e-08 -9.039968268955046e-07 4.868216417365170e-06 2.580088568038976e-06
3.127491084735806e-08 -7.060930373833157e-07 4.925118583613403e-06 2.103007775033300e-06
-4.641737598571618e-07 -1.528884624671939e-06 6.067023572188457e-06 3.962957528953697e-06
-1.600810451716899e-07 -1.115693027662614e-06 5.354444961599895e-06 3.057918731271487e-06
-1.968703217207037e-07 -7.089525619175770e-07 5.463064039820876e-06 2.143641741749406e-06
-5.166491626597794e-07 -1.162376140272232e-06 6.195947463421737e-06 3.148210506253160e-06
-7.853625639504327e-07 -1.573884956010083e-06 6.767130406577276e-06 3.963967398429708e-06
-4.521989843028374e-07 -6.936119341084693e-07 6.062290645721897e-06 2.137236073459353e-06
-1.265894928966423e-06 -1.619239440452588e-06 7.743304343795666e-06 3.903439290022009e-06
-8.672277961979560e-07 -9.415909288371397e-07 6.980688931480707e-06 2.675983260287932e-06
-7.830333625827328e-07 -6.487125712315487e-07 6.785296307486449e-06 2.080081249426658e-06
-2.019405685728576e-06 -1.689385907273440e-06 8.923271557963795e-06 3.740927784791810e-06
-1.626144305663983e-06 -1.065862997595591e-06 8.364905649755703e-06 2.890426422589284e-06
-1.267216748418365e-06 -5.894662203547505e-07 7.739757799232846e-06 2.058511772400186e-06
-3.145672891329138e-06 -1.764261235602402e-06 1.017636803626430e-05 3.482818937547133e-06
-2.561023886566001e-06 -1.107170134947719e-06 9.574042414549995e-06 2.912974792482860e-06
-2.019775543282925e-06 -5.212227227217888e-07 8.872755880979628e-06 2.136007870370498e-06
-4.441847277721604e-06 -1.824841150900032e-06 1.125586704820256e-05 3.380954432417267e-06
-3.774845483271312e-06 -1.106000581241833e-06 1.069247875840703e-05 2.862821886061277e-06
-3.145918262033590e-06 -4.481759111850162e-07 1.009929529724721e-05 2.245066021447733e-06
-5.838466158523352e-06 -1.871349671882931e-06 1.228363486542986e-05 3.313732192761335e-06
-5.125379440284914e-06 -1.105043201545772e-06 1.175070752749368e-05 2.813452619664490e-06
-4.442053059590520e-06 -3.861426013488242e-07 1.118072259321197e-05 2.269064344906439e-06
-7.310683848284174e-06 -1.904567603535222e-06 1.332489094093281e-05 3.302503634174450e-06
-6.564085222805953e-06 -1.103978703094755e-06 1.282916613668291e-05 2.753769460210893e-06
-5.838862624902756e-06 -3.376723956238255e-07 1.229293199525944e-05 2.199124125200379e-06
-8.835195307510174e-06 -1.926545651115267e-06 1.443497906477390e-05 3.298005294564865e-06
-8.066045386708069e-06 -1.102893440313088e-06 1.394781884081910e-05 2.727155232609069e-06
-7.311152114928613e-06 -3.022993146018875e-07 1.341780726990909e-05 2.113814257057832e-06
-1.039259222776491e-05 -1.939209024567201e-06 1.554661046995040e-05 3.300431135763204e-06
-9.609885110057103e-06 -1.101767095831280e-06 1.508851817183808e-05 2.700327659604663e-06
-8.835632066377459e-06 -2.781878719244093e-07 1.458256163499262e-05 2.080262258694600e-06
-1.196773314242423e-05 -1.945013714976600e-06 1.673411779962072e-05 3.335434042641705e-06
-1.117828905360617e-05 -1.100567946308341e-06 1.619848191548198e-05 2.651520286661742e-06
-1.039298257788790e-05 -2.631143497807109e-07 1.571380859660854e-05 2.049177351613967e-06
-1.354989789109130e-05 -1.946433268745466e-06 1.813224424774784e-05 3.431512174797094e-06
-1.275837931888517e-05 -1.099578119648507e-06 1.744859197002656e-05 2.608205334388536e-06
-1.196802922952035e-05 -2.551143276132843e-07 1.686034159020516e-05 1.943565697453225e-06
-1.513270418267284e-05 -1.945827678726053e-06 1.979159134404082e-05 3.532680537250412e-06
-1.434158556345939e-05 -1.098924111393880e-06 1.896585606263610e-05 2.581489942925981e-06
-1.355017104043266e-05 -2.519997174993490e-07 1.820687840380797e-05 1.792964418260804e-06
-1.851709114701168e-05 -1.851239078939578e-06 2.405440034680470e-05 3.456771419804490e-06
-1.829278993199730e-05 -1.944161224718509e-06 2.376884003811722e-05 3.574770350024141e-06
-1.584127157139262e-05 -1.098502355662870e-06 2.071455491714394e-05 2.528108332311179e-06
-1.671362753539950e-05 -1.944628144036961e-06 2.178785531946012e-05 3.617736868574064e-06
-1.513296181538693e-05 -2.515584782161118e-07 1.993285126814405e-05 1.573042760657733e-06
-1.860999930362909e-05 -1.626919909531241e-06 2.417479499971038e-05 3.173592719629867e-06
-1.807935478315381e-05 -1.098272424795371e-06 2.354140462481340e-05 2.524993261204342e-06
-1.671369611178580e-05 -2.521488575754762e-07 2.185316334090752e-05 1.489299612965242e-06
-1.861004099365420e-05 -5.695940250845584e-07 2.425222032037924e-05 1.829329741188409e-06
-1.829284657410193e-05 -2.523682408795248e-07 2.385599203053727e-05 1.426641489961693e-06
-1.851713864479252e-05 -3.452842389373770e-07 2.413778880655453e-05 1.544075090532926e-06
